800 4782 2400
12 17 15 19 24 18 15 25 5 6 10 17 23 20 22 11 13 8 9 6 10 5 14 23 10 7 10 12 12 21 18 22 25 17 5 7 16 6 8 19 9 11 10 9 23 22 12 24 22 17 22 9 19 8 9 6 12 5 19 25 18 25 23 22 20 22 16 15 14 22 6 21 14 25 14 25 8 21 15 13 19 17 7 24 10 20 10 24 5 5 20 24 8 16 6 22 11 19 23 21 5 23 8 21 11 25 5 24 17 24 22 25 7 17 23 6 15 11 13 6 23 10 25 7 15 17 9 7 19 21 8 10 16 16 17 8 10 16 5 17 19 5 25 9 18 20 7 16 25 19 20 8 12 11 20 19 13 25 17 16 23 7 15 23 22 24 18 23 5 13 5 24 9 16 12 20 25 25 12 12 24 16 19 19 14 15 14 23 22 7 23 18 22 19 22 10 21 11 19 6 15 9 5 25 7 21 11 5 9 7 10 16 10 20 20 16 6 15 21 20 23 25 22 8 16 13 8 19 15 11 23 16 25 20 5 8 7 25 11 25 12 6 11 21 18 8 15 20 9 7 19 7 14 11 6 16 16 24 20 13 14 20 6 13 18 15 10 24 24 9 11 17 8 11 19 24 25 11 20 6 17 19 22 25 6 18 8 12 15 8 9 5 9 6 7 21 22 21 13 20 11 16 19 18 23 12 14 16 5 15 25 23 10 23 9 8 9 13 14 14 8 21 18 21 5 5 18 8 14 16 10 18 15 15 8 9 13 22 5 22 8 18 8 22 16 7 6 21 10 10 18 5 5 18 10 16 23 23 12 5 24 25 24 16 23 14 11 11 16 11 19 19 20 25 22 14 13 21 20 22 5 14 15 5 10 6 5 18 25 16 23 24 13 22 23 20 17 23 23 8 7 24 5 9 12 7 16 22 14 18 5 10 17 19 8 18 14 8 5 8 13 18 15 7 5 9 14 22 15 8 16 12 24 11 14 15 8 6 16 5 9 20 8 16 7 14 25 21 17 24 22 16 8 14 25 18 11 7 8 22 5 16 23 19 6 11 20 6 15 20 16 10 18 24 18 11 24 8 16 10 12 12 24 8 5 5 12 9 18 15 8 13 25 14 11 5 6 9 10 25 18 24 10 24 15 18 13 21 22 23 25 16 5 11 21 9 16 7 13 12 24 9 18 6 18 20 25 17 25 6 24 17 25 19 16 19 17 12 17 23 7 25 20 6 9 11 11 13 22 18 7 12 8 18 11 10 16 10 15 12 7 20 20 10 25 17 23 16 19 21 21 7 16 23 18 19 10 24 5 19 22 15 25 17 16 12 10 12 13 5 10 19 17 17 21 13 11 8 18 11 16 6 23 18 20 10 18 18 16 21 18 10 13 5 21 5 13 8 20 5 13 11 20 9 25 7 18 12 17 23 13 22 12 17 13 9 17 25 25 13 8 10 11 5 23 18 19 14 10 16 25 12 15 6 25 24 18 20 23 15 20 11 25 19 19 25 16 23 20 5 24 11 22 18 22 19 23 5 23 16 13 25 7 7 6 19 5 5 22 16 7 20 23 14 21 23 10 8 9 25 14 19 7 15 8 19 12 20 6 15 7 15 5 15 16 5 19 24 6 18 23 10 20 20 15 8 6 23 7 12 25 25 9 25 22 19 9 9 8 20 19 14 17 10 15 16 13 11 16 8 24 8 7 5 21 8 12 21 8 10 21 5 25 20 13 8 6 18 16 13 25 10 16 6 17 22 7 25 24 17 17 18 22 23 16 16 5 8 7 16 9 7 10 21 17 6 19 12 13 17
3 15 4 6 7 16 8 19 13 18 12 5 4 13 10 10 16 5 10 12 6 10 20 5 4 3 6 12 18 6 10 12 10 20 7 8 19 9 18 18 4 11 4 12 16 16 9 20 13 4 8 9 11 4 8 19 6 10 14 14 11 14 7 16 19 20 7 7 12 11 14 13 12 19 11 9 17 4 10 5 5 20 3 4 20 3 11 10 5 3 6 15 7 11 9 17 15 16 7 19 10 18 12 13 16 14 20 6 19 4 12 12 15 11 14 13 7 19 12 20 15 13 16 6 10 17 19 17 14 10 13 13 9 18 6 6 4 20 6 5 17 13 5 19 14 10 19 20 4 9 15 13 3 10 4 14 4 8 13 3 9 8 16 19 17 16 10 7 4 18 5 10 12 5 6 18 13 9 13 19 19 6 8 5 20 18 4 6 20 8 5 19 3 19 11 18 6 4 15 6 19 17 15 3 5 17 13 8 8 16 14 4 17 7 13 20 9 14 6 5 3 20 13 19 11 3 7 20 4 9 7 9 19 17 4 6 8 7 12 14 19 8 7 15 13 20 13 12 12 6 19 9 5 11 20 13 14 13 4 15 9 12 8 4 9 4 15 6 20 20 11 6 13 4 19 11 15 16 4 12 7 18 19 12 9 9 11 15 20 8 20 4 20 4 18 11 11 6 20 19 9 19 6 6 5 13 11 9 3 10 4 16 14 10 12 3 18 8 8 8 5 7 18 20 15 13 14 14 3 8 15 13 13 13 10 9 3 13 17 19 16 17 12 11 4 16 10 12 16 3 13 8 11 8 15 11 4 18 9 12 9 13 20 7 9 8 20 16 13 14 18 14 6 18 17 7 14 11 14 20 14 11 9 9 8 15 15 6 12 8 9 3 5 3 9 15 13 3 9 17 5 17 14 3 12 13 9 7 9 16 16 19 13 5 11 8 12 4 17 20 19 11 18 4 3 9 12 9 10 8 13 19 16 8 10 14 19 9 5 5 16 17 14 16 6 10 19 8 16 15 10 18 20 10 13 9 9 20 5 3 17 17 6 3 6 11 7 17 4 19 11 15 13 18 9 20 8 10 14 9 7 19 17 18 10 19 18 20 19 10 10 4 19 9 19 10 4 3 9 11 14 12 20 20 4 20 19 7 6 8 8 15 12 14 7 9 6 18 4 17 9 16 19 6 5 20 13 13 5 14 7 13 6 17 12 13 4 13 4 16 11 4 18 20 8 15 15 16 15 7 20 20 8 16 7 16 18 13 7 14 6 15 18 12 16 15 9 17 4 15 18 13 8 11 19 20 15 18 17 4 6 12 9 20 8 14 14 17 7 18 16 15 17 16 20 10 3 6 11 12 13 10 4 6 11 20 5 6 3 12 17 12 3 9 13 10 17 8 13 9 17 4 19 4 3 20 7 5 9 10 11 6 20 7 20 16 20 17 3 8 6 17 4 11 16 12 4 11 10 12 18 10 18 13 15 10 5 9 13 3 6 4 20 18 3 5 11 5 15 6 11 20 6 8 6 13 8 16 19 4 8 9 20 15 19 12 11 20 19 3 3 18 8 19 11 5 3 7 18 11 9 15 17 12 18 18 16 4 17 20 12 9 8 9 4 7 15 9 19 19 16 3 7 11 12 13 12 16 13 17 11 17 5 8 14 14 12 15 19 10 9 4 4 14 17 13 18 9 20 16 13 18 17 20 10 18 7 5 14 6 6 5 17 15 16 4 4 8 12 7 17 4 7 15 16 11 6 14 5 20 5 20 5 15 5 20 9 15 19 10 18 20 20 10 18 3 19 15 18 13
1 7 2
29 587
1 10 2
203 538
1 7 2
755 301
1 15 2
22 663
1 8 2
480 43
1 12 2
380 266
1 10 2
728 450
1 12 2
187 594
1 5 2
579 255
1 13 2
160 314
1 15 2
478 447
1 9 2
725 749
1 11 2
484 624
1 15 2
256 574
1 8 2
628 346
1 5 2
556 67
1 12 2
235 462
1 14 2
113 327
1 10 2
608 737
1 9 2
142 96
1 11 2
352 600
1 8 2
747 61
1 12 2
686 476
1 2 2
262 667
1 11 2
186 584
1 11 2
3 237
1 7 2
462 494
1 7 2
485 350
1 9 2
249 305
1 11 2
618 52
1 8 2
9 568
1 15 2
620 116
1 11 2
374 452
1 2 2
522 405
1 15 2
668 6
1 3 2
761 689
1 2 2
114 208
1 14 2
519 588
1 9 2
754 501
1 4 2
144 416
1 10 2
96 309
1 5 2
765 332
1 6 2
555 543
1 13 2
569 745
1 2 2
586 332
1 7 2
591 767
1 6 2
741 70
1 10 2
783 333
1 10 2
754 222
1 3 2
158 494
1 2 2
30 639
1 15 2
77 24
1 7 2
598 147
1 11 2
202 630
1 12 2
334 593
1 12 2
508 259
1 4 2
673 609
1 8 2
146 434
1 9 2
773 761
1 6 2
611 676
1 3 2
183 291
1 14 2
546 443
1 13 2
94 278
1 8 2
333 28
1 13 2
224 361
1 9 2
260 764
1 3 2
621 262
1 2 2
609 633
1 14 2
677 265
1 5 2
455 77
1 9 2
520 671
1 2 2
628 420
1 2 2
411 513
1 5 2
439 22
1 5 2
59 127
1 9 2
172 199
1 13 2
370 529
1 6 2
793 540
1 4 2
411 201
1 5 2
190 569
1 14 2
590 467
1 2 2
464 600
1 10 2
628 206
1 11 2
272 113
1 12 2
585 182
1 2 2
396 718
1 9 2
152 588
1 10 2
214 12
1 12 2
526 557
1 12 2
202 649
1 15 2
406 516
1 12 2
473 21
1 12 2
169 327
1 2 2
313 488
1 14 2
430 271
1 3 2
634 112
1 14 2
146 206
1 9 2
275 366
1 6 2
718 349
1 9 2
250 341
1 13 2
41 409
1 3 2
310 256
1 5 2
11 38
1 6 2
711 650
1 13 2
460 485
1 2 2
678 675
1 7 2
62 304
1 7 2
531 596
1 7 2
498 731
1 2 2
541 723
1 6 2
307 6
1 14 2
226 500
1 4 2
238 197
1 3 2
758 725
1 15 2
512 243
1 6 2
303 232
1 5 2
650 121
1 5 2
542 62
1 5 2
720 515
1 8 2
328 468
1 15 2
311 355
1 11 2
238 576
1 3 2
168 486
1 13 2
178 281
1 11 2
103 54
1 8 2
270 128
1 2 2
37 54
1 3 2
601 37
1 13 2
168 531
1 4 2
330 456
1 7 2
592 621
1 2 2
434 790
1 12 2
92 435
1 6 2
393 720
1 4 2
222 240
1 12 2
129 747
1 2 2
83 266
1 14 2
694 286
1 2 2
453 499
1 9 2
405 14
1 9 2
770 229
1 2 2
108 672
1 8 2
251 345
1 14 2
220 266
1 9 2
250 663
1 14 2
39 494
1 10 2
348 354
1 10 2
741 184
1 7 2
676 452
1 13 2
14 386
1 8 2
382 63
1 2 2
608 196
1 10 2
613 472
1 5 2
471 571
1 11 2
620 216
1 3 2
586 214
1 4 2
58 95
1 14 2
316 669
1 8 2
372 42
1 15 2
68 599
1 6 2
115 231
1 9 2
45 649
1 11 2
137 80
1 15 2
700 366
1 6 2
157 7
1 8 2
561 711
1 4 2
313 239
1 14 2
260 271
1 15 2
96 177
1 9 2
550 371
1 13 2
747 52
1 14 2
708 458
1 2 2
121 634
1 14 2
544 603
1 8 2
700 541
1 10 2
680 186
1 9 2
531 95
1 7 2
384 645
1 14 2
457 193
1 15 2
502 440
1 10 2
517 619
1 6 2
263 795
1 7 2
7 312
1 15 2
342 129
1 13 2
39 725
1 10 2
653 413
1 12 2
515 330
1 15 2
369 55
1 10 2
307 271
1 11 2
799 698
1 7 2
355 283
1 11 2
60 187
1 8 2
383 227
1 5 2
330 545
1 3 2
269 759
1 13 2
755 275
1 12 2
620 611
1 6 2
400 65
1 13 2
787 655
1 14 2
761 250
1 8 2
594 649
1 2 2
721 671
1 8 2
99 638
1 2 2
333 528
1 15 2
571 715
1 7 2
97 17
1 5 2
147 360
1 13 2
435 754
1 7 2
435 233
1 9 2
380 657
1 10 2
349 646
1 7 2
327 581
1 9 2
164 733
1 8 2
259 299
1 10 2
474 22
1 15 2
523 472
1 5 2
168 210
1 5 2
578 169
1 6 2
10 304
1 4 2
538 457
1 12 2
87 584
1 12 2
525 751
1 2 2
7 49
1 5 2
583 551
1 4 2
673 113
1 9 2
581 795
1 10 2
85 662
1 9 2
252 392
1 3 2
476 314
1 10 2
46 337
1 5 2
656 160
1 12 2
574 470
1 14 2
446 333
1 14 2
532 538
1 8 2
347 175
1 10 2
232 221
1 14 2
257 715
1 11 2
512 759
1 9 2
433 747
1 3 2
391 649
1 6 2
162 140
1 5 2
259 385
1 4 2
227 610
1 12 2
664 714
1 10 2
492 798
1 6 2
175 343
1 12 2
143 35
1 10 2
336 250
1 6 2
148 138
1 11 2
67 734
1 5 2
188 575
1 14 2
178 387
1 14 2
428 745
1 7 2
229 398
1 11 2
24 25
1 6 2
451 660
1 3 2
377 601
1 12 2
134 367
1 3 2
19 175
1 3 2
145 771
1 7 2
526 608
1 6 2
522 151
1 13 2
389 25
1 6 2
311 754
1 7 2
699 744
1 10 2
723 470
1 3 2
614 744
1 9 2
312 62
1 15 2
355 786
1 2 2
357 445
1 14 2
409 456
1 10 2
64 697
1 12 2
298 413
1 13 2
694 766
1 5 2
321 75
1 10 2
44 506
1 11 2
398 280
1 3 2
775 683
1 3 2
471 120
1 11 2
289 658
1 15 2
97 516
1 8 2
458 727
1 11 2
536 568
1 15 2
464 743
1 3 2
22 389
1 7 2
207 487
1 15 2
3 83
1 6 2
12 569
1 8 2
382 693
1 13 2
256 267
1 4 2
66 36
1 11 2
715 464
1 8 2
182 708
1 8 2
95 273
1 6 2
692 626
1 15 2
467 564
1 5 2
160 475
1 12 2
230 123
1 9 2
754 345
1 3 2
270 337
1 6 2
575 591
1 5 2
274 131
1 10 2
328 719
1 8 2
148 583
1 9 2
670 292
1 9 2
739 645
1 11 2
285 194
1 3 2
104 409
1 12 2
235 792
1 12 2
770 516
1 5 2
668 316
1 5 2
59 301
1 7 2
774 713
1 9 2
416 8
1 7 2
97 207
1 10 2
62 362
1 15 2
551 511
1 12 2
498 32
1 9 2
670 330
1 14 2
292 510
1 5 2
710 740
1 15 2
326 78
1 5 2
63 499
1 4 2
244 334
1 9 2
731 204
1 12 2
187 369
1 5 2
634 428
1 6 2
608 321
1 7 2
473 625
1 12 2
323 771
1 4 2
174 569
1 14 2
141 639
1 7 2
352 238
1 6 2
559 43
1 5 2
8 597
1 13 2
29 422
1 6 2
90 229
1 13 2
533 589
1 2 2
580 210
1 3 2
373 540
1 14 2
333 377
1 6 2
259 51
1 3 2
479 191
1 4 2
138 427
1 10 2
166 370
1 14 2
10 559
1 13 2
341 703
1 2 2
190 393
1 6 2
301 241
1 15 2
265 119
1 5 2
343 464
1 3 2
120 498
1 7 2
386 514
1 5 2
423 221
1 9 2
276 308
1 14 2
605 88
1 15 2
229 716
1 11 2
713 258
1 15 2
556 354
1 8 2
677 264
1 9 2
469 293
1 9 2
343 408
1 5 2
675 540
1 5 2
251 104
1 5 2
504 355
1 3 2
40 657
1 11 2
749 218
1 6 2
98 669
1 12 2
410 244
1 11 2
505 617
1 14 2
691 5
1 13 2
273 374
1 12 2
175 143
1 13 2
211 186
1 13 2
321 277
1 12 2
412 217
1 6 2
383 162
1 14 2
137 8
1 13 2
141 39
1 15 2
749 358
1 9 2
454 745
1 6 2
560 657
1 8 2
351 674
1 11 2
305 647
1 11 2
721 69
1 3 2
652 504
1 7 2
659 77
1 11 2
494 38
1 14 2
747 769
1 11 2
90 717
1 5 2
360 84
1 3 2
532 742
1 13 2
737 202
1 12 2
309 490
1 11 2
348 617
1 7 2
694 539
1 13 2
218 276
1 4 2
48 750
1 7 2
554 451
1 10 2
393 196
1 3 2
454 446
1 13 2
404 774
1 12 2
260 792
1 11 2
601 9
1 11 2
119 758
1 4 2
192 9
1 6 2
4 232
1 2 2
103 658
1 9 2
452 379
1 8 2
123 718
1 14 2
92 728
1 3 2
684 696
1 5 2
731 234
1 5 2
665 262
1 10 2
384 303
1 13 2
781 597
1 8 2
162 486
1 6 2
632 610
1 4 2
601 112
1 12 2
104 615
1 13 2
495 373
1 8 2
172 325
1 15 2
740 707
1 2 2
291 234
1 10 2
514 583
1 12 2
444 761
1 2 2
366 297
1 12 2
470 273
1 8 2
498 376
1 13 2
248 158
1 2 2
3 165
1 7 2
532 554
1 4 2
535 267
1 6 2
107 486
1 9 2
224 353
1 7 2
38 143
1 5 2
329 685
1 6 2
415 422
1 9 2
621 466
1 15 2
539 382
1 3 2
397 711
1 12 2
443 678
1 5 2
583 353
1 14 2
579 117
1 9 2
754 67
1 2 2
323 259
1 3 2
316 425
1 4 2
343 637
1 11 2
496 292
1 14 2
314 194
1 10 2
294 401
1 6 2
557 738
1 12 2
725 476
1 15 2
471 762
1 2 2
74 404
1 4 2
360 382
1 5 2
527 412
1 9 2
762 28
1 15 2
175 508
1 7 2
97 34
1 14 2
80 29
1 2 2
600 199
1 8 2
686 64
1 10 2
131 252
1 6 2
404 345
1 10 2
317 508
1 13 2
708 578
1 15 2
418 93
1 12 2
286 613
1 5 2
112 201
1 5 2
471 131
1 11 2
253 711
1 14 2
137 584
1 8 2
712 420
1 13 2
405 94
1 15 2
711 719
1 14 2
306 436
1 3 2
294 360
1 11 2
623 743
1 3 2
700 330
1 12 2
33 460
1 10 2
52 219
1 6 2
239 376
1 11 2
530 596
1 14 2
436 624
1 8 2
172 521
1 4 2
650 157
1 3 2
610 79
1 7 2
791 43
1 12 2
36 764
1 15 2
762 506
1 10 2
680 792
1 3 2
34 750
1 15 2
257 180
1 13 2
17 479
1 11 2
105 786
1 4 2
437 622
1 3 2
184 185
1 9 2
547 406
1 12 2
320 239
1 11 2
384 404
1 2 2
13 554
1 7 2
304 763
1 11 2
617 340
1 14 2
511 622
1 5 2
132 39
1 12 2
223 92
1 14 2
312 597
1 13 2
298 174
1 10 2
34 500
1 15 2
11 353
1 6 2
139 0
1 12 2
392 345
1 6 2
547 32
1 7 2
44 583
1 10 2
541 790
1 15 2
406 256
1 13 2
8 704
1 3 2
385 242
1 15 2
52 293
1 10 2
182 534
1 5 2
610 292
1 5 2
299 238
1 13 2
173 558
1 4 2
586 761
1 14 2
258 752
1 8 2
541 112
1 14 2
105 151
1 13 2
560 636
1 2 2
556 579
1 14 2
40 306
1 9 2
756 330
1 14 2
739 207
1 10 2
528 412
1 2 2
6 496
1 8 2
98 568
1 3 2
359 378
1 2 2
770 438
1 15 2
193 631
1 3 2
769 575
1 8 2
571 594
1 7 2
91 358
1 11 2
234 581
1 10 2
699 201
1 11 2
520 561
1 12 2
380 127
1 8 2
538 649
1 8 2
148 243
1 3 2
674 151
1 6 2
290 694
1 7 2
622 670
1 3 2
686 353
1 14 2
302 176
1 4 2
29 243
1 6 2
228 470
1 6 2
10 652
1 10 2
494 778
1 15 2
551 157
1 15 2
398 311
1 11 2
99 460
1 5 2
274 275
1 13 2
300 125
1 13 2
407 327
1 9 2
415 520
1 8 2
189 143
1 3 2
147 237
1 3 2
722 328
1 7 2
110 415
1 6 2
745 320
1 7 2
523 797
1 7 2
710 141
1 10 2
85 32
1 5 2
727 263
1 13 2
445 588
1 11 2
145 138
1 8 2
557 391
1 8 2
401 102
1 15 2
636 109
1 5 2
99 656
1 12 2
395 426
1 11 2
771 582
1 15 2
201 52
1 12 2
361 252
1 2 2
268 728
1 11 2
529 503
1 14 2
18 700
1 14 2
39 662
1 14 2
428 497
1 13 2
295 178
1 9 2
360 441
1 7 2
642 688
1 2 2
719 244
1 13 2
107 518
1 11 2
780 662
1 11 2
397 275
1 15 2
477 510
1 14 2
683 234
1 14 2
539 617
1 7 2
162 736
1 10 2
265 657
1 13 2
404 633
1 7 2
53 384
1 4 2
555 340
1 2 2
709 254
1 13 2
589 235
1 5 2
737 277
1 10 2
43 771
1 11 2
175 547
1 10 2
598 615
1 4 2
576 365
1 2 2
473 416
1 6 2
713 512
1 8 2
133 757
1 6 2
6 756
1 13 2
196 534
1 9 2
459 328
1 2 2
449 251
1 10 2
600 116
1 3 2
791 777
1 5 2
53 502
1 10 2
309 794
1 5 2
111 579
1 11 2
233 204
1 8 2
217 728
1 9 2
535 329
1 14 2
230 60
1 15 2
593 522
1 14 2
678 448
1 13 2
99 262
1 11 2
7 585
1 15 2
325 182
1 2 2
264 167
1 5 2
451 14
1 9 2
490 370
1 8 2
35 325
1 2 2
508 147
1 10 2
575 590
1 7 2
153 629
1 15 2
652 599
1 9 2
751 303
1 6 2
577 123
1 11 2
17 702
1 2 2
262 241
1 3 2
450 564
1 6 2
292 280
1 9 2
200 41
1 15 2
589 109
1 15 2
522 90
1 8 2
131 579
1 9 2
737 336
1 2 2
34 536
1 5 2
405 550
1 7 2
617 173
1 14 2
790 223
1 11 2
543 669
1 14 2
327 59
1 2 2
763 257
1 15 2
387 738
1 7 2
70 480
1 11 2
442 145
1 11 2
303 610
1 12 2
118 430
1 12 2
421 316
1 11 2
356 699
1 14 2
156 73
1 5 2
761 613
1 8 2
166 573
1 9 2
327 8
1 7 2
706 238
1 8 2
306 228
1 15 2
601 39
1 12 2
33 668
1 6 2
799 609
1 15 2
379 467
1 9 2
655 425
1 8 2
707 143
1 14 2
759 246
1 10 2
703 316
1 5 2
580 545
1 11 2
573 219
1 13 2
543 59
1 9 2
787 81
1 12 2
527 50
1 5 2
775 104
1 5 2
113 726
1 8 2
173 467
1 10 2
102 469
1 9 2
512 777
1 11 2
600 185
1 8 2
129 213
1 12 2
634 649
1 8 2
521 75
1 7 2
0 372
1 3 2
147 332
1 6 2
339 793
1 11 2
710 484
1 3 2
140 698
1 10 2
386 635
1 3 2
416 799
1 15 2
760 761
1 6 2
105 241
1 10 2
249 570
1 15 2
399 510
1 7 2
460 15
1 8 2
540 442
1 10 2
517 253
1 9 2
445 65
1 11 2
96 559
1 8 2
44 413
1 8 2
25 536
1 11 2
604 533
1 7 2
278 469
1 11 2
426 195
1 3 2
6 785
1 13 2
728 585
1 5 2
614 89
1 13 2
456 11
1 15 2
398 149
1 2 2
115 271
1 4 2
477 567
1 9 2
245 250
1 8 2
346 678
1 13 2
226 175
1 7 2
241 516
1 14 2
635 18
1 9 2
567 502
1 10 2
266 292
1 7 2
98 559
1 10 2
665 639
1 9 2
631 771
1 2 2
104 189
1 5 2
332 33
1 6 2
69 289
1 9 2
759 503
1 2 2
321 200
1 5 2
660 99
1 15 2
166 497
1 15 2
217 604
1 4 2
83 402
1 3 2
74 258
1 4 2
781 189
1 10 2
309 289
1 14 2
175 639
1 15 2
91 314
1 15 2
508 363
1 5 2
520 137
1 4 2
257 659
1 5 2
36 355
1 10 2
608 447
1 15 2
765 614
1 11 2
691 265
1 4 2
384 390
1 3 2
554 520
1 13 2
571 299
1 13 2
604 516
1 5 2
455 747
1 13 2
73 539
1 9 2
264 155
1 2 2
756 328
1 9 2
88 47
1 5 2
287 30
1 12 2
594 358
1 8 2
427 36
1 7 2
774 299
1 12 2
771 363
1 13 2
774 737
1 14 2
113 208
1 5 2
590 333
1 13 2
172 23
1 12 2
323 143
1 15 2
156 627
1 6 2
427 642
1 6 2
245 116
1 3 2
720 173
1 2 2
561 574
1 14 2
786 634
1 15 2
5 230
1 13 2
474 307
1 12 2
455 676
1 12 2
345 136
1 2 2
240 12
1 7 2
460 29
1 6 2
251 552
1 5 2
228 253
1 8 2
626 632
1 3 2
345 355
1 9 2
303 706
1 11 2
465 143
1 13 2
440 653
1 7 2
558 754
1 13 2
179 498
1 4 2
405 311
1 8 2
564 736
1 2 2
28 494
1 4 2
242 748
1 5 2
798 213
1 8 2
627 635
1 9 2
681 495
1 13 2
274 35
1 9 2
96 293
1 14 2
62 354
1 8 2
184 326
1 2 2
183 555
1 4 2
295 619
1 13 2
277 493
1 6 2
523 499
1 8 2
483 424
1 10 2
370 265
1 4 2
186 0
1 6 2
635 625
1 15 2
362 662
1 8 2
782 798
1 14 2
108 27
1 9 2
150 776
1 5 2
458 407
1 13 2
253 368
1 12 2
153 118
1 14 2
635 195
1 7 2
644 731
1 12 2
71 799
1 6 2
291 690
1 2 2
696 550
1 9 2
193 283
1 11 2
736 165
1 12 2
794 151
1 6 2
152 503
1 3 2
27 600
1 10 2
412 161
1 4 2
151 709
1 10 2
320 82
1 10 2
646 663
1 6 2
239 365
1 13 2
143 511
1 15 2
468 56
1 14 2
275 303
1 7 2
262 4
1 14 2
407 78
1 13 2
637 360
1 7 2
386 101
1 2 2
277 110
1 13 2
592 124
1 8 2
275 223
1 5 2
456 18
1 6 2
172 791
1 13 2
236 551
1 13 2
635 638
1 8 2
357 238
1 13 2
411 155
1 15 2
552 281
1 8 2
57 326
1 7 2
415 738
1 2 2
698 657
1 15 2
255 466
1 6 2
368 155
1 7 2
303 522
1 15 2
472 475
1 2 2
284 355
1 13 2
747 227
1 15 2
75 496
1 5 2
416 324
1 4 2
175 751
1 2 2
769 182
1 7 2
256 622
1 7 2
458 375
1 5 2
403 69
1 5 2
379 439
1 3 2
646 297
1 11 2
123 297
1 8 2
581 704
1 2 2
569 719
1 5 2
108 179
1 4 2
55 72
1 8 2
727 165
1 9 2
97 475
1 13 2
216 160
1 10 2
626 795
1 15 2
413 647
1 15 2
606 655
1 3 2
40 691
1 14 2
734 710
1 4 2
188 18
1 15 2
734 407
1 10 2
538 681
1 5 2
476 123
1 10 2
655 382
1 7 2
605 77
1 11 2
125 413
1 5 2
669 286
1 6 2
422 576
1 5 2
493 25
1 6 2
521 350
1 5 2
68 724
1 15 2
533 304
1 10 2
732 194
1 11 2
304 437
1 4 2
664 658
1 2 2
505 578
1 11 2
573 48
1 3 2
161 612
1 6 2
220 274
1 14 2
163 383
1 3 2
566 241
1 8 2
529 565
1 5 2
142 171
1 9 2
94 639
1 8 2
254 11
1 10 2
523 21
1 6 2
650 530
1 13 2
328 277
1 12 2
462 543
1 9 2
390 345
1 11 2
167 32
1 15 2
120 239
1 12 2
385 49
1 5 2
380 543
1 10 2
468 63
1 5 2
760 368
1 12 2
724 152
1 13 2
340 260
1 8 2
216 684
1 11 2
561 678
1 15 2
382 572
1 4 2
519 92
1 3 2
184 265
1 3 2
716 114
1 10 2
124 330
1 5 2
209 37
1 2 2
86 321
1 10 2
798 54
1 8 2
60 356
1 13 2
449 614
1 12 2
540 512
1 7 2
277 663
1 2 2
456 240
1 8 2
630 649
1 5 2
232 547
1 15 2
333 685
1 4 2
571 225
1 9 2
748 558
1 2 2
60 595
1 15 2
138 720
1 4 2
706 166
1 8 2
306 301
1 10 2
490 118
1 5 2
781 227
1 3 2
167 208
1 12 2
783 733
1 11 2
503 583
1 7 2
235 60
1 4 2
363 394
1 7 2
504 124
1 5 2
533 106
1 14 2
356 211
1 4 2
106 74
1 5 2
671 612
1 7 2
437 660
1 2 2
741 309
1 12 2
151 479
1 13 2
289 381
1 10 2
454 410
1 3 2
71 789
1 7 2
583 693
1 12 2
719 250
1 10 2
208 469
1 10 2
10 703
1 9 2
355 544
1 12 2
625 484
1 7 2
407 305
1 7 2
51 575
1 2 2
479 792
1 8 2
684 34
1 9 2
251 37
1 7 2
590 509
1 12 2
607 216
1 7 2
390 45
1 14 2
211 317
1 8 2
83 704
1 9 2
47 490
1 10 2
144 274
1 12 2
305 334
1 7 2
204 106
1 3 2
117 272
1 8 2
619 576
1 3 2
75 694
1 11 2
427 764
1 7 2
313 5
1 11 2
267 270
1 10 2
404 319
1 4 2
793 575
1 15 2
343 29
1 11 2
239 248
1 11 2
731 536
1 9 2
698 770
1 5 2
343 514
1 13 2
401 275
1 12 2
445 429
1 6 2
360 119
1 15 2
493 766
1 3 2
60 467
1 13 2
129 485
1 6 2
438 21
1 10 2
587 656
1 15 2
158 724
1 14 2
203 180
1 5 2
506 201
1 13 2
113 783
1 14 2
19 633
1 14 2
310 390
1 2 2
427 58
1 9 2
257 157
1 8 2
47 82
1 11 2
787 320
1 11 2
312 97
1 10 2
209 309
1 10 2
355 325
1 4 2
366 186
1 8 2
638 325
1 10 2
720 570
1 3 2
237 757
1 3 2
97 139
1 12 2
316 645
1 5 2
767 632
1 6 2
607 185
1 7 2
115 517
1 5 2
291 99
1 3 2
726 407
1 15 2
326 698
1 8 2
326 91
1 12 2
453 214
1 11 2
743 656
1 3 2
792 233
1 5 2
613 554
1 7 2
666 256
1 4 2
427 303
1 11 2
71 390
1 10 2
498 56
1 7 2
256 175
1 3 2
245 372
1 4 2
562 608
1 10 2
251 535
1 8 2
610 178
1 14 2
617 608
1 15 2
9 50
1 4 2
461 497
1 14 2
135 260
1 15 2
781 774
1 9 2
521 613
1 15 2
390 317
1 13 2
225 585
1 4 2
56 269
1 3 2
687 405
1 14 2
97 630
1 11 2
487 33
1 10 2
133 39
1 13 2
119 667
1 10 2
148 120
1 8 2
74 23
1 13 2
732 366
1 14 2
5 120
1 6 2
517 414
1 11 2
39 562
1 6 2
438 318
1 14 2
110 776
1 15 2
656 175
1 9 2
757 619
1 5 2
257 127
1 15 2
82 238
1 2 2
196 206
1 6 2
639 775
1 12 2
490 413
1 13 2
36 41
1 14 2
716 778
1 9 2
357 14
1 11 2
173 155
1 9 2
223 109
1 9 2
167 84
1 7 2
444 166
1 8 2
748 579
1 4 2
727 796
1 8 2
509 15
1 14 2
392 100
1 2 2
467 249
1 11 2
578 719
1 7 2
0 663
1 11 2
474 655
1 9 2
434 649
1 14 2
753 248
1 5 2
417 177
1 7 2
333 798
1 4 2
188 720
1 7 2
767 210
1 8 2
754 700
1 11 2
589 514
1 8 2
394 107
1 9 2
719 422
1 13 2
353 36
1 14 2
747 664
1 6 2
449 304
1 10 2
442 410
1 15 2
732 602
1 15 2
538 581
1 6 2
301 53
1 9 2
559 237
1 9 2
633 278
1 8 2
635 417
1 12 2
426 164
1 9 2
696 651
1 4 2
501 58
1 5 2
146 410
1 6 2
557 159
1 4 2
114 416
1 14 2
469 282
1 9 2
628 148
1 14 2
20 744
1 5 2
768 83
1 13 2
503 98
1 6 2
699 687
1 5 2
185 596
1 7 2
350 229
1 15 2
737 439
1 11 2
29 477
1 12 2
741 379
1 4 2
679 315
1 5 2
16 644
1 2 2
163 657
1 5 2
536 639
1 10 2
309 287
1 14 2
514 162
1 11 2
596 316
1 9 2
352 506
1 11 2
646 504
1 12 2
524 340
1 10 2
455 672
1 11 2
194 484
1 6 2
694 97
1 3 2
475 477
1 9 2
77 289
1 12 2
119 483
1 4 2
359 52
1 5 2
711 392
1 15 2
634 480
1 4 2
706 187
1 6 2
408 538
1 14 2
169 464
1 8 2
672 190
1 7 2
612 301
1 3 2
544 724
1 9 2
618 620
1 5 2
739 636
1 8 2
374 410
1 4 2
354 289
1 6 2
31 185
1 5 2
62 791
1 8 2
740 405
1 7 2
289 563
1 5 2
704 565
1 4 2
775 499
1 10 2
518 438
1 9 2
419 562
1 3 2
102 375
1 9 2
493 268
1 7 2
504 218
1 13 2
773 80
1 14 2
222 19
1 3 2
320 287
1 4 2
414 148
1 6 2
798 748
1 4 2
331 27
1 4 2
252 627
1 9 2
47 268
1 12 2
71 679
1 13 2
54 430
1 7 2
196 397
1 8 2
9 461
1 4 2
116 731
1 7 2
78 604
1 8 2
478 493
1 11 2
216 577
1 12 2
638 618
1 7 2
392 602
1 2 2
738 402
1 12 2
32 281
1 4 2
568 2
1 10 2
165 633
1 8 2
766 144
1 8 2
516 475
1 3 2
472 697
1 10 2
185 516
1 3 2
797 154
1 15 2
477 448
1 5 2
787 180
1 5 2
373 79
1 14 2
631 109
1 8 2
379 535
1 4 2
470 799
1 13 2
479 430
1 2 2
651 25
1 11 2
13 701
1 8 2
3 56
1 2 2
603 547
1 11 2
597 645
1 3 2
230 477
1 4 2
13 51
1 13 2
381 569
1 8 2
109 504
1 5 2
584 131
1 7 2
50 693
1 2 2
22 223
1 5 2
323 73
1 4 2
81 691
1 4 2
734 458
1 14 2
106 585
1 13 2
231 510
1 12 2
213 687
1 7 2
623 218
1 6 2
436 627
1 10 2
774 566
1 3 2
365 6
1 14 2
509 665
1 7 2
356 623
1 13 2
99 646
1 11 2
686 482
1 5 2
271 659
1 13 2
122 744
1 14 2
235 157
1 11 2
556 588
1 9 2
347 416
1 10 2
634 78
1 2 2
685 2
1 5 2
537 459
1 12 2
696 505
1 5 2
484 772
1 13 2
110 600
1 13 2
619 436
1 15 2
609 492
1 10 2
100 697
1 4 2
15 131
1 10 2
379 451
1 8 2
639 558
1 14 2
758 172
1 6 2
601 792
1 15 2
145 527
1 13 2
258 711
1 3 2
306 8
1 12 2
620 319
1 7 2
250 271
1 6 2
620 295
1 13 2
302 565
1 7 2
366 627
1 12 2
652 204
1 3 2
64 730
1 4 2
19 113
1 8 2
199 749
1 13 2
450 294
1 12 2
8 710
1 9 2
256 656
1 15 2
461 8
1 8 2
129 782
1 6 2
364 368
1 7 2
624 12
1 3 2
402 222
1 7 2
236 171
1 11 2
253 658
1 14 2
349 647
1 6 2
455 32
1 6 2
469 561
1 15 2
100 185
1 2 2
396 792
1 8 2
82 54
1 9 2
597 127
1 3 2
302 93
1 13 2
20 652
1 5 2
276 359
1 8 2
603 690
1 4 2
672 257
1 2 2
29 453
1 5 2
326 527
1 7 2
614 531
1 8 2
769 198
1 8 2
5 576
1 14 2
347 728
1 3 2
204 25
1 15 2
346 192
1 13 2
795 518
1 2 2
156 327
1 8 2
44 324
1 11 2
296 166
1 5 2
280 141
1 15 2
517 291
1 2 2
741 216
1 6 2
743 34
1 15 2
785 508
1 7 2
765 73
1 12 2
298 394
1 4 2
11 511
1 7 2
441 190
1 8 2
102 44
1 2 2
506 630
1 8 2
121 5
1 11 2
183 223
1 6 2
61 308
1 12 2
100 165
1 8 2
491 620
1 8 2
778 4
1 7 2
520 508
1 8 2
658 461
1 7 2
500 229
1 10 2
766 663
1 12 2
208 219
1 10 2
330 309
1 5 2
732 42
1 5 2
666 422
1 7 2
344 522
1 11 2
328 164
1 11 2
111 92
1 6 2
592 559
1 15 2
618 206
1 3 2
614 291
1 10 2
574 640
1 6 2
353 608
1 15 2
745 444
1 7 2
680 302
1 4 2
656 317
1 13 2
202 418
1 5 2
534 783
1 4 2
536 460
1 12 2
214 121
1 15 2
377 8
1 12 2
18 449
1 5 2
121 649
1 10 2
393 156
1 4 2
85 558
1 9 2
69 626
1 8 2
290 31
1 7 2
758 641
1 14 2
554 312
1 13 2
699 65
1 9 2
461 480
1 3 2
639 713
1 11 2
480 453
1 9 2
587 254
1 6 2
679 337
1 6 2
773 646
1 9 2
372 193
1 10 2
771 133
1 7 2
301 80
1 8 2
59 71
1 4 2
76 15
1 14 2
17 245
1 8 2
221 400
1 4 2
747 512
1 8 2
431 609
1 15 2
101 793
1 9 2
386 459
1 6 2
470 457
1 2 2
704 717
1 15 2
627 581
1 13 2
169 112
1 2 2
474 138
1 7 2
348 430
1 11 2
436 382
1 9 2
420 777
1 5 2
780 622
1 12 2
777 549
1 15 2
122 135
1 15 2
85 651
1 11 2
303 760
1 10 2
230 129
1 3 2
111 157
1 6 2
334 497
1 14 2
448 121
1 5 2
793 89
1 2 2
524 715
1 5 2
371 199
1 4 2
497 716
1 2 2
744 298
1 5 2
384 396
1 10 2
392 779
1 2 2
69 259
1 11 2
200 9
1 9 2
154 194
1 10 2
765 733
1 4 2
499 204
1 4 2
275 80
1 12 2
534 376
1 9 2
33 1
1 3 2
183 780
1 4 2
153 249
1 8 2
743 658
1 7 2
448 123
1 13 2
566 734
1 14 2
552 671
1 5 2
597 387
1 10 2
478 97
1 11 2
161 473
1 15 2
772 240
1 12 2
570 220
1 14 2
409 142
1 4 2
441 610
1 7 2
461 542
1 2 2
89 418
1 2 2
557 95
1 14 2
416 427
1 6 2
797 603
1 15 2
678 231
1 4 2
753 671
1 10 2
129 169
1 9 2
108 194
1 4 2
274 344
1 13 2
603 563
1 9 2
163 296
1 7 2
687 531
1 2 2
431 571
1 14 2
241 50
1 2 2
223 795
1 13 2
616 246
1 5 2
606 90
1 11 2
322 117
1 5 2
382 564
1 12 2
170 415
1 9 2
147 392
1 11 2
330 75
1 2 2
342 138
1 14 2
151 404
1 15 2
586 526
1 4 2
438 45
1 4 2
299 727
1 4 2
151 418
1 8 2
197 193
1 6 2
775 401
1 13 2
536 500
1 14 2
651 65
1 4 2
274 360
1 4 2
615 414
1 5 2
455 59
1 15 2
636 265
1 12 2
95 305
1 12 2
490 411
1 12 2
186 664
1 9 2
519 631
1 14 2
596 498
1 11 2
389 498
1 6 2
717 101
1 7 2
338 455
1 10 2
708 150
1 11 2
231 713
1 8 2
388 494
1 4 2
597 265
1 3 2
791 292
1 12 2
400 302
1 3 2
326 56
1 10 2
493 469
1 6 2
788 206
1 14 2
454 145
1 12 2
691 485
1 4 2
743 655
1 5 2
442 324
1 10 2
496 477
1 13 2
444 467
1 6 2
57 418
1 7 2
272 511
1 4 2
192 509
1 5 2
295 768
1 3 2
170 182
1 3 2
397 377
1 12 2
64 745
1 10 2
239 142
1 3 2
748 105
1 5 2
649 86
1 15 2
230 597
1 4 2
70 183
1 2 2
143 705
1 2 2
35 646
1 13 2
582 450
1 5 2
788 593
1 13 2
502 103
1 13 2
197 469
1 5 2
81 374
1 13 2
778 777
1 2 2
443 643
1 7 2
290 539
1 9 2
652 430
1 4 2
226 449
1 4 2
411 264
1 5 2
9 522
1 6 2
794 419
1 15 2
19 389
1 9 2
496 193
1 9 2
16 488
1 5 2
140 402
1 14 2
30 385
1 10 2
339 559
1 2 2
243 36
1 4 2
65 627
1 7 2
359 101
1 12 2
697 212
1 3 2
719 33
1 12 2
145 2
1 3 2
476 568
1 5 2
103 135
1 10 2
741 469
1 3 2
126 740
1 15 2
336 34
1 8 2
766 216
1 6 2
218 509
1 10 2
634 338
1 3 2
98 239
1 10 2
493 769
1 2 2
472 782
1 10 2
628 749
1 11 2
584 35
1 11 2
95 110
1 12 2
217 641
1 15 2
121 576
1 7 2
385 361
1 15 2
204 522
1 8 2
342 35
1 2 2
538 171
1 14 2
552 583
1 4 2
362 209
1 7 2
194 68
1 14 2
563 609
1 13 2
719 224
1 11 2
409 423
1 14 2
438 185
1 10 2
14 298
1 15 2
231 32
1 14 2
751 793
1 12 2
683 258
1 2 2
338 284
1 8 2
443 583
1 7 2
305 502
1 11 2
593 470
1 15 2
771 412
1 9 2
285 719
1 14 2
657 24
1 13 2
459 257
1 15 2
602 665
1 15 2
412 636
1 2 2
399 157
1 9 2
332 204
1 6 2
380 337
1 7 2
789 245
1 11 2
235 787
1 12 2
519 398
1 15 2
795 64
1 6 2
490 522
1 13 2
377 628
1 6 2
626 328
1 2 2
312 349
1 4 2
68 258
1 12 2
306 610
1 2 2
687 116
1 12 2
176 490
1 4 2
748 655
1 8 2
29 450
1 12 2
443 257
1 3 2
231 266
1 12 2
755 71
1 4 2
313 649
1 7 2
247 365
1 11 2
518 624
1 15 2
207 599
1 6 2
435 648
1 15 2
327 262
1 10 2
635 756
1 7 2
17 655
1 13 2
796 184
1 7 2
729 528
1 12 2
343 304
1 2 2
703 241
1 9 2
119 260
1 13 2
446 177
1 6 2
361 637
1 13 2
631 697
1 12 2
725 66
1 3 2
117 407
1 2 2
263 384
1 4 2
335 171
1 13 2
293 782
1 9 2
126 766
1 14 2
384 216
1 5 2
92 189
1 11 2
43 745
1 2 2
709 308
1 11 2
306 339
1 10 2
682 161
1 14 2
366 766
1 6 2
61 407
1 8 2
549 408
1 15 2
788 659
1 13 2
450 68
1 7 2
272 155
1 14 2
714 246
1 9 2
650 528
1 10 2
340 478
1 7 2
752 531
1 14 2
544 522
1 15 2
175 487
1 2 2
118 783
1 5 2
101 509
1 11 2
747 212
1 5 2
670 442
1 3 2
644 470
1 3 2
394 351
1 3 2
333 401
1 15 2
194 457
1 8 2
243 391
1 14 2
393 618
1 4 2
3 708
1 7 2
277 706
1 8 2
520 107
1 15 2
764 577
1 10 2
545 645
1 4 2
795 45
1 6 2
244 456
1 6 2
550 491
1 15 2
205 331
1 13 2
620 278
1 5 2
400 236
1 2 2
443 318
1 12 2
606 473
1 2 2
289 669
1 3 2
606 316
1 14 2
412 175
1 15 2
536 584
1 12 2
398 721
1 15 2
424 50
1 5 2
702 756
1 15 2
706 62
1 5 2
494 786
1 12 2
354 333
1 3 2
289 240
1 6 2
274 220
1 7 2
506 50
1 10 2
148 548
1 14 2
342 640
1 7 2
197 397
1 12 2
22 712
1 15 2
678 230
1 14 2
406 690
1 8 2
51 331
1 6 2
482 129
1 3 2
318 302
1 13 2
719 664
1 8 2
720 773
1 9 2
330 539
1 4 2
731 722
1 10 2
287 384
1 10 2
748 712
1 13 2
84 215
1 9 2
94 89
1 12 2
321 347
1 2 2
247 542
1 6 2
362 598
1 2 2
252 663
1 8 2
711 517
1 11 2
434 221
1 3 2
607 673
1 15 2
636 776
1 5 2
603 424
1 9 2
670 164
1 7 2
748 508
1 9 2
48 684
1 7 2
590 167
1 8 2
764 515
1 5 2
776 475
1 6 2
483 301
1 2 2
741 738
1 9 2
671 583
1 2 2
580 710
1 2 2
672 233
1 5 2
294 268
1 11 2
186 345
1 9 2
388 369
1 4 2
606 558
1 6 2
461 256
1 11 2
746 193
1 9 2
122 237
1 12 2
457 604
1 6 2
754 634
1 5 2
754 449
1 10 2
419 542
1 13 2
192 664
1 14 2
412 235
1 12 2
247 230
1 9 2
11 584
1 10 2
269 336
1 11 2
756 466
1 12 2
318 256
1 11 2
444 359
1 15 2
355 714
1 10 2
756 538
1 10 2
602 402
1 11 2
423 49
1 4 2
753 269
1 12 2
239 797
1 2 2
410 454
1 4 2
254 230
1 13 2
764 477
1 13 2
438 554
1 14 2
36 434
1 13 2
235 488
1 7 2
357 522
1 10 2
743 106
1 13 2
315 494
1 14 2
499 474
1 9 2
53 228
1 9 2
240 275
1 8 2
671 60
1 9 2
683 663
1 3 2
620 275
1 5 2
65 37
1 3 2
250 561
1 13 2
232 318
1 13 2
791 394
1 12 2
359 556
1 4 2
679 210
1 13 2
193 708
1 4 2
349 113
1 4 2
530 469
1 14 2
409 555
1 6 2
700 66
1 14 2
253 356
1 6 2
327 101
1 15 2
574 293
1 3 2
462 121
1 12 2
612 631
1 6 2
756 273
1 7 2
238 365
1 13 2
640 484
1 2 2
641 511
1 5 2
215 672
1 2 2
760 523
1 2 2
437 39
1 11 2
748 695
1 11 2
16 71
1 13 2
77 156
1 14 2
561 111
1 12 2
655 430
1 7 2
77 687
1 7 2
776 661
1 6 2
785 732
1 12 2
477 756
1 15 2
327 135
1 4 2
419 155
1 9 2
479 578
1 15 2
291 510
1 3 2
756 108
1 5 2
544 543
1 14 2
435 54
1 12 2
681 354
1 9 2
758 58
1 7 2
178 47
1 9 2
570 699
1 9 2
59 546
1 12 2
162 707
1 3 2
206 373
1 3 2
794 674
1 4 2
687 268
1 5 2
431 317
1 4 2
640 270
1 12 2
102 600
1 11 2
253 425
1 11 2
121 199
1 10 2
653 162
1 6 2
166 278
1 6 2
778 267
1 2 2
735 29
1 12 2
787 277
1 5 2
526 683
1 13 2
230 44
1 8 2
691 199
1 15 2
730 193
1 5 2
714 596
1 9 2
659 359
1 11 2
197 405
1 10 2
653 694
1 7 2
172 165
1 4 2
623 407
1 8 2
214 200
1 3 2
455 108
1 15 2
59 464
1 14 2
332 395
1 9 2
419 85
1 9 2
269 242
1 6 2
693 699
1 13 2
558 740
1 9 2
731 634
1 6 2
82 694
1 3 2
231 629
1 9 2
41 771
1 8 2
144 646
1 2 2
728 701
1 11 2
627 54
1 7 2
770 11
1 7 2
56 342
1 11 2
154 378
1 12 2
93 253
1 4 2
149 754
1 6 2
571 347
1 2 2
452 415
1 8 2
439 42
1 4 2
359 462
1 8 2
766 215
1 14 2
528 780
1 11 2
782 719
1 13 2
564 683
1 8 2
70 434
1 7 2
195 110
1 14 2
291 46
1 8 2
396 487
1 7 2
292 614
1 8 2
300 799
1 3 2
303 273
1 10 2
388 475
1 2 2
74 452
1 9 2
52 77
1 3 2
268 304
1 7 2
430 558
1 15 2
43 684
1 3 2
448 652
1 14 2
215 50
1 2 2
590 287
1 15 2
198 780
1 14 2
545 295
1 14 2
338 152
1 3 2
349 110
1 9 2
488 576
1 4 2
612 189
1 15 2
230 488
1 3 2
597 787
1 6 2
679 336
1 6 2
139 655
1 15 2
453 676
1 3 2
6 642
1 12 2
390 208
1 2 2
24 228
1 8 2
339 760
1 11 2
652 423
1 4 2
519 444
1 7 2
72 429
1 14 2
214 598
1 4 2
639 374
1 7 2
463 103
1 8 2
143 193
1 9 2
721 314
1 12 2
795 63
1 9 2
400 583
1 7 2
65 746
1 9 2
157 670
1 9 2
409 403
1 14 2
118 522
1 2 2
407 230
1 10 2
528 286
1 8 2
116 647
1 11 2
8 593
1 8 2
623 799
1 6 2
88 186
1 7 2
660 615
1 11 2
373 226
1 8 2
539 78
1 9 2
99 490
1 11 2
340 695
1 10 2
84 445
1 11 2
170 694
1 2 2
700 323
1 15 2
76 50
1 3 2
652 643
1 14 2
618 519
1 6 2
143 424
1 7 2
93 709
1 6 2
152 616
1 5 2
116 768
1 9 2
259 39
1 6 2
514 648
1 9 2
140 175
1 12 2
767 141
1 3 2
383 371
1 3 2
709 458
1 7 2
172 523
1 6 2
507 554
1 3 2
312 5
1 9 2
397 226
1 2 2
289 194
1 2 2
334 310
1 15 2
347 657
1 3 2
539 554
1 6 2
497 73
1 3 2
213 26
1 12 2
505 765
1 7 2
305 380
1 6 2
273 339
1 5 2
347 267
1 8 2
278 502
1 8 2
312 378
1 7 2
159 744
1 10 2
187 165
1 11 2
272 91
1 11 2
741 560
1 13 2
169 152
1 8 2
611 136
1 6 2
690 307
1 6 2
740 683
1 3 2
233 229
1 9 2
163 119
1 11 2
679 28
1 5 2
716 625
1 14 2
658 442
1 9 2
196 538
1 12 2
651 601
1 12 2
232 707
1 6 2
205 119
1 10 2
449 138
1 9 2
618 475
1 5 2
297 655
1 15 2
356 80
1 14 2
714 286
1 12 2
551 489
1 8 2
94 568
1 14 2
184 415
1 4 2
211 540
1 4 2
403 665
1 13 2
138 70
1 8 2
662 435
1 2 2
237 567
1 6 2
345 415
1 14 2
246 40
1 11 2
397 165
1 6 2
134 27
1 9 2
7 212
1 3 2
202 265
1 9 2
177 659
1 7 2
64 707
1 12 2
721 318
1 10 2
203 618
1 8 2
338 216
1 5 2
583 423
1 7 2
411 332
1 3 2
352 23
1 15 2
539 641
1 14 2
731 127
1 4 2
745 692
1 10 2
721 666
1 12 2
581 167
1 2 2
410 665
1 15 2
23 210
1 6 2
152 278
1 5 2
585 187
1 7 2
90 711
1 6 2
226 183
1 3 2
92 507
1 5 2
257 609
1 8 2
524 656
1 10 2
144 506
1 7 2
342 19
1 4 2
666 640
1 8 2
157 84
1 9 2
142 292
1 2 2
196 306
1 13 2
747 148
1 15 2
350 754
1 6 2
340 254
1 5 2
364 251
1 4 2
2 495
1 13 2
448 68
1 13 2
97 651
1 10 2
726 193
1 9 2
651 511
1 7 2
487 70
1 10 2
312 745
1 3 2
411 321
1 12 2
745 646
1 13 2
295 94
1 11 2
20 228
1 14 2
775 546
1 5 2
12 49
1 5 2
653 136
1 9 2
96 26
1 5 2
519 636
1 3 2
665 218
1 8 2
664 379
1 3 2
534 644
1 4 2
11 342
1 13 2
563 100
1 7 2
483 438
1 13 2
395 99
1 7 2
476 381
1 4 2
337 404
1 14 2
226 336
1 12 2
500 407
1 2 2
272 431
1 3 2
235 309
1 12 2
364 450
1 6 2
755 417
1 3 2
602 307
1 9 2
42 155
1 7 2
729 354
1 2 2
100 368
1 6 2
95 520
1 15 2
249 63
1 7 2
139 140
1 5 2
201 465
1 4 2
181 736
1 13 2
73 28
1 5 2
465 123
1 7 2
574 715
1 8 2
48 758
1 8 2
23 338
1 9 2
387 179
1 13 2
578 650
1 3 2
526 227
1 13 2
247 503
1 9 2
0 471
1 8 2
144 781
1 8 2
178 422
1 10 2
225 141
1 3 2
214 229
1 9 2
342 760
1 5 2
696 355
1 10 2
17 37
1 6 2
286 399
1 10 2
330 335
1 7 2
257 129
1 10 2
206 590
1 8 2
212 215
1 5 2
236 403
1 11 2
511 771
1 2 2
306 316
1 8 2
644 55
1 10 2
120 633
1 15 2
378 147
1 10 2
99 312
1 13 2
204 506
1 6 2
682 472
1 11 2
37 251
1 13 2
493 553
1 11 2
378 410
1 15 2
309 628
1 4 2
500 390
1 8 2
740 727
1 14 2
35 473
1 15 2
5 317
1 6 2
624 97
1 8 2
688 150
1 4 2
567 349
1 14 2
717 245
1 6 2
137 122
1 6 2
310 127
1 7 2
539 478
1 7 2
550 384
1 12 2
632 219
1 9 2
615 677
1 4 2
726 585
1 10 2
769 483
1 11 2
539 748
1 4 2
227 747
1 6 2
519 510
1 11 2
796 758
1 3 2
272 722
1 3 2
14 799
1 2 2
781 705
1 10 2
348 63
1 4 2
127 737
1 14 2
59 638
1 13 2
192 545
1 2 2
331 326
1 10 2
779 740
1 9 2
371 367
1 4 2
232 167
1 9 2
62 129
1 3 2
576 439
1 14 2
29 480
1 4 2
20 148
1 8 2
75 670
1 2 2
188 97
1 12 2
28 443
1 8 2
210 717
1 11 2
600 259
1 3 2
157 187
1 9 2
65 328
1 9 2
405 340
1 14 2
109 705
1 3 2
569 578
1 9 2
594 98
1 10 2
105 670
1 7 2
612 83
1 11 2
327 88
1 4 2
214 224
1 7 2
44 108
1 3 2
221 44
1 2 2
211 350
1 9 2
61 672
1 15 2
179 123
1 8 2
169 113
1 3 2
245 705
1 12 2
370 84
1 4 2
132 646
1 8 2
602 437
1 13 2
123 550
1 10 2
794 791
1 5 2
419 693
1 12 2
325 369
1 3 2
151 683
1 12 2
302 426
1 7 2
282 636
1 11 2
216 162
1 10 2
745 180
1 14 2
189 156
1 13 2
464 325
1 15 2
796 710
1 14 2
456 534
1 8 2
0 138
1 5 2
396 622
1 8 2
374 430
1 14 2
170 365
1 13 2
126 683
1 13 2
467 702
1 15 2
311 235
1 10 2
103 358
1 8 2
694 251
1 5 2
304 560
1 10 2
752 528
1 9 2
218 711
1 6 2
649 56
1 11 2
726 754
1 10 2
94 700
1 7 2
169 536
1 6 2
722 321
1 5 2
72 277
1 11 2
260 363
1 10 2
445 379
1 3 2
66 584
1 13 2
547 612
1 14 2
772 457
1 14 2
674 52
1 7 2
506 528
1 12 2
767 16
1 15 2
236 177
1 12 2
95 566
1 12 2
621 738
1 14 2
143 594
1 4 2
735 613
1 5 2
799 595
1 7 2
551 58
1 10 2
730 232
1 8 2
192 263
1 11 2
638 345
1 2 2
487 43
1 8 2
119 410
1 10 2
150 446
1 13 2
761 763
1 13 2
417 315
1 8 2
13 91
1 5 2
739 794
1 10 2
215 362
1 6 2
389 517
1 8 2
363 300
1 4 2
275 31
1 5 2
595 703
1 10 2
449 514
1 12 2
101 51
1 6 2
106 256
1 5 2
176 403
1 2 2
190 458
1 9 2
450 714
1 10 2
170 678
1 11 2
691 557
1 13 2
79 496
1 9 2
464 581
1 2 2
388 624
1 6 2
287 423
1 4 2
153 235
1 3 2
243 189
1 2 2
500 240
1 13 2
783 479
1 11 2
541 589
1 2 2
327 215
1 9 2
67 674
1 11 2
47 586
1 5 2
142 43
1 11 2
653 407
1 11 2
432 592
1 5 2
18 791
1 12 2
449 253
1 10 2
693 161
1 15 2
702 1
1 12 2
164 523
1 10 2
142 122
1 8 2
782 264
1 14 2
285 731
1 6 2
296 433
1 2 2
550 673
1 10 2
556 345
1 2 2
6 249
1 3 2
729 636
1 4 2
201 532
1 13 2
648 731
1 13 2
582 447
1 11 2
59 142
1 8 2
15 733
1 14 2
491 131
1 2 2
611 422
1 2 2
229 453
1 6 2
35 601
1 8 2
787 761
1 15 2
511 476
1 13 2
363 299
1 8 2
107 120
1 14 2
187 216
1 5 2
375 372
1 5 2
458 340
1 6 2
195 235
1 13 2
321 487
1 10 2
127 596
1 12 2
181 635
1 13 2
790 766
1 13 2
772 165
1 10 2
277 719
1 5 2
320 710
1 15 2
753 240
1 9 2
239 755
1 3 2
750 339
1 13 2
17 615
1 14 2
122 528
1 9 2
680 727
1 7 2
255 602
1 7 2
377 794
1 3 2
458 266
1 2 2
628 150
1 13 2
80 323
1 7 2
671 663
1 5 2
219 471
1 12 2
105 238
1 7 2
21 371
1 6 2
460 221
1 7 2
395 67
1 4 2
496 384
1 11 2
383 109
1 9 2
84 220
1 7 2
406 233
1 9 2
568 577
1 6 2
450 406
1 7 2
302 12
1 4 2
287 607
1 6 2
353 302
1 9 2
659 745
1 8 2
231 326
1 11 2
467 589
1 3 2
718 150
1 8 2
191 466
1 5 2
531 516
1 13 2
358 201
1 13 2
578 370
1 9 2
89 710
1 12 2
756 593
1 13 2
19 269
1 3 2
317 682
1 4 2
579 243
1 3 2
791 191
1 8 2
137 796
1 14 2
251 191
1 9 2
350 315
1 12 2
3 752
1 13 2
413 40
1 12 2
712 660
1 12 2
796 376
1 10 2
190 505
1 15 2
721 303
1 10 2
463 254
1 14 2
741 711
1 5 2
144 83
1 3 2
145 363
1 12 2
189 318
1 12 2
457 180
1 7 2
575 344
1 9 2
5 299
1 12 2
163 164
1 13 2
414 269
1 9 2
619 377
1 12 2
434 427
1 8 2
53 23
1 14 2
453 109
1 9 2
620 281
1 8 2
257 739
1 13 2
240 392
1 10 2
736 517
1 10 2
337 379
1 6 2
768 570
1 9 2
548 467
1 10 2
308 335
1 15 2
663 449
1 5 2
194 519
1 6 2
16 1
1 14 2
135 771
1 3 2
364 378
1 8 2
441 323
1 7 2
678 699
1 2 2
578 344
1 9 2
630 330
1 15 2
602 257
1 11 2
39 96
1 13 2
350 487
1 9 2
288 392
1 11 2
618 1
1 10 2
781 80
1 12 2
53 10
1 3 2
433 281
1 10 2
99 171
1 13 2
705 38
1 7 2
563 668
1 7 2
156 53
1 5 2
68 444
1 15 2
455 551
1 10 2
742 530
1 4 2
315 20
1 6 2
318 358
1 9 2
743 113
1 7 2
714 424
1 10 2
132 252
1 3 2
130 276
1 7 2
728 515
1 14 2
347 310
1 3 2
79 695
1 9 2
325 124
1 7 2
662 559
1 12 2
511 441
1 9 2
637 14
1 14 2
29 304
1 3 2
144 758
1 9 2
442 670
1 6 2
581 445
1 3 2
24 264
1 15 2
616 31
1 4 2
773 530
1 10 2
196 18
1 8 2
302 712
1 3 2
137 391
1 2 2
705 5
1 10 2
584 289
1 9 2
152 783
1 4 2
668 146
1 4 2
298 491
1 4 2
33 686
1 14 2
114 675
1 15 2
373 725
1 6 2
117 77
1 2 2
385 20
1 10 2
341 66
1 11 2
607 658
1 9 2
299 672
1 7 2
164 88
1 9 2
464 588
1 12 2
686 429
1 13 2
726 330
1 15 2
149 657
1 14 2
630 644
1 14 2
592 309
1 6 2
569 268
1 8 2
524 748
1 5 2
703 47
1 4 2
383 419
1 15 2
487 635
1 15 2
431 259
1 4 2
309 710
1 11 2
677 325
1 14 2
720 211
1 11 2
334 631
1 10 2
398 432
1 12 2
754 465
1 12 2
616 173
1 2 2
754 428
1 2 2
205 337
1 15 2
550 557
1 14 2
192 128
1 6 2
507 614
1 5 2
609 298
1 3 2
265 483
1 12 2
670 511
1 12 2
390 42
1 8 2
695 207
1 5 2
528 34
1 9 2
690 172
1 15 2
516 762
1 10 2
97 50
1 8 2
720 552
1 6 2
740 757
1 10 2
211 98
1 6 2
274 713
1 11 2
65 409
1 2 2
359 720
1 3 2
787 202
1 11 2
470 631
1 15 2
306 223
1 9 2
630 377
1 10 2
9 248
1 15 2
418 603
1 13 2
455 299
1 14 2
83 12
1 11 2
45 180
1 13 2
567 660
1 3 2
363 82
1 10 2
148 661
1 14 2
215 556
1 4 2
22 321
1 2 2
30 281
1 6 2
52 292
1 13 2
669 369
1 3 2
251 118
1 8 2
724 188
1 7 2
663 411
1 7 2
143 270
1 5 2
209 768
1 7 2
308 70
1 2 2
284 635
1 12 2
194 594
1 14 2
745 21
1 4 2
711 550
1 5 2
386 450
1 9 2
408 308
1 6 2
360 275
1 5 2
83 716
1 13 2
52 244
1 13 2
100 216
1 3 2
141 709
1 15 2
684 748
1 12 2
689 514
1 11 2
370 551
1 10 2
261 479
1 2 2
615 744
1 10 2
564 588
1 8 2
415 216
1 13 2
623 670
1 5 2
309 370
1 10 2
679 78
1 14 2
411 720
1 9 2
140 358
1 10 2
465 611
1 11 2
694 40
1 10 2
369 196
1 2 2
176 50
1 3 2
201 256
1 2 2
609 580
1 12 2
430 401
1 12 2
611 414
1 13 2
119 307
1 5 2
412 456
1 14 2
277 699
1 9 2
580 102
1 4 2
761 721
1 4 2
140 558
1 5 2
550 149
1 4 2
26 385
1 12 2
784 25
1 10 2
2 99
1 9 2
567 307
1 10 2
7 379
1 7 2
214 467
1 3 2
510 351
1 9 2
600 233
1 9 2
768 518
1 12 2
323 12
1 2 2
180 610
1 12 2
32 192
1 9 2
577 208
1 12 2
623 484
1 15 2
596 523
1 7 2
786 599
1 2 2
674 325
1 3 2
251 100
1 7 2
793 159
1 6 2
596 610
1 2 2
654 319
1 8 2
729 576
1 9 2
780 19
1 10 2
552 703
1 5 2
609 798
1 8 2
669 463
1 2 2
204 751
1 3 2
365 174
1 13 2
670 681
1 8 2
341 187
1 14 2
428 289
1 13 2
134 556
1 6 2
6 157
1 12 2
691 403
1 15 2
319 23
1 5 2
104 21
1 9 2
171 788
1 9 2
573 130
1 12 2
748 628
1 9 2
138 79
1 9 2
354 34
1 7 2
766 508
1 2 2
255 624
1 13 2
664 343
1 14 2
84 281
1 7 2
410 72
1 11 2
604 534
1 11 2
280 235
1 12 2
189 287
1 15 2
560 123
1 2 2
143 587
1 15 2
585 500
1 10 2
437 782
1 4 2
460 276
1 10 2
183 653
1 5 2
234 710
1 10 2
201 313
1 6 2
499 445
1 15 2
438 692
1 5 2
656 506
1 2 2
26 132
1 12 2
755 288
1 10 2
457 66
1 2 2
316 640
1 15 2
625 252
1 2 2
750 147
1 14 2
682 697
1 6 2
368 414
1 8 2
78 717
1 11 2
566 311
1 12 2
624 317
1 15 2
351 462
1 5 2
84 331
1 9 2
295 703
1 9 2
194 703
1 6 2
550 257
1 5 2
452 782
1 13 2
276 430
1 13 2
26 434
1 8 2
246 575
1 6 2
561 225
1 14 2
656 416
1 9 2
385 188
1 5 2
401 380
1 6 2
621 627
1 5 2
2 61
1 9 2
579 215
1 4 2
667 387
1 5 2
438 159
1 2 2
718 720
1 15 2
721 514
1 4 2
10 342
1 9 2
558 392
1 9 2
696 12
1 13 2
775 545
1 7 2
585 521
1 2 2
605 452
1 12 2
23 107
1 6 2
475 605
1 11 2
539 414
1 7 2
495 344
1 13 2
46 378
1 11 2
530 144
1 14 2
393 502
1 13 2
530 620
1 7 2
522 160
1 6 2
512 658
1 14 2
415 592
1 15 2
779 500
1 11 2
462 146
1 3 2
183 544
1 2 2
382 210
1 11 2
186 215
1 8 2
541 145
1 14 2
786 303
1 10 2
276 366
1 13 2
543 759
1 6 2
399 417
1 14 2
759 340
1 2 2
49 348
1 5 2
45 600
1 3 2
593 748
1 14 2
468 354
1 3 2
53 760
1 8 2
15 729
1 6 2
514 459
1 7 2
506 754
1 9 2
84 437
1 6 2
745 397
1 11 2
435 300
1 15 2
388 783
1 4 2
518 575
1 10 2
191 502
1 10 2
185 674
1 13 2
496 784
1 14 2
182 393
1 9 2
536 134
1 6 2
534 576
1 15 2
345 181
1 6 2
462 401
1 2 2
453 206
1 12 2
104 75
1 3 2
571 460
1 5 2
408 248
1 4 2
285 580
1 12 2
261 136
1 13 2
474 292
1 15 2
443 382
1 14 2
513 373
1 15 2
448 700
1 2 2
29 617
1 14 2
414 771
1 12 2
281 62
1 9 2
79 429
1 3 2
77 464
1 6 2
600 752
1 4 2
285 767
1 8 2
243 8
1 13 2
542 344
1 9 2
438 621
1 10 2
129 415
1 10 2
549 658
1 9 2
269 432
1 12 2
65 179
1 5 2
544 305
1 7 2
773 723
1 13 2
409 559
1 3 2
226 772
1 8 2
475 98
1 15 2
542 709
1 2 2
301 316
1 14 2
352 170
1 5 2
377 127
1 15 2
49 516
1 14 2
786 129
1 14 2
652 54
1 12 2
577 691
1 2 2
214 442
1 10 2
637 788
1 12 2
700 631
1 9 2
312 577
1 7 2
302 528
1 4 2
187 530
1 9 2
68 637
1 9 2
627 722
1 5 2
776 699
1 5 2
704 602
1 13 2
230 310
1 11 2
109 238
1 11 2
185 476
1 9 2
260 692
1 10 2
731 414
1 7 2
581 350
1 2 2
623 13
1 8 2
284 676
1 6 2
443 396
1 14 2
274 136
1 2 2
159 346
1 4 2
437 429
1 9 2
245 83
1 10 2
14 531
1 15 2
668 496
1 11 2
539 527
1 6 2
705 628
1 11 2
300 171
1 5 2
87 372
1 7 2
284 288
1 3 2
195 775
1 13 2
671 768
1 11 2
500 720
1 10 2
694 767
1 6 2
288 60
1 8 2
9 54
1 7 2
287 500
1 12 2
353 214
1 11 2
756 753
1 13 2
102 27
1 14 2
330 579
1 11 2
597 107
1 9 2
28 241
1 15 2
114 64
1 4 2
60 320
1 10 2
494 780
1 11 2
428 473
1 10 2
212 496
1 15 2
703 752
1 5 2
791 531
1 14 2
639 517
1 9 2
220 167
1 9 2
71 732
1 3 2
224 291
1 6 2
316 780
1 12 2
262 492
1 3 2
461 631
1 2 2
235 137
1 13 2
689 238
1 13 2
519 18
1 5 2
163 731
1 15 2
513 6
1 12 2
699 774
1 14 2
674 142
1 13 2
391 479
1 3 2
539 248
1 11 2
748 83
1 14 2
686 137
1 15 2
570 314
1 6 2
235 400
1 12 2
13 643
1 13 2
734 620
1 3 2
59 504
1 8 2
608 492
1 13 2
312 271
1 7 2
383 315
1 6 2
60 663
1 12 2
119 654
1 10 2
339 212
1 4 2
525 130
1 11 2
421 435
1 2 2
448 530
1 5 2
324 222
1 10 2
232 277
1 13 2
753 249
1 4 2
246 552
1 13 2
83 721
1 9 2
280 603
1 7 2
798 712
1 2 2
598 532
1 9 2
442 735
1 10 2
646 483
1 4 2
151 403
1 14 2
535 55
1 3 2
462 167
1 10 2
181 309
1 8 2
621 593
1 6 2
621 758
1 9 2
44 318
1 13 2
447 288
1 11 2
522 543
1 3 2
79 332
1 12 2
478 7
1 3 2
499 174
1 13 2
105 294
1 12 2
607 156
1 9 2
661 694
1 13 2
553 137
1 7 2
678 782
1 7 2
446 26
1 7 2
55 543
1 15 2
170 611
1 6 2
699 391
1 14 2
285 55
1 11 2
114 726
1 12 2
754 233
1 4 2
240 432
1 15 2
700 509
1 10 2
77 600
1 4 2
368 332
1 11 2
429 396
1 8 2
430 492
1 15 2
650 557
1 8 2
217 152
1 3 2
316 88
1 13 2
511 165
1 2 2
552 164
1 2 2
606 796
1 2 2
255 86
1 15 2
732 197
1 12 2
706 771
1 10 2
696 225
1 4 2
227 254
1 7 2
385 128
1 8 2
226 141
1 6 2
657 113
1 12 2
720 230
1 2 2
607 31
1 5 2
393 333
1 12 2
781 42
1 3 2
34 108
1 5 2
110 109
1 12 2
783 20
1 5 2
131 428
1 13 2
75 415
1 14 2
507 170
1 6 2
423 106
1 6 2
643 231
1 11 2
676 203
1 9 2
191 721
1 5 2
309 646
1 3 2
518 357
1 13 2
52 612
1 13 2
473 527
1 3 2
634 62
1 3 2
767 704
1 3 2
235 517
1 3 2
638 107
1 2 2
107 133
1 3 2
592 663
1 4 2
570 127
1 5 2
391 443
1 2 2
412 747
1 6 2
40 111
1 2 2
468 671
1 6 2
183 697
1 13 2
373 325
1 4 2
413 738
1 7 2
204 394
1 14 2
181 719
1 7 2
606 521
1 15 2
166 594
1 15 2
192 266
1 7 2
470 678
1 6 2
116 663
1 15 2
91 460
1 5 2
148 170
1 5 2
658 197
1 13 2
152 741
1 13 2
736 765
1 12 2
771 505
1 3 2
442 406
1 7 2
339 779
1 4 2
764 463
1 15 2
182 614
1 15 2
481 413
1 12 2
573 55
1 6 2
20 684
1 13 2
190 258
1 14 2
349 344
1 5 2
360 115
1 2 2
755 84
1 4 2
446 102
1 2 2
191 306
1 4 2
442 709
1 11 2
702 374
1 11 2
566 242
1 8 2
562 29
1 12 2
649 412
1 13 2
158 186
1 9 2
719 590
1 2 2
19 356
1 14 2
0 153
1 9 2
297 574
1 6 2
221 18
1 13 2
617 582
1 13 2
464 757
1 3 2
138 262
1 13 2
480 354
1 9 2
693 710
1 6 2
210 340
1 14 2
120 624
1 5 2
696 725
1 14 2
50 648
1 3 2
446 244
1 6 2
346 733
1 8 2
75 534
1 8 2
798 700
1 10 2
387 224
1 8 2
48 436
1 8 2
746 675
1 14 2
294 666
1 9 2
109 112
1 2 2
437 523
1 11 2
794 5
1 12 2
232 73
1 3 2
512 114
1 11 2
270 627
1 6 2
613 475
1 13 2
672 499
1 12 2
65 366
1 9 2
623 601
1 12 2
412 38
1 14 2
565 146
1 14 2
126 420
1 11 2
108 341
1 8 2
255 429
1 2 2
514 609
1 11 2
680 127
1 13 2
696 681
1 8 2
33 152
1 2 2
602 74
1 3 2
611 402
1 2 2
179 459
1 12 2
361 678
1 15 2
581 69
1 13 2
180 745
1 9 2
314 375
1 10 2
703 383
1 14 2
291 696
1 3 2
120 714
1 2 2
323 560
1 14 2
148 78
1 5 2
602 391
1 15 2
723 429
1 14 2
256 287
1 14 2
584 103
1 4 2
627 395
1 2 2
610 368
1 2 2
512 148
1 15 2
382 634
1 4 2
689 784
1 5 2
764 353
1 7 2
510 687
1 13 2
179 767
1 3 2
778 554
1 2 2
62 349
1 10 2
115 723
1 9 2
487 239
1 4 2
230 153
1 11 2
356 15
1 2 2
467 345
1 7 2
762 571
1 4 2
491 290
1 11 2
585 116
1 12 2
633 609
1 14 2
405 325
1 7 2
713 480
1 14 2
526 532
1 3 2
74 50
1 10 2
678 473
1 13 2
283 77
1 2 2
106 631
1 5 2
283 652
1 7 2
395 214
1 14 2
607 414
1 12 2
456 192
1 9 2
155 796
1 13 2
387 61
1 13 2
475 364
1 2 2
471 662
1 10 2
133 411
1 10 2
422 142
1 8 2
320 588
1 9 2
47 160
1 8 2
243 87
1 4 2
1 188
1 13 2
730 643
1 6 2
646 414
1 9 2
231 360
1 7 2
600 562
1 7 2
624 517
1 2 2
719 268
1 14 2
15 26
1 4 2
730 585
1 14 2
688 116
1 12 2
285 673
1 12 2
523 761
1 14 2
553 213
1 3 2
76 778
1 11 2
279 726
1 7 2
23 534
1 6 2
652 281
1 11 2
650 147
1 13 2
132 527
1 11 2
622 297
1 2 2
491 440
1 14 2
338 214
1 9 2
582 281
1 15 2
502 658
1 8 2
367 477
1 14 2
459 785
1 8 2
475 734
1 4 2
404 200
1 10 2
724 30
1 12 2
677 748
1 9 2
631 555
1 2 2
140 114
1 2 2
758 90
1 6 2
304 497
1 13 2
76 278
1 7 2
414 229
1 15 2
485 128
1 12 2
654 58
1 13 2
251 390
1 7 2
787 384
1 9 2
334 418
1 10 2
227 100
1 10 2
502 232
1 8 2
643 641
1 3 2
711 200
1 2 2
658 586
1 10 2
245 64
1 3 2
252 360
1 15 2
738 263
1 8 2
133 34
1 14 2
639 793
1 11 2
148 664
1 3 2
296 585
1 4 2
232 662
1 8 2
505 316
1 10 2
301 319
1 4 2
505 359
1 10 2
468 487
1 12 2
96 420
1 9 2
39 143
1 15 2
148 570
1 8 2
148 347
1 14 2
673 590
1 10 2
551 765
1 7 2
711 81
1 4 2
755 672
1 9 2
265 29
1 3 2
335 450
1 11 2
30 84
1 3 2
652 193
1 13 2
423 301
1 7 2
420 248
1 3 2
140 773
1 2 2
76 117
1 5 2
277 430
1 6 2
263 179
1 13 2
693 51
1 7 2
479 156
1 9 2
376 439
1 15 2
5 472
1 2 2
471 577
1 2 2
440 708
1 6 2
61 166
1 3 2
219 677
1 5 2
93 375
1 5 2
621 690
1 4 2
435 192
1 11 2
131 468
1 13 2
562 154
1 7 2
456 521
1 4 2
407 735
1 5 2
661 55
1 8 2
407 501
1 11 2
327 471
1 9 2
2 457
1 13 2
749 575
1 8 2
203 624
1 10 2
628 479
1 6 2
373 12
1 12 2
756 167
1 6 2
11 87
1 4 2
154 72
1 12 2
780 56
1 7 2
82 578
1 13 2
300 233
1 4 2
198 512
1 10 2
79 487
1 12 2
34 277
1 15 2
88 581
1 3 2
395 513
1 4 2
604 242
1 9 2
511 362
1 2 2
703 605
1 11 2
30 263
1 9 2
291 734
1 13 2
54 422
1 11 2
379 36
1 14 2
636 362
1 8 2
701 754
1 3 2
197 530
1 11 2
668 420
1 12 2
707 136
1 12 2
13 366
1 2 2
337 460
1 14 2
61 645
1 11 2
503 160
1 8 2
407 461
1 8 2
4 706
1 7 2
118 729
1 15 2
612 131
1 4 2
264 151
1 13 2
732 631
1 6 2
208 781
1 3 2
661 438
1 3 2
219 287
1 15 2
437 292
1 4 2
393 349
1 14 2
632 520
1 10 2
695 564
1 5 2
724 337
1 10 2
497 510
1 14 2
471 125
1 11 2
444 568
1 3 2
298 416
1 4 2
797 206
1 13 2
762 677
1 7 2
407 782
1 6 2
185 351
1 14 2
572 283
1 15 2
326 273
1 7 2
716 747
1 7 2
447 389
1 2 2
74 598
1 4 2
40 618
1 13 2
328 222
1 9 2
745 498
1 13 2
795 180
1 12 2
101 790
1 12 2
709 554
1 4 2
525 330
1 4 2
401 365
1 10 2
488 307
1 10 2
612 624
1 9 2
753 599
1 4 2
782 53
1 3 2
523 706
1 14 2
643 80
1 15 2
172 160
1 6 2
326 537
1 13 2
345 101
1 4 2
110 188
1 2 2
229 38
1 15 2
673 641
1 5 2
461 711
1 3 2
472 325
1 8 2
20 241
1 10 2
282 700
1 5 2
658 43
1 5 2
655 680
1 5 2
750 237
1 13 2
669 553
1 6 2
490 516
1 11 2
585 65
1 6 2
446 215
1 15 2
790 533
1 12 2
379 508
1 12 2
212 242
1 8 2
722 553
1 8 2
510 508
1 4 2
751 727
1 8 2
219 556
1 11 2
363 746
1 14 2
520 80
1 13 2
327 569
1 8 2
205 257
1 5 2
472 250
1 8 2
569 393
1 6 2
37 111
1 15 2
793 548
1 10 2
472 277
1 3 2
654 296
1 7 2
410 388
1 4 2
364 135
1 4 2
721 392
1 3 2
712 52
1 9 2
361 206
1 6 2
216 266
1 3 2
396 256
1 13 2
757 412
1 10 2
750 464
1 15 2
551 122
1 3 2
689 728
1 13 2
70 18
1 3 2
713 207
1 3 2
786 281
1 14 2
29 491
1 11 2
559 344
1 14 2
309 771
1 3 2
18 525
1 8 2
510 283
1 13 2
735 233
1 13 2
52 724
1 9 2
285 27
1 9 2
729 21
1 10 2
519 389
1 13 2
649 340
1 12 2
543 253
1 6 2
594 605
1 12 2
551 340
1 12 2
402 578
1 11 2
520 339
1 10 2
789 333
1 12 2
664 631
1 11 2
67 91
1 15 2
270 0
1 7 2
494 597
1 13 2
490 795
1 8 2
365 53
1 5 2
26 320
1 11 2
255 197
1 10 2
431 277
1 5 2
36 292
1 15 2
377 203
1 13 2
746 749
1 15 2
124 587
1 2 2
210 88
1 15 2
166 755
1 15 2
190 528
1 7 2
409 368
1 4 2
374 709
1 4 2
705 791
1 12 2
475 675
1 3 2
647 82
1 8 2
216 757
1 15 2
114 355
1 8 2
362 452
1 3 2
725 240
1 14 2
32 732
1 8 2
511 153
1 6 2
292 689
1 11 2
167 265
1 14 2
399 278
1 7 2
253 656
1 2 2
606 575
1 15 2
389 329
1 9 2
782 754
1 8 2
92 466
1 6 2
776 660
1 6 2
531 797
1 14 2
746 115
1 3 2
673 431
1 8 2
769 203
1 6 2
723 102
1 5 2
217 730
1 12 2
745 433
1 4 2
450 60
1 7 2
333 387
1 6 2
543 760
1 10 2
146 590
1 6 2
196 175
1 6 2
483 372
1 9 2
17 167
1 4 2
304 626
1 7 2
780 690
1 15 2
412 172
1 2 2
649 548
1 13 2
605 381
1 6 2
378 103
1 15 2
18 52
1 5 2
156 612
1 14 2
520 188
1 10 2
460 658
1 7 2
448 764
1 7 2
553 540
1 12 2
561 616
1 8 2
53 476
1 11 2
300 353
1 8 2
16 777
1 14 2
370 235
1 10 2
351 770
1 2 2
709 756
1 14 2
766 368
1 7 2
255 122
1 15 2
609 603
1 13 2
510 176
1 6 2
744 277
1 2 2
377 758
1 5 2
157 29
1 14 2
313 247
1 9 2
527 651
1 5 2
131 423
1 5 2
605 358
1 6 2
139 640
1 2 2
0 213
1 11 2
7 740
1 9 2
91 745
1 3 2
463 174
1 6 2
230 332
1 6 2
467 616
1 5 2
152 103
1 8 2
179 544
1 10 2
744 492
1 8 2
12 82
1 10 2
535 260
1 9 2
288 515
1 8 2
624 158
1 10 2
203 91
1 8 2
548 478
1 2 2
138 216
1 12 2
648 695
1 13 2
768 164
1 2 2
261 370
1 4 2
28 358
1 14 2
633 325
1 2 2
342 12
1 13 2
653 397
1 2 2
587 379
1 12 2
104 106
1 12 2
13 671
1 9 2
468 415
1 9 2
203 251
1 8 2
579 349
1 14 2
79 582
1 12 2
298 606
1 15 2
58 556
1 2 2
304 507
1 7 2
323 98
1 15 2
568 118
1 10 2
309 106
1 11 2
177 698
1 11 2
130 23
1 10 2
499 641
1 3 2
26 398
1 3 2
720 713
1 11 2
136 57
1 14 2
396 562
1 3 2
554 504
1 3 2
535 211
1 10 2
435 408
1 5 2
82 234
1 4 2
27 73
1 3 2
493 338
1 7 2
52 377
1 5 2
32 714
1 15 2
31 385
1 3 2
638 178
1 14 2
474 93
1 15 2
341 305
1 13 2
736 555
1 15 2
467 294
1 15 2
725 377
1 12 2
657 183
1 11 2
6 446
1 12 2
561 486
1 11 2
69 264
1 9 2
581 656
1 12 2
610 229
1 9 2
632 469
1 11 2
357 308
1 15 2
697 465
1 5 2
321 151
1 7 2
532 482
1 4 2
734 284
1 10 2
178 185
1 2 2
442 264
1 5 2
401 709
1 8 2
23 660
1 6 2
209 279
1 3 2
348 600
1 7 2
87 718
1 14 2
225 596
1 8 2
310 358
1 5 2
529 553
1 6 2
5 38
1 5 2
390 344
1 13 2
399 199
1 3 2
275 381
1 2 2
624 534
1 9 2
161 523
1 13 2
755 266
1 7 2
212 689
1 15 2
307 260
1 3 2
749 780
1 4 2
612 759
1 11 2
764 121
1 5 2
171 263
1 6 2
50 260
1 13 2
135 328
1 9 2
428 603
1 10 2
541 64
1 12 2
419 529
1 14 2
213 504
1 8 2
513 575
1 9 2
183 768
1 12 2
728 59
1 11 2
424 165
1 14 2
462 634
1 9 2
252 683
1 8 2
127 637
1 4 2
622 657
1 4 2
614 317
1 13 2
487 651
1 6 2
449 252
1 14 2
79 28
1 12 2
3 340
1 6 2
384 783
1 13 2
478 646
1 4 2
361 738
1 3 2
519 68
1 9 2
600 476
1 14 2
191 580
1 14 2
510 216
1 7 2
787 561
1 9 2
719 575
1 13 2
86 320
1 10 2
597 571
1 5 2
484 133
1 15 2
523 376
1 4 2
553 384
1 3 2
341 248
1 7 2
333 176
1 4 2
621 513
1 9 2
246 349
1 13 2
110 663
1 14 2
290 199
1 4 2
176 612
1 6 2
181 293
1 8 2
197 115
1 3 2
413 267
1 6 2
379 134
1 6 2
662 261
1 11 2
283 671
1 7 2
743 151
1 9 2
216 728
1 8 2
641 164
1 3 2
318 171
1 8 2
492 172
1 7 2
153 50
1 6 2
146 261
1 4 2
356 241
1 14 2
276 243
1 4 2
61 429
1 8 2
598 612
1 12 2
631 375
1 15 2
200 659
1 2 2
432 725
1 5 2
414 755
1 15 2
739 624
1 8 2
495 251
1 4 2
187 459
1 12 2
758 746
1 6 2
11 229
1 10 2
257 443
1 12 2
167 75
1 14 2
137 562
1 14 2
274 24
1 8 2
655 230
1 10 2
225 563
1 14 2
674 750
1 14 2
77 261
1 14 2
56 565
1 2 2
461 784
1 6 2
312 315
1 15 2
70 47
1 7 2
166 626
1 10 2
551 596
1 9 2
485 748
1 8 2
472 239
1 8 2
191 46
1 12 2
610 454
1 2 2
647 182
1 15 2
514 725
1 8 2
693 377
1 11 2
358 778
1 13 2
549 678
1 8 2
246 600
1 14 2
733 196
1 10 2
401 660
1 11 2
21 119
1 13 2
736 443
1 14 2
2 110
1 14 2
282 682
1 13 2
185 708
1 7 2
197 421
1 8 2
131 749
1 8 2
17 24
1 15 2
94 319
1 5 2
770 347
1 10 2
313 291
1 5 2
224 47
1 15 2
591 21
1 2 2
678 681
1 14 2
559 32
1 15 2
344 723
1 11 2
639 370
1 5 2
176 197
1 6 2
268 248
1 9 2
646 248
1 12 2
164 179
1 3 2
34 693
1 12 2
437 533
1 13 2
27 461
1 11 2
657 555
1 11 2
741 780
1 15 2
510 763
1 14 2
311 788
1 2 2
361 455
1 5 2
666 382
1 11 2
305 186
1 11 2
721 622
1 5 2
6 539
1 13 2
275 579
1 9 2
733 410
1 8 2
735 12
1 13 2
594 408
1 3 2
106 369
1 4 2
13 496
1 15 2
504 692
1 15 2
725 577
1 10 2
535 80
1 8 2
648 564
1 11 2
504 170
1 12 2
18 769
1 13 2
506 780
1 11 2
677 558
1 8 2
13 28
1 9 2
143 374
1 6 2
515 749
1 10 2
181 107
1 4 2
508 145
1 4 2
285 351
1 2 2
231 76
1 4 2
247 74
1 10 2
597 707
1 14 2
175 41
1 2 2
28 578
1 8 2
542 720
1 14 2
482 725
1 4 2
358 78
1 4 2
303 529
1 4 2
796 695
1 2 2
388 443
1 4 2
395 277
1 10 2
609 781
1 8 2
719 414
1 14 2
26 231
1 12 2
167 775
1 5 2
3 279
1 3 2
564 174
1 3 2
776 649
1 3 2
206 133
1 10 2
595 59
1 6 2
626 686
1 15 2
130 268
1 14 2
215 457
1 4 2
640 319
1 14 2
122 695
1 12 2
98 353
1 13 2
30 634
1 6 2
342 294
1 7 2
152 43
1 3 2
176 491
1 5 2
401 167
1 4 2
396 313
1 8 2
788 760
1 14 2
685 542
1 3 2
308 29
1 13 2
352 204
1 7 2
496 648
1 9 2
728 362
1 12 2
672 679
1 3 2
156 615
1 2 2
470 311
1 11 2
633 351
1 10 2
475 413
1 15 2
150 258
1 12 2
119 420
1 12 2
378 718
1 14 2
615 702
1 11 2
71 326
1 6 2
142 743
1 10 2
456 499
1 3 2
515 608
1 6 2
445 407
1 3 2
439 602
1 8 2
545 476
1 6 2
109 732
1 5 2
576 124
1 8 2
198 181
1 9 2
485 603
1 6 2
254 785
1 2 2
429 464
1 3 2
538 485
1 2 2
550 393
1 5 2
401 586
1 6 2
67 775
1 5 2
115 758
1 5 2
383 584
1 15 2
411 101
1 11 2
215 473
1 13 2
719 7
1 2 2
136 38
1 5 2
438 65
1 15 2
205 698
1 4 2
225 631
1 7 2
141 132
1 10 2
612 594
1 12 2
754 172
1 13 2
224 382
1 7 2
746 154
1 6 2
630 654
1 14 2
236 615
1 5 2
552 81
1 4 2
501 209
1 5 2
738 755
1 5 2
122 423
1 6 2
125 488
1 8 2
202 274
1 15 2
159 654
1 9 2
19 428
1 12 2
643 75
1 3 2
83 616
1 10 2
242 39
1 4 2
234 582
1 5 2
413 415
1 13 2
564 413
1 4 2
661 317
1 10 2
616 141
1 13 2
237 267
1 9 2
622 213
1 10 2
491 273
1 9 2
225 90
1 10 2
479 324
1 3 2
27 150
1 14 2
706 597
1 15 2
167 96
1 3 2
647 56
1 8 2
437 114
1 12 2
651 292
1 12 2
691 175
1 8 2
406 268
1 15 2
580 482
1 14 2
550 277
1 15 2
200 489
1 5 2
25 650
1 10 2
726 154
1 13 2
290 658
1 8 2
288 384
1 5 2
141 542
1 6 2
767 357
1 3 2
176 258
1 3 2
189 477
1 14 2
654 665
1 6 2
542 579
1 5 2
725 280
1 13 2
202 678
1 14 2
104 469
1 10 2
587 41
1 6 2
263 561
1 7 2
84 409
1 7 2
461 87
1 2 2
231 305
1 5 2
359 533
1 6 2
62 490
1 6 2
258 151
1 6 2
249 213
1 15 2
256 217
1 11 2
697 499
1 5 2
178 765
1 2 2
303 329
1 8 2
613 663
1 5 2
700 189
1 14 2
21 12
1 2 2
292 344
1 8 2
798 331
1 9 2
586 386
1 3 2
354 227
1 5 2
32 367
1 11 2
442 777
1 13 2
704 102
1 4 2
491 17
1 2 2
559 357
1 14 2
659 652
1 3 2
233 329
1 14 2
338 554
1 12 2
505 197
1 3 2
385 728
1 2 2
779 224
1 8 2
345 267
1 11 2
256 127
1 14 2
219 223
1 14 2
118 526
1 5 2
780 613
1 13 2
403 750
1 11 2
752 537
1 9 2
100 712
1 12 2
139 701
1 4 2
553 677
1 6 2
180 152
1 7 2
678 606
1 6 2
281 475
1 11 2
188 607
1 9 2
115 785
1 6 2
794 224
1 11 2
146 468
1 9 2
603 363
1 2 2
456 125
1 13 2
90 109
1 8 2
148 129
1 11 2
654 313
1 13 2
398 424
1 6 2
507 25
1 2 2
171 724
1 9 2
100 230
1 6 2
251 675
1 9 2
794 795
1 9 2
432 66
1 10 2
244 789
1 2 2
93 676
1 5 2
787 109
1 4 2
439 153
1 13 2
734 121
1 14 2
132 237
1 13 2
124 584
1 15 2
91 185
1 15 2
392 180
1 12 2
612 264
1 14 2
243 492
1 6 2
730 198
1 12 2
361 575
1 9 2
595 356
1 11 2
483 489
1 7 2
492 296
1 3 2
77 680
1 13 2
354 752
1 2 2
9 581
1 13 2
31 195
1 14 2
316 305
1 9 2
657 231
1 15 2
213 49
1 2 2
571 57
1 5 2
269 113
1 8 2
672 764
1 7 2
741 611
1 6 2
11 297
1 2 2
373 587
1 15 2
693 658
1 6 2
316 240
1 8 2
695 547
1 14 2
78 551
1 8 2
519 686
1 13 2
32 759
1 11 2
646 69
1 11 2
20 448
1 7 2
505 320
1 8 2
666 203
1 6 2
619 124
1 12 2
613 339
1 9 2
637 91
1 14 2
536 95
1 8 2
261 401
1 5 2
534 281
1 6 2
781 305
1 8 2
548 536
1 15 2
469 618
1 2 2
347 308
1 8 2
471 373
1 10 2
74 115
1 5 2
286 408
1 14 2
2 463
1 9 2
65 584
1 13 2
192 757
1 13 2
792 658
1 2 2
24 341
1 2 2
739 57
1 2 2
57 483
1 14 2
348 468
1 6 2
617 349
1 15 2
354 782
1 7 2
315 34
1 8 2
64 122
1 9 2
575 777
1 2 2
797 547
1 5 2
0 563
1 2 2
674 148
1 6 2
478 389
1 6 2
577 15
1 13 2
468 191
1 12 2
359 249
1 6 2
260 498
1 3 2
790 96
1 9 2
102 681
1 7 2
509 725
1 14 2
331 568
1 14 2
164 499
1 4 2
539 134
1 9 2
327 563
1 5 2
71 145
1 10 2
173 555
1 12 2
528 463
1 12 2
26 355
1 10 2
487 612
1 12 2
711 97
1 9 2
767 535
1 4 2
618 165
1 13 2
780 324
1 4 2
730 33
1 9 2
119 383
1 12 2
59 692
1 11 2
510 657
1 9 2
749 759
1 6 2
629 608
1 10 2
549 382
1 12 2
660 608
1 7 2
395 448
1 10 2
55 403
1 14 2
339 115
1 5 2
314 381
1 6 2
767 51
1 7 2
548 492
1 2 2
613 562
1 10 2
341 533
1 5 2
32 314
1 11 2
595 747
1 7 2
278 727
1 11 2
126 122
1 12 2
436 132
1 12 2
623 119
1 4 2
723 505
1 2 2
612 357
1 5 2
676 457
1 7 2
785 99
1 13 2
771 417
1 9 2
96 357
1 2 2
378 337
1 9 2
15 377
1 7 2
540 278
1 13 2
698 151
1 8 2
599 456
1 4 2
480 276
1 10 2
741 46
1 7 2
411 669
1 4 2
19 239
1 14 2
750 305
1 4 2
295 139
1 5 2
628 632
1 4 2
392 615
1 15 2
714 439
1 8 2
21 173
1 3 2
549 354
1 12 2
607 562
1 9 2
216 37
1 6 2
577 516
1 2 2
565 42
1 7 2
235 729
1 4 2
189 656
1 14 2
185 728
1 13 2
567 610
1 9 2
423 684
1 2 2
788 63
1 2 2
565 380
1 5 2
799 240
1 4 2
589 731
1 11 2
558 413
1 14 2
326 51
1 7 2
647 686
1 2 2
652 69
1 14 2
470 699
1 13 2
166 97
1 7 2
3 117
1 10 2
573 776
1 7 2
764 752
1 12 2
663 335
1 8 2
583 552
1 5 2
770 397
1 15 2
472 271
1 12 2
322 277
1 6 2
216 614
1 7 2
582 718
1 14 2
399 354
1 3 2
253 701
1 7 2
375 468
1 11 2
609 575
1 14 2
455 446
1 13 2
734 176
1 14 2
698 688
1 13 2
12 336
1 3 2
288 1
1 14 2
711 604
1 15 2
213 18
1 10 2
479 480
1 6 2
196 370
1 2 2
271 461
1 10 2
669 71
1 5 2
351 354
1 7 2
461 624
1 7 2
525 301
1 12 2
705 439
1 3 2
199 353
1 4 2
232 254
1 15 2
748 533
1 15 2
676 583
1 8 2
666 150
1 6 2
693 13
1 11 2
47 403
1 13 2
706 212
1 5 2
116 322
1 6 2
439 176
1 5 2
731 780
1 3 2
518 577
1 5 2
199 8
1 2 2
17 151
1 2 2
432 11
1 8 2
15 577
1 15 2
160 113
1 15 2
439 0
1 5 2
392 405
1 14 2
383 281
1 11 2
492 67
1 8 2
793 72
1 14 2
265 399
1 5 2
221 241
1 4 2
303 387
1 6 2
34 355
1 9 2
152 614
1 7 2
195 51
1 13 2
397 386
1 10 2
588 633
1 15 2
408 449
1 12 2
501 703
1 15 2
171 429
1 7 2
641 98
1 11 2
266 340
1 14 2
143 589
1 8 2
226 669
1 13 2
566 251
1 5 2
37 13
1 11 2
733 386
1 7 2
231 358
1 4 2
698 171
1 14 2
179 584
1 7 2
278 41
1 6 2
792 235
1 5 2
78 733
1 8 2
31 214
1 5 2
86 256
1 2 2
763 216
1 13 2
61 396
1 13 2
137 685
1 2 2
381 255
1 2 2
53 593
1 11 2
202 404
1 3 2
745 127
1 13 2
251 82
1 11 2
62 203
1 14 2
756 611
1 15 2
361 189
1 15 2
520 16
1 2 2
41 328
1 11 2
506 656
1 4 2
245 368
1 12 2
494 442
1 7 2
378 260
1 9 2
605 650
1 4 2
177 636
1 5 2
491 682
1 15 2
163 697
1 13 2
161 710
1 9 2
256 39
1 12 2
1 727
1 7 2
778 338
1 11 2
674 235
1 9 2
622 276
1 7 2
148 133
1 5 2
392 767
1 6 2
667 421
1 7 2
385 487
1 5 2
596 55
1 15 2
399 47
1 14 2
28 54
1 11 2
626 662
1 12 2
498 382
1 7 2
502 55
1 13 2
653 210
1 2 2
372 485
1 15 2
181 463
1 2 2
58 515
1 15 2
287 713
1 5 2
394 475
1 12 2
61 87
1 6 2
439 178
1 5 2
202 374
1 5 2
368 276
1 10 2
699 377
1 2 2
417 618
1 12 2
216 131
1 12 2
23 169
1 6 2
785 376
1 4 2
221 761
1 10 2
270 649
1 13 2
119 229
1 7 2
229 695
1 8 2
453 298
1 11 2
637 293
1 15 2
702 393
1 15 2
517 557
1 15 2
530 592
1 6 2
318 444
1 13 2
746 274
1 2 2
150 200
1 3 2
682 46
1 7 2
268 296
1 8 2
333 740
1 4 2
482 48
1 10 2
576 276
1 9 2
83 265
1 13 2
516 624
1 15 2
324 27
1 15 2
362 667
1 13 2
470 24
1 14 2
773 32
1 15 2
571 457
1 7 2
103 173
1 4 2
225 359
1 11 2
637 769
1 2 2
496 242
1 3 2
51 229
1 3 2
220 437
1 8 2
6 226
1 15 2
645 792
1 4 2
516 323
1 7 2
541 463
1 11 2
593 771
1 15 2
580 542
1 2 2
727 228
1 14 2
768 399
1 12 2
528 74
1 6 2
13 183
1 10 2
266 329
1 14 2
598 795
1 14 2
153 355
1 9 2
266 744
1 3 2
781 155
1 8 2
445 76
1 14 2
104 595
1 6 2
321 7
1 8 2
464 635
1 13 2
668 392
1 5 2
524 72
1 2 2
702 711
1 14 2
308 542
1 5 2
790 315
1 5 2
67 599
1 6 2
761 395
1 8 2
356 613
1 5 2
205 117
1 2 2
625 566
1 8 2
39 733
1 9 2
231 383
1 15 2
215 321
1 8 2
328 121
1 15 2
27 434
1 12 2
366 375
1 8 2
120 750
1 6 2
164 132
1 12 2
338 395
1 12 2
768 400
1 12 2
163 81
1 8 2
365 451
1 7 2
380 547
1 15 2
193 559
1 15 2
343 51
1 13 2
389 181
1 10 2
707 243
1 6 2
612 657
1 4 2
741 205
1 8 2
514 270
1 7 2
775 761
1 10 2
57 40
1 6 2
744 459
1 9 2
323 29
1 4 2
770 482
1 8 2
606 110
1 8 2
626 342
1 8 2
227 692
1 10 2
347 534
1 15 2
20 453
1 2 2
16 785
1 13 2
675 8
1 7 2
777 556
1 7 2
13 463
1 3 2
577 642
1 3 2
482 423
1 5 2
773 650
1 5 2
632 483
1 14 2
147 444
1 5 2
241 198
1 10 2
705 653
1 14 2
590 646
1 6 2
418 373
1 11 2
204 594
1 5 2
387 450
1 15 2
486 676
1 2 2
498 585
1 6 2
319 511
1 12 2
722 9
1 4 2
643 254
1 11 2
628 539
1 4 2
170 586
1 9 2
241 514
1 13 2
221 611
1 13 2
17 536
1 9 2
24 331
1 5 2
684 182
1 11 2
334 234
1 5 2
612 170
1 7 2
737 140
1 4 2
521 389
1 3 2
217 526
1 9 2
284 538
1 11 2
393 106
1 11 2
312 329
1 8 2
237 527
1 9 2
98 48
1 4 2
366 356
1 3 2
729 530
1 9 2
750 622
1 14 2
204 468
1 15 2
761 676
1 2 2
127 40
1 3 2
743 356
1 10 2
65 435
1 7 2
667 179
1 10 2
625 611
1 5 2
724 719
1 6 2
698 325
1 14 2
138 422
1 7 2
435 76
1 2 2
223 293
1 2 2
564 287
1 11 2
666 223
1 15 2
319 252
1 15 2
750 245
1 3 2
233 237
1 7 2
749 362
1 15 2
595 469
1 12 2
15 715
1 3 2
217 130
1 5 2
561 774
1 14 2
99 606
1 9 2
785 742
1 3 2
234 81
1 2 2
61 671
1 2 2
447 778
1 14 2
303 7
1 3 2
654 703
1 13 2
556 180
1 5 2
81 168
1 14 2
90 151
1 9 2
530 0
1 12 2
362 333
1 4 2
72 433
1 3 2
639 736
1 7 2
363 229
1 2 2
633 613
1 11 2
82 490
1 3 2
230 534
1 14 2
317 235
1 11 2
231 615
1 2 2
530 519
1 8 2
478 246
1 8 2
33 529
1 5 2
362 613
1 14 2
401 462
1 10 2
343 554
1 5 2
501 443
1 6 2
548 448
1 2 2
577 571
1 14 2
298 792
1 12 2
771 109
1 5 2
682 445
1 7 2
659 586
1 9 2
522 764
1 5 2
787 744
1 15 2
427 302
1 11 2
737 26
1 6 2
495 714
1 2 2
517 478
1 6 2
782 321
1 8 2
669 48
1 7 2
220 524
1 10 2
609 147
1 7 2
357 276
1 2 2
529 659
1 7 2
34 78
1 4 2
601 517
1 8 2
532 5
1 12 2
177 304
1 4 2
478 416
1 10 2
749 505
1 9 2
459 3
1 15 2
63 397
1 7 2
149 732
1 2 2
468 328
1 7 2
403 559
1 10 2
667 203
1 8 2
763 538
1 7 2
169 362
1 14 2
272 461
1 5 2
609 273
1 6 2
728 31
1 8 2
5 1
1 3 2
307 555
1 8 2
621 157
1 8 2
667 345
1 2 2
313 555
1 10 2
354 721
1 9 2
497 741
1 5 2
50 629
1 13 2
176 581
1 13 2
303 294
1 7 2
43 584
1 12 2
546 104
1 5 2
612 719
1 15 2
243 275
1 10 2
25 641
1 3 2
626 181
1 7 2
147 505
1 6 2
439 646
1 3 2
199 424
1 15 2
204 650
1 12 2
784 0
1 3 2
615 621
1 15 2
783 769
1 14 2
394 679
1 8 2
712 767
1 9 2
309 315
1 2 2
709 397
1 4 2
399 528
1 8 2
405 213
1 11 2
514 148
1 7 2
308 761
1 6 2
59 732
1 12 2
596 425
1 14 2
751 186
1 13 2
31 381
1 6 2
580 715
1 9 2
653 512
1 13 2
666 612
1 13 2
368 74
1 14 2
360 202
1 9 2
682 448
1 7 2
443 104
1 11 2
681 368
1 6 2
317 770
1 9 2
449 418
1 7 2
560 197
1 12 2
12 164
1 13 2
525 184
1 8 2
29 201
1 14 2
271 313
1 9 2
117 44
1 7 2
684 788
1 8 2
313 439
1 5 2
242 642
1 6 2
587 505
1 15 2
505 315
1 12 2
322 70
1 13 2
608 606
1 5 2
712 299
1 13 2
387 588
1 15 2
51 172
1 10 2
757 43
1 8 2
765 243
1 8 2
718 676
1 12 2
528 14
1 15 2
360 747
1 9 2
232 36
1 10 2
234 651
1 3 2
427 602
1 11 2
108 203
1 9 2
464 182
1 5 2
623 562
1 9 2
512 547
1 3 2
687 7
1 9 2
685 415
1 9 2
158 272
1 15 2
390 95
1 2 2
201 609
1 4 2
299 404
1 9 2
322 129
1 2 2
616 682
1 5 2
39 100
1 7 2
530 462
1 9 2
605 573
1 4 2
703 53
1 12 2
205 28
1 13 2
275 300
1 6 2
630 553
1 6 2
128 769
1 12 2
613 248
1 4 2
297 188
1 14 2
572 239
1 6 2
656 14
1 2 2
759 310
1 10 2
548 108
1 6 2
759 389
1 9 2
190 114
1 14 2
337 726
1 9 2
113 536
1 3 2
509 631
1 3 2
530 752
1 11 2
361 440
1 2 2
249 552
1 14 2
276 714
1 11 2
788 658
1 11 2
46 224
1 9 2
226 267
1 2 2
468 203
1 4 2
638 625
1 15 2
477 494
1 6 2
608 440
1 11 2
767 565
1 2 2
376 516
1 4 2
211 146
1 9 2
26 150
1 11 2
64 230
1 7 2
595 686
1 6 2
0 335
1 11 2
584 583
1 9 2
430 185
1 6 2
689 591
1 14 2
3 39
1 14 2
677 666
1 5 2
634 508
1 8 2
737 81
1 14 2
222 261
1 5 2
478 402
1 11 2
98 79
1 13 2
120 325
1 6 2
294 87
1 2 2
677 572
1 2 2
429 339
1 14 2
751 345
1 15 2
39 445
1 3 2
185 69
1 6 2
431 757
1 2 2
602 132
1 13 2
503 210
1 15 2
306 255
1 3 2
614 247
1 3 2
310 625
1 13 2
560 532
1 15 2
570 674
1 15 2
408 263
1 11 2
239 742
1 11 2
625 605
1 4 2
754 352
1 7 2
515 235
1 5 2
601 108
1 13 2
6 442
1 15 2
747 53
1 5 2
36 788
1 14 2
451 365
1 10 2
530 437
1 7 2
79 163
1 10 2
194 746
1 7 2
130 482
1 3 2
188 482
1 6 2
712 650
1 14 2
68 397
1 14 2
194 578
1 11 2
334 212
1 7 2
253 320
1 11 2
685 729
1 15 2
63 415
1 3 2
13 570
1 3 2
90 237
1 6 2
416 661
1 5 2
223 642
1 9 2
781 580
1 7 2
710 39
1 7 2
146 173
1 8 2
777 102
1 13 2
424 420
1 13 2
552 422
1 4 2
433 20
1 13 2
620 542
1 7 2
281 151
1 7 2
207 658
1 13 2
316 142
1 8 2
417 66
1 15 2
718 798
1 7 2
690 682
1 8 2
532 523
1 10 2
80 747
1 7 2
212 492
1 3 2
596 677
1 13 2
713 408
1 15 2
262 71
1 2 2
680 270
1 6 2
615 472
1 14 2
423 388
1 3 2
775 410
1 15 2
590 402
1 10 2
309 495
1 15 2
748 774
1 12 2
210 588
1 4 2
102 291
1 10 2
633 793
1 2 2
453 504
1 9 2
549 52
1 13 2
618 688
1 6 2
477 663
1 11 2
508 362
1 12 2
534 416
1 6 2
433 60
1 11 2
209 542
1 9 2
166 479
1 10 2
548 609
1 9 2
672 757
1 13 2
184 328
1 10 2
639 249
1 11 2
239 718
1 12 2
723 542
1 6 2
774 683
1 9 2
292 74
1 7 2
10 485
1 5 2
551 160
1 5 2
240 66
1 4 2
641 638
1 7 2
274 462
1 8 2
580 693
1 4 2
338 643
1 4 2
110 160
1 9 2
726 766
1 14 2
75 748
1 11 2
399 611
1 3 2
421 170
1 15 2
630 257
1 12 2
139 69
1 15 2
737 735
1 14 2
736 737
1 6 2
748 552
1 12 2
203 332
1 2 2
33 287
1 2 2
258 322
1 3 2
729 222
1 9 2
359 303
1 10 2
389 210
1 12 2
651 268
1 8 2
355 635
1 11 2
598 48
1 5 2
755 508
1 15 2
558 452
1 4 2
729 503
1 13 2
241 142
1 5 2
61 394
1 10 2
121 712
1 12 2
68 67
1 6 2
191 659
1 14 2
475 351
1 12 2
678 597
1 9 2
428 362
1 7 2
282 458
1 4 2
37 402
1 6 2
462 589
1 8 2
532 376
1 14 2
707 339
1 4 2
770 49
1 4 2
525 285
1 9 2
62 503
1 6 2
294 379
1 9 2
424 616
1 8 2
209 703
1 3 2
521 147
1 5 2
202 517
1 3 2
480 272
1 5 2
549 676
1 13 2
136 554
1 5 2
351 36
1 2 2
11 725
1 2 2
651 167
1 14 2
452 226
1 10 2
407 186
1 15 2
40 361
1 7 2
772 408
1 14 2
47 77
1 8 2
170 422
1 14 2
517 173
1 3 2
605 700
1 4 2
768 40
1 11 2
777 661
1 3 2
80 574
1 6 2
243 152
1 4 2
188 421
1 14 2
709 559
1 9 2
412 449
1 3 2
321 229
1 12 2
653 723
1 12 2
594 784
1 3 2
478 528
1 11 2
366 452
1 11 2
685 153
1 4 2
646 543
1 12 2
513 310
1 5 2
481 757
1 14 2
592 764
1 6 2
294 525
1 8 2
598 520
1 10 2
543 408
1 13 2
668 553
1 3 2
178 100
1 5 2
334 275
1 3 2
479 734
1 5 2
433 652
1 12 2
544 4
1 14 2
370 21
1 12 2
229 433
1 11 2
31 351
1 8 2
72 755
1 14 2
401 38
1 12 2
441 667
1 15 2
322 614
1 11 2
485 157
1 10 2
56 83
1 8 2
790 4
1 8 2
125 40
1 11 2
157 702
1 4 2
63 564
1 3 2
493 501
1 15 2
89 561
1 12 2
661 7
1 8 2
448 639
1 8 2
363 579
1 9 2
646 513
1 13 2
432 666
1 14 2
623 732
1 12 2
278 92
1 5 2
239 70
1 12 2
643 467
1 5 2
771 517
1 8 2
199 382
1 5 2
407 666
1 8 2
295 394
1 6 2
568 374
1 4 2
337 114
1 12 2
394 89
1 10 2
175 768
1 15 2
363 533
1 8 2
782 604
1 5 2
692 113
1 9 2
195 58
1 15 2
283 617
1 2 2
629 184
1 12 2
686 346
1 13 2
226 199
1 13 2
161 221
1 4 2
89 796
1 5 2
46 752
1 9 2
10 687
1 12 2
322 508
1 6 2
546 335
1 10 2
704 240
1 3 2
650 773
1 5 2
519 502
1 5 2
221 766
1 4 2
129 317
1 9 2
326 127
1 11 2
157 263
1 12 2
159 559
1 3 2
521 735
1 8 2
658 738
1 15 2
241 193
1 3 2
405 784
1 14 2
705 210
1 15 2
32 443
1 14 2
597 324
1 12 2
666 21
1 3 2
472 600
1 3 2
556 469
1 9 2
37 63
1 8 2
632 552
1 2 2
744 49
1 9 2
221 587
1 3 2
681 223
1 14 2
749 526
1 15 2
486 740
1 15 2
366 326
1 4 2
670 221
1 11 2
249 176
1 10 2
741 492
1 9 2
457 146
1 8 2
629 67
1 12 2
371 290
1 10 2
307 505
1 14 2
153 16
1 4 2
557 749
1 8 2
539 550
1 9 2
650 516
1 5 2
653 134
1 12 2
484 648
1 2 2
664 157
1 15 2
99 644
1 10 2
555 18
1 12 2
237 760
1 3 2
402 152
1 14 2
36 604
1 3 2
718 501
1 7 2
440 797
1 13 2
195 156
1 8 2
388 266
1 3 2
794 474
1 5 2
182 404
1 11 2
715 21
1 15 2
434 154
1 3 2
203 161
1 6 2
351 742
1 9 2
405 397
1 3 2
332 169
1 14 2
344 410
1 13 2
311 673
1 5 2
493 527
1 8 2
427 526
1 13 2
523 276
1 5 2
667 184
1 6 2
669 444
1 12 2
689 657
1 2 2
60 438
1 3 2
221 629
1 11 2
546 650
1 7 2
653 313
1 2 2
305 57
1 11 2
400 283
1 2 2
9 467
1 6 2
272 103
1 15 2
612 171
1 3 2
479 378
1 3 2
634 383
1 14 2
485 409
1 11 2
111 122
1 10 2
128 750
1 3 2
173 465
1 10 2
599 282
1 8 2
444 665
1 9 2
264 681
1 2 2
40 635
1 8 2
354 158
1 14 2
32 726
1 5 2
590 496
1 9 2
577 711
1 14 2
432 105
1 2 2
598 92
1 11 2
565 397
1 9 2
532 189
1 14 2
768 112
1 4 2
703 106
1 15 2
556 769
1 4 2
592 635
1 8 2
379 753
1 11 2
132 142
1 15 2
275 540
1 5 2
83 4
1 7 2
581 548
1 15 2
488 243
1 2 2
337 25
1 14 2
400 319
1 10 2
255 189
1 10 2
144 98
1 5 2
311 795
1 3 2
195 517
1 7 2
295 163
1 4 2
247 636
1 11 2
415 603
1 14 2
665 531
1 12 2
193 500
1 12 2
658 676
1 4 2
553 664
1 3 2
334 445
1 13 2
32 551
1 4 2
13 788
1 8 2
599 131
1 3 2
367 763
1 5 2
522 558
1 12 2
320 357
1 11 2
274 661
1 3 2
168 310
1 2 2
182 162
1 11 2
56 96
1 14 2
102 326
1 13 2
423 180
1 8 2
691 433
1 8 2
312 742
1 15 2
104 513
1 14 2
792 145
1 10 2
790 673
1 5 2
231 689
1 9 2
44 186
1 7 2
752 759
1 3 2
157 719
1 8 2
425 233
1 10 2
666 778
1 5 2
452 363
1 2 2
443 123
1 8 2
698 139
1 3 2
334 549
1 14 2
174 347
1 11 2
196 379
1 14 2
202 648
1 11 2
249 764
1 5 2
184 680
1 9 2
29 40
1 9 2
448 471
1 4 2
174 604
1 9 2
63 419
1 12 2
28 56
1 6 2
152 420
1 14 2
203 204
1 9 2
734 517
1 5 2
583 106
1 6 2
435 610
1 11 2
728 460
1 15 2
734 783
1 3 2
145 461
1 14 2
711 153
1 5 2
446 515
1 10 2
667 540
1 3 2
446 557
1 8 2
594 626
1 4 2
796 527
1 7 2
122 306
1 13 2
503 725
1 4 2
43 295
1 8 2
282 341
1 3 2
799 619
1 13 2
114 106
1 8 2
191 657
1 13 2
524 575
1 5 2
293 451
1 10 2
775 360
1 8 2
743 564
1 11 2
607 407
1 9 2
678 688
1 10 2
184 240
1 3 2
602 352
1 6 2
249 186
1 2 2
757 105
1 15 2
487 230
1 4 2
780 508
1 5 2
239 184
1 4 2
187 480
1 6 2
639 679
1 11 2
487 655
1 12 2
776 671
1 10 2
359 328
1 3 2
682 514
1 3 2
321 261
1 6 2
546 310
1 11 2
369 762
1 7 2
547 723
1 3 2
7 59
1 10 2
718 115
1 10 2
259 348
1 5 2
609 315
1 9 2
72 746
1 13 2
30 52
1 9 2
196 93
1 7 2
275 617
1 4 2
238 479
1 12 2
37 47
1 3 2
373 137
1 9 2
602 355
1 5 2
657 215
1 12 2
686 471
1 13 2
68 786
1 6 2
250 670
1 12 2
669 84
1 9 2
562 778
1 12 2
173 772
1 10 2
289 730
1 5 2
493 481
1 12 2
684 132
1 8 2
395 88
1 5 2
602 446
1 13 2
297 467
1 9 2
607 17
1 12 2
337 43
1 7 2
675 777
1 10 2
156 744
1 2 2
775 482
1 11 2
184 252
1 2 2
201 122
1 9 2
501 120
1 15 2
206 158
1 8 2
115 463
1 10 2
303 791
1 3 2
418 173
1 2 2
517 699
1 6 2
104 611
1 9 2
131 399
1 10 2
358 551
1 7 2
169 763
1 3 2
317 435
1 15 2
474 21
1 12 2
239 270
1 6 2
40 307
1 14 2
731 457
1 4 2
734 467
1 4 2
6 683
1 8 2
656 16
1 6 2
378 555
1 6 2
134 619
1 5 2
166 584
1 6 2
696 431
1 14 2
548 601
1 8 2
193 349
1 6 2
122 26
1 7 2
503 585
1 14 2
604 708
1 26 2
62 237
1 26 2
512 411
1 6 2
67 243
1 6 2
88 419
1 4 2
644 508
1 18 2
474 113
1 6 2
512 774
1 6 2
629 170
1 22 2
449 335
1 26 2
261 399
1 20 2
217 410
1 4 2
380 715
1 8 2
196 547
1 20 2
554 345
1 4 2
756 132
1 18 2
487 149
1 14 2
339 129
1 18 2
757 66
