800 4779 2400
19 20 11 12 24 13 25 5 14 14 5 20 17 9 18 9 7 24 16 6 9 12 11 6 13 21 21 25 7 17 13 22 17 13 23 20 6 22 11 21 14 24 19 25 22 19 25 5 8 15 18 6 24 17 22 15 24 24 20 9 22 19 19 8 9 20 13 15 16 16 11 11 21 12 24 12 11 20 21 5 18 7 8 25 23 19 10 11 19 7 17 16 15 20 9 22 10 10 16 14 19 8 10 10 14 13 6 11 17 22 15 22 22 25 23 7 10 19 13 10 25 7 11 22 17 14 21 24 11 5 5 16 18 14 15 25 19 17 25 10 6 7 24 19 24 22 15 7 16 7 24 11 6 19 8 25 17 19 20 5 9 6 25 7 24 24 21 12 10 19 21 18 24 23 14 13 5 22 20 6 10 6 12 22 10 5 13 8 5 12 5 21 8 6 17 14 24 6 16 12 24 14 6 20 15 5 19 25 8 22 25 8 11 24 16 20 6 5 8 10 13 9 13 19 24 10 6 8 7 15 17 22 14 5 5 20 23 11 12 8 18 13 6 19 6 20 18 20 13 13 13 19 11 16 19 8 21 17 13 10 22 21 15 8 23 11 9 25 5 5 9 14 8 25 22 10 24 13 11 12 15 10 19 22 23 17 11 9 24 19 19 14 18 15 23 5 17 6 16 21 7 14 9 17 11 12 5 21 8 23 16 12 13 13 25 7 5 22 11 24 22 10 12 20 8 22 21 5 25 23 20 14 21 23 12 17 15 22 25 11 24 6 7 22 10 14 21 12 23 16 19 5 15 6 17 12 17 24 15 23 16 11 25 8 14 12 15 13 7 25 11 12 17 18 23 21 17 6 19 22 10 11 6 6 24 19 21 6 20 9 5 19 5 21 14 25 22 7 23 23 24 25 5 7 14 25 12 10 15 24 17 10 22 23 17 23 11 7 15 21 5 20 15 9 6 6 10 9 17 17 19 25 17 15 12 8 24 8 25 24 16 5 17 7 7 9 5 12 11 9 17 15 17 18 18 11 23 16 7 18 14 9 5 5 19 22 12 19 21 17 25 12 20 16 11 17 6 10 14 25 25 24 9 8 24 8 12 15 25 15 14 15 10 17 5 11 5 16 11 24 5 22 10 24 11 18 15 10 17 21 25 25 20 22 20 12 14 22 11 9 10 21 12 20 21 24 17 10 15 9 9 11 11 24 10 11 6 8 13 10 11 14 11 7 22 10 21 25 21 21 8 20 6 17 21 16 8 17 24 11 7 22 5 22 25 24 13 9 10 11 5 22 22 14 15 22 19 20 5 22 8 14 18 12 19 12 8 6 21 21 20 5 8 17 15 7 15 9 10 20 16 20 13 18 5 8 13 16 7 6 9 17 24 12 19 6 22 6 25 16 17 19 10 17 13 7 21 6 5 17 5 8 20 10 8 19 8 12 9 25 9 7 12 22 6 13 13 9 10 18 21 6 9 5 19 7 23 14 21 25 20 25 5 13 14 9 19 15 11 22 22 11 15 24 17 17 12 23 9 22 14 13 17 25 25 11 6 10 16 8 17 20 10 15 23 14 21 13 17 13 23 16 21 25 15 25 15 13 25 12 25 5 16 7 10 17 9 25 18 20 23 20 16 14 18 8 16 17 20 18 14 9 6 19 8 23 14 8 17 25 15 24 5 19 23 9 17 8 20 12 11 15 20 5 9 5 25 11 6 9 15 15 21 18 5 24 17 5 18 12 19 16 21 12 10 9 7 10 16 25 12 20 20 23 19 13 9 13 11 6 6 15 9 25 7 16 16 9 19 25
3 9 3 11 8 3 8 8 7 18 7 11 15 9 14 11 3 7 4 13 9 20 5 8 15 7 17 11 3 7 8 17 9 7 9 13 18 18 19 14 18 20 8 3 4 15 13 20 8 15 10 5 5 7 3 14 17 20 17 12 14 5 11 20 4 12 14 4 4 3 13 15 4 5 13 10 19 4 7 15 14 13 12 16 5 19 15 11 17 14 19 12 13 15 19 8 7 8 16 14 11 6 17 4 3 9 17 20 4 13 4 15 5 11 10 11 13 5 12 19 14 12 15 6 5 13 3 19 18 14 4 8 11 18 11 16 10 6 5 10 14 6 14 13 14 17 10 7 7 8 12 19 4 4 11 8 13 12 6 7 15 7 8 18 12 20 12 18 11 8 13 4 8 3 3 14 9 9 15 20 7 7 10 4 9 16 19 6 17 13 15 8 15 15 13 12 5 4 6 15 19 12 7 20 5 11 16 8 11 13 15 16 17 6 10 13 3 7 20 16 19 19 19 19 14 7 7 10 13 10 18 18 9 12 18 6 9 6 13 17 17 4 9 8 7 9 3 16 3 10 8 20 16 16 8 18 10 4 9 19 13 14 13 19 18 20 13 19 10 6 19 13 11 12 4 15 14 8 11 11 4 8 8 11 6 12 9 3 4 18 18 3 3 12 17 11 3 11 14 15 6 4 9 14 8 17 3 10 7 17 14 11 14 19 17 8 5 18 5 6 4 6 18 7 18 19 10 6 11 7 8 13 13 4 4 20 4 5 11 8 11 10 6 14 4 9 3 4 14 11 9 5 8 10 17 13 15 11 9 3 18 11 15 20 7 5 15 3 6 17 7 20 15 10 16 5 5 6 11 8 3 19 12 5 4 12 9 18 20 13 9 4 15 6 16 9 13 12 6 3 9 19 20 11 12 8 4 9 11 5 19 8 19 10 19 15 4 15 17 16 7 8 5 16 7 10 19 17 18 4 11 6 14 14 18 15 5 15 20 18 11 17 9 5 14 6 9 9 7 10 18 18 8 5 17 15 9 15 19 14 13 12 9 7 4 7 20 10 18 3 10 5 13 17 9 13 14 10 19 10 15 9 8 17 5 3 9 18 19 7 19 17 15 13 14 10 3 4 4 13 20 9 4 3 10 9 8 12 14 12 14 6 13 19 13 5 9 12 9 6 9 19 13 7 20 19 17 10 20 11 12 12 15 4 9 13 10 6 19 7 14 10 11 18 15 9 19 17 7 20 8 5 15 4 9 9 10 11 20 4 20 11 6 11 19 7 19 10 17 17 12 11 4 16 8 20 5 20 14 7 13 13 13 5 7 20 5 7 3 7 17 15 12 14 6 7 17 7 4 18 11 15 5 15 5 6 10 12 17 5 19 4 20 18 11 17 3 13 20 16 9 4 18 14 6 17 13 20 14 13 10 16 16 6 14 19 11 11 9 4 14 7 12 14 20 18 20 19 8 11 5 17 19 3 7 3 3 5 13 15 18 13 17 5 3 14 15 4 9 19 11 4 15 12 11 20 16 5 7 3 20 7 14 9 9 9 7 11 20 7 11 7 12 10 12 9 9 18 3 4 17 19 4 6 19 14 10 4 17 18 12 9 13 11 14 18 4 20 11 14 4 17 10 6 20 18 4 13 16 20 12 5 6 18 5 7 17 17 10 5 9 12 6 17 9 9 13 5 15 4 16 14 7 19 7 12 7 5 4 5 18 5 15 11 12 5 17 13 13 7 11 17 4 5 6 13 20 16 7 10 3 5 6 3 13 17 16 6 13 13 3 13 14 20 17 19 9 7 5 8
1 15 2
384 680
1 13 2
523 324
1 10 2
628 305
1 8 2
577 329
1 5 2
25 158
1 4 2
279 535
1 4 2
9 658
1 4 2
71 745
1 9 2
418 702
1 15 2
101 195
1 3 2
260 576
1 10 2
761 467
1 14 2
731 23
1 10 2
762 662
1 11 2
164 442
1 10 2
436 629
1 2 2
241 744
1 12 2
468 690
1 15 2
184 154
1 9 2
175 401
1 10 2
644 313
1 3 2
636 671
1 14 2
650 473
1 14 2
499 538
1 14 2
406 255
1 15 2
378 499
1 14 2
388 284
1 10 2
621 754
1 7 2
531 606
1 2 2
422 309
1 5 2
721 107
1 2 2
540 633
1 13 2
471 111
1 14 2
690 465
1 6 2
675 217
1 13 2
387 514
1 15 2
649 553
1 7 2
661 611
1 4 2
455 31
1 4 2
765 473
1 5 2
20 378
1 12 2
641 120
1 12 2
152 37
1 12 2
671 321
1 3 2
309 159
1 2 2
142 262
1 13 2
264 91
1 15 2
14 168
1 10 2
693 392
1 14 2
193 719
1 3 2
553 316
1 12 2
503 160
1 2 2
594 197
1 8 2
74 283
1 2 2
570 636
1 12 2
91 748
1 10 2
397 289
1 6 2
662 285
1 7 2
356 261
1 8 2
344 391
1 10 2
655 633
1 14 2
693 94
1 12 2
1 592
1 14 2
61 493
1 9 2
635 440
1 5 2
357 628
1 14 2
326 161
1 11 2
788 417
1 11 2
75 294
1 8 2
515 397
1 15 2
790 587
1 10 2
688 101
1 7 2
403 389
1 4 2
5 617
1 13 2
424 334
1 13 2
51 172
1 14 2
795 604
1 8 2
518 330
1 13 2
506 721
1 12 2
785 778
1 6 2
286 557
1 11 2
742 601
1 13 2
437 740
1 14 2
248 36
1 11 2
453 385
1 8 2
685 781
1 10 2
235 719
1 9 2
618 26
1 8 2
137 360
1 9 2
353 483
1 9 2
253 116
1 13 2
183 111
1 12 2
512 360
1 7 2
263 225
1 14 2
661 246
1 13 2
353 263
1 11 2
732 741
1 4 2
348 768
1 5 2
232 284
1 8 2
373 685
1 4 2
70 489
1 10 2
363 323
1 5 2
468 676
1 5 2
360 390
1 8 2
711 707
1 8 2
477 57
1 5 2
454 693
1 3 2
566 347
1 11 2
675 688
1 4 2
278 90
1 12 2
795 315
1 12 2
19 190
1 13 2
272 415
1 7 2
599 164
1 3 2
523 359
1 9 2
680 212
1 7 2
467 419
1 12 2
507 514
1 10 2
263 357
1 13 2
527 770
1 3 2
464 705
1 2 2
84 547
1 11 2
118 199
1 14 2
27 791
1 6 2
634 419
1 11 2
771 322
1 12 2
708 323
1 4 2
280 370
1 7 2
614 290
1 12 2
666 166
1 13 2
379 515
1 4 2
274 490
1 15 2
26 788
1 4 2
672 369
1 7 2
12 341
1 14 2
718 288
1 10 2
397 457
1 8 2
422 528
1 10 2
60 375
1 3 2
183 309
1 15 2
290 390
1 3 2
62 79
1 14 2
713 410
1 12 2
378 24
1 9 2
176 301
1 10 2
731 75
1 14 2
713 333
1 4 2
137 36
1 15 2
5 528
1 5 2
353 254
1 3 2
43 389
1 13 2
580 786
1 8 2
34 705
1 7 2
212 240
1 7 2
54 469
1 3 2
24 747
1 3 2
181 384
1 2 2
568 235
1 11 2
213 374
1 7 2
72 5
1 9 2
716 158
1 15 2
49 152
1 11 2
762 89
1 13 2
724 62
1 2 2
796 348
1 11 2
393 106
1 13 2
727 656
1 4 2
492 596
1 14 2
535 89
1 2 2
740 543
1 14 2
518 154
1 13 2
421 204
1 6 2
492 29
1 5 2
371 28
1 14 2
316 362
1 14 2
443 129
1 8 2
678 182
1 2 2
84 177
1 5 2
212 616
1 3 2
413 463
1 9 2
526 287
1 7 2
365 303
1 6 2
94 332
1 10 2
579 568
1 2 2
9 685
1 15 2
554 567
1 9 2
750 615
1 7 2
788 378
1 2 2
310 469
1 11 2
127 153
1 10 2
747 760
1 2 2
393 131
1 15 2
685 63
1 10 2
578 76
1 2 2
737 430
1 3 2
105 529
1 15 2
234 92
1 11 2
741 416
1 6 2
434 215
1 6 2
278 669
1 13 2
202 458
1 13 2
753 119
1 13 2
330 392
1 8 2
516 444
1 11 2
471 464
1 11 2
498 774
1 15 2
498 624
1 4 2
774 347
1 14 2
363 388
1 15 2
700 467
1 8 2
315 174
1 12 2
611 726
1 11 2
457 125
1 8 2
84 283
1 6 2
334 713
1 12 2
144 559
1 5 2
539 187
1 4 2
422 704
1 10 2
234 145
1 3 2
463 601
1 12 2
299 768
1 15 2
549 524
1 15 2
275 482
1 13 2
105 391
1 9 2
114 118
1 5 2
519 747
1 2 2
287 799
1 3 2
696 178
1 12 2
783 726
1 13 2
584 60
1 6 2
694 335
1 8 2
170 519
1 3 2
232 331
1 2 2
645 84
1 10 2
355 216
1 11 2
347 263
1 14 2
493 647
1 9 2
322 713
1 8 2
123 197
1 10 2
674 209
1 6 2
262 480
1 10 2
767 378
1 11 2
280 120
1 5 2
452 251
1 5 2
5 486
1 2 2
20 491
1 2 2
377 287
1 4 2
515 102
1 13 2
424 520
1 6 2
767 611
1 14 2
365 643
1 3 2
593 497
1 14 2
336 369
1 5 2
419 677
1 5 2
430 394
1 7 2
468 123
1 15 2
269 791
1 11 2
798 690
1 12 2
720 567
1 10 2
653 307
1 4 2
729 15
1 7 2
326 118
1 7 2
322 454
1 6 2
141 64
1 4 2
266 594
1 15 2
757 595
1 13 2
426 630
1 2 2
586 655
1 13 2
623 31
1 3 2
742 308
1 10 2
616 436
1 9 2
612 324
1 8 2
694 178
1 14 2
664 406
1 8 2
157 358
1 14 2
178 226
1 14 2
356 253
1 13 2
310 387
1 7 2
726 537
1 2 2
700 740
1 12 2
281 216
1 10 2
49 592
1 7 2
752 258
1 3 2
685 376
1 2 2
606 47
1 12 2
113 311
1 15 2
197 257
1 14 2
535 77
1 7 2
31 633
1 8 2
254 502
1 4 2
430 199
1 7 2
269 263
1 12 2
627 40
1 6 2
117 113
1 7 2
719 190
1 12 2
719 620
1 6 2
124 138
1 4 2
87 230
1 6 2
157 55
1 4 2
646 783
1 10 2
391 551
1 6 2
154 774
1 15 2
72 530
1 10 2
746 619
1 12 2
125 64
1 4 2
640 782
1 14 2
660 255
1 6 2
490 617
1 6 2
342 99
1 13 2
177 161
1 10 2
607 339
1 3 2
219 761
1 10 2
363 273
1 9 2
150 298
1 12 2
553 720
1 13 2
87 692
1 7 2
182 404
1 13 2
397 671
1 15 2
76 209
1 8 2
236 133
1 10 2
706 739
1 10 2
770 384
1 13 2
92 115
1 10 2
526 188
1 15 2
20 724
1 7 2
181 445
1 6 2
794 420
1 8 2
514 192
1 4 2
24 99
1 2 2
67 387
1 14 2
790 376
1 3 2
106 495
1 3 2
423 572
1 12 2
482 17
1 4 2
739 484
1 10 2
73 461
1 10 2
403 319
1 10 2
687 506
1 4 2
730 15
1 6 2
657 642
1 5 2
151 173
1 15 2
441 279
1 11 2
79 711
1 4 2
421 185
1 13 2
583 753
1 6 2
587 418
1 13 2
16 755
1 2 2
324 176
1 2 2
690 519
1 4 2
92 178
1 12 2
628 367
1 5 2
236 567
1 11 2
259 657
1 12 2
84 672
1 14 2
765 315
1 8 2
122 437
1 12 2
18 718
1 12 2
768 522
1 9 2
671 533
1 7 2
486 690
1 9 2
343 777
1 13 2
131 61
1 8 2
695 262
1 2 2
207 677
1 5 2
260 649
1 12 2
419 92
1 11 2
273 323
1 11 2
537 491
1 6 2
414 405
1 2 2
742 278
1 13 2
737 787
1 5 2
200 396
1 14 2
478 530
1 4 2
410 683
1 7 2
623 15
1 10 2
444 470
1 15 2
787 292
1 14 2
10 773
1 10 2
208 696
1 4 2
323 530
1 9 2
393 649
1 6 2
632 724
1 3 2
107 584
1 3 2
39 68
1 13 2
175 66
1 13 2
520 298
1 7 2
294 97
1 3 2
89 508
1 11 2
423 573
1 6 2
416 205
1 2 2
433 197
1 5 2
101 669
1 11 2
212 371
1 4 2
620 494
1 12 2
323 544
1 11 2
475 19
1 14 2
37 531
1 10 2
402 731
1 5 2
688 473
1 2 2
51 86
1 7 2
470 542
1 13 2
295 326
1 14 2
746 782
1 12 2
764 357
1 11 2
429 521
1 13 2
342 11
1 13 2
352 304
1 10 2
496 131
1 8 2
702 248
1 11 2
482 384
1 2 2
549 465
1 6 2
470 154
1 13 2
629 599
1 4 2
364 773
1 3 2
92 689
1 2 2
416 411
1 4 2
709 506
1 8 2
136 137
1 12 2
703 593
1 3 2
384 468
1 9 2
450 189
1 6 2
243 793
1 3 2
545 100
1 15 2
669 797
1 7 2
105 786
1 10 2
30 16
1 12 2
50 621
1 13 2
437 766
1 13 2
251 65
1 6 2
108 450
1 7 2
584 408
1 12 2
160 57
1 4 2
438 379
1 14 2
164 420
1 10 2
553 182
1 5 2
23 570
1 7 2
235 335
1 3 2
356 547
1 12 2
208 559
1 15 2
237 452
1 7 2
483 676
1 15 2
430 712
1 7 2
43 472
1 8 2
257 3
1 3 2
111 270
1 6 2
109 472
1 2 2
636 392
1 6 2
786 702
1 6 2
357 563
1 7 2
794 619
1 13 2
581 14
1 14 2
202 67
1 11 2
774 606
1 4 2
710 367
1 11 2
111 354
1 11 2
573 253
1 15 2
128 429
1 5 2
676 456
1 12 2
101 770
1 6 2
641 452
1 11 2
588 462
1 15 2
212 200
1 3 2
422 238
1 13 2
492 285
1 4 2
508 88
1 4 2
597 523
1 11 2
72 557
1 2 2
790 494
1 10 2
590 380
1 13 2
393 683
1 3 2
666 503
1 9 2
274 69
1 11 2
182 285
1 15 2
128 262
1 3 2
285 750
1 4 2
619 40
1 15 2
387 363
1 7 2
668 571
1 9 2
359 76
1 8 2
727 478
1 12 2
736 584
1 10 2
611 315
1 12 2
707 658
1 5 2
8 661
1 12 2
81 219
1 10 2
394 403
1 2 2
616 523
1 14 2
371 765
1 5 2
322 560
1 7 2
565 97
1 5 2
150 414
1 8 2
392 509
1 8 2
624 94
1 14 2
75 45
1 13 2
23 32
1 14 2
603 727
1 5 2
571 284
1 2 2
75 648
1 4 2
703 614
1 11 2
563 672
1 5 2
348 135
1 3 2
477 71
1 12 2
733 111
1 12 2
680 523
1 3 2
60 421
1 2 2
76 94
1 15 2
642 612
1 11 2
471 518
1 15 2
478 793
1 3 2
292 387
1 8 2
494 172
1 8 2
700 7
1 11 2
492 51
1 9 2
133 201
1 13 2
206 566
1 15 2
757 92
1 6 2
601 469
1 14 2
151 425
1 13 2
62 590
1 9 2
237 548
1 9 2
734 100
1 10 2
528 328
1 3 2
385 555
1 8 2
473 542
1 6 2
284 196
1 10 2
338 622
1 2 2
337 230
1 6 2
97 118
1 4 2
357 776
1 15 2
405 705
1 8 2
142 174
1 4 2
15 355
1 6 2
250 194
1 3 2
11 511
1 14 2
249 663
1 2 2
120 475
1 13 2
7 43
1 2 2
359 675
1 10 2
292 482
1 15 2
5 475
1 15 2
453 295
1 6 2
326 437
1 9 2
252 26
1 13 2
673 196
1 7 2
479 385
1 5 2
396 715
1 3 2
322 708
1 13 2
639 546
1 9 2
490 167
1 9 2
648 322
1 6 2
430 773
1 10 2
699 156
1 2 2
607 198
1 4 2
523 419
1 13 2
493 163
1 12 2
674 545
1 8 2
600 791
1 2 2
460 678
1 5 2
221 464
1 10 2
244 314
1 14 2
614 275
1 13 2
213 758
1 11 2
242 409
1 7 2
390 76
1 8 2
432 254
1 3 2
364 180
1 3 2
110 220
1 4 2
646 33
1 5 2
163 712
1 3 2
228 223
1 11 2
724 297
1 12 2
270 90
1 2 2
430 569
1 7 2
461 117
1 7 2
372 560
1 13 2
495 658
1 11 2
174 170
1 12 2
593 408
1 2 2
155 124
1 3 2
212 576
1 7 2
414 790
1 14 2
410 569
1 14 2
11 51
1 10 2
320 312
1 13 2
756 177
1 9 2
394 23
1 6 2
208 173
1 6 2
45 354
1 3 2
44 306
1 10 2
423 40
1 14 2
61 192
1 9 2
553 70
1 12 2
643 388
1 6 2
462 578
1 13 2
73 77
1 7 2
465 405
1 10 2
733 39
1 2 2
178 518
1 8 2
315 44
1 15 2
501 370
1 5 2
609 490
1 6 2
315 646
1 8 2
478 727
1 6 2
780 386
1 8 2
747 257
1 4 2
202 671
1 15 2
740 202
1 15 2
563 774
1 11 2
472 480
1 4 2
518 322
1 5 2
404 526
1 15 2
556 392
1 8 2
765 560
1 11 2
614 525
1 2 2
724 659
1 13 2
309 343
1 5 2
697 312
1 12 2
169 408
1 14 2
176 232
1 7 2
490 456
1 10 2
522 386
1 8 2
698 188
1 9 2
714 155
1 2 2
644 403
1 14 2
358 194
1 3 2
303 393
1 5 2
664 456
1 3 2
449 145
1 8 2
630 154
1 7 2
11 273
1 3 2
411 666
1 4 2
750 246
1 13 2
766 293
1 11 2
736 318
1 6 2
210 489
1 9 2
173 492
1 3 2
387 511
1 3 2
192 170
1 4 2
302 531
1 6 2
436 65
1 4 2
475 415
1 7 2
689 658
1 14 2
342 762
1 11 2
740 185
1 15 2
165 535
1 12 2
149 724
1 14 2
294 185
1 15 2
236 759
1 7 2
289 391
1 10 2
711 214
1 13 2
548 152
1 15 2
672 427
1 14 2
37 112
1 12 2
547 633
1 14 2
544 617
1 8 2
560 713
1 6 2
486 634
1 2 2
476 171
1 5 2
567 125
1 11 2
302 198
1 2 2
215 660
1 8 2
327 261
1 3 2
577 674
1 9 2
243 409
1 4 2
338 269
1 5 2
524 717
1 6 2
194 329
1 15 2
152 612
1 4 2
413 618
1 10 2
48 733
1 6 2
574 736
1 13 2
93 291
1 9 2
340 259
1 15 2
425 30
1 10 2
413 660
1 10 2
141 545
1 11 2
448 481
1 10 2
487 254
1 9 2
709 445
1 4 2
474 160
1 14 2
103 363
1 11 2
518 774
1 3 2
281 118
1 6 2
380 401
1 8 2
505 88
1 4 2
699 277
1 6 2
123 278
1 10 2
77 296
1 9 2
531 293
1 10 2
587 51
1 12 2
34 489
1 10 2
692 720
1 10 2
429 631
1 4 2
572 300
1 2 2
244 543
1 8 2
528 30
1 2 2
88 136
1 9 2
336 62
1 11 2
457 501
1 5 2
179 671
1 14 2
110 736
1 14 2
359 679
1 14 2
83 218
1 15 2
32 408
1 9 2
490 764
1 11 2
376 586
1 7 2
220 356
1 7 2
375 278
1 5 2
722 320
1 7 2
554 263
1 8 2
494 745
1 3 2
684 264
1 9 2
13 627
1 15 2
75 713
1 11 2
21 607
1 10 2
139 343
1 5 2
256 679
1 12 2
314 336
1 6 2
297 145
1 9 2
620 716
1 13 2
263 303
1 8 2
271 394
1 9 2
514 441
1 3 2
144 222
1 14 2
284 737
1 13 2
715 616
1 6 2
687 361
1 15 2
316 772
1 15 2
63 488
1 9 2
332 25
1 5 2
3 397
1 5 2
575 447
1 6 2
587 280
1 6 2
56 98
1 9 2
605 291
1 4 2
288 711
1 14 2
797 610
1 9 2
756 103
1 13 2
717 550
1 12 2
720 242
1 15 2
36 370
1 13 2
297 215
1 7 2
478 575
1 14 2
386 668
1 6 2
277 138
1 6 2
204 341
1 13 2
138 440
1 3 2
156 741
1 15 2
739 402
1 12 2
738 399
1 10 2
463 249
1 11 2
690 335
1 2 2
511 99
1 13 2
554 135
1 5 2
330 716
1 6 2
616 398
1 3 2
794 405
1 4 2
653 725
1 10 2
742 423
1 2 2
338 38
1 8 2
745 238
1 13 2
295 342
1 5 2
268 222
1 14 2
260 218
1 15 2
556 415
1 5 2
55 446
1 14 2
395 695
1 15 2
278 477
1 11 2
140 712
1 11 2
279 579
1 7 2
515 153
1 6 2
556 680
1 13 2
452 754
1 9 2
296 433
1 10 2
118 467
1 2 2
439 28
1 12 2
219 750
1 8 2
790 384
1 11 2
734 641
1 2 2
377 428
1 12 2
608 539
1 11 2
79 613
1 12 2
325 213
1 6 2
73 604
1 6 2
596 288
1 10 2
780 779
1 7 2
527 344
1 13 2
745 260
1 11 2
426 19
1 5 2
473 313
1 11 2
384 355
1 8 2
468 767
1 2 2
266 41
1 10 2
645 701
1 8 2
336 527
1 5 2
403 292
1 6 2
113 693
1 5 2
482 719
1 8 2
201 739
1 12 2
361 288
1 2 2
135 239
1 15 2
179 784
1 8 2
788 359
1 11 2
116 623
1 15 2
764 588
1 9 2
443 497
1 5 2
263 76
1 15 2
380 10
1 14 2
653 758
1 14 2
703 561
1 13 2
611 747
1 11 2
617 662
1 10 2
180 790
1 9 2
152 195
1 3 2
130 641
1 7 2
19 246
1 10 2
289 179
1 13 2
790 274
1 4 2
255 462
1 5 2
524 176
1 15 2
112 467
1 11 2
690 180
1 14 2
365 29
1 14 2
548 608
1 2 2
614 528
1 4 2
228 143
1 6 2
527 348
1 6 2
10 241
1 5 2
331 49
1 13 2
264 153
1 2 2
154 1
1 7 2
208 356
1 10 2
339 383
1 13 2
251 7
1 6 2
212 768
1 14 2
121 224
1 10 2
600 687
1 11 2
284 170
1 12 2
333 466
1 15 2
67 634
1 13 2
494 584
1 15 2
621 556
1 4 2
336 723
1 13 2
503 257
1 15 2
73 85
1 8 2
462 787
1 2 2
526 25
1 9 2
658 299
1 3 2
322 54
1 15 2
541 708
1 4 2
588 519
1 7 2
416 159
1 11 2
78 29
1 11 2
682 670
1 11 2
108 574
1 11 2
150 659
1 8 2
472 54
1 13 2
711 428
1 6 2
321 289
1 12 2
217 641
1 15 2
230 697
1 6 2
94 541
1 14 2
419 486
1 2 2
575 160
1 8 2
389 478
1 6 2
342 384
1 5 2
760 396
1 15 2
757 134
1 5 2
311 634
1 5 2
88 411
1 2 2
175 173
1 15 2
501 485
1 11 2
513 218
1 13 2
468 460
1 10 2
563 75
1 15 2
146 285
1 10 2
18 720
1 6 2
54 658
1 12 2
613 89
1 10 2
228 57
1 7 2
184 613
1 11 2
160 795
1 2 2
369 476
1 8 2
456 134
1 9 2
359 59
1 9 2
16 509
1 8 2
568 508
1 13 2
192 85
1 3 2
426 310
1 6 2
517 338
1 2 2
291 766
1 9 2
341 359
1 11 2
279 89
1 10 2
518 128
1 12 2
524 145
1 4 2
719 440
1 14 2
757 305
1 11 2
582 581
1 11 2
693 128
1 15 2
466 118
1 8 2
759 163
1 15 2
588 12
1 12 2
35 169
1 7 2
435 500
1 7 2
585 710
1 14 2
714 713
1 9 2
398 697
1 11 2
146 218
1 5 2
745 173
1 4 2
544 485
1 9 2
275 559
1 4 2
756 625
1 13 2
519 733
1 15 2
27 492
1 4 2
779 123
1 9 2
750 264
1 4 2
470 261
1 15 2
49 416
1 7 2
187 624
1 4 2
283 28
1 12 2
107 4
1 11 2
248 335
1 6 2
211 764
1 5 2
312 713
1 5 2
500 532
1 12 2
519 613
1 10 2
132 774
1 8 2
185 500
1 9 2
134 35
1 7 2
670 660
1 15 2
646 559
1 13 2
277 398
1 12 2
225 555
1 13 2
28 771
1 8 2
492 127
1 12 2
5 344
1 2 2
510 539
1 8 2
54 562
1 10 2
371 185
1 15 2
781 134
1 2 2
792 665
1 14 2
328 79
1 8 2
451 752
1 13 2
317 641
1 8 2
665 672
1 5 2
237 738
1 9 2
244 648
1 15 2
186 676
1 6 2
409 140
1 13 2
25 481
1 9 2
623 293
1 11 2
636 16
1 14 2
726 260
1 5 2
180 169
1 13 2
488 227
1 2 2
611 776
1 8 2
294 51
1 6 2
511 126
1 12 2
111 477
1 8 2
491 714
1 14 2
406 736
1 11 2
304 306
1 6 2
129 687
1 3 2
171 752
1 15 2
196 569
1 10 2
210 610
1 8 2
483 340
1 8 2
402 172
1 5 2
695 371
1 2 2
523 212
1 5 2
512 590
1 9 2
702 634
1 5 2
213 569
1 13 2
616 310
1 13 2
706 143
1 12 2
651 500
1 5 2
753 9
1 8 2
391 739
1 4 2
164 158
1 8 2
343 456
1 11 2
138 234
1 2 2
599 765
1 7 2
212 25
1 14 2
727 83
1 13 2
279 732
1 8 2
123 367
1 7 2
788 501
1 6 2
37 724
1 9 2
311 735
1 14 2
781 454
1 13 2
86 110
1 3 2
629 366
1 9 2
742 625
1 11 2
472 643
1 9 2
545 127
1 5 2
211 289
1 14 2
633 287
1 13 2
558 701
1 7 2
668 518
1 4 2
673 544
1 2 2
777 557
1 14 2
316 321
1 5 2
176 464
1 7 2
129 509
1 7 2
383 353
1 2 2
797 103
1 2 2
4 137
1 10 2
80 349
1 2 2
179 713
1 5 2
731 334
1 3 2
687 622
1 2 2
621 243
1 4 2
569 247
1 4 2
336 378
1 13 2
180 160
1 14 2
84 586
1 8 2
655 277
1 10 2
152 244
1 10 2
471 255
1 10 2
526 195
1 8 2
579 793
1 11 2
241 295
1 5 2
122 201
1 15 2
213 590
1 4 2
663 733
1 9 2
2 384
1 15 2
238 405
1 3 2
719 632
1 3 2
508 445
1 8 2
605 525
1 2 2
34 482
1 6 2
70 400
1 4 2
115 560
1 15 2
535 273
1 2 2
288 589
1 15 2
295 760
1 14 2
361 17
1 4 2
398 543
1 6 2
85 400
1 9 2
82 279
1 3 2
51 114
1 13 2
470 559
1 4 2
773 605
1 12 2
474 143
1 4 2
221 667
1 13 2
490 80
1 10 2
222 208
1 10 2
649 167
1 10 2
308 83
1 4 2
32 301
1 7 2
11 278
1 12 2
322 178
1 11 2
397 206
1 8 2
717 93
1 13 2
295 282
1 6 2
268 627
1 2 2
760 91
1 13 2
766 557
1 11 2
611 664
1 11 2
362 554
1 8 2
68 6
1 11 2
269 248
1 9 2
758 217
1 12 2
73 21
1 14 2
515 372
1 10 2
348 291
1 12 2
141 727
1 15 2
216 645
1 7 2
448 414
1 11 2
787 651
1 6 2
39 473
1 6 2
585 327
1 12 2
114 687
1 7 2
17 484
1 2 2
245 458
1 15 2
481 484
1 14 2
584 317
1 10 2
322 206
1 4 2
257 628
1 9 2
640 672
1 9 2
425 106
1 6 2
338 164
1 14 2
785 601
1 12 2
235 16
1 3 2
22 276
1 10 2
786 694
1 15 2
5 551
1 2 2
772 657
1 12 2
546 511
1 12 2
582 23
1 3 2
181 29
1 12 2
599 735
1 8 2
625 369
1 5 2
561 135
1 5 2
471 785
1 4 2
691 775
1 8 2
220 131
1 5 2
206 505
1 5 2
244 433
1 14 2
323 426
1 7 2
515 325
1 11 2
506 437
1 10 2
187 643
1 11 2
156 154
1 10 2
495 783
1 8 2
40 523
1 9 2
307 535
1 5 2
423 431
1 10 2
664 394
1 6 2
198 266
1 3 2
509 714
1 15 2
206 722
1 11 2
581 379
1 15 2
385 511
1 4 2
526 367
1 14 2
792 356
1 6 2
241 600
1 13 2
555 520
1 8 2
663 98
1 4 2
187 520
1 14 2
733 662
1 9 2
219 542
1 4 2
599 476
1 15 2
322 632
1 10 2
118 52
1 10 2
598 51
1 11 2
643 740
1 14 2
167 26
1 7 2
390 624
1 13 2
664 515
1 7 2
557 462
1 5 2
637 19
1 8 2
98 146
1 5 2
777 405
1 3 2
458 163
1 15 2
445 763
1 2 2
332 689
1 6 2
277 766
1 10 2
55 674
1 4 2
502 706
1 5 2
245 136
1 6 2
464 117
1 14 2
166 561
1 5 2
595 722
1 15 2
788 714
1 15 2
476 325
1 11 2
538 737
1 5 2
705 144
1 4 2
145 177
1 12 2
662 213
1 15 2
317 449
1 4 2
567 78
1 14 2
772 235
1 6 2
527 292
1 8 2
334 731
1 10 2
378 56
1 14 2
539 678
1 14 2
118 734
1 14 2
340 118
1 10 2
636 474
1 15 2
636 239
1 15 2
192 782
1 15 2
457 775
1 14 2
166 289
1 6 2
701 367
1 4 2
33 322
1 5 2
19 100
1 11 2
374 46
1 8 2
728 556
1 5 2
619 184
1 8 2
761 786
1 11 2
636 168
1 15 2
186 47
1 8 2
78 532
1 4 2
397 788
1 3 2
536 547
1 9 2
484 459
1 2 2
688 668
1 4 2
690 255
1 9 2
483 209
1 11 2
638 682
1 7 2
121 756
1 7 2
86 418
1 4 2
10 82
1 3 2
71 224
1 4 2
289 109
1 15 2
193 651
1 4 2
433 60
1 11 2
433 161
1 4 2
558 787
1 7 2
113 237
1 12 2
654 439
1 7 2
702 715
1 15 2
88 311
1 3 2
496 742
1 10 2
718 255
1 14 2
700 228
1 5 2
395 651
1 8 2
56 0
1 2 2
342 201
1 9 2
713 630
1 10 2
430 645
1 13 2
361 46
1 11 2
565 196
1 11 2
571 20
1 14 2
500 134
1 8 2
629 556
1 12 2
543 332
1 2 2
360 261
1 6 2
489 369
1 2 2
777 323
1 2 2
202 414
1 7 2
744 415
1 13 2
469 741
1 2 2
156 788
1 6 2
243 260
1 14 2
131 371
1 8 2
194 498
1 15 2
402 243
1 12 2
672 243
1 10 2
585 17
1 8 2
686 243
1 12 2
210 436
1 11 2
281 49
1 9 2
184 633
1 12 2
484 413
1 13 2
274 651
1 4 2
0 555
1 6 2
752 256
1 3 2
393 786
1 6 2
374 58
1 12 2
649 484
1 5 2
48 145
1 2 2
223 744
1 2 2
507 149
1 6 2
475 3
1 14 2
586 475
1 5 2
78 278
1 8 2
205 513
1 12 2
131 84
1 9 2
324 646
1 10 2
549 224
1 10 2
228 78
1 13 2
662 783
1 7 2
63 276
1 5 2
613 764
1 8 2
525 672
1 4 2
777 375
1 9 2
402 515
1 10 2
677 350
1 11 2
446 570
1 10 2
658 463
1 2 2
459 165
1 15 2
299 428
1 7 2
123 184
1 13 2
14 464
1 6 2
773 29
1 9 2
481 185
1 2 2
432 20
1 5 2
744 367
1 11 2
785 84
1 8 2
713 382
1 14 2
340 784
1 9 2
165 262
1 4 2
398 47
1 10 2
630 210
1 6 2
777 174
1 7 2
58 685
1 10 2
694 639
1 6 2
403 736
1 6 2
267 721
1 9 2
339 127
1 11 2
795 110
1 12 2
79 757
1 8 2
754 89
1 4 2
190 681
1 7 2
269 401
1 13 2
61 471
1 9 2
747 434
1 6 2
134 240
1 5 2
330 16
1 12 2
165 533
1 3 2
602 564
1 15 2
539 181
1 2 2
349 586
1 11 2
190 749
1 6 2
355 103
1 12 2
360 620
1 3 2
649 412
1 10 2
324 788
1 14 2
369 524
1 3 2
591 436
1 11 2
447 404
1 3 2
6 109
1 3 2
386 72
1 2 2
491 701
1 9 2
691 292
1 14 2
670 793
1 15 2
434 314
1 7 2
684 19
1 8 2
142 259
1 5 2
609 462
1 2 2
92 27
1 11 2
358 560
1 9 2
82 310
1 5 2
122 705
1 3 2
491 151
1 4 2
57 214
1 15 2
87 362
1 4 2
659 414
1 7 2
500 34
1 12 2
561 306
1 12 2
99 148
1 11 2
293 496
1 13 2
420 304
1 11 2
105 547
1 8 2
268 723
1 14 2
320 491
1 12 2
707 759
1 13 2
629 772
1 10 2
45 417
1 5 2
235 472
1 7 2
747 273
1 8 2
28 750
1 11 2
532 307
1 12 2
500 89
1 6 2
446 416
1 3 2
329 368
1 6 2
672 100
1 14 2
4 456
1 12 2
340 128
1 7 2
18 395
1 7 2
161 571
1 14 2
489 537
1 14 2
795 241
1 4 2
694 405
1 13 2
26 274
1 11 2
215 167
1 13 2
545 659
1 10 2
4 476
1 11 2
505 194
1 15 2
202 287
1 13 2
686 781
1 11 2
31 467
1 15 2
1 429
1 5 2
522 579
1 4 2
23 173
1 9 2
755 676
1 6 2
467 592
1 4 2
495 238
1 11 2
604 196
1 8 2
98 686
1 2 2
57 628
1 8 2
798 796
1 3 2
702 198
1 13 2
489 26
1 11 2
791 218
1 2 2
135 58
1 10 2
69 378
1 12 2
28 242
1 2 2
222 566
1 4 2
471 457
1 3 2
230 387
1 13 2
332 351
1 3 2
65 302
1 15 2
53 406
1 14 2
193 266
1 3 2
554 240
1 13 2
609 451
1 5 2
425 614
1 6 2
22 442
1 7 2
523 635
1 9 2
721 60
1 13 2
536 791
1 2 2
301 729
1 2 2
115 771
1 3 2
400 618
1 12 2
678 175
1 8 2
264 145
1 12 2
492 354
1 2 2
505 729
1 10 2
177 129
1 14 2
60 788
1 6 2
118 515
1 15 2
54 33
1 8 2
581 148
1 4 2
756 137
1 4 2
686 727
1 15 2
428 490
1 5 2
276 729
1 9 2
101 265
1 2 2
49 467
1 4 2
478 192
1 4 2
599 557
1 3 2
690 605
1 13 2
50 787
1 5 2
492 477
1 9 2
58 533
1 7 2
10 673
1 3 2
68 642
1 10 2
688 344
1 9 2
351 780
1 13 2
550 285
1 15 2
375 275
1 6 2
246 45
1 8 2
61 423
1 14 2
638 439
1 4 2
541 504
1 12 2
557 236
1 7 2
799 574
1 14 2
298 785
1 6 2
131 115
1 15 2
246 171
1 4 2
63 679
1 11 2
726 244
1 3 2
402 248
1 13 2
271 275
1 4 2
100 755
1 2 2
436 438
1 7 2
683 448
1 8 2
796 538
1 3 2
360 572
1 3 2
697 295
1 6 2
206 679
1 2 2
241 317
1 13 2
517 367
1 11 2
427 426
1 5 2
500 755
1 5 2
400 470
1 12 2
626 602
1 5 2
224 172
1 15 2
550 297
1 8 2
520 475
1 7 2
600 237
1 9 2
647 175
1 9 2
764 135
1 3 2
725 183
1 8 2
321 573
1 13 2
685 773
1 13 2
599 113
1 13 2
48 791
1 10 2
379 50
1 8 2
491 409
1 6 2
174 374
1 14 2
224 279
1 13 2
757 264
1 14 2
25 536
1 14 2
769 130
1 11 2
122 112
1 14 2
234 750
1 9 2
182 605
1 4 2
611 349
1 7 2
196 716
1 6 2
700 64
1 15 2
634 551
1 6 2
596 310
1 12 2
795 678
1 15 2
284 62
1 9 2
356 303
1 9 2
177 244
1 11 2
510 394
1 6 2
717 391
1 14 2
150 568
1 3 2
618 200
1 11 2
26 96
1 2 2
100 462
1 12 2
686 64
1 6 2
380 793
1 12 2
657 34
1 6 2
56 767
1 6 2
63 702
1 4 2
9 157
1 4 2
516 510
1 13 2
403 683
1 11 2
324 538
1 5 2
484 96
1 14 2
443 614
1 2 2
716 744
1 14 2
39 569
1 12 2
692 333
1 12 2
225 427
1 8 2
458 618
1 3 2
90 647
1 3 2
557 380
1 6 2
443 344
1 7 2
459 304
1 6 2
123 720
1 5 2
284 293
1 2 2
194 727
1 7 2
618 410
1 15 2
562 256
1 10 2
596 221
1 9 2
216 634
1 7 2
764 8
1 8 2
792 447
1 13 2
437 745
1 4 2
413 109
1 4 2
526 148
1 10 2
21 345
1 4 2
232 184
1 3 2
744 147
1 12 2
490 68
1 13 2
327 367
1 13 2
218 555
1 3 2
433 9
1 15 2
315 417
1 15 2
243 461
1 5 2
488 718
1 7 2
794 604
1 11 2
737 724
1 15 2
104 761
1 4 2
325 169
1 2 2
473 553
1 2 2
391 608
1 11 2
545 122
1 7 2
173 576
1 8 2
202 175
1 6 2
711 742
1 3 2
78 628
1 3 2
343 667
1 6 2
61 318
1 4 2
201 509
1 3 2
616 748
1 2 2
439 440
1 9 2
447 211
1 7 2
230 695
1 6 2
367 78
1 14 2
769 248
1 10 2
610 549
1 7 2
572 46
1 13 2
437 460
1 11 2
98 431
1 10 2
524 211
1 2 2
314 231
1 6 2
308 782
1 2 2
223 562
1 14 2
698 71
1 4 2
461 794
1 15 2
210 17
1 11 2
173 714
1 15 2
748 387
1 15 2
23 610
1 7 2
59 567
1 11 2
286 299
1 5 2
524 115
1 8 2
730 711
1 10 2
271 660
1 13 2
59 689
1 3 2
245 297
1 12 2
147 34
1 15 2
35 138
1 8 2
772 462
1 11 2
374 280
1 12 2
734 448
1 13 2
717 244
1 11 2
280 692
1 10 2
748 421
1 13 2
125 581
1 11 2
114 308
1 14 2
277 314
1 10 2
84 25
1 15 2
430 698
1 12 2
608 377
1 3 2
333 168
1 8 2
142 201
1 9 2
47 546
1 10 2
398 631
1 11 2
295 204
1 13 2
282 691
1 12 2
648 308
1 11 2
601 641
1 12 2
88 552
1 15 2
411 47
1 14 2
708 561
1 6 2
44 362
1 5 2
100 387
1 14 2
450 132
1 10 2
601 238
1 12 2
299 42
1 11 2
282 442
1 8 2
470 225
1 6 2
17 340
1 12 2
195 678
1 8 2
93 531
1 6 2
269 508
1 15 2
669 645
1 15 2
197 104
1 13 2
2 54
1 12 2
117 506
1 3 2
276 711
1 11 2
292 287
1 5 2
207 320
1 15 2
478 445
1 4 2
312 110
1 13 2
631 299
1 4 2
551 303
1 7 2
350 591
1 10 2
721 126
1 5 2
248 647
1 6 2
242 711
1 2 2
758 429
1 5 2
791 139
1 2 2
646 451
1 11 2
618 5
1 3 2
604 440
1 6 2
375 699
1 15 2
660 328
1 4 2
251 712
1 10 2
384 516
1 10 2
146 782
1 6 2
647 28
1 14 2
39 470
1 9 2
210 60
1 2 2
360 280
1 14 2
105 749
1 3 2
507 573
1 7 2
689 81
1 6 2
42 675
1 2 2
255 489
1 3 2
663 155
1 8 2
211 770
1 10 2
159 296
1 7 2
748 757
1 6 2
767 594
1 4 2
364 299
1 2 2
533 507
1 4 2
491 260
1 9 2
324 404
1 12 2
233 97
1 3 2
505 728
1 15 2
706 382
1 10 2
540 37
1 2 2
444 199
1 13 2
562 619
1 3 2
518 447
1 13 2
436 315
1 2 2
380 695
1 12 2
361 346
1 8 2
144 784
1 5 2
9 69
1 11 2
101 17
1 8 2
747 600
1 4 2
156 625
1 14 2
37 352
1 2 2
475 224
1 5 2
390 95
1 2 2
469 725
1 10 2
644 601
1 7 2
504 722
1 7 2
295 343
1 5 2
280 714
1 5 2
157 583
1 14 2
732 274
1 11 2
353 767
1 8 2
542 526
1 3 2
791 762
1 5 2
479 759
1 3 2
504 57
1 3 2
290 758
1 15 2
319 149
1 6 2
409 278
1 10 2
586 759
1 8 2
671 250
1 5 2
112 205
1 14 2
592 88
1 6 2
270 367
1 8 2
446 696
1 5 2
592 730
1 2 2
770 738
1 9 2
187 654
1 11 2
13 341
1 8 2
75 482
1 2 2
499 132
1 2 2
544 548
1 7 2
442 292
1 14 2
666 25
1 9 2
114 631
1 10 2
444 607
1 12 2
676 226
1 5 2
504 47
1 11 2
761 8
1 12 2
743 2
1 8 2
5 134
1 7 2
715 661
1 14 2
746 553
1 15 2
157 163
1 12 2
140 566
1 7 2
118 399
1 14 2
371 761
1 11 2
176 520
1 14 2
606 317
1 6 2
138 128
1 7 2
83 380
1 4 2
576 61
1 10 2
455 389
1 11 2
506 688
1 15 2
767 756
1 12 2
539 497
1 14 2
521 548
1 7 2
680 106
1 12 2
567 182
1 5 2
132 309
1 10 2
724 510
1 2 2
261 759
1 9 2
776 465
1 12 2
319 113
1 7 2
470 35
1 15 2
368 27
1 12 2
11 338
1 7 2
763 752
1 9 2
231 295
1 2 2
120 258
1 15 2
537 257
1 14 2
143 279
1 13 2
765 229
1 5 2
165 30
1 15 2
291 777
1 2 2
13 456
1 2 2
787 452
1 10 2
60 675
1 6 2
47 121
1 15 2
24 746
1 2 2
504 467
1 14 2
302 626
1 2 2
287 270
1 7 2
348 249
1 12 2
751 544
1 10 2
756 233
1 11 2
29 185
1 8 2
380 293
1 8 2
484 652
1 4 2
99 233
1 4 2
85 681
1 4 2
86 634
1 5 2
713 258
1 12 2
196 375
1 11 2
353 145
1 14 2
795 517
1 9 2
93 76
1 4 2
186 338
1 7 2
309 385
1 2 2
236 552
1 8 2
775 668
1 5 2
410 543
1 4 2
47 312
1 14 2
669 256
1 7 2
270 370
1 10 2
290 495
1 6 2
444 792
1 2 2
715 584
1 3 2
563 103
1 15 2
621 774
1 4 2
604 514
1 6 2
217 434
1 2 2
449 224
1 11 2
230 575
1 8 2
450 597
1 14 2
619 274
1 8 2
461 169
1 5 2
105 729
1 6 2
785 357
1 8 2
617 368
1 4 2
112 476
1 14 2
1 357
1 7 2
393 246
1 5 2
698 747
1 4 2
10 16
1 5 2
690 133
1 7 2
193 504
1 15 2
587 247
1 2 2
658 15
1 15 2
543 659
1 14 2
261 701
1 14 2
742 15
1 10 2
85 342
1 14 2
496 494
1 15 2
386 524
1 14 2
567 651
1 3 2
560 438
1 10 2
545 663
1 2 2
544 240
1 3 2
551 332
1 7 2
162 204
1 12 2
638 259
1 8 2
608 271
1 8 2
605 674
1 13 2
717 639
1 5 2
222 388
1 6 2
340 647
1 14 2
658 549
1 15 2
582 720
1 9 2
111 439
1 11 2
706 191
1 8 2
223 689
1 7 2
642 669
1 15 2
245 319
1 12 2
419 645
1 10 2
411 778
1 7 2
342 143
1 11 2
28 317
1 4 2
28 708
1 3 2
579 139
1 10 2
675 102
1 13 2
326 758
1 5 2
166 523
1 3 2
565 577
1 15 2
17 88
1 12 2
93 100
1 9 2
197 118
1 6 2
77 340
1 2 2
365 722
1 13 2
689 556
1 13 2
734 329
1 15 2
537 781
1 5 2
642 746
1 13 2
481 187
1 14 2
648 604
1 11 2
449 774
1 4 2
314 63
1 3 2
440 700
1 3 2
567 282
1 7 2
12 763
1 3 2
257 661
1 3 2
416 415
1 5 2
755 579
1 14 2
729 380
1 10 2
75 552
1 13 2
249 495
1 9 2
410 600
1 7 2
443 58
1 11 2
552 230
1 5 2
229 505
1 6 2
504 427
1 9 2
679 687
1 11 2
466 558
1 3 2
442 555
1 11 2
167 252
1 13 2
413 512
1 6 2
481 387
1 9 2
39 528
1 13 2
743 587
1 13 2
94 123
1 13 2
412 509
1 4 2
774 22
1 7 2
523 437
1 13 2
728 171
1 3 2
622 28
1 2 2
762 724
1 14 2
604 379
1 8 2
788 362
1 6 2
740 118
1 6 2
8 457
1 13 2
572 171
1 2 2
333 238
1 8 2
367 274
1 4 2
621 43
1 8 2
649 297
1 14 2
612 665
1 14 2
581 110
1 12 2
46 403
1 7 2
99 600
1 12 2
256 288
1 15 2
544 270
1 3 2
389 506
1 7 2
767 373
1 5 2
310 300
1 12 2
310 727
1 3 2
45 547
1 2 2
31 260
1 7 2
408 356
1 13 2
170 547
1 8 2
588 167
1 13 2
270 63
1 5 2
422 675
1 9 2
515 194
1 2 2
353 115
1 2 2
157 757
1 12 2
92 480
1 14 2
521 210
1 13 2
532 148
1 5 2
709 351
1 11 2
0 703
1 15 2
445 15
1 8 2
675 758
1 2 2
726 442
1 11 2
162 562
1 12 2
424 303
1 10 2
68 166
1 5 2
596 238
1 2 2
609 8
1 8 2
787 41
1 3 2
12 483
1 5 2
785 186
1 4 2
794 720
1 12 2
498 21
1 8 2
133 759
1 14 2
72 638
1 9 2
783 584
1 3 2
619 155
1 6 2
721 501
1 7 2
266 147
1 8 2
2 321
1 5 2
724 103
1 5 2
532 620
1 4 2
775 358
1 4 2
561 724
1 14 2
513 334
1 4 2
727 341
1 5 2
523 350
1 14 2
61 660
1 15 2
190 89
1 10 2
432 723
1 9 2
108 630
1 5 2
210 139
1 2 2
592 458
1 9 2
146 190
1 8 2
439 627
1 15 2
86 649
1 9 2
262 736
1 4 2
465 110
1 13 2
102 58
1 10 2
333 482
1 8 2
522 392
1 3 2
619 791
1 8 2
242 676
1 9 2
268 446
1 10 2
404 651
1 10 2
570 543
1 2 2
568 416
1 3 2
266 646
1 7 2
64 155
1 2 2
660 572
1 15 2
232 136
1 11 2
611 491
1 6 2
439 698
1 2 2
294 340
1 10 2
773 312
1 14 2
364 93
1 5 2
633 563
1 3 2
604 332
1 12 2
687 412
1 8 2
462 637
1 13 2
69 119
1 8 2
283 84
1 7 2
558 376
1 3 2
449 434
1 14 2
90 56
1 5 2
265 329
1 9 2
251 661
1 5 2
554 270
1 11 2
697 499
1 15 2
731 170
1 2 2
576 341
1 4 2
593 192
1 7 2
217 204
1 15 2
505 537
1 10 2
546 93
1 10 2
420 589
1 9 2
549 395
1 3 2
242 777
1 2 2
609 208
1 4 2
1 767
1 6 2
362 67
1 7 2
47 648
1 15 2
46 474
1 2 2
734 547
1 7 2
736 262
1 11 2
392 425
1 2 2
17 229
1 12 2
240 380
1 15 2
405 179
1 6 2
162 363
1 10 2
24 384
1 3 2
363 391
1 7 2
445 110
1 10 2
637 724
1 4 2
227 476
1 2 2
108 682
1 13 2
21 330
1 12 2
192 778
1 7 2
42 685
1 15 2
583 211
1 11 2
458 301
1 13 2
32 185
1 14 2
321 6
1 12 2
553 564
1 11 2
384 771
1 7 2
678 290
1 4 2
392 635
1 5 2
117 311
1 7 2
767 604
1 11 2
524 373
1 10 2
727 120
1 12 2
476 626
1 2 2
710 664
1 9 2
750 166
1 4 2
316 432
1 11 2
681 98
1 8 2
331 13
1 7 2
765 92
1 8 2
620 53
1 3 2
326 300
1 12 2
439 685
1 8 2
78 230
1 13 2
344 309
1 15 2
584 244
1 14 2
784 270
1 9 2
371 377
1 7 2
121 626
1 8 2
224 192
1 6 2
435 440
1 10 2
120 414
1 6 2
297 140
1 13 2
112 236
1 15 2
7 155
1 9 2
610 260
1 4 2
672 380
1 13 2
332 179
1 14 2
266 549
1 7 2
89 737
1 12 2
792 121
1 9 2
251 398
1 3 2
643 511
1 13 2
708 134
1 2 2
478 203
1 6 2
442 29
1 2 2
33 297
1 4 2
656 465
1 9 2
780 650
1 15 2
156 35
1 7 2
489 265
1 10 2
514 620
1 12 2
227 131
1 6 2
653 112
1 5 2
777 434
1 13 2
274 738
1 7 2
719 9
1 13 2
768 260
1 9 2
233 664
1 2 2
151 349
1 3 2
438 102
1 3 2
389 578
1 8 2
213 202
1 7 2
787 185
1 11 2
398 72
1 14 2
777 369
1 9 2
632 263
1 10 2
459 768
1 8 2
492 639
1 14 2
584 61
1 2 2
537 728
1 13 2
425 252
1 14 2
518 530
1 10 2
698 774
1 4 2
604 762
1 2 2
226 536
1 8 2
233 346
1 12 2
96 223
1 3 2
250 209
1 15 2
380 762
1 6 2
790 559
1 11 2
10 253
1 11 2
507 521
1 15 2
488 707
1 6 2
66 61
1 4 2
154 483
1 4 2
474 236
1 14 2
49 771
1 10 2
446 384
1 4 2
767 201
1 3 2
124 584
1 12 2
595 354
1 12 2
441 309
1 7 2
272 351
1 12 2
450 1
1 5 2
120 255
1 9 2
157 309
1 4 2
19 267
1 12 2
742 96
1 4 2
341 525
1 13 2
455 236
1 5 2
57 684
1 2 2
222 508
1 9 2
748 73
1 6 2
105 555
1 14 2
22 141
1 13 2
590 102
1 14 2
735 460
1 8 2
80 261
1 3 2
622 59
1 6 2
146 480
1 13 2
797 669
1 5 2
23 425
1 7 2
698 421
1 7 2
64 605
1 12 2
325 640
1 8 2
540 525
1 5 2
791 460
1 11 2
479 535
1 15 2
171 674
1 4 2
377 168
1 15 2
562 407
1 10 2
118 549
1 14 2
275 181
1 3 2
31 191
1 13 2
785 130
1 12 2
209 730
1 14 2
745 770
1 6 2
212 758
1 4 2
314 676
1 7 2
159 236
1 6 2
42 394
1 2 2
739 788
1 12 2
180 524
1 3 2
242 726
1 14 2
429 181
1 12 2
514 529
1 7 2
533 242
1 3 2
331 675
1 10 2
614 564
1 10 2
700 548
1 15 2
178 74
1 10 2
734 409
1 3 2
697 628
1 11 2
774 247
1 6 2
77 492
1 5 2
4 30
1 4 2
137 160
1 11 2
636 569
1 12 2
734 385
1 13 2
758 323
1 14 2
452 33
1 10 2
316 372
1 11 2
132 293
1 8 2
793 41
1 15 2
434 477
1 7 2
488 305
1 9 2
413 719
1 6 2
322 795
1 4 2
628 119
1 10 2
67 301
1 12 2
236 119
1 2 2
777 322
1 10 2
262 428
1 12 2
629 373
1 8 2
489 101
1 13 2
68 512
1 2 2
546 575
1 2 2
658 728
1 5 2
728 225
1 11 2
331 266
1 6 2
520 621
1 13 2
363 475
1 7 2
312 729
1 11 2
313 142
1 3 2
604 92
1 9 2
254 384
1 14 2
2 454
1 11 2
81 400
1 15 2
358 401
1 15 2
708 254
1 6 2
146 338
1 12 2
794 798
1 8 2
186 401
1 10 2
623 178
1 14 2
760 51
1 6 2
169 315
1 5 2
58 683
1 5 2
481 40
1 14 2
465 44
1 2 2
365 485
1 12 2
783 202
1 10 2
736 629
1 13 2
183 619
1 3 2
680 143
1 3 2
194 13
1 8 2
361 779
1 2 2
591 412
1 10 2
687 760
1 12 2
457 247
1 12 2
628 684
1 14 2
613 393
1 15 2
53 544
1 6 2
705 613
1 8 2
312 29
1 13 2
197 767
1 11 2
34 437
1 9 2
417 191
1 2 2
180 232
1 2 2
538 292
1 11 2
561 436
1 3 2
0 686
1 15 2
164 696
1 9 2
476 249
1 7 2
536 514
1 8 2
61 604
1 8 2
340 668
1 12 2
414 744
1 14 2
409 99
1 4 2
724 353
1 2 2
425 2
1 13 2
4 136
1 8 2
382 621
1 11 2
274 755
1 7 2
449 347
1 11 2
73 333
1 12 2
124 227
1 11 2
705 232
1 4 2
512 89
1 8 2
288 140
1 7 2
305 487
1 2 2
295 582
1 15 2
619 640
1 6 2
719 95
1 13 2
655 399
1 14 2
702 120
1 6 2
493 498
1 15 2
200 740
1 5 2
253 710
1 9 2
600 119
1 3 2
353 265
1 10 2
442 635
1 3 2
725 282
1 14 2
201 729
1 15 2
313 480
1 6 2
541 227
1 12 2
552 228
1 8 2
292 386
1 8 2
219 166
1 10 2
529 350
1 15 2
313 442
1 9 2
128 28
1 12 2
457 320
1 3 2
78 712
1 10 2
432 777
1 10 2
46 736
1 11 2
726 37
1 15 2
639 453
1 4 2
387 633
1 7 2
673 677
1 13 2
199 23
1 8 2
398 435
1 4 2
268 644
1 13 2
459 467
1 4 2
395 249
1 14 2
14 649
1 3 2
203 537
1 13 2
3 30
1 6 2
417 270
1 10 2
718 308
1 15 2
16 394
1 7 2
207 107
1 15 2
207 669
1 3 2
633 510
1 3 2
400 593
1 7 2
659 115
1 7 2
778 434
1 12 2
701 609
1 11 2
601 114
1 5 2
190 387
1 7 2
242 233
1 4 2
262 179
1 13 2
66 612
1 8 2
286 655
1 13 2
649 353
1 12 2
646 665
1 4 2
276 591
1 4 2
54 362
1 6 2
545 716
1 2 2
156 367
1 11 2
749 45
1 11 2
130 222
1 2 2
427 677
1 7 2
50 4
1 3 2
53 645
1 9 2
84 634
1 3 2
727 154
1 7 2
711 767
1 3 2
157 579
1 13 2
384 408
1 15 2
363 186
1 15 2
126 637
1 5 2
361 791
1 10 2
188 200
1 5 2
296 460
1 8 2
344 715
1 7 2
712 525
1 5 2
39 275
1 8 2
749 8
1 9 2
384 553
1 2 2
613 230
1 7 2
45 57
1 2 2
514 206
1 10 2
285 783
1 3 2
227 722
1 2 2
573 448
1 15 2
696 782
1 3 2
117 692
1 7 2
136 746
1 9 2
422 205
1 3 2
280 785
1 14 2
540 541
1 12 2
86 78
1 15 2
78 643
1 10 2
690 173
1 12 2
454 446
1 13 2
66 386
1 6 2
230 796
1 13 2
603 320
1 14 2
62 30
1 10 2
170 356
1 11 2
604 760
1 12 2
702 243
1 15 2
783 581
1 5 2
218 34
1 8 2
167 92
1 12 2
533 357
1 9 2
212 355
1 12 2
659 315
1 14 2
149 529
1 10 2
190 164
1 15 2
549 271
1 10 2
602 107
1 2 2
85 535
1 5 2
189 323
1 15 2
103 592
1 2 2
338 361
1 9 2
620 217
1 8 2
161 249
1 7 2
524 299
1 5 2
271 118
1 12 2
709 58
1 7 2
647 51
1 11 2
332 734
1 4 2
432 411
1 9 2
793 276
1 6 2
210 487
1 2 2
624 425
1 4 2
442 760
1 2 2
564 48
1 10 2
300 215
1 9 2
768 547
1 10 2
490 65
1 12 2
91 271
1 13 2
596 134
1 11 2
277 324
1 11 2
700 170
1 8 2
712 451
1 5 2
448 25
1 3 2
428 454
1 13 2
574 783
1 6 2
388 488
1 10 2
419 489
1 10 2
522 361
1 3 2
231 434
1 12 2
339 542
1 15 2
297 597
1 4 2
723 394
1 12 2
335 106
1 9 2
13 501
1 12 2
629 605
1 13 2
671 63
1 3 2
0 224
1 7 2
234 136
1 9 2
257 409
1 7 2
782 351
1 4 2
109 220
1 13 2
292 61
1 13 2
54 692
1 8 2
167 305
1 10 2
364 224
1 6 2
382 186
1 3 2
338 280
1 6 2
224 138
1 14 2
574 600
1 2 2
390 261
1 10 2
631 461
1 11 2
125 795
1 2 2
131 657
1 5 2
719 464
1 10 2
637 405
1 3 2
703 183
1 6 2
565 433
1 7 2
152 273
1 11 2
93 501
1 5 2
653 68
1 11 2
98 168
1 8 2
523 531
1 14 2
554 174
1 12 2
6 449
1 10 2
287 694
1 4 2
52 286
1 11 2
618 307
1 4 2
234 542
1 9 2
411 290
1 4 2
568 563
1 7 2
86 500
1 8 2
712 305
1 3 2
527 764
1 13 2
483 683
1 8 2
392 727
1 7 2
666 40
1 3 2
174 781
1 4 2
392 391
1 14 2
376 558
1 10 2
516 736
1 9 2
532 118
1 6 2
204 770
1 7 2
466 154
1 8 2
675 456
1 12 2
639 127
1 2 2
464 3
1 12 2
88 357
1 4 2
598 342
1 8 2
139 534
1 15 2
112 358
1 6 2
429 255
1 11 2
516 454
1 10 2
446 326
1 4 2
469 644
1 6 2
258 553
1 12 2
445 769
1 11 2
105 463
1 14 2
186 432
1 2 2
152 120
1 2 2
466 23
1 11 2
316 763
1 5 2
9 325
1 15 2
334 510
1 4 2
341 316
1 8 2
573 697
1 6 2
626 369
1 5 2
766 602
1 14 2
377 380
1 13 2
130 281
1 8 2
289 648
1 8 2
352 623
1 2 2
494 517
1 2 2
548 367
1 6 2
777 355
1 13 2
550 320
1 2 2
431 33
1 12 2
589 361
1 2 2
210 287
1 5 2
415 435
1 6 2
232 281
1 2 2
492 604
1 5 2
429 109
1 15 2
566 238
1 14 2
530 641
1 7 2
702 510
1 9 2
203 17
1 9 2
663 776
1 5 2
123 155
1 11 2
559 788
1 9 2
757 90
1 2 2
572 686
1 12 2
506 606
1 2 2
255 195
1 14 2
152 477
1 11 2
570 698
1 5 2
255 24
1 5 2
153 122
1 8 2
599 178
1 14 2
743 767
1 9 2
229 774
1 3 2
137 256
1 12 2
361 367
1 10 2
245 421
1 12 2
435 311
1 9 2
115 482
1 14 2
5 705
1 4 2
184 42
1 14 2
268 778
1 12 2
331 110
1 6 2
477 113
1 3 2
602 456
1 9 2
610 92
1 2 2
402 117
1 9 2
265 706
1 3 2
654 29
1 7 2
633 434
1 3 2
652 402
1 8 2
618 686
1 8 2
556 137
1 14 2
646 330
1 10 2
254 1
1 3 2
439 359
1 8 2
799 198
1 15 2
393 248
1 6 2
765 349
1 3 2
253 605
1 15 2
430 270
1 2 2
756 276
1 2 2
312 392
1 9 2
625 618
1 5 2
57 301
1 6 2
470 669
1 8 2
27 708
1 7 2
317 7
1 4 2
210 111
1 13 2
716 452
1 4 2
629 7
1 7 2
173 501
1 13 2
587 118
1 8 2
221 539
1 4 2
510 140
1 7 2
626 785
1 2 2
706 177
1 2 2
117 797
1 14 2
232 135
1 15 2
729 318
1 15 2
217 48
1 10 2
641 216
1 12 2
685 90
1 13 2
724 20
1 13 2
274 187
1 12 2
701 154
1 7 2
420 551
1 15 2
120 609
1 6 2
136 693
1 2 2
294 335
1 12 2
518 797
1 15 2
253 686
1 14 2
757 236
1 3 2
384 258
1 15 2
210 199
1 7 2
31 272
1 7 2
557 616
1 5 2
674 745
1 2 2
529 784
1 12 2
132 787
1 4 2
447 633
1 8 2
288 208
1 3 2
278 74
1 11 2
113 539
1 5 2
696 4
1 15 2
189 792
1 12 2
193 160
1 10 2
153 522
1 7 2
257 723
1 3 2
684 13
1 12 2
247 134
1 12 2
630 1
1 15 2
96 729
1 14 2
75 316
1 10 2
110 12
1 15 2
578 582
1 7 2
596 80
1 7 2
488 537
1 9 2
224 171
1 15 2
20 559
1 9 2
630 562
1 12 2
739 711
1 7 2
731 787
1 5 2
774 253
1 3 2
681 167
1 3 2
526 671
1 15 2
659 630
1 6 2
446 717
1 6 2
287 353
1 2 2
560 707
1 15 2
395 204
1 14 2
328 705
1 9 2
123 423
1 9 2
664 97
1 3 2
201 584
1 15 2
272 63
1 8 2
676 620
1 2 2
643 604
1 7 2
364 471
1 6 2
271 403
1 4 2
314 493
1 12 2
395 98
1 13 2
367 582
1 8 2
370 633
1 2 2
488 517
1 11 2
279 735
1 2 2
490 150
1 12 2
708 105
1 12 2
662 136
1 5 2
126 756
1 11 2
227 781
1 6 2
622 518
1 9 2
524 573
1 5 2
33 642
1 8 2
761 196
1 15 2
14 286
1 9 2
53 94
1 7 2
363 297
1 6 2
387 419
1 11 2
26 588
1 2 2
302 284
1 3 2
731 335
1 12 2
727 61
1 11 2
538 209
1 2 2
376 780
1 14 2
141 659
1 7 2
635 767
1 5 2
318 646
1 15 2
769 613
1 15 2
495 289
1 8 2
72 720
1 4 2
86 467
1 6 2
437 94
1 13 2
659 420
1 4 2
578 215
1 15 2
567 210
1 5 2
596 325
1 9 2
343 758
1 6 2
774 168
1 6 2
768 287
1 12 2
637 486
1 2 2
489 506
1 4 2
371 597
1 7 2
399 452
1 6 2
244 151
1 15 2
91 172
1 4 2
621 353
1 8 2
255 199
1 11 2
721 794
1 2 2
123 275
1 4 2
588 231
1 8 2
145 765
1 7 2
374 771
1 8 2
616 710
1 6 2
495 456
1 8 2
11 789
1 10 2
515 202
1 5 2
297 633
1 2 2
174 704
1 7 2
629 480
1 9 2
781 695
1 12 2
560 295
1 8 2
44 62
1 10 2
99 290
1 5 2
422 75
1 11 2
580 150
1 4 2
84 397
1 5 2
326 682
1 9 2
29 609
1 10 2
470 4
1 8 2
347 420
1 15 2
41 379
1 6 2
799 226
1 7 2
419 483
1 5 2
592 208
1 3 2
8 488
1 15 2
85 544
1 6 2
161 74
1 2 2
76 549
1 15 2
331 488
1 10 2
400 601
1 5 2
569 676
1 13 2
651 147
1 14 2
783 667
1 11 2
388 579
1 14 2
317 136
1 12 2
326 243
1 8 2
550 193
1 13 2
297 656
1 9 2
484 650
1 2 2
140 399
1 14 2
552 544
1 3 2
59 446
1 10 2
128 87
1 9 2
465 247
1 11 2
653 89
1 6 2
637 707
1 15 2
354 28
1 11 2
627 117
1 10 2
691 377
1 14 2
130 714
1 8 2
424 769
1 12 2
582 567
1 7 2
141 502
1 15 2
198 140
1 5 2
762 2
1 10 2
438 605
1 2 2
738 691
1 6 2
336 63
1 10 2
122 248
1 9 2
453 773
1 3 2
758 283
1 10 2
688 659
1 15 2
632 566
1 3 2
302 758
1 5 2
50 305
1 9 2
75 179
1 3 2
577 733
1 8 2
19 657
1 11 2
523 316
1 10 2
796 322
1 6 2
166 587
1 13 2
460 325
1 14 2
731 93
1 12 2
608 495
1 10 2
233 70
1 14 2
210 601
1 3 2
548 103
1 12 2
796 266
1 7 2
14 153
1 4 2
502 775
1 12 2
121 280
1 13 2
753 130
1 14 2
665 265
1 5 2
368 578
1 15 2
110 483
1 10 2
155 490
1 14 2
555 309
1 15 2
23 692
1 11 2
615 507
1 9 2
421 403
1 10 2
571 6
1 10 2
13 210
1 15 2
746 451
1 4 2
479 379
1 2 2
783 670
1 4 2
712 683
1 10 2
99 460
1 12 2
723 152
1 6 2
556 585
1 2 2
137 80
1 15 2
233 594
1 4 2
530 161
1 8 2
600 252
1 2 2
189 652
1 3 2
516 230
1 10 2
271 70
1 2 2
163 561
1 10 2
294 372
1 12 2
758 168
1 6 2
720 403
1 10 2
13 736
1 5 2
89 635
1 14 2
393 788
1 13 2
698 224
1 8 2
474 235
1 12 2
393 223
1 13 2
586 309
1 3 2
422 169
1 15 2
715 112
1 7 2
217 110
1 2 2
618 394
1 2 2
726 734
1 13 2
608 296
1 14 2
771 598
1 4 2
633 787
1 5 2
734 501
1 9 2
626 357
1 4 2
46 27
1 5 2
679 304
1 9 2
217 161
1 3 2
578 599
1 11 2
154 208
1 4 2
169 62
1 3 2
746 607
1 5 2
317 598
1 14 2
1 116
1 13 2
626 562
1 3 2
292 414
1 10 2
175 497
1 12 2
213 748
1 7 2
42 297
1 12 2
544 762
1 14 2
500 344
1 11 2
508 402
1 4 2
310 148
1 2 2
68 2
1 7 2
708 384
1 3 2
665 716
1 13 2
148 751
1 4 2
529 283
1 8 2
583 351
1 4 2
195 584
1 5 2
26 79
1 12 2
21 232
1 3 2
590 659
1 13 2
207 371
1 7 2
501 615
1 3 2
763 19
1 8 2
172 100
1 8 2
164 332
1 9 2
683 501
1 8 2
606 510
1 6 2
750 347
1 6 2
569 738
1 9 2
703 104
1 7 2
82 152
1 9 2
615 763
1 15 2
663 667
1 5 2
412 517
1 15 2
312 408
1 11 2
705 221
1 12 2
380 745
1 11 2
290 505
1 13 2
189 421
1 4 2
187 479
1 6 2
743 555
1 11 2
173 723
1 7 2
170 729
1 14 2
256 337
1 7 2
284 697
1 9 2
47 246
1 11 2
563 419
1 11 2
273 97
1 6 2
599 457
1 5 2
717 590
1 15 2
239 94
1 13 2
287 308
1 9 2
741 393
1 14 2
39 218
1 2 2
250 534
1 2 2
631 67
1 6 2
353 186
1 12 2
443 2
1 12 2
136 799
1 11 2
628 474
1 14 2
418 545
1 8 2
331 768
1 8 2
658 767
1 11 2
56 222
1 5 2
302 728
1 4 2
202 130
1 6 2
677 170
1 12 2
297 115
1 7 2
212 719
1 3 2
62 294
1 9 2
380 250
1 8 2
33 158
1 5 2
68 414
1 7 2
440 218
1 10 2
591 517
1 9 2
671 460
1 12 2
262 401
1 7 2
561 337
1 6 2
750 27
1 4 2
103 720
1 7 2
723 304
1 13 2
0 160
1 13 2
119 77
1 3 2
534 92
1 4 2
628 293
1 6 2
59 238
1 12 2
281 297
1 11 2
455 370
1 10 2
209 704
1 15 2
792 242
1 13 2
729 305
1 12 2
78 188
1 5 2
45 69
1 7 2
161 563
1 10 2
434 612
1 5 2
542 219
1 10 2
190 699
1 7 2
659 123
1 7 2
720 670
1 11 2
114 745
1 13 2
539 631
1 7 2
384 93
1 11 2
110 103
1 8 2
471 97
1 11 2
505 517
1 9 2
725 204
1 10 2
290 759
1 15 2
16 287
1 13 2
272 438
1 10 2
415 436
1 6 2
224 428
1 5 2
133 226
1 4 2
603 43
1 3 2
565 591
1 12 2
339 307
1 10 2
518 181
1 3 2
68 105
1 15 2
680 516
1 4 2
540 799
1 5 2
641 13
1 14 2
723 65
1 8 2
140 146
1 8 2
189 612
1 2 2
504 418
1 2 2
553 433
1 10 2
579 643
1 8 2
398 690
1 13 2
19 191
1 11 2
347 63
1 14 2
622 366
1 7 2
737 548
1 14 2
663 699
1 6 2
793 165
1 4 2
338 785
1 5 2
428 628
1 9 2
493 544
1 13 2
151 15
1 3 2
68 331
1 8 2
601 234
1 7 2
222 608
1 2 2
147 65
1 4 2
562 503
1 2 2
362 549
1 4 2
276 336
1 6 2
505 96
1 12 2
482 96
1 11 2
14 373
1 13 2
447 272
1 7 2
602 398
1 10 2
788 289
1 3 2
408 220
1 8 2
341 94
1 8 2
777 661
1 8 2
791 573
1 3 2
799 218
1 15 2
7 490
1 11 2
549 577
1 8 2
60 287
1 14 2
60 456
1 15 2
230 357
1 9 2
447 565
1 7 2
226 566
1 4 2
71 188
1 12 2
298 541
1 8 2
146 93
1 8 2
612 397
1 8 2
618 231
1 4 2
215 768
1 7 2
756 196
1 3 2
575 288
1 8 2
223 368
1 8 2
638 25
1 4 2
77 474
1 3 2
545 519
1 4 2
491 274
1 5 2
2 796
1 11 2
200 424
1 8 2
700 671
1 15 2
84 737
1 8 2
352 769
1 13 2
140 62
1 6 2
459 688
1 13 2
730 129
1 9 2
152 349
1 13 2
86 130
1 15 2
144 291
1 3 2
26 553
1 12 2
250 387
1 15 2
22 585
1 11 2
117 295
1 10 2
673 622
1 13 2
157 505
1 3 2
542 224
1 8 2
231 215
1 7 2
131 296
1 12 2
73 158
1 14 2
729 681
1 6 2
761 75
1 15 2
665 629
1 5 2
489 15
1 11 2
167 699
1 3 2
541 721
1 4 2
175 374
1 13 2
369 772
1 3 2
360 8
1 8 2
693 40
1 7 2
318 402
1 8 2
406 206
1 9 2
322 764
1 13 2
765 569
1 14 2
18 622
1 10 2
313 155
1 10 2
45 53
1 10 2
488 155
1 9 2
560 40
1 2 2
782 180
1 5 2
250 179
1 11 2
56 367
1 5 2
64 99
1 12 2
664 568
1 3 2
38 669
1 6 2
358 403
1 7 2
200 701
1 9 2
32 688
1 2 2
127 48
1 5 2
332 358
1 15 2
62 502
1 15 2
323 731
1 4 2
318 368
1 8 2
514 547
1 11 2
472 466
1 12 2
564 42
1 5 2
709 308
1 6 2
620 611
1 11 2
9 192
1 5 2
431 465
1 5 2
703 461
1 8 2
73 775
1 7 2
194 297
1 8 2
71 154
1 8 2
599 10
1 10 2
631 683
1 12 2
596 307
1 10 2
766 105
1 6 2
680 290
1 2 2
606 723
1 12 2
565 699
1 8 2
630 569
1 2 2
771 543
1 14 2
429 484
1 7 2
365 338
1 8 2
127 255
1 11 2
295 532
1 8 2
253 530
1 4 2
480 539
1 14 2
762 696
1 8 2
113 378
1 7 2
648 130
1 12 2
605 379
1 8 2
303 512
1 3 2
638 327
1 14 2
474 600
1 12 2
191 163
1 10 2
750 475
1 9 2
124 135
1 14 2
778 322
1 7 2
25 245
1 2 2
562 197
1 12 2
640 61
1 10 2
233 1
1 6 2
385 173
1 12 2
109 274
1 6 2
319 31
1 10 2
228 602
1 7 2
451 621
1 11 2
518 370
1 8 2
735 335
1 3 2
564 429
1 6 2
702 726
1 4 2
252 554
1 4 2
385 238
1 8 2
265 227
1 4 2
754 398
1 14 2
410 375
1 8 2
549 42
1 5 2
154 770
1 2 2
164 374
1 4 2
680 166
1 7 2
231 484
1 10 2
75 384
1 15 2
244 361
1 11 2
262 799
1 10 2
313 255
1 14 2
751 514
1 10 2
177 267
1 9 2
187 588
1 7 2
645 169
1 8 2
792 317
1 14 2
723 182
1 2 2
358 453
1 3 2
103 86
1 2 2
730 590
1 14 2
412 501
1 9 2
592 340
1 4 2
738 789
1 8 2
650 542
1 14 2
761 481
1 8 2
377 386
1 4 2
555 479
1 6 2
591 773
1 2 2
225 212
1 3 2
262 776
1 12 2
583 106
1 12 2
109 362
1 15 2
430 407
1 4 2
641 200
1 7 2
315 695
1 6 2
51 312
1 4 2
381 507
1 13 2
796 40
1 12 2
472 32
1 8 2
739 750
1 9 2
633 728
1 2 2
328 256
1 5 2
262 163
1 12 2
217 442
1 6 2
400 501
1 12 2
587 432
1 8 2
24 246
1 7 2
512 188
1 2 2
681 606
1 10 2
101 106
1 8 2
15 66
1 15 2
435 279
1 11 2
318 21
1 10 2
56 295
1 6 2
261 530
1 7 2
633 272
1 9 2
531 418
1 15 2
145 100
1 3 2
424 537
1 12 2
263 770
1 8 2
146 217
1 7 2
462 661
1 12 2
596 562
1 4 2
396 314
1 8 2
799 145
1 8 2
342 599
1 7 2
230 771
1 13 2
128 751
1 2 2
79 103
1 7 2
470 609
1 12 2
36 247
1 6 2
126 783
1 3 2
558 201
1 15 2
41 506
1 10 2
208 495
1 11 2
260 489
1 13 2
238 554
1 10 2
662 488
1 15 2
25 400
1 15 2
444 65
1 6 2
41 218
1 11 2
673 259
1 5 2
610 310
1 11 2
545 121
1 15 2
633 297
1 10 2
624 221
1 8 2
787 704
1 8 2
614 247
1 14 2
131 513
1 4 2
424 739
1 3 2
486 216
1 9 2
395 656
1 5 2
706 482
1 14 2
369 418
1 4 2
775 180
1 10 2
93 683
1 8 2
725 116
1 8 2
188 434
1 15 2
89 739
1 3 2
582 376
1 2 2
557 717
1 5 2
718 187
1 13 2
722 91
1 10 2
658 230
1 13 2
443 578
1 15 2
738 483
1 2 2
629 652
1 7 2
230 779
1 7 2
432 531
1 15 2
207 91
1 6 2
215 316
1 12 2
286 333
1 11 2
555 360
1 8 2
455 450
1 9 2
247 778
1 11 2
671 559
1 13 2
572 279
1 8 2
368 614
1 6 2
250 344
1 13 2
636 36
1 10 2
9 776
1 15 2
84 493
1 11 2
778 739
1 2 2
242 450
1 14 2
401 265
1 6 2
175 652
1 12 2
414 701
1 2 2
152 703
1 9 2
627 176
1 14 2
539 399
1 9 2
393 779
1 14 2
36 619
1 2 2
292 335
1 11 2
341 425
1 11 2
354 256
1 15 2
745 240
1 3 2
189 126
1 3 2
521 782
1 13 2
441 292
1 3 2
229 731
1 14 2
89 702
1 4 2
730 265
1 3 2
791 401
1 5 2
187 662
1 5 2
236 295
1 6 2
326 472
1 2 2
558 36
1 3 2
605 13
1 2 2
640 328
1 15 2
284 720
1 5 2
764 295
1 10 2
197 348
1 14 2
115 597
1 7 2
724 750
1 5 2
279 486
1 5 2
203 639
1 14 2
388 419
1 15 2
495 144
1 15 2
391 450
1 4 2
568 160
1 2 2
777 722
1 3 2
154 773
1 6 2
112 590
1 13 2
284 123
1 13 2
313 360
1 12 2
198 562
1 2 2
636 220
1 11 2
730 342
1 14 2
153 117
1 14 2
491 7
1 6 2
227 81
1 9 2
577 261
1 13 2
339 385
1 14 2
60 213
1 15 2
645 683
1 10 2
444 213
1 7 2
165 300
1 13 2
149 173
1 6 2
333 603
1 11 2
40 371
1 2 2
257 459
1 9 2
612 607
1 13 2
725 328
1 15 2
214 512
1 4 2
191 563
1 14 2
773 502
1 13 2
41 522
1 8 2
458 110
1 2 2
215 663
1 11 2
386 418
1 3 2
438 44
1 5 2
580 795
1 5 2
116 771
1 10 2
198 556
1 14 2
141 152
1 7 2
547 796
1 13 2
446 788
1 9 2
108 111
1 15 2
750 419
1 4 2
586 130
1 12 2
30 301
1 6 2
276 26
1 12 2
418 164
1 7 2
41 189
1 11 2
18 578
1 13 2
404 788
1 14 2
564 138
1 11 2
210 317
1 5 2
291 698
1 12 2
199 428
1 2 2
5 558
1 9 2
439 488
1 15 2
735 581
1 8 2
464 360
1 5 2
451 475
1 7 2
360 370
1 9 2
396 770
1 7 2
556 145
1 2 2
470 274
1 14 2
340 527
1 8 2
336 198
1 13 2
411 656
1 4 2
249 194
1 9 2
478 683
1 8 2
64 314
1 7 2
743 527
1 13 2
535 100
1 12 2
305 179
1 4 2
366 480
1 4 2
697 1
1 9 2
117 246
1 13 2
19 200
1 7 2
234 113
1 3 2
304 671
1 7 2
391 538
1 6 2
589 120
1 9 2
591 397
1 6 2
264 380
1 11 2
9 686
1 2 2
430 729
1 6 2
54 386
1 8 2
453 503
1 13 2
344 663
1 3 2
676 261
1 12 2
438 2
1 11 2
549 308
1 14 2
774 180
1 2 2
724 376
1 15 2
435 559
1 2 2
243 760
1 2 2
477 544
1 5 2
701 274
1 14 2
553 249
1 3 2
447 24
1 8 2
446 440
1 9 2
115 320
1 11 2
472 553
1 8 2
202 641
1 9 2
433 597
1 10 2
683 151
1 13 2
228 71
1 10 2
411 173
1 6 2
130 220
1 7 2
111 534
1 9 2
294 172
1 15 2
258 398
1 11 2
563 755
1 9 2
130 111
1 6 2
230 354
1 3 2
123 236
1 5 2
135 94
1 12 2
378 566
1 6 2
123 464
1 8 2
142 744
1 3 2
7 528
1 10 2
707 276
1 14 2
328 254
1 4 2
208 408
1 9 2
351 641
1 2 2
125 453
1 6 2
129 763
1 15 2
622 470
1 11 2
389 632
1 15 2
308 80
1 14 2
422 702
1 8 2
559 100
1 3 2
278 115
1 15 2
301 544
1 2 2
265 678
1 11 2
633 168
1 8 2
442 51
1 2 2
615 617
1 11 2
586 127
1 15 2
673 435
1 7 2
219 453
1 9 2
431 131
1 2 2
277 799
1 9 2
278 646
1 9 2
535 701
1 15 2
27 644
1 6 2
724 573
1 6 2
406 152
1 5 2
144 553
1 14 2
574 720
1 10 2
6 74
1 13 2
424 604
1 15 2
63 789
1 2 2
360 277
1 13 2
41 712
1 3 2
195 269
1 12 2
268 469
1 8 2
93 104
1 5 2
137 215
1 5 2
524 521
1 14 2
428 225
1 3 2
372 11
1 13 2
165 510
1 7 2
752 55
1 4 2
619 713
1 14 2
660 448
1 5 2
60 320
1 15 2
400 373
1 3 2
402 459
1 9 2
156 600
1 7 2
476 92
1 13 2
118 285
1 11 2
602 185
1 5 2
606 2
1 7 2
762 645
1 12 2
438 394
1 8 2
319 151
1 9 2
424 682
1 2 2
546 322
1 8 2
386 794
1 12 2
569 622
1 9 2
562 332
1 15 2
764 292
1 13 2
246 348
1 9 2
798 287
1 7 2
536 484
1 7 2
342 255
1 10 2
502 550
1 15 2
536 541
1 13 2
797 628
1 9 2
542 490
1 13 2
9 576
1 2 2
681 210
1 14 2
715 370
1 5 2
620 548
1 5 2
730 593
1 3 2
31 569
1 3 2
379 268
1 11 2
430 205
1 15 2
228 388
1 5 2
209 664
1 9 2
509 659
1 11 2
164 144
1 12 2
109 197
1 8 2
223 261
1 15 2
400 735
1 12 2
619 671
1 4 2
105 561
1 11 2
628 129
1 11 2
286 93
1 2 2
340 37
1 3 2
473 398
1 9 2
407 744
1 5 2
29 739
1 8 2
236 204
1 13 2
512 288
1 8 2
520 39
1 11 2
36 787
1 15 2
383 502
1 14 2
256 51
1 6 2
512 554
1 7 2
396 312
1 3 2
272 96
1 6 2
788 279
1 14 2
375 567
1 14 2
461 384
1 7 2
543 505
1 11 2
456 480
1 6 2
789 454
1 3 2
664 297
1 9 2
670 235
1 4 2
127 108
1 11 2
208 465
1 8 2
703 757
1 2 2
33 182
1 6 2
788 74
1 9 2
626 367
1 10 2
170 216
1 15 2
170 533
1 2 2
756 343
1 13 2
53 20
1 13 2
48 422
1 9 2
529 156
1 15 2
602 575
1 3 2
699 440
1 10 2
646 551
1 5 2
676 21
1 14 2
561 598
1 12 2
193 16
1 3 2
3 55
1 13 2
502 67
1 5 2
262 463
1 6 2
4 76
1 13 2
257 790
1 6 2
48 662
1 5 2
277 590
1 3 2
254 33
1 11 2
392 456
1 15 2
322 233
1 3 2
723 610
1 8 2
61 402
1 8 2
234 699
1 2 2
79 394
1 15 2
467 401
1 7 2
74 265
1 10 2
309 298
1 6 2
504 460
1 6 2
165 317
1 3 2
453 113
1 7 2
721 84
1 9 2
72 603
1 5 2
585 4
1 2 2
503 665
1 4 2
239 784
1 9 2
343 748
1 3 2
627 446
1 8 2
265 652
1 6 2
279 733
1 11 2
672 342
1 6 2
258 644
1 11 2
97 767
1 3 2
608 740
1 7 2
46 29
1 5 2
515 460
1 9 2
62 327
1 12 2
561 217
1 2 2
165 615
1 8 2
276 620
1 8 2
11 709
1 5 2
313 233
1 7 2
713 357
1 9 2
306 424
1 2 2
573 357
1 5 2
1 240
1 12 2
669 448
1 7 2
309 98
1 12 2
449 189
1 8 2
656 95
1 5 2
132 662
1 9 2
732 176
1 6 2
327 461
1 11 2
602 3
1 14 2
414 627
1 4 2
381 602
1 14 2
747 537
1 6 2
61 169
1 14 2
614 720
1 6 2
412 127
1 15 2
435 542
1 9 2
135 495
1 9 2
128 550
1 15 2
3 591
1 8 2
382 480
1 3 2
578 618
1 2 2
249 513
1 4 2
163 504
1 14 2
558 763
1 14 2
198 564
1 3 2
10 423
1 5 2
351 532
1 7 2
553 207
1 12 2
167 747
1 7 2
118 455
1 9 2
681 519
1 12 2
638 235
1 3 2
404 107
1 2 2
709 59
1 3 2
0 357
1 14 2
430 404
1 9 2
234 766
1 7 2
725 512
1 3 2
333 610
1 9 2
460 481
1 2 2
378 642
1 9 2
679 702
1 10 2
147 481
1 3 2
106 374
1 15 2
445 676
1 9 2
778 688
1 7 2
258 764
1 4 2
231 533
1 3 2
293 296
1 15 2
212 342
1 10 2
556 499
1 5 2
662 716
1 9 2
247 73
1 15 2
437 623
1 10 2
718 228
1 7 2
117 126
1 10 2
433 257
1 3 2
751 621
1 11 2
260 786
1 6 2
68 604
1 11 2
276 563
1 6 2
755 263
1 13 2
343 421
1 9 2
151 687
1 12 2
393 136
1 13 2
65 490
1 2 2
90 665
1 9 2
682 509
1 6 2
318 718
1 5 2
684 554
1 5 2
721 625
1 4 2
134 256
1 10 2
772 395
1 7 2
99 433
1 9 2
368 444
1 14 2
351 392
1 12 2
262 780
1 14 2
660 41
1 12 2
721 506
1 11 2
626 360
1 15 2
781 362
1 13 2
179 267
1 9 2
703 324
1 15 2
351 204
1 2 2
143 791
1 4 2
465 214
1 15 2
481 227
1 12 2
312 395
1 15 2
29 524
1 12 2
330 446
1 11 2
86 748
1 9 2
582 234
1 10 2
447 257
1 5 2
78 729
1 14 2
692 666
1 8 2
672 284
1 6 2
133 446
1 15 2
288 569
1 11 2
194 633
1 3 2
261 764
1 15 2
763 536
1 8 2
595 350
1 12 2
695 350
1 2 2
450 408
1 7 2
18 225
1 10 2
389 454
1 10 2
715 450
1 11 2
84 326
1 10 2
82 270
1 9 2
665 675
1 3 2
472 292
1 4 2
593 397
1 5 2
301 521
1 13 2
73 670
1 8 2
797 534
1 11 2
307 379
1 6 2
622 52
1 13 2
555 375
1 14 2
719 502
1 4 2
529 217
1 3 2
787 163
1 10 2
241 343
1 13 2
0 166
1 6 2
567 793
1 9 2
585 28
1 5 2
289 212
1 15 2
225 182
1 5 2
625 271
1 10 2
736 189
1 2 2
118 98
1 15 2
602 160
1 3 2
488 690
1 15 2
124 434
1 14 2
506 756
1 8 2
629 739
1 15 2
265 46
1 5 2
467 439
1 4 2
773 350
1 2 2
520 605
1 9 2
742 45
1 11 2
166 422
1 8 2
197 621
1 3 2
362 670
1 10 2
272 554
1 11 2
577 601
1 8 2
108 166
1 8 2
354 405
1 10 2
566 297
1 3 2
246 461
1 7 2
284 791
1 3 2
563 236
1 11 2
724 7
1 6 2
715 426
1 14 2
769 164
1 14 2
775 119
1 2 2
517 26
1 6 2
202 141
1 4 2
493 545
1 7 2
358 307
1 9 2
261 232
1 9 2
789 299
1 6 2
389 697
1 13 2
505 560
1 11 2
344 249
1 15 2
184 261
1 10 2
537 454
1 13 2
749 205
1 3 2
47 77
1 12 2
657 214
1 4 2
247 349
1 13 2
35 307
1 11 2
205 157
1 8 2
100 407
1 12 2
495 20
1 11 2
626 676
1 11 2
762 159
1 6 2
773 755
1 9 2
407 47
1 2 2
82 490
1 10 2
176 78
1 5 2
303 138
1 2 2
633 269
1 11 2
654 118
1 15 2
675 488
1 7 2
796 709
1 6 2
313 103
1 14 2
242 485
1 14 2
559 431
1 7 2
245 307
1 13 2
239 117
1 10 2
695 751
1 5 2
646 657
1 2 2
274 378
1 14 2
82 177
1 14 2
131 226
1 2 2
468 272
1 5 2
281 174
1 14 2
763 463
1 15 2
189 432
1 7 2
704 339
1 2 2
9 603
1 14 2
725 477
1 11 2
319 183
1 14 2
257 189
1 6 2
335 253
1 9 2
324 363
1 4 2
168 344
1 13 2
159 229
1 12 2
392 445
1 3 2
236 146
1 7 2
551 159
1 10 2
92 359
1 15 2
135 57
1 3 2
635 16
1 4 2
95 227
1 6 2
685 361
1 8 2
441 693
1 3 2
705 786
1 7 2
651 67
1 12 2
382 759
1 10 2
70 611
1 7 2
354 458
1 14 2
747 304
1 8 2
653 768
1 2 2
92 719
1 7 2
192 176
1 6 2
433 612
1 7 2
324 399
1 7 2
605 593
1 5 2
217 576
1 15 2
720 485
1 12 2
110 134
1 5 2
348 44
1 15 2
443 303
1 7 2
599 180
1 4 2
204 475
1 7 2
797 59
1 11 2
348 443
1 10 2
612 358
1 12 2
562 585
1 4 2
676 439
1 3 2
717 626
1 10 2
90 756
1 14 2
201 430
1 11 2
626 454
1 5 2
189 130
1 5 2
303 384
1 10 2
433 733
1 11 2
471 641
1 14 2
348 182
1 3 2
508 484
1 15 2
272 385
1 13 2
684 283
1 5 2
183 366
1 2 2
450 699
1 15 2
544 486
1 6 2
336 321
1 3 2
435 647
1 3 2
480 571
1 9 2
244 299
1 4 2
401 713
1 13 2
397 15
1 15 2
484 740
1 15 2
557 473
1 15 2
435 314
1 7 2
117 141
1 6 2
721 750
1 7 2
540 455
1 5 2
337 96
1 12 2
717 233
1 9 2
560 168
1 2 2
396 687
1 7 2
510 271
1 6 2
142 468
1 6 2
87 170
1 11 2
555 124
1 15 2
392 212
1 6 2
428 408
1 6 2
414 265
1 14 2
113 741
1 14 2
268 671
1 2 2
704 309
1 11 2
745 317
1 7 2
272 224
1 4 2
113 371
1 13 2
2 84
1 5 2
761 752
1 14 2
13 442
1 5 2
558 515
1 11 2
738 726
1 9 2
304 525
1 6 2
631 222
1 9 2
490 694
1 6 2
778 639
1 10 2
706 732
1 9 2
192 135
1 7 2
40 540
1 9 2
396 557
1 12 2
536 713
1 13 2
86 145
1 2 2
626 44
1 8 2
619 657
1 3 2
439 542
1 13 2
404 171
1 14 2
150 502
1 2 2
389 541
1 7 2
530 318
1 15 2
476 265
1 13 2
359 546
1 15 2
123 268
1 8 2
59 682
1 6 2
638 490
1 11 2
7 622
1 2 2
778 368
1 10 2
243 586
1 9 2
123 59
1 12 2
155 183
1 10 2
60 605
1 8 2
345 206
1 5 2
168 478
1 4 2
171 329
1 15 2
454 367
1 2 2
389 725
1 13 2
506 191
1 6 2
647 131
1 12 2
171 183
1 3 2
161 28
1 9 2
250 537
1 5 2
164 169
1 15 2
256 643
1 11 2
371 580
1 5 2
159 554
1 7 2
387 172
1 3 2
123 569
1 15 2
446 748
1 12 2
340 408
1 4 2
357 195
1 15 2
209 442
1 2 2
258 496
1 12 2
366 199
1 10 2
380 487
1 4 2
738 455
1 12 2
365 146
1 11 2
61 248
1 13 2
227 490
1 2 2
232 753
1 9 2
739 777
1 15 2
687 17
1 10 2
376 97
1 12 2
496 502
1 15 2
310 464
1 12 2
515 33
1 4 2
638 769
1 10 2
292 710
1 2 2
223 3
1 2 2
718 155
1 14 2
408 658
1 14 2
463 278
1 14 2
691 15
1 5 2
152 514
1 13 2
498 186
1 2 2
709 39
1 15 2
176 412
1 4 2
438 725
1 14 2
765 174
1 14 2
558 513
1 3 2
705 512
1 6 2
222 740
1 12 2
80 366
1 6 2
26 768
1 14 2
556 87
1 10 2
6 404
1 10 2
622 65
1 4 2
454 250
1 11 2
555 154
1 2 2
644 166
1 12 2
508 293
1 14 2
728 138
1 2 2
152 157
1 13 2
343 655
1 15 2
544 793
1 10 2
378 781
1 3 2
579 791
1 12 2
389 656
1 5 2
193 698
1 9 2
655 113
1 12 2
708 253
1 5 2
492 592
1 3 2
293 651
1 3 2
621 641
1 9 2
686 435
1 12 2
643 210
1 11 2
605 225
1 7 2
129 495
1 6 2
745 548
1 5 2
40 710
1 7 2
203 233
1 10 2
32 663
1 14 2
416 467
1 12 2
297 68
1 15 2
375 785
1 6 2
681 621
1 7 2
159 129
1 15 2
150 435
1 2 2
740 231
1 10 2
105 408
1 11 2
213 461
1 5 2
567 726
1 15 2
583 483
1 15 2
692 559
1 8 2
460 480
1 4 2
54 51
1 9 2
762 412
1 5 2
798 466
1 9 2
797 515
1 2 2
794 468
1 7 2
54 180
1 9 2
39 48
1 8 2
406 687
1 5 2
51 431
1 15 2
194 1
1 10 2
547 669
1 15 2
486 448
1 6 2
140 187
1 3 2
98 626
1 15 2
578 776
1 2 2
697 101
1 12 2
9 428
1 11 2
533 751
1 5 2
61 125
1 7 2
419 106
1 6 2
505 768
1 11 2
749 570
1 7 2
240 485
1 5 2
155 127
1 7 2
292 624
1 4 2
650 587
1 5 2
275 532
1 4 2
467 3
1 10 2
230 560
1 5 2
333 43
1 4 2
718 437
1 4 2
697 491
1 13 2
647 169
1 2 2
184 388
1 2 2
532 213
1 12 2
733 539
1 15 2
618 336
1 2 2
222 254
1 6 2
277 396
1 3 2
407 533
1 14 2
119 464
1 5 2
470 105
1 3 2
654 89
1 12 2
590 726
1 13 2
725 487
1 4 2
290 430
1 10 2
358 541
1 6 2
240 286
1 12 2
172 319
1 4 2
506 658
1 5 2
461 124
1 15 2
410 97
1 6 2
353 224
1 7 2
577 204
1 3 2
479 703
1 10 2
162 542
1 7 2
418 487
1 3 2
733 297
1 13 2
205 685
1 15 2
379 63
1 4 2
528 81
1 13 2
704 133
1 10 2
222 374
1 6 2
128 329
1 13 2
395 127
1 14 2
385 10
1 9 2
1 134
1 8 2
457 353
1 9 2
91 679
1 10 2
754 274
1 13 2
356 615
1 6 2
213 487
1 6 2
390 143
1 13 2
55 249
1 8 2
212 341
1 11 2
96 666
1 5 2
768 431
1 6 2
710 439
1 14 2
531 195
1 7 2
351 782
1 3 2
224 599
1 4 2
574 732
1 9 2
174 691
1 11 2
77 395
1 8 2
234 339
1 11 2
212 460
1 5 2
614 370
1 6 2
173 511
1 5 2
533 149
1 3 2
767 716
1 12 2
75 27
1 12 2
291 85
1 10 2
94 537
1 8 2
329 314
1 14 2
36 442
1 5 2
724 156
1 8 2
203 610
1 5 2
756 401
1 5 2
322 112
1 12 2
701 411
1 4 2
115 612
1 5 2
569 197
1 10 2
251 3
1 4 2
561 363
1 14 2
259 411
1 13 2
341 565
1 8 2
465 83
1 13 2
307 477
1 7 2
669 493
1 5 2
83 732
1 7 2
500 284
1 6 2
482 282
1 3 2
463 308
1 10 2
616 422
1 6 2
635 448
1 14 2
646 688
1 2 2
677 749
1 4 2
594 708
1 10 2
229 417
1 6 2
112 643
1 6 2
699 768
1 9 2
308 691
1 11 2
588 32
1 11 2
456 303
1 2 2
589 631
1 8 2
271 278
1 9 2
519 770
1 2 2
779 583
1 14 2
249 628
1 7 2
798 235
1 7 2
229 338
1 12 2
61 65
1 3 2
347 282
1 5 2
272 327
1 11 2
684 732
1 4 2
114 559
1 4 2
285 112
1 15 2
571 16
1 4 2
236 328
1 8 2
335 251
1 12 2
575 620
1 12 2
9 301
1 11 2
386 407
1 7 2
340 372
1 6 2
595 124
1 14 2
232 568
1 2 2
775 527
1 6 2
798 773
1 4 2
707 435
1 4 2
730 460
1 12 2
101 422
1 5 2
16 400
1 2 2
494 600
1 13 2
523 233
1 11 2
67 442
1 4 2
583 755
1 9 2
364 236
1 8 2
461 301
1 5 2
232 776
1 5 2
535 777
1 8 2
573 262
1 13 2
689 756
1 2 2
568 657
1 9 2
563 39
1 11 2
757 425
1 4 2
36 312
1 4 2
477 418
1 15 2
453 631
1 13 2
381 778
1 5 2
384 233
1 10 2
44 574
1 12 2
119 711
1 12 2
96 501
1 9 2
167 519
1 14 2
501 544
1 4 2
493 220
1 8 2
684 489
1 7 2
251 613
1 8 2
408 574
1 5 2
170 610
1 12 2
541 352
1 13 2
480 562
1 7 2
685 788
1 5 2
228 304
1 8 2
664 564
1 9 2
450 586
1 6 2
429 19
1 6 2
530 478
1 3 2
417 673
1 4 2
438 591
1 3 2
21 294
1 7 2
494 644
1 4 2
798 501
1 5 2
218 341
1 14 2
298 273
1 10 2
317 680
1 9 2
760 630
1 14 2
357 583
1 9 2
187 594
1 6 2
713 531
1 10 2
583 51
1 2 2
685 121
1 4 2
715 384
1 14 2
259 302
1 8 2
194 360
1 9 2
692 603
1 4 2
313 568
1 15 2
86 787
1 14 2
75 160
1 12 2
162 709
1 14 2
270 274
1 9 2
727 400
1 14 2
624 124
1 8 2
443 787
1 6 2
338 321
1 6 2
36 55
1 4 2
251 150
1 15 2
579 599
1 3 2
428 16
1 7 2
230 606
1 9 2
480 772
1 9 2
348 470
1 7 2
214 181
1 15 2
479 785
1 6 2
243 759
1 14 2
286 139
1 6 2
369 347
1 6 2
336 577
1 13 2
53 308
1 5 2
81 460
1 10 2
773 49
1 11 2
101 605
1 14 2
73 408
1 5 2
291 193
1 4 2
609 225
1 6 2
633 646
1 6 2
210 574
1 15 2
19 173
1 6 2
68 646
1 6 2
32 597
1 2 2
667 433
1 4 2
635 241
1 13 2
533 303
1 7 2
600 479
1 8 2
581 204
1 12 2
490 522
1 8 2
731 627
1 10 2
703 712
1 2 2
179 703
1 13 2
618 301
1 5 2
271 656
1 8 2
450 295
1 3 2
179 162
1 6 2
366 221
1 4 2
416 426
1 4 2
208 345
1 3 2
631 450
1 14 2
188 550
1 11 2
671 737
1 14 2
684 56
1 6 2
621 167
1 4 2
541 103
1 3 2
515 462
1 12 2
739 606
1 2 2
117 580
1 12 2
226 545
1 3 2
395 378
1 15 2
606 360
1 6 2
744 99
1 5 2
13 496
1 2 2
161 173
1 4 2
303 651
1 4 2
758 614
1 15 2
633 598
1 15 2
288 143
1 8 2
727 175
1 14 2
22 323
1 8 2
494 117
1 11 2
419 617
1 6 2
103 139
1 7 2
236 649
1 4 2
173 602
1 6 2
696 455
1 8 2
171 495
1 6 2
299 465
1 8 2
663 737
1 5 2
30 686
1 9 2
204 656
1 12 2
209 45
1 12 2
682 277
1 8 2
159 364
1 6 2
16 383
1 14 2
396 523
1 5 2
595 150
1 11 2
621 528
1 6 2
717 405
1 6 2
46 331
1 14 2
223 70
1 4 2
491 75
1 10 2
40 28
1 5 2
330 543
1 3 2
438 184
1 14 2
154 464
1 7 2
229 459
1 4 2
612 708
1 3 2
748 311
1 11 2
322 267
1 11 2
281 190
1 3 2
573 544
1 15 2
511 768
1 2 2
209 727
1 5 2
37 128
1 5 2
663 255
1 2 2
94 525
1 14 2
491 569
1 3 2
566 692
1 15 2
492 624
1 10 2
40 336
1 6 2
290 179
1 12 2
36 97
1 12 2
170 742
1 2 2
699 44
1 12 2
549 101
1 8 2
532 747
1 10 2
596 740
1 9 2
473 530
1 14 2
347 778
1 4 2
34 557
1 14 2
783 72
1 7 2
380 362
1 10 2
648 164
1 14 2
799 624
1 7 2
403 758
1 10 2
26 67
1 15 2
340 724
1 10 2
220 737
1 8 2
237 741
1 8 2
83 281
1 11 2
400 287
1 15 2
703 628
1 9 2
695 521
1 8 2
105 509
1 7 2
675 747
1 9 2
109 688
1 12 2
176 489
1 6 2
365 645
1 8 2
335 348
1 2 2
218 506
1 5 2
198 290
1 5 2
189 798
1 7 2
257 720
1 12 2
648 764
1 15 2
46 526
1 14 2
412 742
1 13 2
183 545
1 7 2
286 534
1 6 2
383 334
1 3 2
759 148
1 5 2
58 283
1 3 2
345 472
1 11 2
409 755
1 12 2
463 763
1 5 2
169 348
1 9 2
133 326
1 8 2
67 439
1 6 2
384 532
1 13 2
126 119
1 8 2
566 155
1 9 2
522 9
1 14 2
142 193
1 8 2
120 521
1 8 2
66 789
1 2 2
672 287
1 7 2
574 786
1 2 2
698 517
1 13 2
309 605
1 2 2
120 225
1 10 2
299 687
1 15 2
0 10
1 10 2
484 550
1 3 2
513 339
1 8 2
190 451
1 3 2
687 7
1 5 2
560 6
1 5 2
600 587
1 2 2
176 590
1 6 2
577 565
1 12 2
255 78
1 4 2
296 26
1 14 2
269 228
1 2 2
676 76
1 3 2
673 105
1 4 2
550 244
1 3 2
262 603
1 3 2
618 40
1 15 2
498 50
1 10 2
554 708
1 11 2
797 151
1 15 2
51 355
1 8 2
626 15
1 8 2
52 351
1 15 2
447 668
1 9 2
313 130
1 6 2
612 176
1 11 2
410 58
1 5 2
337 402
1 6 2
478 219
1 2 2
701 713
1 12 2
554 339
1 4 2
46 217
1 11 2
298 102
1 6 2
455 330
1 8 2
477 112
1 14 2
198 464
1 8 2
13 381
1 6 2
66 338
1 6 2
247 768
1 3 2
7 596
1 13 2
759 45
1 13 2
62 374
1 3 2
709 542
1 4 2
614 704
1 3 2
141 205
1 3 2
541 696
1 9 2
435 580
1 13 2
749 169
1 3 2
551 566
1 12 2
558 131
1 10 2
513 148
1 12 2
67 46
1 12 2
250 63
1 14 2
60 133
1 7 2
122 765
1 9 2
698 492
1 12 2
568 12
1 5 2
331 623
1 6 2
677 185
1 11 2
728 288
1 12 2
301 170
1 7 2
314 524
1 7 2
392 566
1 3 2
424 340
1 4 2
188 276
1 9 2
12 361
1 10 2
258 492
1 5 2
541 681
1 3 2
420 21
1 13 2
688 774
1 10 2
475 532
1 2 2
56 383
1 11 2
748 596
1 7 2
235 620
1 13 2
110 716
1 13 2
139 569
1 14 2
542 163
1 3 2
122 493
1 9 2
308 655
1 12 2
74 58
1 9 2
721 772
1 5 2
522 680
1 12 2
577 220
1 13 2
635 26
1 10 2
654 528
1 10 2
329 224
1 15 2
57 30
1 10 2
218 343
1 7 2
538 438
1 15 2
231 791
1 3 2
331 629
1 5 2
250 34
1 5 2
252 529
1 9 2
736 10
1 13 2
154 705
1 2 2
367 174
1 5 2
603 692
1 8 2
731 212
1 12 2
6 741
1 6 2
652 325
1 13 2
71 310
1 12 2
133 67
1 10 2
394 691
1 5 2
746 482
1 3 2
562 703
1 10 2
260 215
1 15 2
46 780
1 6 2
205 393
1 8 2
522 668
1 11 2
563 511
1 2 2
747 412
1 10 2
508 560
1 3 2
47 108
1 13 2
686 782
1 14 2
789 290
1 2 2
321 778
1 7 2
352 4
1 8 2
617 429
1 14 2
636 616
1 15 2
738 277
1 8 2
435 150
1 7 2
264 666
1 2 2
66 252
1 8 2
733 306
1 6 2
258 593
1 9 2
442 556
1 5 2
207 774
1 9 2
773 149
1 5 2
373 338
1 7 2
374 351
1 6 2
351 287
1 11 2
92 422
1 5 2
307 243
1 3 2
508 215
1 8 2
489 468
1 11 2
0 544
1 6 2
68 413
1 15 2
130 521
1 6 2
552 625
1 11 2
780 697
1 15 2
180 417
1 12 2
82 252
1 5 2
531 778
1 4 2
256 686
1 15 2
114 238
1 10 2
191 431
1 15 2
291 302
1 5 2
527 382
1 5 2
53 575
1 11 2
774 402
1 6 2
84 738
1 5 2
697 560
1 14 2
318 102
1 13 2
610 765
1 2 2
344 460
1 14 2
122 564
1 12 2
352 369
1 14 2
48 243
1 8 2
191 528
1 6 2
779 771
1 2 2
308 466
1 5 2
763 791
1 11 2
125 102
1 11 2
229 197
1 8 2
434 283
1 12 2
392 101
1 9 2
115 458
1 14 2
799 371
1 12 2
345 312
1 8 2
591 411
1 5 2
305 402
1 7 2
194 146
1 9 2
474 421
1 6 2
9 508
1 13 2
703 181
1 12 2
791 288
1 7 2
442 788
1 2 2
688 553
1 5 2
238 608
1 12 2
427 661
1 13 2
313 382
1 2 2
319 5
1 3 2
435 376
1 7 2
493 678
1 8 2
360 66
1 6 2
555 523
1 9 2
417 405
1 3 2
340 24
1 8 2
410 221
1 4 2
126 4
1 5 2
147 471
1 13 2
330 260
1 3 2
719 699
1 12 2
130 650
1 8 2
667 424
1 11 2
689 245
1 11 2
309 221
1 13 2
330 503
1 6 2
555 744
1 2 2
84 600
1 5 2
723 259
1 15 2
668 150
1 6 2
228 200
1 12 2
49 428
1 2 2
606 726
1 4 2
238 197
1 13 2
485 780
1 10 2
274 685
1 8 2
623 652
1 6 2
484 248
1 7 2
657 518
1 4 2
102 53
1 11 2
215 481
1 3 2
699 700
1 4 2
743 258
1 9 2
108 461
1 9 2
393 63
1 8 2
561 25
1 10 2
129 425
1 6 2
168 34
1 10 2
700 466
1 6 2
451 329
1 5 2
339 648
1 10 2
542 636
1 3 2
464 553
1 2 2
92 381
1 3 2
444 594
1 10 2
88 674
1 7 2
434 181
1 3 2
380 741
1 11 2
763 601
1 4 2
709 277
1 6 2
209 67
1 6 2
372 314
1 12 2
174 341
1 7 2
777 361
1 6 2
42 391
1 9 2
538 9
1 9 2
264 725
1 11 2
567 40
1 11 2
206 377
1 8 2
356 742
1 11 2
499 547
1 12 2
633 511
1 4 2
673 234
1 9 2
650 704
1 10 2
600 217
1 9 2
305 18
1 8 2
79 500
1 7 2
72 586
1 3 2
749 355
1 5 2
501 34
1 2 2
165 10
1 10 2
682 676
1 3 2
795 452
1 15 2
596 752
1 13 2
417 421
1 13 2
144 565
1 15 2
688 193
1 11 2
239 297
1 12 2
255 417
1 5 2
197 496
1 7 2
403 784
1 7 2
685 112
1 3 2
785 627
1 2 2
680 215
1 12 2
587 388
1 5 2
693 423
1 8 2
197 81
1 6 2
764 56
1 14 2
494 341
1 11 2
516 114
1 11 2
558 447
1 5 2
226 456
1 3 2
358 675
1 6 2
779 640
1 10 2
148 757
1 3 2
307 570
1 3 2
631 79
1 6 2
5 687
1 9 2
43 349
1 4 2
655 456
1 15 2
62 188
1 13 2
3 507
1 2 2
28 572
1 11 2
490 553
1 9 2
325 118
1 7 2
773 258
1 15 2
753 563
1 4 2
479 766
1 15 2
123 458
1 6 2
304 303
1 7 2
644 281
1 4 2
663 87
1 12 2
75 318
1 6 2
158 641
1 14 2
781 356
1 13 2
334 54
1 10 2
677 722
1 6 2
508 604
1 3 2
63 436
1 6 2
485 309
1 10 2
323 602
1 4 2
522 706
1 14 2
684 641
1 2 2
149 84
1 10 2
745 430
1 5 2
369 131
1 11 2
33 181
1 7 2
43 442
1 3 2
317 276
1 4 2
527 207
1 4 2
686 553
1 9 2
160 98
1 4 2
5 454
1 15 2
67 641
1 3 2
301 403
1 11 2
208 706
1 7 2
31 770
1 7 2
488 233
1 10 2
598 17
1 12 2
515 700
1 5 2
120 218
1 11 2
628 623
1 4 2
352 83
1 9 2
762 338
1 11 2
491 269
1 13 2
539 300
1 3 2
543 521
1 13 2
171 59
1 8 2
364 254
1 11 2
341 171
1 4 2
443 36
1 11 2
566 167
1 14 2
420 499
1 7 2
100 468
1 7 2
664 790
1 13 2
473 262
1 12 2
733 648
1 5 2
246 462
1 6 2
137 275
1 13 2
275 552
1 12 2
103 58
1 9 2
716 720
1 5 2
705 566
1 11 2
714 44
1 5 2
443 107
1 6 2
468 624
1 3 2
414 452
1 8 2
519 711
1 6 2
461 289
1 13 2
271 307
1 4 2
75 174
1 6 2
215 712
1 5 2
575 313
1 11 2
202 519
1 3 2
325 773
1 2 2
287 740
1 15 2
13 267
1 6 2
541 663
1 12 2
433 149
1 5 2
684 456
1 7 2
295 226
1 13 2
791 337
1 10 2
778 194
1 8 2
766 514
1 4 2
223 163
1 12 2
142 440
1 4 2
510 529
1 11 2
57 655
1 15 2
0 32
1 6 2
341 743
1 5 2
157 164
1 14 2
86 777
1 9 2
532 189
1 5 2
304 192
1 14 2
576 244
1 8 2
640 716
1 2 2
536 360
1 3 2
638 286
1 5 2
254 31
1 8 2
107 367
1 15 2
605 685
1 9 2
408 47
1 12 2
252 43
1 8 2
666 319
1 10 2
190 122
1 8 2
603 621
1 14 2
132 432
1 10 2
308 769
1 9 2
556 559
1 3 2
15 571
1 4 2
126 575
1 10 2
636 178
1 11 2
580 463
1 9 2
634 301
1 2 2
87 298
1 15 2
302 701
1 12 2
88 188
1 15 2
198 729
1 12 2
630 400
1 12 2
778 558
1 13 2
525 229
1 12 2
125 764
1 9 2
219 217
1 4 2
791 756
1 12 2
363 579
1 10 2
345 670
1 12 2
447 207
1 13 2
528 759
1 6 2
574 386
1 9 2
721 106
1 9 2
393 740
1 9 2
159 517
1 8 2
722 708
1 15 2
82 708
1 6 2
320 256
1 2 2
547 313
1 14 2
395 87
1 8 2
726 99
1 4 2
321 747
1 3 2
25 271
1 11 2
540 263
1 12 2
58 233
1 14 2
766 677
1 2 2
281 144
1 11 2
591 132
1 15 2
109 161
1 14 2
631 258
1 11 2
259 153
1 14 2
588 410
1 3 2
630 331
1 10 2
717 373
1 11 2
446 535
1 6 2
658 330
1 9 2
787 545
1 2 2
34 778
1 7 2
128 750
1 13 2
664 7
1 13 2
560 224
1 5 2
293 616
1 5 2
583 547
1 6 2
519 34
1 2 2
777 364
1 3 2
731 649
1 15 2
141 796
1 14 2
174 656
1 8 2
547 571
1 3 2
584 531
1 6 2
269 99
1 10 2
792 101
1 4 2
664 637
1 3 2
183 472
1 13 2
317 304
1 6 2
774 60
1 4 2
699 577
1 2 2
438 48
1 13 2
457 176
1 10 2
78 277
1 2 2
194 404
1 2 2
188 670
1 10 2
367 393
1 2 2
156 710
1 9 2
739 642
1 4 2
411 9
1 13 2
333 294
1 6 2
309 741
1 5 2
148 624
1 7 2
113 361
1 11 2
451 624
1 13 2
28 508
1 9 2
298 626
1 3 2
255 730
1 14 2
785 376
1 5 2
504 486
1 6 2
689 280
1 12 2
670 285
1 13 2
204 212
1 11 2
369 255
1 15 2
204 700
1 15 2
41 384
1 15 2
39 650
1 20 2
713 679
1 26 2
461 52
1 8 2
364 463
1 6 2
442 662
1 18 2
328 396
1 12 2
559 279
1 28 2
768 766
1 24 2
591 362
1 10 2
735 244
1 18 2
537 243
1 10 2
525 270
1 16 2
71 766
1 18 2
619 758
1 30 2
249 85
1 4 2
59 254
1 16 2
215 738
1 10 2
348 393
1 18 2
77 736
1 4 2
262 551
1 14 2
50 466
1 18 2
581 724
