800 4775 2400
19 20 5 20 18 21 19 19 8 12 5 21 8 17 22 25 25 5 17 11 19 13 12 23 5 25 6 23 21 22 21 19 17 22 9 12 25 25 16 22 6 18 7 25 22 5 5 9 18 25 14 25 16 25 13 15 25 16 5 23 17 11 11 15 11 8 23 25 20 17 20 22 14 16 20 5 17 17 22 20 25 14 16 11 16 14 11 23 7 23 11 25 22 24 20 16 17 21 21 9 11 21 25 6 12 12 16 13 19 12 12 25 11 9 18 15 13 6 25 15 14 17 20 14 18 19 13 6 17 5 19 12 17 14 19 18 15 11 24 7 24 13 7 19 5 8 15 24 18 16 11 23 23 22 16 20 6 18 17 21 11 9 15 17 14 5 18 7 8 15 6 12 20 18 15 14 5 13 14 7 6 10 11 17 6 15 18 21 13 19 16 8 13 10 7 10 9 21 25 19 9 7 5 18 18 11 17 14 18 12 13 10 7 25 10 19 6 14 17 6 16 24 16 23 18 10 14 12 15 5 24 17 14 8 24 12 11 6 20 10 12 23 20 10 16 24 21 18 9 19 5 13 20 20 5 6 17 22 5 21 17 18 11 24 25 23 18 23 25 8 15 7 5 12 10 9 14 14 18 5 23 5 6 11 22 16 14 23 7 22 13 5 13 19 18 10 23 22 25 9 10 19 20 6 15 17 21 23 18 6 25 18 13 22 17 21 13 20 24 15 8 9 9 10 16 22 15 10 23 25 12 19 23 15 23 8 15 23 25 19 24 18 11 7 12 9 5 25 17 18 17 8 6 19 20 13 17 21 21 5 21 19 6 20 16 15 10 13 22 21 21 19 16 21 23 17 25 9 23 22 23 16 10 5 18 20 20 9 20 21 21 6 5 11 11 8 16 12 16 24 21 8 21 14 12 19 20 21 19 14 5 7 18 17 10 9 13 12 12 6 10 25 24 17 24 17 19 16 8 7 9 21 8 21 10 18 8 10 24 21 21 15 25 7 25 20 22 17 5 13 15 12 9 18 25 14 14 22 10 18 15 10 12 18 23 14 17 19 9 17 21 8 24 24 20 13 13 20 7 5 6 5 13 20 6 14 23 22 23 11 17 12 25 15 22 11 9 5 15 16 8 10 9 15 22 10 13 17 8 11 25 11 8 16 10 16 16 5 13 13 24 6 15 6 20 20 9 12 20 19 12 15 24 12 22 15 9 18 5 20 7 25 13 14 17 7 13 6 7 18 18 23 23 10 7 6 17 11 14 5 20 22 22 16 21 5 12 11 6 18 20 23 19 15 14 14 15 10 5 9 16 19 8 10 20 6 21 18 11 19 19 9 21 24 14 8 21 13 16 21 23 5 17 7 19 5 13 22 15 22 5 10 25 5 6 23 19 8 22 6 13 22 21 25 14 25 16 8 21 23 13 17 13 22 10 16 12 19 12 22 8 16 20 5 22 23 11 21 18 25 22 16 14 14 12 10 20 11 5 24 7 10 17 14 23 21 23 19 7 16 14 24 23 6 14 18 19 12 25 25 18 13 19 19 15 6 17 13 22 13 12 11 7 18 8 18 24 18 11 24 14 14 5 25 14 9 23 5 15 25 11 10 10 5 17 11 22 5 17 6 11 11 9 13 17 8 6 9 21 15 10 10 13 20 14 10 21 24 14 15 6 15 11 5 20 20 14 22 9 14 8 14 22 5 24 17 10 10 20 10 20 22 18 19 11 11 11 16 21 7 7 25 12 6 20 8 19 19 14 16 21 13 13 23 24 15 14 21 5 6 9 6 12 22 9 21 8 25 6 9
3 7 5 15 9 13 9 14 11 16 5 13 4 6 8 14 8 8 3 5 7 9 16 17 8 12 17 8 12 4 11 10 9 5 19 12 17 14 9 10 16 13 20 20 18 20 20 19 10 10 9 5 12 12 5 6 11 20 10 11 19 19 16 10 6 8 7 11 20 20 17 9 12 20 16 11 10 3 5 7 7 17 11 11 9 4 6 4 20 4 3 18 18 5 15 20 7 15 5 9 16 19 9 5 11 13 4 9 11 15 4 13 18 4 9 15 15 4 6 6 20 19 13 9 19 5 15 12 19 15 5 18 6 7 11 3 3 20 10 7 17 6 16 5 20 4 9 3 6 6 15 16 3 20 18 12 8 9 9 8 7 16 20 10 15 10 3 16 11 20 14 14 5 6 20 10 19 19 8 12 4 19 6 5 4 15 3 18 11 14 5 13 19 6 13 10 15 20 18 11 10 20 5 9 17 7 20 8 4 18 20 17 5 5 7 20 19 3 9 11 9 19 10 4 17 20 18 13 13 6 19 16 5 11 8 7 7 7 8 16 20 13 6 20 4 17 9 7 17 13 4 14 5 14 15 15 10 17 6 7 11 19 13 17 16 5 5 13 12 3 5 13 20 19 9 11 14 14 12 20 6 3 6 18 6 7 10 9 4 11 7 19 13 13 17 16 11 15 11 18 19 6 8 8 17 18 12 20 13 4 4 3 14 19 6 11 14 7 7 10 7 3 8 17 8 12 3 5 4 4 15 12 18 17 16 6 14 9 13 12 12 16 9 3 11 10 12 18 5 3 9 5 6 15 19 8 9 11 20 18 19 16 6 3 6 10 4 11 6 7 17 8 9 3 12 17 10 18 13 19 7 18 3 19 18 19 11 10 18 10 3 13 10 16 20 17 5 7 16 17 9 4 18 6 8 11 6 14 4 20 9 16 10 17 17 14 6 14 3 13 20 8 20 14 5 5 20 5 17 19 19 20 16 14 7 4 20 12 4 8 20 7 12 18 4 11 12 14 10 10 9 18 14 14 17 9 6 20 4 20 17 10 6 11 9 4 12 18 11 5 4 16 8 17 3 3 6 12 20 18 13 12 3 6 17 18 11 12 18 7 10 9 16 18 8 12 6 14 16 19 3 17 11 20 14 5 17 15 11 8 3 13 5 8 9 8 6 12 5 15 5 4 12 9 7 14 13 4 4 7 8 7 16 4 16 11 14 20 10 7 9 8 17 10 5 14 4 4 4 4 13 12 11 16 13 10 18 4 19 11 8 18 6 4 19 17 9 11 20 17 14 9 14 19 10 17 10 20 10 20 6 8 13 19 6 19 19 17 18 9 11 8 5 10 13 9 3 16 11 6 6 19 15 10 14 9 10 11 18 7 8 19 12 5 9 14 13 20 17 18 7 16 11 13 14 16 14 13 4 3 20 8 14 11 11 12 10 20 14 13 12 13 6 13 16 6 14 15 14 8 6 13 7 4 8 7 9 13 15 6 19 13 19 3 9 12 3 8 4 8 12 14 18 7 15 19 10 15 8 13 7 14 11 9 13 14 3 7 5 10 11 16 14 13 10 18 7 15 19 3 5 10 11 10 13 12 17 16 5 17 18 11 10 4 7 3 6 16 19 17 16 14 19 16 8 8 17 4 20 8 3 16 11 5 5 5 9 5 18 12 3 19 12 19 10 13 17 10 19 18 19 3 8 16 20 14 5 8 10 11 13 4 17 11 10 18 14 19 14 6 7 10 6 3 13 9 13 9 7 16 6 9 6 5 7 17 3 14 12 11 13 15 9 20 11 13 20 6 3 8
1 15 2
158 188
1 9 2
545 593
1 12 2
400 398
1 14 2
606 365
1 14 2
164 134
1 13 2
590 497
1 11 2
481 215
1 9 2
357 213
1 5 2
309 728
1 2 2
88 279
1 14 2
406 542
1 13 2
22 520
1 11 2
115 398
1 6 2
189 173
1 14 2
474 552
1 12 2
113 109
1 7 2
340 770
1 2 2
756 159
1 15 2
156 784
1 13 2
629 341
1 15 2
217 457
1 7 2
110 206
1 11 2
96 518
1 11 2
323 64
1 2 2
627 80
1 11 2
514 136
1 6 2
758 196
1 14 2
424 162
1 14 2
390 168
1 13 2
296 694
1 8 2
149 797
1 14 2
140 407
1 11 2
688 210
1 3 2
419 494
1 6 2
164 770
1 3 2
21 470
1 7 2
373 508
1 12 2
311 755
1 11 2
788 558
1 4 2
646 558
1 14 2
728 677
1 11 2
38 640
1 12 2
18 246
1 11 2
450 243
1 3 2
606 28
1 14 2
473 45
1 11 2
28 668
1 2 2
91 217
1 5 2
43 400
1 6 2
270 462
1 13 2
229 529
1 10 2
320 463
1 13 2
305 505
1 9 2
214 693
1 5 2
11 400
1 6 2
664 265
1 6 2
303 726
1 2 2
627 732
1 7 2
520 459
1 2 2
300 353
1 15 2
589 134
1 7 2
218 722
1 7 2
698 332
1 11 2
10 623
1 5 2
253 360
1 11 2
6 682
1 8 2
664 180
1 6 2
536 201
1 5 2
726 141
1 14 2
489 559
1 5 2
405 30
1 10 2
546 139
1 8 2
476 116
1 15 2
262 417
1 13 2
513 517
1 8 2
481 341
1 9 2
716 433
1 14 2
187 543
1 13 2
552 374
1 3 2
656 77
1 6 2
296 270
1 8 2
652 20
1 6 2
701 40
1 8 2
363 430
1 4 2
257 654
1 2 2
288 346
1 4 2
445 18
1 8 2
332 291
1 10 2
25 323
1 7 2
284 572
1 7 2
210 267
1 8 2
701 387
1 15 2
301 380
1 10 2
118 186
1 11 2
15 763
1 12 2
483 328
1 4 2
553 537
1 14 2
620 338
1 9 2
31 498
1 6 2
87 675
1 3 2
6 373
1 10 2
93 136
1 5 2
764 726
1 11 2
534 163
1 2 2
218 317
1 14 2
351 526
1 12 2
621 81
1 8 2
606 722
1 9 2
166 661
1 11 2
94 85
1 6 2
310 576
1 12 2
184 59
1 4 2
313 228
1 10 2
377 234
1 12 2
204 269
1 5 2
302 555
1 9 2
737 309
1 9 2
153 484
1 7 2
315 511
1 11 2
317 368
1 3 2
36 650
1 9 2
491 694
1 3 2
733 593
1 10 2
156 348
1 9 2
564 736
1 13 2
232 364
1 12 2
384 600
1 12 2
793 157
1 3 2
587 732
1 4 2
587 188
1 3 2
554 433
1 4 2
579 198
1 13 2
538 692
1 14 2
425 271
1 12 2
797 67
1 12 2
476 647
1 10 2
608 171
1 9 2
36 7
1 10 2
38 525
1 6 2
392 300
1 4 2
770 637
1 3 2
741 621
1 8 2
671 667
1 3 2
156 436
1 7 2
364 365
1 8 2
192 552
1 10 2
482 219
1 4 2
250 147
1 7 2
740 88
1 15 2
617 568
1 4 2
732 316
1 6 2
701 383
1 9 2
190 775
1 5 2
447 368
1 2 2
702 138
1 4 2
302 630
1 11 2
313 33
1 9 2
284 26
1 11 2
526 104
1 9 2
251 616
1 4 2
770 652
1 13 2
540 503
1 4 2
407 617
1 4 2
32 128
1 11 2
682 369
1 12 2
647 579
1 2 2
529 9
1 4 2
738 181
1 14 2
786 223
1 7 2
755 210
1 13 2
795 258
1 8 2
500 702
1 13 2
75 253
1 11 2
780 145
1 6 2
456 777
1 15 2
87 648
1 9 2
142 8
1 9 2
489 169
1 5 2
126 271
1 10 2
109 431
1 10 2
620 491
1 10 2
234 350
1 5 2
80 758
1 2 2
458 671
1 15 2
561 29
1 5 2
227 240
1 3 2
377 541
1 5 2
317 172
1 7 2
492 481
1 2 2
786 376
1 13 2
708 40
1 7 2
199 735
1 4 2
440 258
1 5 2
120 166
1 10 2
35 733
1 14 2
528 779
1 10 2
50 462
1 3 2
783 233
1 12 2
106 174
1 12 2
588 578
1 7 2
292 152
1 2 2
251 736
1 5 2
556 464
1 10 2
299 591
1 10 2
293 408
1 14 2
508 458
1 9 2
85 454
1 3 2
628 334
1 5 2
301 110
1 6 2
89 622
1 14 2
309 534
1 14 2
414 514
1 2 2
94 60
1 2 2
69 113
1 2 2
511 458
1 8 2
108 68
1 11 2
202 322
1 12 2
63 581
1 10 2
176 590
1 13 2
411 191
1 11 2
477 57
1 5 2
61 133
1 4 2
520 21
1 11 2
666 417
1 4 2
301 741
1 7 2
793 262
1 10 2
463 126
1 7 2
55 12
1 11 2
11 685
1 6 2
180 255
1 9 2
116 150
1 5 2
23 266
1 14 2
78 773
1 14 2
350 44
1 8 2
652 578
1 14 2
34 436
1 5 2
750 497
1 5 2
6 3
1 12 2
255 573
1 7 2
433 666
1 12 2
216 475
1 6 2
306 322
1 3 2
328 400
1 4 2
572 223
1 10 2
338 669
1 8 2
109 367
1 2 2
180 741
1 7 2
145 578
1 9 2
300 246
1 12 2
502 308
1 3 2
522 299
1 2 2
450 439
1 9 2
70 411
1 3 2
373 220
1 7 2
274 789
1 7 2
180 573
1 15 2
279 657
1 10 2
320 219
1 6 2
578 311
1 5 2
282 458
1 14 2
0 604
1 2 2
558 296
1 15 2
345 371
1 13 2
394 522
1 11 2
685 718
1 8 2
303 40
1 15 2
676 157
1 12 2
529 160
1 14 2
668 555
1 7 2
56 402
1 5 2
509 339
1 4 2
472 14
1 11 2
697 529
1 10 2
263 37
1 11 2
223 454
1 11 2
60 544
1 9 2
520 509
1 4 2
43 720
1 9 2
236 578
1 4 2
25 316
1 12 2
178 782
1 6 2
383 700
1 15 2
452 150
1 12 2
201 733
1 4 2
527 425
1 15 2
528 321
1 6 2
269 482
1 6 2
380 74
1 2 2
635 585
1 4 2
294 416
1 2 2
413 518
1 2 2
35 533
1 14 2
466 78
1 13 2
763 526
1 8 2
370 669
1 12 2
641 306
1 14 2
198 745
1 11 2
91 781
1 7 2
39 716
1 8 2
344 399
1 12 2
142 659
1 12 2
415 203
1 11 2
560 65
1 8 2
642 725
1 10 2
153 448
1 10 2
65 227
1 10 2
434 799
1 5 2
464 776
1 2 2
95 119
1 12 2
450 517
1 3 2
569 774
1 4 2
477 696
1 11 2
372 556
1 13 2
16 368
1 12 2
608 0
1 14 2
796 424
1 8 2
278 262
1 4 2
586 691
1 11 2
82 320
1 10 2
559 499
1 5 2
411 680
1 5 2
359 274
1 12 2
80 43
1 11 2
497 114
1 14 2
302 697
1 5 2
284 771
1 12 2
326 10
1 7 2
154 308
1 15 2
117 220
1 4 2
143 211
1 10 2
133 47
1 15 2
287 169
1 15 2
534 313
1 5 2
292 242
1 3 2
27 146
1 6 2
642 512
1 9 2
637 518
1 15 2
728 742
1 8 2
180 446
1 5 2
792 96
1 8 2
563 21
1 14 2
485 578
1 15 2
110 441
1 10 2
481 610
1 2 2
775 65
1 3 2
188 498
1 2 2
178 225
1 10 2
231 400
1 10 2
66 208
1 9 2
518 670
1 15 2
502 428
1 8 2
360 529
1 3 2
371 579
1 3 2
476 764
1 8 2
248 87
1 15 2
744 780
1 14 2
590 349
1 14 2
398 628
1 7 2
494 14
1 11 2
336 157
1 4 2
145 537
1 7 2
244 72
1 8 2
171 585
1 14 2
696 344
1 7 2
544 14
1 3 2
1 611
1 10 2
330 778
1 9 2
382 694
1 15 2
595 436
1 7 2
59 774
1 10 2
68 221
1 7 2
561 558
1 2 2
500 151
1 6 2
667 143
1 3 2
312 626
1 9 2
232 181
1 6 2
774 315
1 13 2
208 591
1 15 2
661 190
1 3 2
168 137
1 11 2
351 491
1 2 2
424 441
1 6 2
540 277
1 7 2
630 777
1 3 2
479 3
1 7 2
10 168
1 10 2
738 50
1 7 2
50 254
1 11 2
401 428
1 3 2
738 563
1 4 2
502 5
1 3 2
439 177
1 3 2
236 200
1 10 2
632 693
1 10 2
137 744
1 15 2
658 536
1 11 2
108 180
1 9 2
577 578
1 7 2
93 134
1 6 2
577 548
1 7 2
523 742
1 13 2
676 764
1 3 2
574 265
1 12 2
795 764
1 11 2
225 659
1 6 2
640 206
1 3 2
380 327
1 13 2
601 572
1 12 2
68 264
1 9 2
143 4
1 13 2
661 316
1 9 2
586 340
1 12 2
785 14
1 2 2
174 158
1 8 2
124 563
1 9 2
270 637
1 6 2
232 615
1 6 2
206 95
1 9 2
256 389
1 4 2
125 376
1 7 2
638 520
1 7 2
6 793
1 14 2
515 145
1 13 2
478 620
1 15 2
687 356
1 10 2
666 250
1 2 2
335 55
1 5 2
428 408
1 15 2
770 443
1 10 2
118 280
1 7 2
578 72
1 10 2
797 556
1 6 2
315 174
1 12 2
370 481
1 14 2
601 399
1 2 2
249 574
1 12 2
304 269
1 14 2
453 167
1 15 2
768 627
1 13 2
18 544
1 3 2
52 180
1 10 2
111 685
1 4 2
624 256
1 13 2
194 722
1 3 2
325 100
1 8 2
121 760
1 14 2
731 623
1 14 2
643 397
1 13 2
708 472
1 6 2
440 628
1 14 2
324 142
1 13 2
103 557
1 15 2
106 798
1 12 2
488 288
1 7 2
444 240
1 11 2
444 316
1 2 2
403 661
1 11 2
88 168
1 7 2
206 100
1 12 2
614 401
1 13 2
20 306
1 5 2
421 108
1 9 2
386 479
1 2 2
171 14
1 3 2
543 670
1 8 2
760 206
1 8 2
314 198
1 8 2
276 116
1 11 2
17 607
1 8 2
153 369
1 2 2
143 732
1 12 2
640 452
1 14 2
42 371
1 8 2
733 406
1 5 2
249 653
1 9 2
70 463
1 14 2
696 775
1 9 2
3 467
1 11 2
739 489
1 4 2
473 41
1 15 2
249 301
1 8 2
50 183
1 2 2
363 73
1 14 2
158 113
1 14 2
260 228
1 2 2
685 230
1 2 2
340 336
1 2 2
416 57
1 7 2
438 654
1 14 2
224 621
1 7 2
288 365
1 5 2
12 654
1 7 2
511 380
1 2 2
325 229
1 10 2
287 338
1 4 2
83 713
1 13 2
675 604
1 5 2
178 605
1 2 2
603 195
1 9 2
118 443
1 6 2
562 550
1 15 2
127 653
1 7 2
628 588
1 10 2
97 629
1 13 2
710 582
1 6 2
120 685
1 8 2
295 699
1 8 2
733 78
1 9 2
466 402
1 8 2
21 65
1 8 2
425 664
1 14 2
32 537
1 3 2
665 709
1 10 2
159 212
1 3 2
351 9
1 11 2
90 627
1 11 2
779 334
1 4 2
519 391
1 2 2
112 569
1 2 2
725 112
1 7 2
742 44
1 2 2
22 43
1 3 2
576 711
1 15 2
54 95
1 5 2
400 634
1 13 2
23 470
1 6 2
115 674
1 3 2
547 421
1 7 2
757 619
1 12 2
48 186
1 9 2
559 82
1 10 2
257 308
1 3 2
389 676
1 7 2
457 749
1 5 2
488 238
1 4 2
598 399
1 2 2
3 317
1 8 2
529 663
1 5 2
761 14
1 10 2
326 598
1 14 2
287 274
1 14 2
118 329
1 12 2
413 203
1 7 2
434 797
1 12 2
511 90
1 7 2
247 777
1 9 2
411 770
1 8 2
667 360
1 2 2
528 540
1 14 2
166 178
1 6 2
128 137
1 9 2
324 129
1 11 2
48 790
1 2 2
782 705
1 9 2
560 662
1 10 2
462 261
1 8 2
333 473
1 4 2
299 460
1 13 2
252 673
1 7 2
675 563
1 15 2
87 102
1 13 2
670 645
1 2 2
627 487
1 12 2
653 785
1 11 2
457 637
1 13 2
429 706
1 4 2
646 600
1 8 2
136 629
1 8 2
86 64
1 14 2
178 133
1 2 2
110 235
1 13 2
89 417
1 15 2
517 461
1 10 2
501 201
1 3 2
232 725
1 15 2
95 422
1 4 2
58 576
1 8 2
610 425
1 8 2
94 403
1 13 2
588 331
1 15 2
607 74
1 15 2
719 2
1 3 2
277 380
1 12 2
666 253
1 9 2
758 564
1 12 2
759 580
1 4 2
428 29
1 10 2
578 665
1 9 2
271 739
1 5 2
224 520
1 13 2
435 634
1 15 2
115 794
1 2 2
79 201
1 3 2
547 536
1 3 2
466 247
1 6 2
782 656
1 3 2
556 211
1 8 2
590 43
1 5 2
505 569
1 8 2
334 642
1 2 2
50 385
1 13 2
657 449
1 14 2
210 619
1 7 2
627 702
1 14 2
42 428
1 6 2
272 573
1 4 2
325 720
1 6 2
117 526
1 3 2
175 146
1 13 2
565 274
1 5 2
436 714
1 5 2
598 123
1 11 2
143 395
1 9 2
96 693
1 12 2
707 144
1 3 2
114 57
1 2 2
413 339
1 2 2
377 321
1 10 2
376 668
1 11 2
798 266
1 6 2
188 513
1 15 2
11 602
1 9 2
215 416
1 14 2
430 571
1 5 2
131 406
1 8 2
347 251
1 8 2
284 441
1 5 2
109 766
1 4 2
433 173
1 8 2
485 224
1 15 2
743 781
1 8 2
687 6
1 10 2
261 276
1 14 2
681 477
1 10 2
505 457
1 11 2
579 600
1 12 2
652 88
1 15 2
643 249
1 6 2
44 654
1 13 2
454 247
1 13 2
665 98
1 9 2
220 491
1 3 2
70 8
1 4 2
310 107
1 13 2
328 695
1 7 2
172 754
1 8 2
156 634
1 12 2
779 344
1 12 2
214 324
1 4 2
63 91
1 7 2
455 521
1 9 2
557 64
1 13 2
220 154
1 2 2
475 649
1 4 2
79 49
1 6 2
479 592
1 8 2
695 663
1 14 2
528 496
1 2 2
691 14
1 12 2
201 487
1 6 2
164 459
1 11 2
226 762
1 10 2
74 112
1 4 2
677 694
1 13 2
256 230
1 7 2
190 797
1 10 2
68 492
1 7 2
522 793
1 11 2
221 358
1 2 2
732 720
1 14 2
170 525
1 11 2
313 81
1 7 2
385 574
1 5 2
328 110
1 15 2
654 81
1 9 2
614 703
1 5 2
565 110
1 15 2
190 251
1 8 2
362 97
1 14 2
118 301
1 6 2
71 154
1 6 2
179 786
1 4 2
671 140
1 8 2
128 30
1 14 2
186 383
1 10 2
635 688
1 3 2
708 538
1 15 2
648 583
1 2 2
498 297
1 13 2
374 51
1 13 2
513 225
1 14 2
241 305
1 14 2
407 661
1 9 2
211 412
1 13 2
648 645
1 12 2
371 104
1 4 2
664 38
1 8 2
51 111
1 13 2
274 417
1 11 2
786 3
1 5 2
636 88
1 6 2
19 322
1 9 2
483 345
1 15 2
280 110
1 3 2
550 599
1 6 2
449 483
1 12 2
437 638
1 5 2
128 571
1 6 2
34 788
1 8 2
569 190
1 4 2
409 580
1 7 2
314 431
1 8 2
623 192
1 2 2
719 505
1 14 2
328 443
1 12 2
60 406
1 14 2
697 321
1 7 2
620 769
1 7 2
357 42
1 15 2
478 315
1 10 2
653 543
1 9 2
187 117
1 15 2
92 452
1 6 2
528 771
1 8 2
627 509
1 14 2
381 271
1 4 2
741 681
1 6 2
611 90
1 11 2
512 633
1 10 2
72 287
1 7 2
95 336
1 13 2
720 322
1 3 2
769 765
1 7 2
664 554
1 14 2
489 652
1 6 2
588 13
1 9 2
25 245
1 14 2
203 342
1 5 2
179 467
1 3 2
722 58
1 3 2
183 7
1 12 2
778 739
1 3 2
38 794
1 5 2
74 527
1 10 2
353 267
1 8 2
415 767
1 6 2
429 775
1 2 2
404 17
1 8 2
730 714
1 12 2
246 552
1 14 2
613 598
1 13 2
465 609
1 13 2
287 582
1 8 2
418 184
1 11 2
456 324
1 4 2
781 140
1 6 2
1 348
1 13 2
269 732
1 11 2
275 130
1 3 2
383 56
1 10 2
145 318
1 3 2
404 410
1 3 2
475 481
1 9 2
444 772
1 5 2
721 544
1 5 2
627 705
1 14 2
659 97
1 5 2
250 413
1 10 2
763 481
1 9 2
413 482
1 6 2
495 230
1 14 2
120 84
1 12 2
677 467
1 8 2
346 47
1 14 2
720 537
1 14 2
452 17
1 11 2
60 19
1 14 2
5 189
1 5 2
142 162
1 7 2
262 478
1 15 2
564 170
1 12 2
103 670
1 4 2
31 313
1 9 2
556 393
1 15 2
647 766
1 7 2
317 168
1 9 2
195 366
1 3 2
262 503
1 10 2
289 247
1 5 2
516 774
1 9 2
711 230
1 4 2
78 725
1 4 2
718 603
1 6 2
553 483
1 11 2
677 298
1 11 2
630 380
1 14 2
649 46
1 2 2
298 758
1 12 2
155 121
1 3 2
148 266
1 4 2
624 697
1 3 2
295 517
1 2 2
689 688
1 11 2
462 38
1 7 2
499 387
1 2 2
105 280
1 9 2
337 512
1 15 2
729 140
1 8 2
377 761
1 7 2
406 482
1 8 2
397 267
1 6 2
670 229
1 9 2
287 330
1 12 2
451 212
1 7 2
551 299
1 3 2
660 782
1 4 2
688 226
1 3 2
528 389
1 14 2
416 612
1 6 2
581 617
1 10 2
298 484
1 7 2
784 621
1 14 2
505 650
1 11 2
736 722
1 11 2
636 585
1 13 2
121 519
1 6 2
66 206
1 6 2
124 153
1 13 2
175 472
1 3 2
150 82
1 2 2
27 562
1 6 2
223 659
1 5 2
200 257
1 14 2
367 679
1 7 2
77 129
1 4 2
484 656
1 15 2
21 798
1 10 2
553 648
1 7 2
57 155
1 3 2
388 456
1 15 2
376 233
1 8 2
437 729
1 7 2
487 620
1 3 2
700 249
1 14 2
335 68
1 15 2
107 616
1 13 2
798 467
1 13 2
745 603
1 8 2
11 403
1 8 2
775 269
1 7 2
126 155
1 4 2
482 104
1 6 2
94 272
1 2 2
105 203
1 6 2
767 614
1 14 2
449 469
1 9 2
785 638
1 4 2
343 440
1 14 2
35 196
1 5 2
301 7
1 3 2
342 722
1 3 2
476 44
1 14 2
464 336
1 4 2
624 647
1 6 2
1 271
1 7 2
98 424
1 6 2
355 368
1 2 2
405 536
1 8 2
88 675
1 6 2
574 178
1 15 2
351 89
1 7 2
562 460
1 10 2
429 684
1 14 2
632 720
1 12 2
571 359
1 14 2
280 216
1 11 2
792 575
1 6 2
267 295
1 9 2
594 159
1 9 2
741 236
1 4 2
665 569
1 5 2
221 465
1 2 2
199 286
1 10 2
536 18
1 15 2
734 263
1 11 2
298 763
1 9 2
599 507
1 7 2
550 219
1 7 2
792 308
1 4 2
503 375
1 9 2
181 685
1 4 2
147 354
1 13 2
782 392
1 2 2
444 122
1 2 2
351 298
1 3 2
62 736
1 9 2
160 671
1 2 2
775 283
1 12 2
518 710
1 10 2
256 231
1 8 2
664 195
1 2 2
149 337
1 15 2
542 591
1 15 2
220 111
1 12 2
601 60
1 7 2
258 64
1 9 2
216 700
1 15 2
126 389
1 14 2
62 239
1 11 2
105 763
1 11 2
458 506
1 13 2
263 408
1 15 2
405 257
1 9 2
546 517
1 11 2
566 652
1 14 2
157 677
1 11 2
585 596
1 4 2
597 177
1 14 2
59 121
1 14 2
264 424
1 3 2
289 428
1 13 2
265 659
1 6 2
307 701
1 11 2
658 762
1 3 2
633 171
1 7 2
170 568
1 10 2
360 110
1 15 2
691 212
1 13 2
269 764
1 9 2
441 366
1 6 2
697 631
1 10 2
417 575
1 5 2
667 157
1 15 2
652 676
1 8 2
380 192
1 9 2
672 322
1 14 2
283 138
1 7 2
355 680
1 10 2
189 109
1 3 2
318 119
1 8 2
154 178
1 13 2
591 150
1 15 2
468 123
1 14 2
88 232
1 15 2
799 384
1 12 2
54 150
1 5 2
157 106
1 8 2
665 459
1 11 2
632 730
1 7 2
764 230
1 6 2
437 734
1 10 2
494 667
1 13 2
9 358
1 3 2
449 362
1 13 2
126 107
1 11 2
759 245
1 13 2
28 351
1 15 2
252 751
1 14 2
308 462
1 6 2
387 566
1 15 2
61 630
1 15 2
466 752
1 10 2
508 94
1 15 2
50 722
1 13 2
473 550
1 7 2
686 486
1 8 2
496 418
1 7 2
178 761
1 7 2
574 231
1 6 2
299 119
1 3 2
151 34
1 14 2
564 488
1 5 2
54 352
1 6 2
111 463
1 11 2
459 589
1 9 2
85 514
1 6 2
100 227
1 9 2
340 182
1 3 2
702 123
1 5 2
484 14
1 10 2
543 50
1 14 2
199 757
1 3 2
213 672
1 11 2
523 636
1 14 2
187 449
1 10 2
134 485
1 13 2
608 463
1 2 2
163 596
1 2 2
723 487
1 8 2
88 419
1 15 2
681 82
1 8 2
188 726
1 11 2
273 665
1 5 2
287 600
1 15 2
215 84
1 10 2
197 421
1 14 2
768 241
1 7 2
93 759
1 13 2
366 155
1 13 2
587 411
1 2 2
139 531
1 14 2
124 680
1 13 2
93 103
1 3 2
26 71
1 11 2
485 662
1 4 2
353 335
1 3 2
500 197
1 9 2
338 583
1 9 2
430 726
1 5 2
213 209
1 9 2
787 337
1 9 2
148 170
1 3 2
522 230
1 15 2
537 109
1 4 2
14 788
1 9 2
265 685
1 9 2
562 727
1 7 2
332 325
1 2 2
336 733
1 12 2
546 612
1 10 2
62 53
1 4 2
693 586
1 13 2
235 668
1 9 2
365 661
1 14 2
195 521
1 2 2
69 428
1 12 2
406 36
1 15 2
593 556
1 15 2
580 491
1 3 2
230 660
1 15 2
317 394
1 10 2
402 448
1 2 2
115 131
1 8 2
130 567
1 15 2
318 274
1 14 2
709 92
1 4 2
267 31
1 14 2
12 632
1 15 2
243 153
1 15 2
388 53
1 12 2
133 156
1 12 2
102 257
1 5 2
525 643
1 4 2
331 302
1 5 2
232 431
1 5 2
240 574
1 4 2
734 614
1 13 2
397 461
1 7 2
563 163
1 15 2
27 200
1 4 2
623 198
1 11 2
483 447
1 11 2
215 742
1 13 2
690 430
1 15 2
122 98
1 10 2
140 247
1 9 2
13 99
1 8 2
172 99
1 11 2
100 472
1 4 2
241 492
1 3 2
9 345
1 12 2
717 71
1 13 2
89 149
1 11 2
49 444
1 3 2
387 652
1 2 2
598 533
1 4 2
329 710
1 5 2
367 699
1 7 2
83 689
1 7 2
325 294
1 14 2
665 393
1 2 2
269 497
1 15 2
556 671
1 10 2
534 38
1 12 2
4 736
1 8 2
472 221
1 7 2
506 99
1 3 2
27 504
1 6 2
632 678
1 10 2
509 370
1 6 2
736 534
1 6 2
397 104
1 2 2
761 102
1 3 2
403 24
1 8 2
388 643
1 7 2
153 734
1 12 2
719 110
1 9 2
62 198
1 10 2
478 589
1 6 2
305 514
1 3 2
100 789
1 7 2
395 463
1 2 2
196 355
1 3 2
425 788
1 3 2
797 151
1 6 2
475 684
1 2 2
477 361
1 15 2
771 583
1 2 2
553 32
1 11 2
580 707
1 15 2
484 199
1 8 2
607 206
1 3 2
40 683
1 8 2
414 613
1 9 2
236 278
1 15 2
389 585
1 6 2
131 48
1 12 2
683 712
1 12 2
90 576
1 9 2
395 206
1 12 2
295 724
1 12 2
674 670
1 14 2
713 174
1 11 2
181 785
1 10 2
466 720
1 2 2
500 7
1 11 2
360 395
1 9 2
89 560
1 7 2
770 698
1 14 2
596 718
1 2 2
98 71
1 10 2
495 464
1 15 2
27 468
1 5 2
401 372
1 13 2
743 645
1 10 2
726 405
1 10 2
182 497
1 3 2
695 455
1 7 2
248 75
1 4 2
182 768
1 3 2
476 219
1 5 2
113 742
1 9 2
237 24
1 14 2
231 425
1 15 2
293 708
1 15 2
116 497
1 15 2
469 669
1 5 2
606 440
1 8 2
221 627
1 10 2
448 375
1 2 2
496 629
1 7 2
618 176
1 10 2
75 339
1 5 2
180 747
1 8 2
705 490
1 8 2
694 423
1 9 2
523 766
1 9 2
202 384
1 7 2
112 751
1 2 2
447 172
1 11 2
207 547
1 15 2
81 311
1 10 2
681 222
1 12 2
695 147
1 13 2
173 699
1 9 2
104 286
1 3 2
159 723
1 4 2
172 507
1 7 2
633 524
1 14 2
185 796
1 4 2
500 171
1 5 2
81 300
1 8 2
155 640
1 15 2
530 141
1 13 2
575 167
1 12 2
250 489
1 13 2
611 75
1 8 2
673 67
1 14 2
755 299
1 14 2
394 157
1 11 2
252 331
1 7 2
549 799
1 7 2
689 492
1 4 2
362 700
1 8 2
37 551
1 13 2
256 440
1 4 2
590 83
1 14 2
350 465
1 3 2
88 668
1 14 2
724 384
1 7 2
226 38
1 4 2
267 507
1 13 2
9 468
1 9 2
95 415
1 8 2
10 505
1 12 2
175 271
1 6 2
227 714
1 10 2
343 2
1 9 2
64 365
1 9 2
296 503
1 3 2
237 446
1 6 2
794 612
1 2 2
415 6
1 10 2
711 788
1 9 2
568 421
1 7 2
582 389
1 6 2
313 5
1 13 2
20 685
1 13 2
632 659
1 5 2
794 643
1 14 2
337 160
1 4 2
132 786
1 3 2
41 59
1 11 2
208 29
1 11 2
200 300
1 10 2
702 43
1 9 2
560 79
1 15 2
762 428
1 7 2
753 109
1 11 2
156 134
1 6 2
504 293
1 4 2
764 24
1 9 2
518 603
1 11 2
773 467
1 13 2
449 643
1 6 2
427 416
1 5 2
173 686
1 7 2
761 156
1 12 2
495 641
1 10 2
732 275
1 12 2
64 51
1 8 2
382 470
1 14 2
670 559
1 7 2
662 694
1 8 2
442 293
1 15 2
433 103
1 4 2
581 607
1 13 2
206 685
1 6 2
414 31
1 15 2
773 710
1 3 2
471 342
1 3 2
121 87
1 15 2
61 470
1 9 2
631 458
1 4 2
671 306
1 11 2
290 604
1 2 2
368 292
1 2 2
760 602
1 10 2
223 550
1 12 2
193 294
1 6 2
271 412
1 5 2
24 473
1 13 2
713 711
1 4 2
564 545
1 15 2
381 14
1 8 2
25 573
1 10 2
369 651
1 12 2
513 370
1 11 2
53 112
1 13 2
145 696
1 9 2
208 749
1 4 2
704 572
1 7 2
439 715
1 11 2
408 374
1 15 2
274 328
1 14 2
435 475
1 3 2
733 28
1 6 2
430 231
1 8 2
342 398
1 9 2
653 132
1 3 2
363 561
1 3 2
757 437
1 5 2
784 583
1 7 2
256 140
1 13 2
215 548
1 8 2
646 3
1 13 2
759 760
1 15 2
11 661
1 8 2
369 744
1 12 2
753 655
1 11 2
618 447
1 6 2
86 508
1 5 2
244 362
1 7 2
743 371
1 11 2
237 748
1 15 2
370 150
1 15 2
679 757
1 3 2
105 359
1 9 2
322 736
1 13 2
325 159
1 11 2
337 519
1 4 2
281 779
1 4 2
42 398
1 3 2
208 578
1 15 2
795 292
1 8 2
82 331
1 14 2
481 611
1 12 2
331 491
1 2 2
479 131
1 13 2
27 496
1 13 2
309 707
1 2 2
539 295
1 4 2
745 535
1 6 2
769 684
1 6 2
288 270
1 15 2
111 213
1 12 2
424 192
1 2 2
170 143
1 14 2
116 525
1 13 2
608 668
1 15 2
507 667
1 12 2
223 336
1 14 2
535 207
1 15 2
737 424
1 6 2
189 314
1 13 2
659 392
1 2 2
396 401
1 2 2
5 590
1 2 2
86 692
1 6 2
553 389
1 4 2
427 149
1 9 2
510 143
1 7 2
263 767
1 5 2
261 719
1 11 2
628 360
1 4 2
488 430
1 8 2
636 240
1 12 2
384 635
1 13 2
792 474
1 5 2
210 111
1 12 2
593 298
1 2 2
406 690
1 10 2
284 88
1 13 2
340 752
1 11 2
702 514
1 9 2
131 156
1 8 2
197 331
1 11 2
521 316
1 6 2
139 219
1 11 2
716 609
1 6 2
149 636
1 15 2
408 655
1 10 2
11 322
1 2 2
614 518
1 15 2
156 252
1 9 2
5 533
1 10 2
616 161
1 10 2
496 352
1 11 2
413 183
1 8 2
20 234
1 15 2
71 149
1 9 2
610 409
1 10 2
781 70
1 11 2
15 187
1 7 2
736 467
1 11 2
670 763
1 11 2
632 691
1 3 2
583 685
1 8 2
501 645
1 11 2
595 203
1 15 2
209 742
1 13 2
482 411
1 13 2
287 263
1 15 2
157 507
1 7 2
188 69
1 13 2
117 267
1 15 2
564 7
1 10 2
38 384
1 13 2
793 325
1 11 2
215 97
1 6 2
296 376
1 11 2
89 333
1 4 2
387 192
1 7 2
619 600
1 9 2
184 463
1 11 2
443 123
1 11 2
173 181
1 12 2
640 96
1 7 2
646 186
1 13 2
430 655
1 6 2
658 490
1 8 2
436 482
1 2 2
123 470
1 6 2
260 572
1 10 2
79 178
1 5 2
659 602
1 11 2
656 429
1 14 2
52 758
1 6 2
353 173
1 15 2
188 20
1 11 2
634 123
1 4 2
481 684
1 14 2
509 477
1 9 2
388 286
1 3 2
491 472
1 8 2
355 239
1 6 2
735 779
1 2 2
748 219
1 6 2
65 277
1 9 2
140 708
1 15 2
521 361
1 12 2
499 69
1 11 2
268 346
1 14 2
355 780
1 7 2
675 511
1 15 2
576 596
1 11 2
757 68
1 6 2
414 349
1 4 2
219 182
1 3 2
465 665
1 3 2
658 47
1 9 2
375 367
1 7 2
217 423
1 15 2
224 302
1 9 2
423 513
1 6 2
522 180
1 8 2
366 33
1 2 2
573 443
1 15 2
420 565
1 9 2
6 316
1 9 2
710 682
1 9 2
225 472
1 12 2
345 702
1 10 2
541 411
1 4 2
318 348
1 7 2
6 121
1 11 2
717 127
1 8 2
371 437
1 7 2
429 269
1 8 2
575 154
1 7 2
68 465
1 15 2
620 405
1 12 2
34 641
1 2 2
659 250
1 7 2
734 202
1 10 2
92 431
1 12 2
795 149
1 8 2
453 135
1 11 2
668 581
1 4 2
567 19
1 3 2
169 651
1 4 2
625 289
1 11 2
479 777
1 12 2
18 249
1 9 2
27 179
1 11 2
254 261
1 3 2
209 273
1 4 2
347 126
1 6 2
794 180
1 14 2
125 482
1 6 2
720 150
1 3 2
652 22
1 6 2
519 180
1 5 2
549 142
1 13 2
605 11
1 10 2
569 500
1 5 2
420 42
1 13 2
404 246
1 15 2
765 556
1 4 2
164 706
1 3 2
418 244
1 5 2
588 216
1 8 2
558 27
1 7 2
550 192
1 10 2
549 354
1 14 2
69 715
1 15 2
44 726
1 2 2
537 745
1 4 2
750 491
1 11 2
286 565
1 15 2
199 444
1 14 2
521 7
1 3 2
143 359
1 13 2
381 309
1 7 2
559 527
1 11 2
430 281
1 6 2
611 18
1 14 2
247 706
1 5 2
232 640
1 11 2
10 338
1 12 2
720 625
1 14 2
138 679
1 7 2
411 472
1 6 2
498 293
1 15 2
403 514
1 5 2
65 704
1 15 2
333 701
1 3 2
638 476
1 13 2
756 544
1 3 2
2 143
1 8 2
365 677
1 14 2
39 309
1 7 2
487 539
1 11 2
688 153
1 8 2
37 179
1 7 2
539 644
1 9 2
774 670
1 11 2
161 190
1 11 2
273 594
1 8 2
113 260
1 13 2
510 213
1 4 2
383 34
1 3 2
540 243
1 2 2
682 596
1 5 2
764 670
1 5 2
375 402
1 4 2
316 731
1 2 2
122 52
1 2 2
752 40
1 10 2
496 48
1 10 2
27 149
1 2 2
85 427
1 7 2
308 416
1 9 2
514 476
1 8 2
184 66
1 10 2
330 700
1 11 2
146 290
1 4 2
289 182
1 6 2
395 514
1 4 2
418 288
1 4 2
729 227
1 6 2
431 460
1 9 2
347 154
1 13 2
70 566
1 4 2
263 487
1 6 2
478 486
1 10 2
497 673
1 6 2
508 150
1 2 2
166 177
1 9 2
264 669
1 14 2
694 30
1 9 2
728 49
1 6 2
437 219
1 8 2
705 795
1 15 2
609 537
1 13 2
397 660
1 6 2
267 608
1 3 2
441 477
1 8 2
565 200
1 14 2
11 477
1 2 2
97 211
1 11 2
610 199
1 15 2
180 87
1 10 2
718 62
1 10 2
1 589
1 15 2
400 647
1 15 2
115 362
1 12 2
498 132
1 9 2
296 363
1 14 2
399 291
1 9 2
102 786
1 12 2
546 699
1 3 2
669 443
1 6 2
645 31
1 3 2
296 757
1 4 2
729 2
1 7 2
230 677
1 8 2
358 694
1 15 2
398 408
1 4 2
278 705
1 2 2
65 247
1 15 2
758 204
1 12 2
250 35
1 14 2
774 93
1 3 2
648 749
1 6 2
233 316
1 3 2
768 411
1 10 2
797 16
1 8 2
641 349
1 11 2
308 118
1 2 2
774 570
1 11 2
574 161
1 2 2
691 492
1 13 2
718 716
1 3 2
232 556
1 5 2
336 72
1 15 2
370 202
1 10 2
185 31
1 15 2
158 614
1 13 2
731 362
1 15 2
381 66
1 15 2
207 461
1 2 2
430 379
1 6 2
100 46
1 11 2
91 139
1 9 2
612 477
1 8 2
344 628
1 4 2
143 381
1 2 2
189 37
1 11 2
509 783
1 11 2
486 463
1 9 2
540 227
1 6 2
168 184
1 7 2
602 355
1 13 2
148 345
1 10 2
0 554
1 9 2
267 526
1 5 2
566 378
1 2 2
35 24
1 7 2
143 585
1 11 2
3 474
1 7 2
489 282
1 8 2
680 587
1 2 2
758 651
1 6 2
236 770
1 8 2
44 187
1 8 2
410 400
1 11 2
148 281
1 7 2
483 497
1 15 2
239 529
1 3 2
145 132
1 4 2
124 393
1 8 2
384 247
1 10 2
440 450
1 13 2
231 238
1 8 2
302 748
1 12 2
701 602
1 15 2
637 365
1 5 2
501 587
1 4 2
635 492
1 2 2
468 297
1 10 2
495 773
1 6 2
411 725
1 4 2
448 766
1 14 2
227 289
1 2 2
136 177
1 7 2
183 255
1 3 2
145 291
1 11 2
199 574
1 9 2
83 288
1 3 2
467 39
1 12 2
792 441
1 14 2
352 613
1 3 2
556 539
1 3 2
686 740
1 12 2
641 454
1 3 2
267 637
1 14 2
592 545
1 12 2
34 779
1 9 2
333 543
1 6 2
709 684
1 14 2
228 663
1 13 2
697 361
1 6 2
797 426
1 6 2
256 311
1 11 2
242 632
1 10 2
712 531
1 14 2
649 388
1 12 2
445 663
1 3 2
433 114
1 5 2
774 243
1 12 2
233 740
1 5 2
294 69
1 12 2
751 533
1 11 2
405 321
1 8 2
697 144
1 2 2
31 114
1 13 2
275 489
1 13 2
199 53
1 4 2
401 217
1 9 2
137 57
1 5 2
117 208
1 5 2
330 366
1 11 2
478 215
1 12 2
422 331
1 8 2
202 780
1 10 2
749 76
1 8 2
722 60
1 9 2
702 610
1 11 2
554 198
1 3 2
292 538
1 3 2
403 178
1 6 2
617 549
1 9 2
513 218
1 7 2
72 432
1 2 2
262 255
1 13 2
173 9
1 11 2
264 704
1 12 2
584 218
1 5 2
278 301
1 2 2
466 100
1 11 2
738 162
1 6 2
217 549
1 15 2
708 143
1 10 2
628 20
1 3 2
270 653
1 6 2
142 448
1 10 2
545 452
1 12 2
323 680
1 2 2
401 710
1 12 2
311 176
1 13 2
520 750
1 10 2
719 177
1 6 2
669 136
1 3 2
541 382
1 14 2
116 252
1 5 2
452 4
1 13 2
725 77
1 15 2
517 308
1 11 2
340 278
1 14 2
726 242
1 13 2
346 311
1 2 2
387 655
1 15 2
235 714
1 7 2
275 647
1 13 2
396 520
1 7 2
341 306
1 11 2
648 132
1 10 2
14 74
1 4 2
600 55
1 8 2
562 565
1 8 2
171 608
1 2 2
283 617
1 13 2
198 443
1 15 2
271 615
1 5 2
619 263
1 8 2
609 391
1 7 2
148 416
1 4 2
518 333
1 10 2
771 724
1 4 2
428 338
1 13 2
611 225
1 6 2
90 84
1 3 2
187 89
1 3 2
407 142
1 2 2
353 619
1 9 2
646 573
1 12 2
272 556
1 6 2
535 652
1 2 2
4 632
1 13 2
197 640
1 5 2
118 494
1 12 2
29 463
1 10 2
39 503
1 4 2
257 247
1 7 2
329 370
1 12 2
396 756
1 15 2
582 712
1 8 2
351 604
1 14 2
597 282
1 8 2
174 465
1 2 2
617 311
1 9 2
396 497
1 9 2
127 704
1 13 2
349 566
1 9 2
729 132
1 2 2
126 305
1 11 2
70 704
1 10 2
169 158
1 3 2
649 611
1 12 2
8 325
1 12 2
732 480
1 11 2
720 108
1 9 2
49 296
1 14 2
218 770
1 5 2
447 799
1 6 2
71 774
1 12 2
612 481
1 7 2
435 663
1 7 2
198 250
1 5 2
261 84
1 10 2
576 650
1 2 2
412 579
1 7 2
226 750
1 14 2
656 316
1 13 2
3 285
1 11 2
471 93
1 7 2
31 654
1 15 2
82 139
1 14 2
436 280
1 4 2
404 556
1 8 2
276 176
1 7 2
438 674
1 7 2
675 220
1 6 2
550 54
1 13 2
137 790
1 9 2
773 651
1 2 2
754 601
1 5 2
235 258
1 8 2
285 286
1 13 2
549 379
1 15 2
284 549
1 7 2
99 752
1 15 2
266 63
1 9 2
371 537
1 13 2
184 478
1 10 2
82 703
1 2 2
565 694
1 15 2
84 204
1 4 2
525 226
1 15 2
439 566
1 8 2
603 304
1 8 2
764 332
1 8 2
277 763
1 10 2
291 207
1 11 2
394 109
1 15 2
454 104
1 15 2
797 170
1 10 2
143 796
1 5 2
269 299
1 2 2
342 435
1 12 2
119 312
1 3 2
291 528
1 11 2
94 689
1 6 2
560 670
1 10 2
173 69
1 5 2
142 429
1 5 2
141 356
1 7 2
704 725
1 9 2
643 56
1 7 2
369 584
1 2 2
749 427
1 13 2
84 510
1 2 2
686 485
1 2 2
794 788
1 4 2
70 506
1 8 2
189 201
1 8 2
406 220
1 3 2
383 287
1 6 2
662 427
1 14 2
796 283
1 7 2
665 22
1 4 2
131 389
1 9 2
611 10
1 11 2
153 709
1 14 2
297 693
1 5 2
6 264
1 13 2
470 93
1 13 2
352 163
1 6 2
738 398
1 12 2
655 694
1 12 2
409 149
1 15 2
680 789
1 2 2
685 778
1 9 2
530 234
1 2 2
277 290
1 11 2
303 38
1 7 2
78 132
1 9 2
473 435
1 6 2
583 506
1 12 2
40 540
1 10 2
357 670
1 9 2
544 507
1 15 2
70 503
1 6 2
403 779
1 11 2
93 301
1 7 2
695 204
1 11 2
324 615
1 2 2
583 544
1 14 2
249 735
1 4 2
778 382
1 8 2
597 76
1 6 2
367 298
1 13 2
191 154
1 3 2
434 426
1 7 2
711 173
1 13 2
482 283
1 6 2
115 229
1 15 2
408 463
1 8 2
57 301
1 12 2
73 387
1 4 2
630 503
1 10 2
489 14
1 11 2
290 566
1 5 2
493 133
1 7 2
478 145
1 8 2
782 53
1 15 2
546 118
1 9 2
774 263
1 5 2
570 364
1 10 2
269 301
1 6 2
124 656
1 8 2
642 747
1 2 2
602 107
1 3 2
431 235
1 5 2
613 397
1 13 2
632 681
1 11 2
531 370
1 9 2
531 630
1 4 2
563 648
1 10 2
443 514
1 13 2
194 528
1 7 2
436 795
1 2 2
327 285
1 11 2
523 464
1 10 2
767 514
1 3 2
315 242
1 4 2
127 646
1 8 2
308 592
1 12 2
389 772
1 6 2
698 571
1 3 2
699 571
1 8 2
509 312
1 14 2
572 249
1 12 2
748 551
1 6 2
668 672
1 11 2
558 90
1 8 2
272 451
1 14 2
243 697
1 4 2
140 701
1 12 2
258 4
1 10 2
181 794
1 6 2
511 524
1 10 2
348 394
1 4 2
569 301
1 4 2
713 144
1 2 2
350 79
1 11 2
709 347
1 7 2
531 258
1 5 2
167 685
1 10 2
711 290
1 2 2
596 178
1 8 2
618 84
1 13 2
215 264
1 6 2
167 265
1 12 2
307 725
1 7 2
728 182
1 7 2
623 217
1 5 2
262 77
1 10 2
668 273
1 10 2
765 352
1 12 2
529 633
1 5 2
152 147
1 14 2
636 166
1 14 2
166 198
1 10 2
705 454
1 12 2
505 503
1 9 2
375 437
1 3 2
708 276
1 3 2
133 397
1 6 2
194 349
1 5 2
710 32
1 8 2
529 226
1 8 2
213 420
1 4 2
356 705
1 11 2
787 365
1 2 2
553 374
1 14 2
348 628
1 5 2
216 196
1 13 2
404 789
1 8 2
782 776
1 11 2
429 456
1 3 2
79 81
1 3 2
1 516
1 14 2
644 748
1 5 2
439 136
1 4 2
130 767
1 14 2
471 159
1 9 2
129 666
1 12 2
610 162
1 13 2
748 315
1 8 2
326 0
1 4 2
73 98
1 3 2
110 166
1 3 2
492 527
1 2 2
448 299
1 5 2
549 136
1 12 2
400 259
1 7 2
91 71
1 8 2
292 296
1 5 2
751 513
1 11 2
474 661
1 14 2
748 782
1 11 2
47 762
1 13 2
564 730
1 6 2
531 549
1 6 2
450 61
1 12 2
343 303
1 7 2
335 363
1 13 2
135 507
1 13 2
683 386
1 15 2
458 756
1 5 2
794 359
1 7 2
258 781
1 11 2
105 246
1 4 2
777 206
1 14 2
307 92
1 4 2
389 661
1 13 2
184 354
1 11 2
13 289
1 3 2
259 635
1 4 2
631 645
1 7 2
266 776
1 8 2
342 717
1 11 2
298 656
1 9 2
266 660
1 4 2
620 195
1 9 2
406 318
1 6 2
204 449
1 3 2
106 325
1 6 2
496 225
1 8 2
248 190
1 11 2
712 729
1 14 2
291 250
1 13 2
204 578
1 5 2
721 586
1 4 2
359 701
1 5 2
206 456
1 7 2
286 79
1 10 2
26 33
1 2 2
30 259
1 13 2
764 286
1 10 2
506 190
1 12 2
156 349
1 12 2
279 713
1 7 2
337 453
1 10 2
487 369
1 15 2
220 560
1 13 2
110 653
1 15 2
458 256
1 7 2
0 550
1 2 2
399 298
1 4 2
630 361
1 3 2
204 12
1 14 2
647 242
1 14 2
481 668
1 4 2
254 657
1 13 2
50 186
1 2 2
786 672
1 15 2
258 732
1 6 2
86 238
1 10 2
225 129
1 13 2
447 59
1 14 2
369 88
1 15 2
636 402
1 15 2
654 570
1 13 2
734 676
1 8 2
285 787
1 8 2
261 64
1 14 2
87 169
1 10 2
26 780
1 15 2
511 389
1 12 2
284 421
1 3 2
721 614
1 15 2
106 143
1 7 2
496 475
1 15 2
119 428
1 3 2
560 212
1 10 2
556 760
1 10 2
49 502
1 6 2
555 291
1 14 2
796 697
1 9 2
391 97
1 15 2
150 208
1 3 2
165 692
1 7 2
133 340
1 3 2
431 510
1 14 2
4 655
1 3 2
761 643
1 5 2
666 541
1 7 2
152 108
1 9 2
286 281
1 4 2
126 491
1 14 2
41 158
1 14 2
453 298
1 4 2
196 689
1 14 2
396 347
1 10 2
154 306
1 13 2
52 312
1 15 2
210 735
1 10 2
148 303
1 14 2
590 268
1 11 2
20 258
1 15 2
644 479
1 7 2
386 61
1 9 2
555 175
1 6 2
68 793
1 11 2
468 694
1 9 2
483 544
1 10 2
633 60
1 2 2
774 418
1 4 2
405 76
1 11 2
681 294
1 14 2
295 776
1 11 2
256 163
1 5 2
103 220
1 5 2
686 588
1 6 2
788 154
1 5 2
785 352
1 5 2
690 689
1 8 2
348 160
1 15 2
543 115
1 2 2
193 501
1 3 2
662 181
1 10 2
55 576
1 5 2
263 419
1 5 2
150 329
1 12 2
518 509
1 9 2
26 754
1 10 2
168 62
1 9 2
618 491
1 7 2
255 540
1 3 2
388 419
1 13 2
178 439
1 7 2
735 326
1 6 2
233 640
1 7 2
563 209
1 3 2
407 793
1 5 2
465 474
1 6 2
694 334
1 14 2
662 91
1 10 2
683 768
1 5 2
286 678
1 3 2
754 649
1 10 2
432 135
1 15 2
499 283
1 4 2
579 667
1 8 2
402 555
1 13 2
15 5
1 12 2
263 535
1 6 2
373 241
1 13 2
544 557
1 9 2
449 151
1 3 2
336 625
1 11 2
732 185
1 3 2
396 420
1 8 2
451 576
1 6 2
538 283
1 3 2
578 70
1 11 2
424 705
1 10 2
239 697
1 11 2
375 674
1 4 2
778 400
1 14 2
0 16
1 15 2
342 552
1 2 2
332 563
1 14 2
55 336
1 4 2
520 152
1 3 2
190 755
1 14 2
600 146
1 3 2
22 329
1 13 2
128 682
1 12 2
205 608
1 2 2
558 619
1 4 2
474 258
1 4 2
307 131
1 6 2
117 660
1 5 2
340 643
1 14 2
792 708
1 14 2
289 293
1 7 2
42 310
1 15 2
114 40
1 11 2
738 31
1 2 2
199 341
1 8 2
488 776
1 5 2
235 503
1 8 2
373 534
1 12 2
318 306
1 3 2
138 284
1 12 2
447 544
1 11 2
17 485
1 12 2
71 91
1 12 2
130 528
1 4 2
57 182
1 6 2
521 56
1 5 2
203 415
1 3 2
398 318
1 12 2
259 117
1 3 2
439 550
1 6 2
504 87
1 8 2
556 595
1 12 2
217 69
1 12 2
657 655
1 8 2
204 673
1 15 2
252 162
1 4 2
93 18
1 2 2
450 120
1 9 2
675 771
1 14 2
713 457
1 7 2
325 377
1 5 2
507 43
1 3 2
704 204
1 5 2
438 566
1 10 2
269 39
1 10 2
361 513
1 9 2
186 446
1 10 2
265 612
1 15 2
200 486
1 7 2
160 736
1 3 2
656 44
1 11 2
536 792
1 10 2
78 645
1 2 2
258 478
1 8 2
375 582
1 8 2
585 277
1 5 2
722 470
1 9 2
424 638
1 13 2
676 713
1 14 2
120 645
1 4 2
792 38
1 9 2
773 272
1 15 2
356 302
1 5 2
320 10
1 2 2
633 793
1 9 2
449 392
1 6 2
197 576
1 7 2
630 477
1 3 2
574 303
1 6 2
209 475
1 14 2
277 427
1 6 2
495 642
1 15 2
548 363
1 12 2
434 779
1 13 2
263 144
1 7 2
739 288
1 3 2
435 797
1 2 2
443 428
1 13 2
566 764
1 14 2
321 692
1 10 2
579 780
1 15 2
610 707
1 14 2
279 332
1 15 2
520 298
1 4 2
781 507
1 6 2
319 523
1 6 2
225 643
1 10 2
369 740
1 7 2
565 355
1 15 2
537 203
1 8 2
358 128
1 12 2
138 32
1 6 2
561 235
1 5 2
506 171
1 11 2
491 300
1 4 2
275 335
1 10 2
721 98
1 5 2
69 12
1 6 2
454 692
1 14 2
121 93
1 4 2
703 762
1 10 2
182 713
1 13 2
168 485
1 14 2
591 318
1 12 2
165 458
1 4 2
695 463
1 6 2
388 391
1 6 2
566 232
1 15 2
512 663
1 9 2
475 229
1 10 2
95 782
1 2 2
387 747
1 2 2
147 327
1 9 2
302 108
1 5 2
273 655
1 7 2
75 125
1 15 2
225 172
1 10 2
645 329
1 5 2
761 105
1 7 2
426 334
1 11 2
490 651
1 11 2
698 725
1 9 2
744 579
1 8 2
456 211
1 4 2
324 432
1 10 2
561 740
1 15 2
783 126
1 13 2
185 207
1 4 2
689 381
1 8 2
754 410
1 5 2
767 533
1 6 2
176 584
1 13 2
123 595
1 2 2
759 464
1 7 2
245 475
1 14 2
431 67
1 4 2
146 48
1 10 2
32 571
1 6 2
255 335
1 11 2
435 635
1 6 2
327 519
1 14 2
588 769
1 12 2
421 99
1 2 2
119 132
1 7 2
315 360
1 6 2
755 167
1 4 2
302 505
1 3 2
299 28
1 2 2
201 700
1 4 2
605 426
1 9 2
610 757
1 8 2
427 743
1 7 2
789 673
1 9 2
106 26
1 12 2
745 53
1 14 2
589 341
1 8 2
759 359
1 6 2
429 138
1 10 2
426 577
1 4 2
523 36
1 7 2
183 217
1 7 2
184 529
1 13 2
410 32
1 15 2
270 636
1 15 2
147 117
1 9 2
551 257
1 6 2
3 565
1 13 2
583 523
1 12 2
764 19
1 2 2
796 209
1 9 2
439 749
1 6 2
286 640
1 7 2
29 209
1 12 2
409 377
1 9 2
479 399
1 10 2
291 694
1 14 2
758 96
1 3 2
753 369
1 3 2
334 536
1 2 2
351 148
1 14 2
766 528
1 2 2
226 502
1 15 2
67 416
1 4 2
403 716
1 8 2
299 292
1 13 2
700 577
1 11 2
369 483
1 3 2
205 763
1 4 2
200 125
1 13 2
180 758
1 5 2
119 162
1 11 2
460 87
1 7 2
92 460
1 12 2
449 676
1 6 2
82 536
1 14 2
524 415
1 11 2
220 784
1 11 2
710 364
1 11 2
251 689
1 3 2
233 479
1 6 2
168 453
1 15 2
348 404
1 4 2
202 78
1 10 2
216 201
1 6 2
386 465
1 5 2
338 775
1 10 2
642 42
1 12 2
144 419
1 15 2
205 180
1 3 2
515 148
1 13 2
311 578
1 2 2
559 697
1 4 2
526 549
1 4 2
169 166
1 12 2
688 696
1 5 2
699 301
1 15 2
494 474
1 11 2
186 451
1 2 2
255 23
1 14 2
413 240
1 10 2
692 433
1 2 2
235 409
1 6 2
174 347
1 13 2
538 334
1 3 2
172 637
1 8 2
695 575
1 15 2
447 11
1 2 2
373 662
1 8 2
314 785
1 12 2
382 378
1 4 2
387 398
1 5 2
703 504
1 14 2
739 289
1 2 2
142 678
1 10 2
433 34
1 5 2
598 55
1 6 2
590 240
1 9 2
337 656
1 13 2
69 184
1 7 2
21 521
1 2 2
275 35
1 4 2
33 198
1 2 2
153 191
1 14 2
421 87
1 11 2
476 565
1 13 2
763 550
1 9 2
28 182
1 5 2
78 534
1 13 2
33 500
1 7 2
410 379
1 15 2
731 512
1 4 2
379 284
1 5 2
38 708
1 2 2
524 206
1 12 2
532 121
1 2 2
465 703
1 15 2
311 13
1 11 2
556 703
1 13 2
77 385
1 3 2
338 797
1 8 2
616 790
1 6 2
178 699
1 14 2
7 248
1 4 2
730 764
1 4 2
726 624
1 11 2
665 414
1 10 2
274 49
1 7 2
234 452
1 12 2
53 612
1 14 2
304 733
1 3 2
107 81
1 15 2
578 162
1 11 2
658 212
1 4 2
631 227
1 10 2
494 148
1 10 2
463 417
1 14 2
48 118
1 3 2
505 390
1 15 2
268 316
1 10 2
310 538
1 6 2
763 398
1 15 2
629 30
1 8 2
611 531
1 10 2
407 628
1 13 2
106 735
1 14 2
606 718
1 10 2
79 328
1 11 2
51 690
1 14 2
661 621
1 9 2
92 42
1 12 2
563 624
1 8 2
673 786
1 13 2
496 296
1 7 2
612 709
1 13 2
159 17
1 2 2
338 563
1 14 2
414 552
1 15 2
292 309
1 6 2
269 183
1 7 2
680 747
1 3 2
142 56
1 11 2
141 235
1 5 2
799 12
1 5 2
523 459
1 4 2
712 597
1 2 2
210 612
1 9 2
176 374
1 9 2
602 209
1 9 2
301 632
1 14 2
401 354
1 12 2
432 309
1 2 2
462 619
1 3 2
178 46
1 9 2
383 599
1 14 2
526 605
1 13 2
540 354
1 15 2
786 750
1 15 2
678 473
1 7 2
441 454
1 12 2
726 515
1 8 2
10 353
1 7 2
518 600
1 12 2
208 98
1 4 2
169 727
1 12 2
743 653
1 3 2
349 602
1 12 2
293 168
1 2 2
225 431
1 13 2
370 717
1 13 2
48 153
1 2 2
287 567
1 5 2
60 499
1 12 2
115 337
1 14 2
620 72
1 10 2
381 33
1 11 2
260 524
1 3 2
320 80
1 6 2
502 627
1 15 2
440 400
1 10 2
501 274
1 13 2
12 213
1 5 2
454 560
1 11 2
116 475
1 15 2
84 372
1 14 2
452 228
1 5 2
710 511
1 2 2
54 7
1 2 2
226 161
1 2 2
529 338
1 7 2
367 299
1 14 2
657 246
1 4 2
767 71
1 10 2
28 503
1 7 2
69 655
1 15 2
286 389
1 9 2
8 466
1 15 2
479 737
1 3 2
739 655
1 11 2
431 122
1 3 2
66 301
1 3 2
493 648
1 10 2
600 71
1 11 2
592 498
1 5 2
630 226
1 11 2
63 649
1 11 2
449 94
1 13 2
431 77
1 9 2
605 584
1 5 2
597 104
1 6 2
528 14
1 5 2
606 370
1 10 2
630 480
1 13 2
203 756
1 12 2
319 301
1 9 2
219 3
1 8 2
568 298
1 6 2
533 689
1 14 2
471 233
1 6 2
371 683
1 9 2
111 758
1 4 2
231 451
1 13 2
189 580
1 7 2
440 622
1 6 2
161 92
1 13 2
732 247
1 2 2
208 534
1 3 2
248 265
1 2 2
250 160
1 2 2
209 584
1 14 2
593 700
1 12 2
703 287
1 8 2
305 632
1 4 2
485 746
1 12 2
390 790
1 8 2
176 26
1 14 2
378 234
1 4 2
408 781
1 8 2
12 748
1 12 2
533 110
1 2 2
260 270
1 6 2
268 37
1 13 2
26 767
1 8 2
206 772
1 6 2
797 279
1 5 2
713 394
1 2 2
617 624
1 13 2
739 510
1 4 2
365 274
1 5 2
514 376
1 7 2
674 684
1 15 2
54 699
1 9 2
293 480
1 11 2
312 417
1 14 2
751 549
1 8 2
621 431
1 3 2
704 573
1 11 2
526 673
1 10 2
211 688
1 10 2
17 388
1 8 2
19 599
1 2 2
262 289
1 14 2
437 156
1 2 2
151 122
1 14 2
732 598
1 9 2
272 405
1 2 2
604 352
1 5 2
502 354
1 3 2
595 315
1 15 2
344 96
1 4 2
331 46
1 4 2
573 335
1 11 2
393 227
1 5 2
205 532
1 13 2
554 109
1 10 2
696 230
1 8 2
401 153
1 6 2
272 784
1 8 2
450 226
1 14 2
408 516
1 10 2
177 36
1 9 2
547 338
1 5 2
705 378
1 2 2
67 702
1 2 2
181 604
1 11 2
352 291
1 7 2
236 489
1 12 2
572 578
1 2 2
606 600
1 5 2
256 338
1 6 2
62 86
1 4 2
682 253
1 10 2
150 236
1 5 2
17 676
1 6 2
236 248
1 2 2
168 40
1 10 2
206 633
1 6 2
182 44
1 13 2
273 194
1 15 2
698 80
1 11 2
477 642
1 7 2
691 358
1 11 2
790 550
1 2 2
731 325
1 5 2
599 530
1 11 2
295 107
1 12 2
291 428
1 3 2
438 668
1 9 2
443 439
1 15 2
186 577
1 12 2
118 274
1 7 2
463 541
1 11 2
114 330
1 3 2
355 641
1 3 2
284 169
1 8 2
727 531
1 12 2
204 210
1 7 2
683 152
1 10 2
452 773
1 5 2
706 629
1 15 2
17 425
1 4 2
387 62
1 14 2
46 632
1 3 2
177 725
1 14 2
376 509
1 8 2
716 208
1 11 2
86 693
1 13 2
546 489
1 12 2
117 528
1 12 2
652 469
1 11 2
578 601
1 3 2
182 350
1 6 2
190 794
1 8 2
762 347
1 9 2
673 611
1 10 2
715 83
1 11 2
145 172
1 13 2
70 501
1 4 2
454 515
1 8 2
239 324
1 10 2
744 197
1 2 2
739 408
1 2 2
589 498
1 4 2
224 783
1 6 2
62 390
1 8 2
648 476
1 13 2
788 573
1 15 2
532 746
1 2 2
360 408
1 9 2
164 255
1 11 2
487 574
1 3 2
175 650
1 7 2
91 721
1 12 2
464 321
1 5 2
498 220
1 15 2
24 383
1 2 2
310 397
1 5 2
508 641
1 14 2
601 468
1 3 2
568 472
1 9 2
573 713
1 5 2
181 159
1 11 2
25 689
1 6 2
756 723
1 8 2
421 230
1 11 2
1 478
1 7 2
707 372
1 2 2
603 783
1 15 2
223 410
1 10 2
794 220
1 5 2
411 72
1 10 2
15 60
1 3 2
435 460
1 8 2
401 787
1 14 2
695 32
1 8 2
405 754
1 7 2
439 647
1 5 2
472 408
1 4 2
275 70
1 9 2
357 270
1 12 2
51 102
1 6 2
433 304
1 6 2
393 179
1 10 2
56 714
1 9 2
382 354
1 5 2
437 758
1 6 2
309 738
1 14 2
28 70
1 14 2
83 97
1 11 2
378 25
1 6 2
124 623
1 9 2
663 410
1 6 2
632 0
1 6 2
179 637
1 2 2
796 85
1 11 2
383 508
1 8 2
668 790
1 4 2
260 182
1 4 2
235 601
1 5 2
544 408
1 3 2
796 573
1 11 2
53 741
1 9 2
266 546
1 3 2
611 272
1 10 2
742 91
1 14 2
83 168
1 8 2
3 60
1 10 2
329 144
1 2 2
424 478
1 4 2
36 516
1 11 2
46 402
1 9 2
753 250
1 13 2
389 668
1 7 2
285 782
1 10 2
737 192
1 9 2
635 526
1 12 2
29 696
1 12 2
42 53
1 14 2
58 389
1 13 2
590 19
1 15 2
643 724
1 12 2
415 109
1 10 2
733 738
1 14 2
694 537
1 2 2
109 348
1 3 2
54 742
1 4 2
730 172
1 9 2
702 78
1 5 2
635 490
1 4 2
594 654
1 2 2
134 648
1 2 2
373 135
1 15 2
750 649
1 5 2
727 506
1 9 2
211 625
1 6 2
516 228
1 5 2
761 122
1 9 2
497 691
1 14 2
229 284
1 12 2
171 745
1 9 2
673 722
1 12 2
686 599
1 15 2
270 729
1 7 2
498 731
1 5 2
707 32
1 8 2
399 749
1 2 2
231 402
1 7 2
192 631
1 10 2
266 189
1 10 2
281 84
1 8 2
509 717
1 5 2
288 366
1 12 2
224 395
1 2 2
41 383
1 10 2
420 392
1 9 2
516 555
1 9 2
371 689
1 4 2
709 755
1 6 2
579 784
1 5 2
160 534
1 12 2
540 534
1 14 2
405 215
1 2 2
428 86
1 11 2
448 703
1 12 2
444 723
1 2 2
466 762
1 11 2
490 352
1 10 2
403 8
1 11 2
317 523
1 10 2
313 756
1 14 2
633 742
1 6 2
764 561
1 15 2
740 658
1 7 2
496 669
1 15 2
113 306
1 12 2
775 407
1 14 2
770 163
1 3 2
270 634
1 10 2
591 85
1 4 2
542 690
1 7 2
744 453
1 15 2
62 81
1 7 2
564 196
1 12 2
570 51
1 13 2
623 296
1 8 2
20 297
1 5 2
275 668
1 3 2
435 365
1 15 2
349 254
1 7 2
721 362
1 3 2
170 624
1 15 2
78 500
1 2 2
504 781
1 15 2
343 68
1 5 2
743 197
1 6 2
47 185
1 7 2
275 80
1 6 2
447 417
1 8 2
402 685
1 8 2
108 182
1 13 2
371 155
1 12 2
44 136
1 8 2
352 634
1 7 2
398 528
1 15 2
196 623
1 2 2
80 336
1 14 2
730 683
1 13 2
369 635
1 8 2
545 127
1 10 2
615 255
1 4 2
594 425
1 3 2
664 451
1 8 2
576 399
1 2 2
20 436
1 13 2
575 87
1 5 2
502 734
1 3 2
765 248
1 8 2
195 351
1 11 2
91 194
1 11 2
272 275
1 5 2
539 144
1 15 2
64 443
1 7 2
623 702
1 7 2
598 268
1 14 2
110 54
1 11 2
56 732
1 15 2
753 157
1 9 2
204 588
1 15 2
348 357
1 2 2
267 450
1 11 2
335 42
1 4 2
643 98
1 14 2
684 282
1 2 2
126 137
1 5 2
645 666
1 2 2
752 205
1 3 2
505 204
1 12 2
473 487
1 14 2
447 640
1 6 2
360 676
1 13 2
54 632
1 7 2
491 591
1 11 2
99 256
1 13 2
797 94
1 8 2
109 601
1 2 2
639 792
1 5 2
191 768
1 11 2
495 710
1 10 2
74 57
1 3 2
119 216
1 14 2
281 83
1 15 2
431 130
1 2 2
481 289
1 12 2
272 204
1 14 2
11 751
1 2 2
792 36
1 8 2
671 557
1 14 2
359 206
1 12 2
255 499
1 10 2
65 705
1 3 2
471 119
1 4 2
490 437
1 5 2
763 375
1 10 2
664 170
1 3 2
648 649
1 10 2
315 267
1 15 2
789 529
1 9 2
322 438
1 2 2
663 180
1 2 2
340 767
1 4 2
669 530
1 11 2
588 57
1 3 2
657 444
1 13 2
42 717
1 3 2
701 574
1 10 2
221 732
1 11 2
758 345
1 4 2
59 161
1 6 2
561 305
1 5 2
487 756
1 5 2
60 240
1 9 2
44 45
1 9 2
766 133
1 9 2
668 166
1 5 2
787 92
1 4 2
330 657
1 8 2
526 523
1 4 2
308 86
1 13 2
518 549
1 13 2
190 130
1 13 2
183 535
1 2 2
115 246
1 6 2
650 90
1 7 2
404 88
1 4 2
570 692
1 4 2
340 276
1 11 2
474 709
1 3 2
661 115
1 4 2
545 541
1 13 2
155 593
1 14 2
707 272
1 13 2
647 591
1 9 2
594 359
1 12 2
792 790
1 8 2
604 731
1 14 2
131 774
1 10 2
342 796
1 14 2
660 613
1 3 2
22 359
1 2 2
473 212
1 9 2
255 676
1 5 2
158 748
1 11 2
253 250
1 15 2
551 166
1 9 2
559 335
1 9 2
546 193
1 2 2
413 295
1 3 2
350 556
1 5 2
289 752
1 5 2
720 272
1 10 2
51 542
1 13 2
691 710
1 9 2
263 231
1 12 2
654 726
1 5 2
523 408
1 7 2
182 35
1 11 2
364 405
1 14 2
335 608
1 15 2
715 664
1 10 2
272 677
1 8 2
424 366
1 11 2
277 637
1 10 2
553 485
1 9 2
254 190
1 14 2
571 660
1 13 2
674 490
1 5 2
81 521
1 12 2
626 113
1 9 2
576 9
1 12 2
293 797
1 11 2
283 744
1 4 2
698 448
1 6 2
306 255
1 5 2
324 557
1 11 2
391 138
1 11 2
229 527
1 14 2
662 421
1 8 2
462 790
1 9 2
106 302
1 12 2
68 373
1 2 2
383 593
1 12 2
280 15
1 8 2
225 551
1 7 2
702 677
1 7 2
128 628
1 9 2
495 616
1 12 2
750 38
1 13 2
48 94
1 10 2
182 122
1 15 2
761 714
1 4 2
341 94
1 2 2
232 40
1 14 2
3 91
1 14 2
219 473
1 14 2
520 321
1 2 2
636 380
1 12 2
171 506
1 11 2
704 795
1 8 2
23 459
1 10 2
676 124
1 4 2
20 475
1 7 2
168 493
1 8 2
614 495
1 11 2
482 153
1 8 2
525 113
1 8 2
378 500
1 2 2
571 772
1 13 2
755 324
1 7 2
382 162
1 4 2
354 96
1 5 2
394 528
1 6 2
665 355
1 13 2
175 113
1 13 2
86 469
1 4 2
404 164
1 8 2
774 521
1 9 2
686 500
1 11 2
514 524
1 8 2
126 19
1 10 2
719 702
1 5 2
764 664
1 7 2
168 746
1 13 2
792 459
1 10 2
367 602
1 9 2
397 281
1 14 2
232 661
1 5 2
736 738
1 6 2
702 11
1 12 2
567 399
1 4 2
89 491
1 13 2
737 53
1 5 2
129 788
1 12 2
589 555
1 3 2
287 616
1 5 2
719 105
1 9 2
67 219
1 7 2
418 771
1 13 2
13 683
1 14 2
637 619
1 15 2
674 411
1 10 2
786 54
1 6 2
70 387
1 5 2
780 731
1 4 2
220 123
1 15 2
125 517
1 6 2
579 429
1 9 2
488 449
1 12 2
157 432
1 13 2
156 772
1 3 2
142 275
1 10 2
350 717
1 7 2
41 329
1 13 2
675 682
1 4 2
401 99
1 9 2
483 500
1 3 2
594 32
1 6 2
68 156
1 5 2
676 543
1 10 2
475 605
1 15 2
466 742
1 15 2
526 511
1 13 2
613 699
1 9 2
126 449
1 9 2
613 194
1 10 2
276 761
1 9 2
337 3
1 8 2
649 504
1 9 2
650 298
1 15 2
94 527
1 11 2
538 608
1 5 2
629 522
1 6 2
580 750
1 15 2
608 158
1 3 2
162 569
1 6 2
771 384
1 10 2
292 351
1 14 2
240 484
1 8 2
250 411
1 12 2
262 182
1 6 2
526 245
1 9 2
243 70
1 2 2
565 225
1 13 2
505 39
1 12 2
541 298
1 2 2
175 323
1 7 2
727 791
1 5 2
35 605
1 4 2
54 299
1 11 2
748 1
1 14 2
340 246
1 15 2
675 30
1 5 2
270 134
1 10 2
678 735
1 4 2
473 552
1 10 2
619 59
1 14 2
301 407
1 15 2
530 674
1 12 2
420 106
1 6 2
152 585
1 8 2
741 82
1 7 2
196 721
1 9 2
372 506
1 7 2
490 293
1 5 2
155 212
1 15 2
591 288
1 11 2
443 195
1 10 2
705 518
1 9 2
341 657
1 4 2
290 115
1 11 2
236 11
1 11 2
71 338
1 15 2
780 73
1 8 2
143 200
1 12 2
138 189
1 13 2
184 86
1 6 2
181 341
1 9 2
283 424
1 7 2
497 220
1 10 2
367 339
1 12 2
20 347
1 5 2
76 695
1 13 2
110 17
1 13 2
451 414
1 4 2
287 622
1 9 2
308 2
1 5 2
584 257
1 15 2
156 516
1 12 2
303 785
1 2 2
502 125
1 8 2
321 294
1 12 2
593 775
1 6 2
656 210
1 9 2
267 381
1 11 2
525 745
1 12 2
343 690
1 5 2
490 242
1 3 2
740 577
1 7 2
669 227
1 14 2
788 120
1 7 2
72 391
1 15 2
37 334
1 11 2
45 67
1 8 2
524 665
1 6 2
481 740
1 6 2
248 575
1 7 2
370 174
1 6 2
384 284
1 2 2
115 402
1 4 2
231 262
1 2 2
369 755
1 7 2
796 180
1 13 2
695 439
1 14 2
530 484
1 13 2
128 605
1 14 2
243 706
1 12 2
169 400
1 14 2
532 152
1 8 2
26 232
1 2 2
563 354
1 5 2
474 589
1 14 2
76 554
1 4 2
586 299
1 10 2
545 432
1 2 2
787 191
1 10 2
413 404
1 7 2
253 156
1 5 2
362 221
1 15 2
211 348
1 12 2
623 502
1 2 2
357 366
1 15 2
404 241
1 12 2
639 181
1 8 2
455 348
1 5 2
342 503
1 14 2
663 123
1 5 2
509 11
1 13 2
534 725
1 11 2
499 751
1 6 2
576 332
1 15 2
726 127
1 12 2
154 217
1 13 2
364 714
1 11 2
185 306
1 9 2
445 278
1 9 2
405 32
1 3 2
173 199
1 15 2
396 469
1 9 2
339 286
1 15 2
112 450
1 6 2
417 84
1 4 2
47 261
1 4 2
671 486
1 5 2
703 154
1 5 2
254 431
1 11 2
780 253
1 14 2
90 407
1 7 2
197 51
1 4 2
1 411
1 10 2
18 489
1 14 2
508 455
1 7 2
463 450
1 4 2
24 385
1 9 2
30 144
1 2 2
706 175
1 2 2
736 616
1 3 2
601 34
1 12 2
413 84
1 8 2
178 48
1 9 2
44 121
1 3 2
743 509
1 3 2
388 335
1 10 2
576 503
1 14 2
354 623
1 11 2
410 25
1 6 2
67 259
1 13 2
551 42
1 4 2
55 586
1 11 2
673 521
1 7 2
450 411
1 4 2
303 146
1 9 2
317 559
1 3 2
438 198
1 14 2
502 600
1 4 2
483 141
1 10 2
732 409
1 2 2
595 188
1 3 2
45 654
1 9 2
502 739
1 12 2
521 18
1 2 2
173 294
1 8 2
556 151
1 2 2
432 179
1 11 2
488 304
1 15 2
702 71
1 12 2
565 501
1 6 2
18 634
1 8 2
763 569
1 5 2
398 780
1 5 2
626 77
1 12 2
185 161
1 2 2
386 745
1 6 2
302 646
1 3 2
252 94
1 9 2
305 601
1 11 2
409 454
1 11 2
151 279
1 6 2
575 512
1 9 2
747 786
1 6 2
756 586
1 15 2
107 480
1 12 2
446 419
1 10 2
309 794
1 3 2
134 150
1 10 2
639 511
1 2 2
480 743
1 10 2
795 64
1 2 2
613 9
1 5 2
414 516
1 11 2
312 628
1 8 2
776 332
1 10 2
655 731
1 7 2
184 68
1 4 2
598 673
1 15 2
37 768
1 10 2
158 248
1 7 2
246 326
1 14 2
380 429
1 8 2
415 94
1 2 2
470 85
1 7 2
198 55
1 4 2
554 671
1 11 2
533 191
1 14 2
299 185
1 11 2
500 453
1 3 2
740 796
1 6 2
119 111
1 10 2
558 457
1 13 2
289 84
1 14 2
630 239
1 7 2
741 604
1 8 2
335 701
1 6 2
455 745
1 11 2
786 749
1 6 2
281 101
1 10 2
185 394
1 11 2
315 410
1 14 2
766 493
1 11 2
722 684
1 9 2
240 204
1 9 2
212 39
1 9 2
730 460
1 3 2
508 373
1 14 2
429 286
1 5 2
679 272
1 7 2
553 716
1 5 2
259 579
1 12 2
671 694
1 7 2
429 216
1 6 2
465 577
1 10 2
599 541
1 14 2
275 36
1 6 2
536 417
1 12 2
239 494
1 14 2
52 297
1 4 2
795 43
1 3 2
450 638
1 15 2
253 287
1 15 2
493 320
1 4 2
279 505
1 4 2
369 364
1 2 2
607 81
1 5 2
214 749
1 12 2
272 543
1 14 2
260 15
1 11 2
718 148
1 6 2
655 293
1 7 2
241 201
1 5 2
749 403
1 14 2
702 242
1 5 2
277 41
1 2 2
757 413
1 4 2
328 351
1 4 2
704 79
1 9 2
363 443
1 3 2
679 275
1 12 2
28 154
1 4 2
299 181
1 11 2
484 11
1 12 2
58 793
1 8 2
113 658
1 8 2
136 234
1 10 2
581 784
1 2 2
640 755
1 7 2
78 54
1 2 2
228 589
1 13 2
48 741
1 5 2
39 584
1 4 2
188 296
1 6 2
183 476
1 14 2
341 253
1 9 2
399 756
1 3 2
606 421
1 15 2
207 477
1 7 2
754 311
1 7 2
279 774
1 9 2
275 412
1 12 2
659 68
1 6 2
696 603
1 12 2
694 248
1 8 2
794 248
1 11 2
501 188
1 3 2
615 405
1 6 2
14 731
1 5 2
523 641
1 4 2
243 503
1 3 2
149 614
1 11 2
154 148
1 5 2
352 567
1 8 2
64 56
1 10 2
508 489
1 7 2
476 216
1 15 2
6 618
1 12 2
606 782
1 8 2
101 292
1 7 2
65 595
1 13 2
482 146
1 4 2
65 676
1 2 2
433 328
1 6 2
695 702
1 10 2
272 105
1 6 2
60 257
1 15 2
264 273
1 9 2
640 748
1 8 2
347 271
1 8 2
510 192
1 15 2
785 408
1 4 2
425 454
1 9 2
165 635
1 9 2
737 143
1 14 2
684 712
1 15 2
349 281
1 7 2
785 167
1 11 2
717 424
1 15 2
419 4
1 13 2
105 656
1 5 2
21 134
1 2 2
475 232
1 6 2
126 474
1 10 2
12 431
1 9 2
406 657
1 14 2
99 487
1 14 2
468 16
1 7 2
23 716
1 9 2
412 27
1 10 2
167 105
1 3 2
195 593
1 10 2
473 56
1 15 2
431 708
1 5 2
691 436
1 4 2
100 275
1 13 2
782 289
1 4 2
2 573
1 6 2
493 788
1 8 2
495 100
1 9 2
240 526
1 13 2
409 31
1 2 2
116 708
1 4 2
308 30
1 12 2
534 92
1 9 2
401 150
1 6 2
629 628
1 7 2
342 22
1 7 2
31 476
1 6 2
76 230
1 10 2
762 297
1 2 2
381 501
1 10 2
184 7
1 5 2
207 354
1 3 2
307 678
1 15 2
39 600
1 9 2
283 733
1 12 2
77 594
1 15 2
464 562
1 8 2
487 18
1 4 2
512 255
1 8 2
677 390
1 10 2
594 45
1 5 2
84 417
1 11 2
452 707
1 12 2
437 290
1 5 2
392 705
1 12 2
364 275
1 9 2
225 133
1 8 2
451 772
1 9 2
274 652
1 2 2
673 244
1 2 2
251 458
1 5 2
681 471
1 10 2
289 266
1 9 2
741 70
1 10 2
226 314
1 14 2
699 254
1 10 2
150 737
1 15 2
203 720
1 9 2
65 89
1 9 2
656 1
1 11 2
638 382
1 10 2
513 412
1 9 2
303 409
1 11 2
482 25
1 13 2
136 655
1 14 2
203 739
1 11 2
739 192
1 3 2
542 407
1 13 2
54 308
1 15 2
559 153
1 2 2
79 751
1 5 2
220 129
1 6 2
584 595
1 2 2
370 461
1 4 2
370 735
1 4 2
311 464
1 9 2
388 78
1 12 2
710 662
1 9 2
586 81
1 3 2
717 723
1 3 2
705 407
1 13 2
480 423
1 4 2
692 365
1 2 2
217 545
1 12 2
67 248
1 15 2
218 709
1 11 2
579 669
1 5 2
465 29
1 12 2
778 33
1 8 2
487 421
1 5 2
719 652
1 15 2
399 69
1 11 2
94 506
1 15 2
44 770
1 15 2
363 367
1 2 2
664 384
1 2 2
704 587
1 10 2
730 255
1 8 2
621 531
1 15 2
492 245
1 9 2
700 491
1 2 2
55 31
1 3 2
239 409
1 4 2
272 599
1 11 2
222 136
1 7 2
306 571
1 14 2
720 681
1 6 2
498 700
1 7 2
396 202
1 7 2
35 760
1 10 2
711 662
1 14 2
538 389
1 14 2
424 683
1 11 2
122 59
1 14 2
739 784
1 8 2
729 232
1 15 2
470 722
1 14 2
540 513
1 12 2
207 27
1 8 2
594 316
1 3 2
402 78
1 8 2
198 81
1 4 2
793 409
1 6 2
388 67
1 15 2
666 387
1 11 2
520 73
1 3 2
357 220
1 11 2
790 661
1 10 2
316 616
1 4 2
269 342
1 5 2
433 68
1 15 2
423 217
1 2 2
226 240
1 12 2
366 345
1 11 2
775 767
1 7 2
235 687
1 10 2
33 22
1 11 2
243 194
1 11 2
34 141
1 12 2
512 373
1 5 2
704 52
1 13 2
575 27
1 12 2
403 767
1 4 2
23 788
1 6 2
218 627
1 4 2
527 674
1 8 2
421 117
1 13 2
274 171
1 3 2
379 356
1 7 2
82 639
1 11 2
705 311
1 8 2
255 523
1 3 2
799 325
1 6 2
188 555
1 9 2
341 569
1 15 2
88 89
1 15 2
255 446
1 12 2
506 601
1 7 2
770 260
1 12 2
575 273
1 14 2
33 184
1 14 2
410 6
1 4 2
786 108
1 2 2
269 678
1 12 2
321 710
1 5 2
296 681
1 13 2
745 130
1 2 2
749 505
1 10 2
295 770
1 3 2
587 790
1 13 2
294 57
1 5 2
268 204
1 7 2
721 153
1 9 2
408 68
1 14 2
442 159
1 5 2
779 439
1 8 2
621 435
1 9 2
478 369
1 9 2
704 98
1 6 2
174 153
1 2 2
423 481
1 3 2
238 791
1 3 2
603 23
1 14 2
250 587
1 4 2
215 701
1 12 2
689 280
1 11 2
409 506
1 6 2
154 390
1 14 2
106 40
1 8 2
457 486
1 10 2
479 552
1 10 2
52 302
1 13 2
691 639
1 11 2
228 292
1 2 2
13 325
1 13 2
266 444
1 7 2
71 243
1 11 2
496 373
1 5 2
600 134
1 8 2
731 712
1 7 2
290 88
1 12 2
197 58
1 2 2
430 622
1 11 2
614 234
1 7 2
42 635
1 14 2
297 223
1 15 2
22 558
1 5 2
442 150
1 2 2
173 238
1 11 2
181 187
1 12 2
495 236
1 6 2
570 95
1 13 2
482 252
1 7 2
427 562
1 15 2
568 432
1 13 2
251 580
1 6 2
314 141
1 12 2
162 332
1 14 2
438 626
1 15 2
724 542
1 12 2
295 203
1 6 2
447 255
1 10 2
500 639
1 12 2
53 36
1 4 2
670 766
1 12 2
2 80
1 3 2
214 164
1 6 2
417 427
1 10 2
91 473
1 10 2
497 727
1 6 2
486 375
1 3 2
490 743
1 4 2
674 466
1 3 2
428 640
1 6 2
545 474
1 15 2
275 440
1 7 2
594 690
1 13 2
186 627
1 10 2
539 454
1 14 2
658 105
1 4 2
680 248
1 8 2
71 347
1 6 2
408 165
1 7 2
49 794
1 13 2
628 558
1 15 2
290 370
1 3 2
442 559
1 9 2
732 730
1 3 2
270 409
1 8 2
250 387
1 11 2
454 705
1 13 2
246 733
1 8 2
178 381
1 15 2
62 758
1 13 2
354 609
1 14 2
265 298
1 2 2
703 333
1 15 2
45 597
1 7 2
735 528
1 4 2
242 480
1 15 2
529 143
1 14 2
245 100
1 15 2
716 191
1 11 2
309 219
1 15 2
9 661
1 2 2
574 480
1 7 2
110 492
1 5 2
719 224
1 4 2
326 92
1 5 2
402 561
1 13 2
489 113
1 14 2
321 95
1 6 2
361 511
1 7 2
172 378
1 14 2
706 202
1 14 2
263 349
1 4 2
123 234
1 10 2
459 717
1 10 2
519 436
1 15 2
577 510
1 12 2
635 199
1 3 2
252 409
1 8 2
670 312
1 3 2
145 112
1 4 2
378 674
1 2 2
667 377
1 10 2
310 144
1 15 2
337 458
1 12 2
521 475
1 6 2
569 414
1 2 2
215 57
1 3 2
539 512
1 5 2
580 51
1 5 2
275 228
1 6 2
644 331
1 2 2
252 677
1 2 2
664 41
1 11 2
600 40
1 11 2
94 29
1 15 2
175 748
1 8 2
56 384
1 7 2
483 369
1 10 2
453 504
1 4 2
360 788
1 4 2
716 270
1 11 2
424 32
1 9 2
571 563
1 5 2
34 402
1 7 2
601 228
1 14 2
91 129
1 4 2
11 311
1 2 2
58 682
1 2 2
462 777
1 4 2
456 305
1 14 2
495 682
1 5 2
99 109
1 7 2
405 499
1 13 2
787 756
1 9 2
203 159
1 12 2
765 763
1 13 2
104 255
1 4 2
81 403
1 6 2
554 507
1 7 2
3 136
1 10 2
340 701
1 6 2
778 9
1 13 2
54 212
1 13 2
423 726
1 14 2
399 752
1 12 2
320 447
1 5 2
687 611
1 11 2
636 74
1 10 2
427 165
1 3 2
566 436
1 3 2
231 638
1 6 2
641 667
1 8 2
350 748
1 7 2
29 648
1 13 2
633 794
1 13 2
89 620
1 13 2
354 297
1 14 2
615 493
1 8 2
638 438
1 2 2
732 786
1 4 2
117 461
1 5 2
683 611
1 6 2
678 139
1 2 2
419 8
1 2 2
186 261
1 3 2
475 345
1 9 2
778 448
1 11 2
299 728
1 5 2
689 376
1 6 2
582 741
1 10 2
411 293
1 3 2
4 351
1 3 2
651 524
1 15 2
583 786
1 13 2
366 517
1 10 2
197 86
1 14 2
446 672
1 15 2
570 237
1 13 2
426 268
1 10 2
80 55
1 3 2
510 81
1 11 2
384 791
1 3 2
648 692
1 13 2
778 643
1 5 2
495 518
1 9 2
743 129
1 6 2
63 726
1 9 2
773 131
1 6 2
131 112
1 7 2
249 737
1 4 2
331 284
1 4 2
471 256
1 15 2
710 726
1 8 2
335 70
1 6 2
31 369
1 5 2
727 579
1 5 2
747 541
1 3 2
80 477
1 5 2
716 373
1 12 2
12 669
1 14 2
32 108
1 11 2
389 370
1 12 2
182 698
1 7 2
666 206
1 4 2
631 639
1 12 2
678 379
1 5 2
632 69
1 13 2
615 43
1 5 2
724 242
1 3 2
87 245
1 11 2
468 159
1 11 2
387 143
1 4 2
570 42
1 15 2
211 364
1 11 2
489 213
1 11 2
549 418
1 6 2
488 404
1 13 2
26 594
1 3 2
282 118
1 3 2
702 224
1 8 2
449 714
1 11 2
244 126
1 8 2
767 468
1 5 2
174 706
1 7 2
534 475
1 14 2
157 574
1 13 2
602 269
1 15 2
47 96
1 9 2
754 155
1 15 2
450 196
1 7 2
158 752
1 6 2
450 426
1 14 2
493 622
1 2 2
743 22
1 5 2
516 341
1 15 2
406 7
1 13 2
14 448
1 14 2
657 547
1 10 2
368 21
1 4 2
635 675
1 3 2
353 663
1 6 2
52 726
1 15 2
608 431
1 2 2
635 99
1 5 2
567 119
1 7 2
46 626
1 10 2
441 217
1 8 2
425 523
1 12 2
176 360
1 11 2
739 175
1 4 2
473 640
1 10 2
351 659
1 5 2
107 553
1 4 2
208 448
1 5 2
654 681
1 14 2
547 221
1 2 2
522 382
1 8 2
67 490
1 15 2
489 782
1 3 2
591 736
1 8 2
221 3
1 15 2
716 81
1 14 2
486 8
1 13 2
0 560
1 13 2
497 90
1 2 2
115 230
1 5 2
429 721
1 4 2
750 608
1 5 2
645 529
1 7 2
660 47
1 9 2
185 775
1 14 2
355 494
1 9 2
576 597
1 3 2
203 686
1 8 2
277 697
1 11 2
726 337
1 13 2
188 464
1 13 2
368 555
1 3 2
218 512
1 10 2
57 670
1 10 2
152 754
1 2 2
710 225
1 2 2
560 211
1 12 2
189 530
1 8 2
611 368
1 2 2
91 277
1 3 2
539 703
1 8 2
767 367
1 15 2
505 141
1 8 2
486 554
1 11 2
167 532
1 10 2
125 650
1 9 2
49 223
1 15 2
359 627
1 7 2
6 686
1 11 2
494 601
1 14 2
668 105
1 9 2
338 434
1 14 2
492 221
1 4 2
382 457
1 3 2
206 57
1 7 2
685 185
1 11 2
291 159
1 11 2
465 297
1 15 2
648 292
1 14 2
328 424
1 2 2
279 334
1 10 2
180 753
1 8 2
330 630
1 2 2
284 132
1 11 2
694 125
1 6 2
31 543
1 14 2
237 617
1 6 2
211 369
1 9 2
371 127
1 6 2
562 358
1 11 2
564 480
1 15 2
164 154
1 14 2
585 360
1 3 2
613 737
1 12 2
150 109
1 13 2
696 663
1 12 2
472 142
1 8 2
623 628
1 11 2
105 756
1 6 2
429 541
1 6 2
216 203
1 5 2
691 770
1 13 2
320 691
1 13 2
299 764
1 13 2
193 342
1 4 2
540 714
1 2 2
19 492
1 9 2
536 33
1 3 2
637 585
1 14 2
315 170
1 12 2
753 115
1 12 2
286 569
1 11 2
112 647
1 4 2
769 170
1 13 2
397 684
1 9 2
700 100
1 3 2
209 479
1 9 2
783 538
1 10 2
359 523
1 12 2
119 84
1 14 2
165 430
1 6 2
640 721
1 8 2
450 181
1 3 2
432 34
1 5 2
39 506
1 8 2
351 459
1 7 2
519 710
1 13 2
404 627
1 2 2
496 568
1 2 2
438 19
1 2 2
564 775
1 12 2
176 757
1 9 2
714 70
1 12 2
41 699
1 14 2
670 223
1 4 2
502 690
1 6 2
733 79
1 13 2
144 598
1 10 2
712 196
1 8 2
674 498
1 7 2
129 9
1 3 2
471 60
1 4 2
789 398
1 7 2
140 338
1 5 2
289 168
1 10 2
723 331
1 6 2
203 186
1 6 2
96 587
1 14 2
623 790
1 8 2
769 759
1 8 2
56 60
1 3 2
657 719
1 3 2
495 373
1 4 2
766 643
1 4 2
527 416
1 6 2
46 2
1 5 2
516 198
1 12 2
105 465
1 7 2
237 70
1 4 2
87 58
1 3 2
267 786
1 3 2
348 171
1 9 2
119 215
1 2 2
798 708
1 15 2
36 48
1 3 2
108 777
1 6 2
534 257
1 5 2
53 200
1 4 2
585 689
1 15 2
142 41
1 9 2
636 631
1 14 2
511 108
1 6 2
735 49
1 14 2
733 478
1 2 2
178 387
1 9 2
171 329
1 5 2
380 791
1 2 2
241 135
1 13 2
272 211
1 5 2
310 487
1 3 2
14 257
1 11 2
274 286
1 9 2
160 11
1 6 2
50 97
1 10 2
434 718
1 13 2
758 214
1 2 2
607 544
1 4 2
368 251
1 10 2
39 223
1 9 2
556 478
1 11 2
401 343
1 9 2
332 507
1 7 2
19 568
1 6 2
378 656
1 9 2
428 654
1 9 2
566 285
1 10 2
141 28
1 4 2
593 567
1 3 2
279 576
1 2 2
611 297
1 10 2
515 700
1 7 2
374 41
1 8 2
685 522
1 14 2
97 711
1 8 2
441 410
1 2 2
652 756
1 8 2
111 537
1 7 2
31 167
1 4 2
30 574
1 10 2
675 71
1 8 2
135 537
1 7 2
667 644
1 7 2
697 723
1 8 2
707 447
1 4 2
586 343
1 7 2
199 741
1 11 2
722 110
1 13 2
506 86
1 6 2
754 757
1 6 2
23 259
1 8 2
654 389
1 15 2
701 585
1 9 2
419 493
1 5 2
687 79
1 5 2
647 683
1 3 2
752 789
1 7 2
761 97
1 10 2
615 94
1 15 2
309 590
1 12 2
6 296
1 15 2
372 64
1 9 2
270 10
1 6 2
788 432
1 9 2
0 630
1 14 2
220 226
1 14 2
562 211
1 14 2
190 362
1 13 2
476 212
1 11 2
713 482
1 10 2
99 431
1 10 2
431 3
1 6 2
23 608
1 13 2
10 674
1 11 2
381 323
1 15 2
342 699
1 10 2
100 222
1 6 2
168 187
1 14 2
331 147
1 14 2
558 438
1 10 2
688 60
1 15 2
439 460
1 15 2
430 8
1 6 2
120 184
1 7 2
399 18
1 2 2
325 18
1 5 2
367 76
1 10 2
22 14
1 11 2
366 206
1 5 2
486 442
1 6 2
366 691
1 15 2
382 30
1 14 2
648 139
1 3 2
104 397
1 11 2
361 447
1 14 2
515 319
1 9 2
273 372
1 2 2
107 63
1 4 2
683 7
1 14 2
562 687
1 7 2
188 444
1 13 2
655 184
1 11 2
289 770
1 11 2
739 122
1 2 2
609 791
1 6 2
251 618
1 4 2
565 183
1 5 2
213 192
1 4 2
5 69
1 15 2
545 175
1 2 2
6 191
1 14 2
301 580
1 6 2
112 252
1 12 2
673 198
1 13 2
83 417
1 10 2
160 311
1 15 2
580 435
1 6 2
761 67
1 5 2
45 146
1 5 2
194 711
1 9 2
74 755
1 3 2
612 120
1 10 2
264 350
1 13 2
51 409
1 7 2
276 14
1 12 2
62 323
1 8 2
449 26
1 11 2
115 389
1 14 2
144 676
1 9 2
514 396
1 14 2
101 382
1 4 2
541 11
1 3 2
600 187
1 14 2
640 739
1 11 2
416 287
1 13 2
23 378
1 8 2
346 734
1 2 2
170 766
1 3 2
118 782
1 8 2
159 705
1 6 2
482 415
1 10 2
109 769
1 11 2
422 389
1 6 2
446 91
1 6 2
567 214
1 4 2
13 452
1 2 2
39 308
1 5 2
340 390
1 14 2
403 306
1 5 2
757 727
1 8 2
352 43
1 14 2
365 569
1 4 2
795 217
1 15 2
76 561
1 2 2
382 49
1 9 2
590 515
1 15 2
226 657
1 10 2
708 293
1 10 2
550 284
1 7 2
330 216
1 5 2
145 67
1 10 2
404 328
1 4 2
108 614
1 10 2
529 304
1 6 2
299 309
1 2 2
436 314
1 6 2
596 553
1 13 2
38 40
1 4 2
626 337
1 4 2
660 16
1 7 2
443 262
1 13 2
621 254
1 15 2
594 219
1 7 2
776 343
1 6 2
360 149
1 12 2
438 576
1 4 2
710 624
1 4 2
448 444
1 11 2
91 128
1 7 2
478 324
1 4 2
188 229
1 13 2
254 493
1 10 2
778 506
1 15 2
58 275
1 3 2
599 731
1 6 2
712 328
1 8 2
452 36
1 2 2
308 339
1 8 2
95 476
1 3 2
30 437
1 9 2
517 507
1 6 2
515 632
1 5 2
464 476
1 9 2
36 615
1 11 2
533 675
1 15 2
571 199
1 12 2
240 183
1 7 2
409 513
1 10 2
310 242
1 4 2
311 328
1 6 2
148 506
1 2 2
223 0
1 15 2
109 526
1 5 2
126 507
1 14 2
227 588
1 5 2
361 632
1 11 2
181 56
1 8 2
519 118
1 8 2
755 171
1 11 2
317 56
1 2 2
281 410
1 10 2
775 16
1 5 2
369 302
1 6 2
173 411
1 11 2
468 672
1 15 2
10 230
1 5 2
6 437
1 8 2
759 142
1 9 2
694 307
1 9 2
507 238
1 10 2
190 626
1 13 2
746 734
1 8 2
511 311
1 9 2
512 586
1 2 2
17 150
1 7 2
421 8
1 8 2
452 457
1 2 2
108 314
1 6 2
594 375
1 14 2
353 584
1 5 2
601 754
1 14 2
348 285
1 10 2
441 123
1 9 2
476 667
1 9 2
411 630
1 8 2
680 545
1 8 2
354 511
1 2 2
257 710
1 9 2
33 249
1 11 2
80 672
1 9 2
197 429
1 5 2
131 646
1 4 2
358 732
1 3 2
161 491
1 10 2
254 374
1 13 2
235 551
1 14 2
148 217
1 5 2
758 230
1 2 2
647 101
1 6 2
445 263
1 5 2
601 382
1 15 2
718 301
1 11 2
570 403
1 9 2
602 7
1 15 2
545 462
1 4 2
353 300
1 12 2
694 443
1 13 2
661 151
1 10 2
11 266
1 2 2
730 635
1 13 2
700 38
1 10 2
447 413
1 10 2
516 46
1 13 2
381 150
1 12 2
3 197
1 6 2
493 696
1 2 2
421 619
1 4 2
406 43
1 14 2
307 382
1 5 2
712 101
1 8 2
435 302
1 11 2
252 642
1 12 2
469 731
1 15 2
660 720
1 14 2
602 334
1 13 2
401 738
1 12 2
262 86
1 8 2
720 226
1 5 2
259 203
1 7 2
649 377
1 4 2
363 675
1 15 2
238 339
1 8 2
427 60
1 12 2
180 449
1 6 2
356 544
1 7 2
306 208
1 8 2
792 694
1 10 2
35 379
1 7 2
231 678
1 3 2
551 636
1 2 2
307 293
1 8 2
567 160
1 6 2
428 304
1 14 2
188 370
1 14 2
304 491
1 7 2
581 25
1 11 2
185 536
1 13 2
492 750
1 15 2
726 673
1 8 2
660 482
1 6 2
607 375
1 7 2
634 496
1 8 2
390 683
1 11 2
168 473
1 9 2
366 647
1 5 2
403 184
1 6 2
553 683
1 14 2
156 266
1 6 2
596 765
1 14 2
651 452
1 14 2
55 101
1 3 2
496 752
1 12 2
90 779
1 2 2
678 484
1 4 2
361 405
1 8 2
309 174
1 8 2
760 549
1 14 2
279 475
1 11 2
404 263
1 2 2
271 493
1 2 2
297 141
1 6 2
797 133
1 9 2
115 410
1 2 2
345 532
1 14 2
626 415
1 6 2
379 472
1 3 2
42 263
1 14 2
329 500
1 4 2
145 546
1 15 2
582 130
1 13 2
351 11
1 3 2
784 106
1 7 2
762 46
1 3 2
373 619
1 2 2
114 318
1 4 2
52 46
1 13 2
656 641
1 7 2
489 642
1 8 2
278 599
1 8 2
551 51
1 9 2
393 148
1 2 2
134 563
1 7 2
756 409
1 3 2
306 641
1 10 2
301 386
1 13 2
60 354
1 4 2
654 445
1 9 2
529 596
1 5 2
30 601
1 15 2
758 493
1 11 2
466 585
1 11 2
779 137
1 2 2
648 569
1 3 2
502 628
1 2 2
639 103
1 10 2
142 253
1 8 2
374 759
1 13 2
351 498
1 8 2
470 87
1 9 2
153 792
1 7 2
226 694
1 3 2
410 748
1 6 2
418 43
1 4 2
182 237
1 13 2
520 737
1 11 2
527 82
1 5 2
166 563
1 6 2
165 182
1 11 2
148 782
1 4 2
521 251
1 8 2
278 475
1 7 2
240 740
1 4 2
334 360
1 5 2
263 431
1 4 2
426 185
1 2 2
671 96
1 12 2
641 352
1 8 2
788 450
1 10 2
710 483
1 10 2
71 578
1 3 2
294 22
1 8 2
512 736
1 7 2
284 14
1 7 2
476 344
1 8 2
295 350
1 8 2
697 708
1 9 2
51 419
1 11 2
178 432
1 3 2
235 685
1 15 2
300 4
1 4 2
681 758
1 13 2
515 787
1 12 2
57 241
1 14 2
64 726
1 15 2
457 722
1 14 2
155 529
1 14 2
756 390
1 2 2
227 81
1 6 2
163 664
1 14 2
120 713
1 13 2
128 567
1 8 2
503 254
1 12 2
623 672
1 11 2
608 712
1 10 2
734 435
1 11 2
774 396
1 5 2
459 770
1 3 2
243 565
1 7 2
717 544
1 8 2
550 421
1 13 2
402 512
1 7 2
766 344
1 15 2
723 212
1 11 2
564 365
1 6 2
702 398
1 13 2
482 306
1 2 2
470 640
1 7 2
190 129
1 9 2
526 177
1 6 2
540 604
1 8 2
426 444
1 15 2
204 17
1 9 2
557 701
1 6 2
268 149
1 8 2
278 713
1 4 2
672 514
1 5 2
181 53
1 2 2
479 659
1 8 2
83 124
1 4 2
448 640
1 15 2
629 319
1 15 2
244 355
1 5 2
157 310
1 10 2
545 70
1 15 2
324 144
1 15 2
124 509
1 8 2
756 89
1 10 2
52 627
1 4 2
615 423
1 11 2
281 97
1 13 2
590 259
1 2 2
441 619
1 12 2
659 297
1 4 2
602 765
1 11 2
77 38
1 13 2
510 499
1 11 2
583 221
1 11 2
259 387
1 3 2
125 753
1 4 2
786 183
1 11 2
449 310
1 4 2
560 76
1 13 2
420 515
1 9 2
515 709
1 8 2
225 328
1 3 2
775 5
1 2 2
376 411
1 9 2
663 307
1 9 2
195 569
1 2 2
185 133
1 3 2
559 646
1 5 2
367 654
1 8 2
147 40
1 4 2
476 587
1 11 2
729 563
1 7 2
162 70
1 10 2
371 785
1 13 2
479 546
1 15 2
374 603
1 10 2
381 523
1 13 2
132 201
1 14 2
332 283
1 4 2
37 620
1 14 2
321 42
1 10 2
216 514
1 11 2
89 395
1 10 2
793 433
1 10 2
20 7
1 8 2
138 82
1 10 2
705 145
1 7 2
726 616
1 8 2
332 75
1 3 2
676 514
1 6 2
213 332
1 12 2
340 19
1 10 2
735 445
1 12 2
278 26
1 14 2
740 241
1 13 2
591 347
1 4 2
377 789
1 13 2
577 466
1 12 2
30 486
1 7 2
472 668
1 11 2
575 368
1 7 2
285 137
1 7 2
720 471
1 4 2
785 714
1 13 2
36 134
1 5 2
755 396
1 3 2
456 613
1 8 2
233 263
1 11 2
708 133
1 10 2
54 647
1 15 2
380 3
1 10 2
84 50
1 6 2
791 79
1 14 2
408 242
1 9 2
321 726
1 9 2
346 725
1 6 2
406 407
1 15 2
621 360
1 6 2
296 556
1 9 2
241 709
1 14 2
59 53
1 4 2
513 799
1 5 2
683 189
1 12 2
688 275
1 8 2
526 621
1 13 2
327 95
1 2 2
135 525
1 10 2
692 731
1 4 2
403 337
1 3 2
258 7
1 7 2
548 657
1 7 2
749 482
1 3 2
147 628
1 3 2
283 136
1 15 2
404 135
1 15 2
421 728
1 14 2
289 13
1 15 2
73 581
1 10 2
56 506
1 6 2
675 666
1 9 2
525 754
1 6 2
650 411
1 7 2
773 65
1 13 2
106 318
1 11 2
680 482
1 2 2
68 157
1 3 2
220 638
1 6 2
537 247
1 12 2
399 312
1 4 2
396 666
1 2 2
468 529
1 11 2
145 103
1 4 2
563 312
1 3 2
221 412
1 2 2
55 405
1 13 2
255 140
1 15 2
240 708
1 3 2
292 470
1 8 2
574 655
1 4 2
358 719
1 2 2
108 200
1 11 2
119 745
1 7 2
187 1
1 9 2
653 350
1 4 2
468 332
1 3 2
615 70
1 4 2
466 76
1 6 2
668 736
1 13 2
564 530
1 15 2
696 128
1 10 2
388 266
1 4 2
505 312
1 12 2
12 317
1 14 2
414 262
1 11 2
735 102
1 11 2
189 231
1 10 2
703 554
1 14 2
647 277
1 5 2
675 654
1 13 2
313 350
1 10 2
689 330
1 9 2
76 749
1 15 2
115 649
1 4 2
609 506
1 11 2
643 402
1 4 2
146 456
1 8 2
449 451
1 4 2
72 713
1 5 2
21 97
1 3 2
467 89
1 10 2
364 509
1 7 2
385 199
1 2 2
262 140
1 4 2
356 587
1 3 2
302 739
1 2 2
571 492
1 2 2
79 474
1 12 2
764 465
1 4 2
724 221
1 2 2
469 59
1 3 2
309 627
1 2 2
496 257
1 14 2
368 478
1 13 2
355 471
1 10 2
271 28
1 12 2
555 110
1 4 2
269 62
1 13 2
10 529
1 9 2
7 751
1 5 2
394 75
1 9 2
157 435
1 7 2
544 177
1 13 2
179 795
1 4 2
59 208
1 13 2
4 524
1 6 2
481 748
1 11 2
333 783
1 2 2
465 177
1 6 2
591 558
1 14 2
336 137
1 12 2
193 169
1 14 2
675 754
1 5 2
51 363
1 9 2
754 698
1 10 2
195 69
1 14 2
590 548
1 7 2
696 169
1 8 2
450 158
1 2 2
756 258
1 5 2
413 285
1 5 2
617 230
1 15 2
156 514
1 3 2
218 557
1 8 2
141 390
1 11 2
272 568
1 14 2
76 581
1 7 2
617 159
1 10 2
751 308
1 8 2
712 576
1 14 2
496 287
1 2 2
671 344
1 14 2
616 554
1 5 2
501 553
1 6 2
320 170
1 4 2
731 737
1 9 2
148 513
1 3 2
731 86
1 8 2
167 256
1 4 2
44 197
1 8 2
359 23
1 8 2
551 663
1 7 2
708 303
1 14 2
199 500
1 6 2
607 751
1 12 2
182 587
1 7 2
677 642
1 3 2
743 115
1 4 2
609 44
1 13 2
585 758
1 9 2
510 446
1 7 2
598 554
1 14 2
768 234
1 14 2
85 353
1 9 2
22 275
1 11 2
127 192
1 6 2
23 56
1 9 2
560 20
1 10 2
517 571
1 2 2
492 561
1 3 2
732 620
1 9 2
540 157
1 10 2
622 669
1 4 2
23 106
1 2 2
356 635
1 14 2
463 371
1 4 2
173 73
1 8 2
366 145
1 4 2
64 514
1 7 2
115 457
1 14 2
453 33
1 13 2
661 598
1 8 2
235 712
1 10 2
42 304
1 9 2
752 156
1 3 2
445 370
1 8 2
112 396
1 14 2
752 436
1 2 2
762 761
1 13 2
353 78
1 6 2
269 48
1 5 2
474 3
1 2 2
330 590
1 14 2
621 587
1 10 2
202 367
1 15 2
728 76
1 6 2
212 243
1 2 2
781 318
1 9 2
95 526
1 3 2
504 772
1 15 2
294 552
1 13 2
420 772
1 7 2
653 691
1 3 2
181 571
1 4 2
306 71
1 7 2
173 612
1 6 2
219 725
1 7 2
19 759
1 6 2
134 222
1 7 2
776 75
1 5 2
472 736
1 6 2
617 468
1 5 2
472 437
1 14 2
122 714
1 14 2
566 329
1 10 2
2 410
1 10 2
502 76
1 7 2
438 108
1 4 2
179 731
1 3 2
791 175
1 3 2
621 691
1 14 2
654 563
1 8 2
380 218
1 7 2
716 476
1 9 2
574 433
1 13 2
258 493
1 6 2
123 514
1 14 2
680 574
1 11 2
84 200
1 2 2
530 165
1 13 2
514 558
1 10 2
55 457
1 13 2
440 20
1 7 2
334 678
1 15 2
260 693
1 15 2
788 76
1 14 2
433 645
1 12 2
487 561
1 3 2
29 198
1 15 2
46 738
1 8 2
641 449
1 14 2
134 695
1 10 2
201 514
1 5 2
97 729
1 8 2
434 77
1 15 2
350 77
1 8 2
154 242
1 10 2
671 48
1 13 2
78 197
1 15 2
675 608
1 4 2
304 280
1 10 2
286 531
1 10 2
437 353
1 4 2
597 681
1 2 2
104 177
1 12 2
86 215
1 15 2
637 528
1 14 2
707 565
1 14 2
311 284
1 3 2
59 363
1 8 2
301 622
1 12 2
709 458
1 5 2
650 320
1 2 2
3 697
1 5 2
181 93
1 10 2
89 771
1 5 2
25 164
1 3 2
522 767
1 2 2
427 506
1 9 2
661 44
1 3 2
691 650
1 3 2
483 87
1 10 2
495 49
1 15 2
697 541
1 12 2
536 538
1 11 2
672 713
1 5 2
533 678
1 6 2
100 219
1 8 2
347 509
1 6 2
9 392
1 4 2
375 353
1 11 2
348 21
1 10 2
455 22
1 4 2
358 320
1 15 2
183 326
1 15 2
182 753
1 2 2
638 797
1 5 2
225 633
1 14 2
383 62
1 7 2
244 199
1 4 2
698 240
1 14 2
230 250
1 5 2
38 253
1 9 2
187 265
1 3 2
514 457
1 15 2
139 741
1 12 2
711 286
1 3 2
453 704
1 3 2
787 414
1 9 2
684 273
1 3 2
388 625
1 4 2
242 72
1 2 2
313 685
1 8 2
26 590
1 9 2
792 31
1 2 2
503 791
1 3 2
565 580
1 7 2
579 166
1 2 2
130 461
1 10 2
691 577
1 12 2
185 553
1 14 2
626 535
1 7 2
97 208
1 8 2
487 210
1 9 2
709 279
1 7 2
471 798
1 12 2
656 619
1 10 2
697 224
1 13 2
553 218
1 4 2
62 308
1 9 2
463 219
1 13 2
525 125
1 7 2
409 298
1 5 2
257 732
1 14 2
331 28
1 15 2
294 140
1 3 2
29 167
1 10 2
120 773
1 5 2
265 430
1 3 2
407 766
1 3 2
674 665
1 8 2
561 717
1 5 2
701 773
1 13 2
125 173
1 8 2
256 60
1 4 2
204 211
1 9 2
675 702
1 15 2
84 1
1 7 2
173 276
1 7 2
576 478
1 15 2
337 727
1 11 2
726 760
1 5 2
52 450
1 13 2
529 35
1 12 2
437 351
1 6 2
618 549
1 12 2
96 709
1 20 2
301 668
1 4 2
76 502
1 14 2
265 697
1 8 2
737 158
1 16 2
9 324
1 14 2
51 334
1 26 2
342 328
1 28 2
685 547
1 22 2
624 191
1 16 2
680 503
1 10 2
368 650
1 22 2
329 214
1 24 2
381 731
1 22 2
424 111
1 8 2
743 165
1 26 2
105 529
1 20 2
737 507
1 14 2
221 798
1 14 2
71 390
1 20 2
190 143
1 24 2
489 574
1 16 2
646 796
1 10 2
789 145
