800 4782 2400
22 19 7 15 18 22 25 18 18 18 5 21 21 6 8 22 14 22 10 10 19 7 21 14 21 14 20 21 7 18 17 16 24 7 25 10 12 23 20 24 10 6 12 6 6 8 6 16 22 25 5 25 25 12 9 12 8 21 22 24 12 16 24 11 7 6 19 18 22 19 20 15 17 14 24 17 22 21 7 24 9 18 10 21 6 6 25 11 24 21 22 12 15 20 16 11 17 16 19 22 16 19 10 6 7 11 18 25 21 10 17 24 17 24 7 5 9 5 22 24 19 12 20 24 11 21 22 13 9 9 12 7 17 9 14 18 12 21 5 24 5 10 13 12 8 20 14 17 20 9 12 25 10 15 16 21 19 13 12 15 9 21 18 17 9 7 7 15 5 18 15 8 10 11 25 24 22 12 18 12 22 14 19 25 7 14 25 17 6 16 7 20 17 11 15 11 11 15 15 7 11 21 18 16 10 9 7 6 16 12 19 16 6 20 8 20 6 8 22 12 11 14 5 23 14 25 23 6 20 14 23 10 21 12 25 12 20 19 15 19 20 24 19 9 6 11 7 24 18 23 14 19 14 20 5 6 18 12 15 19 18 22 16 19 14 9 25 16 12 22 8 20 25 18 20 9 25 5 23 24 21 14 7 15 9 11 15 19 18 8 7 19 16 6 21 24 24 18 17 19 7 13 16 7 25 8 7 21 22 16 7 24 20 7 7 24 23 15 11 20 18 21 19 20 16 11 21 7 13 23 23 16 17 9 8 25 7 12 20 23 14 11 17 12 19 15 17 21 9 12 22 14 24 21 12 13 17 9 18 6 18 8 25 25 23 13 18 9 25 25 12 24 22 18 7 7 6 22 24 14 11 7 7 18 18 8 25 23 22 13 16 19 21 14 10 17 23 6 10 17 11 19 9 6 10 5 11 12 16 12 24 20 20 7 17 17 10 15 13 19 16 15 19 21 13 22 17 19 9 15 18 19 12 18 5 19 13 19 20 7 8 9 24 14 5 20 25 20 11 6 10 11 11 12 22 14 9 24 5 16 17 12 20 23 11 22 22 10 21 7 16 20 15 22 19 15 7 18 18 16 24 20 14 8 23 15 22 14 16 18 25 5 21 14 8 15 7 7 13 17 21 9 7 7 5 15 12 24 21 16 25 14 22 10 11 6 18 7 18 17 15 8 11 8 8 16 18 7 24 13 13 18 21 19 10 24 11 22 24 6 21 13 18 22 13 11 21 12 20 8 5 14 16 18 22 17 8 15 23 16 22 23 12 22 15 7 21 15 20 10 9 16 7 11 16 17 6 20 15 5 7 5 15 21 8 10 18 22 6 5 7 24 18 24 10 6 16 23 24 7 8 5 9 8 8 17 23 14 13 6 18 14 13 19 20 18 20 6 24 16 6 10 14 21 13 16 24 20 15 25 10 8 5 23 10 20 7 16 22 18 12 15 23 17 22 5 5 18 11 18 22 25 18 9 25 5 11 16 24 25 10 14 21 25 17 12 9 6 13 19 5 12 17 9 6 23 19 19 14 12 24 15 8 9 25 18 24 12 18 7 24 15 16 9 13 8 17 16 12 25 7 13 12 6 25 21 15 16 12 21 5 14 8 10 22 13 9 8 19 23 6 13 11 16 13 12 6 8 5 23 23 22 13 17 6 20 21 7 19 25 16 16 20 16 25 24 8 6 8 19 22 16 25 11 21 5 10 7 18 7 10 12 20 15 15 19 9 24 9 25 16 13 11 17 9 12 23 5 24 8 6 16 20 18 15 20 10 22 8 22 25 7 15 16 22 17 12 12 16 8
3 5 18 10 17 10 18 20 15 16 7 18 10 10 19 12 15 7 4 19 14 13 11 10 13 17 4 4 4 9 18 6 5 13 8 7 12 7 13 3 14 3 7 3 20 20 17 17 17 6 13 6 16 13 13 7 8 4 19 4 4 7 12 10 3 5 12 20 6 16 15 9 8 18 14 9 12 4 3 20 3 12 7 11 12 6 13 20 4 11 18 13 10 8 5 7 9 13 20 4 14 9 15 12 7 15 9 17 15 18 7 8 8 6 5 11 14 15 13 6 10 3 5 6 6 6 7 10 20 18 16 18 10 7 6 11 3 13 9 12 10 9 3 15 8 15 17 4 10 16 15 5 14 9 17 15 17 12 13 11 3 20 7 9 16 20 5 5 16 8 12 10 11 17 5 3 3 7 7 15 17 12 13 12 6 3 6 10 20 17 4 16 4 9 8 13 10 15 6 14 9 4 19 14 8 9 18 8 17 15 9 17 10 10 7 6 10 12 3 17 4 11 11 4 9 11 16 10 3 15 11 19 3 7 5 15 11 15 16 15 8 18 15 14 15 13 11 3 17 12 3 12 10 8 14 4 6 18 18 17 14 12 12 12 8 7 14 4 9 9 16 17 5 17 18 7 10 11 6 3 10 11 16 6 12 4 13 10 5 4 19 5 7 4 13 15 6 4 10 6 18 8 19 18 3 9 7 20 3 18 18 10 6 16 15 10 19 19 7 16 3 6 9 6 14 13 5 20 13 14 20 10 13 5 4 15 4 12 13 11 17 11 11 11 20 3 19 5 16 11 20 18 16 4 17 12 19 3 6 15 11 15 9 8 17 17 8 13 5 17 3 10 13 20 8 7 16 13 6 6 11 18 11 19 7 8 4 9 9 16 20 12 6 19 7 7 19 6 20 3 5 13 19 8 20 17 13 8 10 6 4 10 12 16 9 3 10 12 5 13 20 9 18 18 12 9 12 4 17 6 19 8 17 11 9 18 17 11 3 15 10 7 16 18 6 13 6 14 19 15 11 11 9 20 12 15 16 7 9 10 14 12 10 12 11 16 5 3 9 7 10 7 11 11 8 11 17 14 5 10 12 6 19 5 13 14 13 3 7 4 10 20 3 17 18 12 9 3 5 18 20 12 10 15 12 7 5 14 19 20 17 13 8 13 6 18 8 19 14 8 5 11 20 9 5 16 3 14 12 15 20 13 9 9 13 7 19 19 16 6 19 17 15 13 15 12 13 11 16 10 5 19 17 15 3 10 10 7 12 8 17 15 3 4 10 20 15 15 15 13 3 6 7 4 7 8 8 6 14 12 11 13 19 5 6 10 4 7 6 15 15 9 16 4 14 7 16 8 17 3 19 6 12 13 5 15 6 4 14 20 16 10 7 20 6 10 19 18 14 4 9 18 5 18 9 9 15 19 12 12 19 8 7 16 6 5 4 7 14 4 18 9 14 20 10 15 19 14 15 18 18 5 13 15 5 20 16 12 6 20 13 12 6 14 6 3 10 12 20 18 10 3 10 9 13 8 3 11 18 19 18 19 5 19 16 19 6 6 7 16 15 11 19 8 15 12 17 14 11 7 18 7 5 12 8 14 19 10 6 10 16 10 6 7 10 7 8 13 12 11 15 5 4 13 13 5 13 19 16 7 8 13 19 11 4 19 18 14 17 4 20 19 11 13 14 18 20 7 6 20 8 18 8 6 11 7 7 9 19 12 8 6 3 15 12 8 14 9 19 13 13 8 6 4 17 19 7 11 12 14 17 8 7 13 14 7 4 4 14 13 3 9 20 4 13 6 15 13 3 20
1 12 2
605 611
1 8 2
324 409
1 3 2
14 138
1 5 2
390 196
1 2 2
554 517
1 2 2
176 150
1 12 2
719 681
1 15 2
647 345
1 13 2
772 608
1 11 2
75 89
1 7 2
291 618
1 6 2
726 32
1 14 2
74 735
1 13 2
483 363
1 7 2
61 624
1 3 2
177 427
1 13 2
71 423
1 8 2
787 315
1 6 2
686 28
1 9 2
133 507
1 11 2
90 10
1 10 2
510 206
1 5 2
282 491
1 13 2
507 392
1 3 2
389 461
1 5 2
535 276
1 5 2
43 657
1 3 2
397 206
1 3 2
715 544
1 15 2
508 682
1 12 2
245 292
1 12 2
20 363
1 11 2
320 116
1 10 2
175 108
1 10 2
211 448
1 8 2
773 533
1 4 2
777 240
1 14 2
712 666
1 3 2
761 451
1 8 2
542 675
1 8 2
92 376
1 4 2
288 332
1 8 2
627 383
1 7 2
315 210
1 9 2
675 89
1 5 2
500 732
1 6 2
382 396
1 10 2
784 657
1 6 2
82 597
1 10 2
691 59
1 13 2
624 175
1 15 2
284 478
1 6 2
75 644
1 2 2
687 506
1 8 2
361 213
1 6 2
443 727
1 3 2
669 571
1 12 2
653 449
1 13 2
639 658
1 12 2
145 519
1 7 2
708 395
1 8 2
617 200
1 9 2
559 397
1 2 2
498 524
1 3 2
401 634
1 4 2
375 529
1 3 2
480 692
1 2 2
578 771
1 5 2
347 469
1 15 2
305 111
1 7 2
330 417
1 15 2
388 120
1 10 2
773 666
1 12 2
655 47
1 9 2
656 613
1 8 2
706 231
1 2 2
200 81
1 12 2
506 67
1 3 2
556 706
1 4 2
24 255
1 4 2
792 780
1 2 2
733 189
1 7 2
166 665
1 11 2
551 665
1 7 2
376 272
1 3 2
430 459
1 11 2
551 247
1 13 2
574 546
1 15 2
482 636
1 5 2
536 245
1 9 2
724 555
1 6 2
149 637
1 7 2
604 141
1 7 2
449 593
1 11 2
287 771
1 5 2
167 249
1 9 2
180 769
1 12 2
702 417
1 12 2
354 754
1 3 2
411 573
1 8 2
615 25
1 9 2
786 666
1 10 2
747 606
1 4 2
222 76
1 6 2
541 178
1 11 2
724 205
1 3 2
533 100
1 6 2
235 107
1 15 2
681 112
1 10 2
96 425
1 3 2
584 406
1 12 2
71 342
1 13 2
220 542
1 6 2
388 489
1 5 2
53 327
1 12 2
762 566
1 4 2
73 436
1 4 2
588 547
1 8 2
738 425
1 15 2
181 128
1 6 2
594 612
1 8 2
115 732
1 12 2
29 768
1 6 2
699 675
1 9 2
685 435
1 15 2
394 34
1 6 2
252 103
1 4 2
117 564
1 6 2
181 669
1 15 2
352 477
1 3 2
652 581
1 8 2
440 84
1 14 2
408 390
1 11 2
405 269
1 8 2
42 195
1 5 2
535 391
1 9 2
458 389
1 12 2
30 310
1 9 2
511 677
1 6 2
337 384
1 15 2
424 289
1 6 2
606 640
1 7 2
10 483
1 3 2
766 230
1 2 2
195 108
1 14 2
309 748
1 11 2
60 402
1 8 2
337 514
1 8 2
509 6
1 14 2
122 342
1 4 2
215 768
1 9 2
701 775
1 9 2
62 703
1 11 2
356 633
1 7 2
620 491
1 5 2
39 322
1 11 2
211 43
1 11 2
378 616
1 10 2
163 140
1 11 2
154 403
1 13 2
96 503
1 4 2
619 540
1 2 2
569 134
1 5 2
739 599
1 6 2
138 601
1 14 2
100 22
1 15 2
577 572
1 5 2
45 490
1 6 2
377 795
1 6 2
141 122
1 3 2
318 229
1 5 2
722 718
1 13 2
265 154
1 13 2
582 352
1 6 2
387 742
1 10 2
231 452
1 3 2
782 415
1 3 2
181 754
1 14 2
605 625
1 7 2
52 18
1 7 2
528 583
1 12 2
288 737
1 2 2
370 611
1 2 2
183 476
1 8 2
25 758
1 15 2
231 414
1 4 2
370 285
1 8 2
560 569
1 13 2
646 8
1 13 2
369 514
1 6 2
156 648
1 5 2
756 601
1 15 2
324 516
1 11 2
424 547
1 14 2
9 32
1 12 2
236 507
1 13 2
655 540
1 4 2
170 169
1 14 2
27 96
1 5 2
358 430
1 9 2
46 715
1 4 2
352 82
1 15 2
398 107
1 8 2
320 42
1 9 2
46 274
1 4 2
219 412
1 11 2
641 64
1 12 2
731 634
1 14 2
338 440
1 4 2
748 366
1 5 2
583 491
1 5 2
339 342
1 2 2
456 386
1 10 2
208 4
1 6 2
39 140
1 4 2
449 264
1 8 2
786 295
1 2 2
751 148
1 2 2
631 610
1 11 2
573 597
1 6 2
251 131
1 10 2
268 750
1 10 2
756 437
1 4 2
156 447
1 13 2
785 489
1 12 2
595 378
1 5 2
205 535
1 7 2
348 449
1 5 2
551 256
1 10 2
50 332
1 2 2
273 686
1 10 2
735 92
1 12 2
687 439
1 7 2
413 475
1 8 2
726 606
1 4 2
409 689
1 2 2
720 755
1 6 2
30 40
1 10 2
221 274
1 2 2
297 12
1 6 2
727 557
1 8 2
357 773
1 4 2
269 212
1 14 2
409 706
1 7 2
146 420
1 14 2
143 104
1 3 2
551 408
1 4 2
590 343
1 4 2
396 305
1 5 2
738 604
1 12 2
684 346
1 11 2
412 190
1 13 2
57 511
1 2 2
314 639
1 7 2
554 550
1 14 2
497 626
1 5 2
514 101
1 9 2
164 659
1 5 2
501 711
1 10 2
563 148
1 11 2
529 690
1 8 2
436 321
1 5 2
706 283
1 15 2
148 304
1 12 2
704 403
1 10 2
411 598
1 13 2
411 97
1 12 2
567 112
1 11 2
482 327
1 15 2
110 260
1 13 2
648 789
1 7 2
555 117
1 13 2
458 564
1 5 2
697 624
1 8 2
231 53
1 2 2
555 172
1 13 2
315 179
1 2 2
280 745
1 13 2
369 136
1 12 2
775 322
1 10 2
617 618
1 2 2
183 650
1 9 2
243 530
1 7 2
473 474
1 13 2
176 781
1 2 2
466 136
1 2 2
546 574
1 8 2
659 738
1 6 2
248 595
1 9 2
162 526
1 8 2
735 187
1 7 2
57 359
1 10 2
414 21
1 9 2
176 70
1 2 2
588 467
1 4 2
200 702
1 4 2
135 50
1 12 2
261 86
1 9 2
628 540
1 9 2
562 598
1 12 2
144 765
1 8 2
432 236
1 2 2
444 338
1 2 2
335 36
1 4 2
733 640
1 7 2
364 255
1 10 2
656 25
1 5 2
196 526
1 4 2
758 550
1 10 2
424 222
1 8 2
105 573
1 14 2
663 344
1 9 2
448 284
1 5 2
648 428
1 2 2
721 156
1 13 2
172 449
1 9 2
674 153
1 4 2
346 184
1 14 2
57 418
1 15 2
532 32
1 9 2
617 415
1 3 2
565 122
1 6 2
516 153
1 9 2
61 34
1 11 2
321 782
1 12 2
221 139
1 13 2
427 383
1 5 2
675 723
1 12 2
503 499
1 2 2
626 154
1 4 2
522 3
1 6 2
451 493
1 8 2
670 642
1 13 2
212 214
1 13 2
713 351
1 10 2
60 94
1 13 2
298 658
1 11 2
365 541
1 8 2
141 758
1 8 2
751 293
1 3 2
24 724
1 14 2
784 54
1 13 2
316 335
1 14 2
503 89
1 7 2
522 263
1 14 2
641 561
1 15 2
196 431
1 8 2
205 288
1 11 2
344 187
1 12 2
216 110
1 5 2
794 787
1 8 2
212 479
1 15 2
297 771
1 14 2
245 603
1 11 2
340 222
1 10 2
717 431
1 15 2
224 298
1 12 2
666 764
1 13 2
222 421
1 9 2
693 689
1 6 2
43 346
1 3 2
459 356
1 12 2
228 575
1 4 2
21 395
1 10 2
331 793
1 3 2
314 548
1 2 2
433 474
1 13 2
221 7
1 8 2
645 549
1 14 2
537 585
1 15 2
298 119
1 14 2
203 483
1 2 2
219 333
1 11 2
572 41
1 3 2
189 154
1 6 2
396 110
1 5 2
234 422
1 6 2
360 374
1 9 2
254 723
1 13 2
380 313
1 9 2
55 204
1 11 2
688 618
1 11 2
337 405
1 15 2
5 635
1 10 2
449 18
1 7 2
293 47
1 6 2
654 593
1 12 2
789 475
1 12 2
731 94
1 10 2
222 607
1 12 2
352 570
1 12 2
377 414
1 7 2
79 475
1 4 2
747 628
1 5 2
370 334
1 12 2
290 181
1 14 2
659 104
1 10 2
593 346
1 7 2
284 0
1 11 2
145 540
1 9 2
480 570
1 8 2
264 39
1 11 2
720 285
1 3 2
168 287
1 8 2
616 660
1 11 2
398 49
1 13 2
264 33
1 13 2
94 138
1 4 2
626 83
1 8 2
145 440
1 14 2
100 314
1 8 2
687 286
1 14 2
554 464
1 6 2
378 467
1 4 2
138 60
1 11 2
398 344
1 12 2
515 232
1 15 2
230 429
1 6 2
482 695
1 14 2
309 284
1 6 2
436 30
1 14 2
387 615
1 2 2
610 690
1 5 2
571 631
1 13 2
681 432
1 6 2
48 384
1 14 2
591 719
1 14 2
63 315
1 3 2
302 483
1 9 2
438 444
1 13 2
790 471
1 14 2
191 792
1 6 2
290 643
1 3 2
514 604
1 6 2
470 718
1 15 2
763 459
1 6 2
645 587
1 11 2
452 320
1 4 2
732 413
1 14 2
673 748
1 8 2
160 9
1 5 2
439 687
1 15 2
336 293
1 3 2
725 776
1 4 2
445 558
1 11 2
303 760
1 7 2
717 655
1 8 2
324 497
1 14 2
363 92
1 7 2
580 131
1 5 2
701 73
1 4 2
503 190
1 15 2
633 583
1 5 2
2 594
1 3 2
380 587
1 8 2
770 702
1 13 2
49 334
1 3 2
429 459
1 9 2
469 135
1 9 2
595 105
1 7 2
657 683
1 4 2
686 266
1 5 2
17 660
1 8 2
736 596
1 11 2
389 274
1 7 2
106 274
1 7 2
549 430
1 2 2
129 49
1 15 2
611 694
1 9 2
87 86
1 8 2
296 471
1 8 2
252 395
1 12 2
250 32
1 14 2
392 645
1 3 2
196 267
1 11 2
763 330
1 4 2
613 573
1 9 2
783 301
1 13 2
595 487
1 12 2
267 626
1 6 2
669 599
1 13 2
307 584
1 8 2
106 792
1 10 2
498 689
1 14 2
711 340
1 15 2
392 400
1 7 2
128 480
1 7 2
663 236
1 7 2
271 374
1 15 2
234 178
1 5 2
340 289
1 11 2
1 240
1 12 2
608 563
1 13 2
474 173
1 3 2
323 549
1 5 2
504 83
1 13 2
635 586
1 4 2
629 115
1 15 2
702 329
1 10 2
311 463
1 6 2
731 302
1 2 2
485 140
1 3 2
791 86
1 11 2
206 169
1 8 2
39 265
1 11 2
414 300
1 6 2
556 554
1 11 2
458 784
1 9 2
158 3
1 4 2
271 716
1 8 2
280 611
1 5 2
295 150
1 13 2
380 421
1 10 2
604 755
1 8 2
122 583
1 6 2
188 302
1 14 2
517 578
1 15 2
571 568
1 10 2
237 302
1 14 2
750 594
1 15 2
295 471
1 10 2
475 109
1 5 2
544 236
1 3 2
763 549
1 2 2
61 403
1 12 2
722 579
1 3 2
686 146
1 12 2
780 429
1 3 2
385 566
1 15 2
246 724
1 2 2
453 315
1 6 2
67 135
1 11 2
388 549
1 12 2
385 171
1 14 2
284 778
1 11 2
326 60
1 10 2
579 217
1 15 2
387 764
1 10 2
708 499
1 8 2
247 232
1 5 2
306 177
1 4 2
86 671
1 3 2
172 714
1 3 2
652 392
1 15 2
141 629
1 3 2
165 668
1 7 2
702 176
1 6 2
254 50
1 14 2
708 521
1 4 2
750 107
1 4 2
105 641
1 12 2
439 374
1 14 2
568 799
1 15 2
768 103
1 2 2
709 620
1 7 2
502 581
1 2 2
100 354
1 5 2
241 583
1 7 2
729 342
1 3 2
719 89
1 4 2
179 267
1 7 2
38 14
1 9 2
308 697
1 5 2
65 213
1 12 2
478 503
1 10 2
336 610
1 2 2
413 776
1 5 2
528 418
1 8 2
400 522
1 7 2
712 391
1 11 2
54 539
1 9 2
80 693
1 7 2
301 92
1 7 2
54 33
1 6 2
580 188
1 6 2
618 107
1 12 2
441 707
1 10 2
587 248
1 4 2
245 499
1 12 2
145 594
1 11 2
651 702
1 9 2
203 18
1 4 2
151 770
1 12 2
1 210
1 15 2
369 198
1 6 2
184 243
1 13 2
33 78
1 3 2
109 175
1 12 2
561 532
1 7 2
756 635
1 11 2
725 445
1 14 2
635 685
1 6 2
248 608
1 9 2
267 616
1 7 2
261 572
1 8 2
45 774
1 4 2
117 98
1 4 2
448 140
1 11 2
786 253
1 13 2
682 628
1 10 2
343 255
1 13 2
693 202
1 13 2
521 768
1 4 2
37 583
1 5 2
593 657
1 15 2
575 332
1 5 2
661 758
1 2 2
443 86
1 3 2
54 636
1 9 2
356 422
1 11 2
691 86
1 2 2
698 663
1 8 2
731 527
1 6 2
600 393
1 12 2
695 569
1 11 2
110 290
1 7 2
77 112
1 15 2
344 681
1 4 2
612 456
1 14 2
315 339
1 11 2
681 541
1 2 2
560 710
1 7 2
619 182
1 3 2
394 413
1 15 2
149 224
1 7 2
34 680
1 5 2
106 122
1 11 2
141 727
1 6 2
555 551
1 7 2
443 57
1 5 2
9 360
1 10 2
361 789
1 3 2
488 65
1 2 2
334 620
1 5 2
453 437
1 14 2
29 422
1 8 2
557 668
1 14 2
313 161
1 10 2
252 782
1 4 2
530 352
1 5 2
708 474
1 15 2
590 235
1 5 2
383 473
1 9 2
300 307
1 6 2
214 87
1 13 2
168 531
1 12 2
770 622
1 15 2
297 642
1 3 2
20 145
1 2 2
266 608
1 15 2
160 382
1 13 2
415 624
1 9 2
462 509
1 11 2
579 718
1 12 2
500 189
1 9 2
507 472
1 7 2
365 431
1 13 2
685 100
1 10 2
121 266
1 3 2
762 166
1 10 2
355 170
1 12 2
587 65
1 4 2
498 743
1 6 2
412 583
1 4 2
273 57
1 3 2
38 269
1 10 2
568 773
1 11 2
677 479
1 12 2
86 756
1 5 2
735 386
1 8 2
500 138
1 10 2
9 154
1 15 2
299 443
1 4 2
116 250
1 14 2
273 262
1 12 2
449 733
1 10 2
244 202
1 7 2
168 567
1 5 2
550 733
1 12 2
511 526
1 2 2
506 85
1 13 2
1 649
1 12 2
189 277
1 13 2
13 506
1 4 2
21 790
1 11 2
321 157
1 14 2
46 403
1 13 2
375 19
1 13 2
457 181
1 7 2
362 92
1 7 2
556 105
1 5 2
471 77
1 6 2
409 512
1 8 2
512 285
1 14 2
308 196
1 9 2
27 36
1 11 2
189 702
1 14 2
677 295
1 4 2
698 376
1 11 2
755 458
1 11 2
306 415
1 15 2
77 123
1 13 2
221 537
1 6 2
489 133
1 10 2
311 372
1 6 2
107 64
1 4 2
37 444
1 5 2
433 337
1 5 2
304 390
1 9 2
46 708
1 13 2
658 576
1 4 2
23 400
1 6 2
414 607
1 3 2
305 145
1 13 2
523 544
1 3 2
757 382
1 8 2
133 446
1 13 2
90 580
1 11 2
258 377
1 8 2
285 11
1 15 2
299 343
1 3 2
363 406
1 11 2
375 790
1 10 2
797 66
1 3 2
673 254
1 4 2
349 666
1 4 2
749 9
1 7 2
168 777
1 14 2
767 421
1 8 2
165 229
1 2 2
506 260
1 7 2
331 372
1 2 2
649 122
1 5 2
634 494
1 12 2
619 585
1 2 2
734 613
1 12 2
286 46
1 13 2
305 94
1 7 2
423 356
1 7 2
505 657
1 11 2
52 467
1 7 2
393 696
1 12 2
710 209
1 9 2
75 466
1 10 2
166 600
1 13 2
266 219
1 4 2
112 751
1 5 2
136 659
1 8 2
722 216
1 9 2
733 444
1 4 2
102 659
1 8 2
585 468
1 12 2
605 603
1 7 2
6 549
1 7 2
452 476
1 3 2
464 586
1 15 2
396 718
1 6 2
798 571
1 6 2
663 12
1 5 2
764 119
1 11 2
466 17
1 13 2
40 505
1 3 2
265 29
1 13 2
309 627
1 13 2
240 300
1 2 2
60 76
1 7 2
741 310
1 12 2
676 774
1 4 2
625 750
1 4 2
483 523
1 2 2
399 147
1 13 2
592 322
1 9 2
329 464
1 9 2
668 33
1 14 2
523 699
1 9 2
253 768
1 12 2
406 88
1 11 2
799 137
1 11 2
651 680
1 3 2
290 212
1 11 2
483 740
1 10 2
232 447
1 4 2
711 748
1 2 2
667 649
1 12 2
14 361
1 2 2
716 104
1 9 2
684 779
1 7 2
652 665
1 5 2
234 79
1 15 2
651 247
1 9 2
107 479
1 9 2
204 718
1 14 2
656 58
1 6 2
419 2
1 12 2
407 217
1 15 2
156 212
1 14 2
34 782
1 4 2
234 290
1 11 2
644 463
1 8 2
264 603
1 5 2
109 700
1 3 2
506 118
1 11 2
591 239
1 14 2
208 248
1 12 2
438 733
1 5 2
107 449
1 12 2
519 539
1 3 2
761 60
1 2 2
310 88
1 11 2
787 473
1 4 2
173 158
1 15 2
154 167
1 11 2
683 567
1 11 2
378 424
1 8 2
233 754
1 15 2
452 273
1 15 2
104 402
1 4 2
131 476
1 10 2
560 598
1 4 2
576 89
1 7 2
275 632
1 12 2
675 619
1 2 2
173 745
1 6 2
82 590
1 8 2
675 195
1 14 2
439 362
1 14 2
268 188
1 15 2
9 226
1 11 2
485 772
1 12 2
590 291
1 5 2
593 390
1 13 2
675 458
1 13 2
57 412
1 2 2
373 175
1 11 2
724 769
1 7 2
769 494
1 12 2
670 51
1 7 2
319 620
1 4 2
657 775
1 7 2
374 44
1 11 2
775 780
1 9 2
380 718
1 6 2
730 413
1 7 2
111 1
1 10 2
646 643
1 2 2
681 786
1 3 2
148 441
1 5 2
371 628
1 2 2
284 73
1 12 2
73 546
1 7 2
314 170
1 14 2
483 286
1 4 2
96 374
1 5 2
659 148
1 4 2
146 650
1 3 2
333 223
1 11 2
514 452
1 12 2
500 556
1 5 2
131 167
1 7 2
400 446
1 9 2
599 443
1 8 2
436 24
1 4 2
90 692
1 4 2
96 56
1 2 2
211 241
1 12 2
383 77
1 12 2
5 32
1 7 2
198 246
1 3 2
384 794
1 5 2
346 450
1 10 2
400 302
1 5 2
584 660
1 8 2
154 595
1 11 2
361 349
1 6 2
711 540
1 8 2
688 565
1 11 2
360 441
1 4 2
397 670
1 9 2
497 585
1 5 2
205 501
1 14 2
314 494
1 11 2
544 149
1 7 2
190 497
1 12 2
361 473
1 8 2
527 352
1 8 2
631 73
1 5 2
222 473
1 8 2
439 49
1 4 2
547 92
1 14 2
507 103
1 4 2
285 343
1 11 2
382 545
1 7 2
237 318
1 14 2
513 260
1 14 2
186 82
1 11 2
205 647
1 12 2
15 255
1 9 2
145 192
1 14 2
261 346
1 12 2
623 191
1 14 2
428 284
1 6 2
772 411
1 12 2
322 415
1 2 2
237 630
1 13 2
352 154
1 6 2
593 159
1 9 2
27 740
1 11 2
719 28
1 15 2
679 578
1 11 2
691 631
1 11 2
144 97
1 2 2
135 364
1 6 2
602 250
1 5 2
576 609
1 10 2
523 370
1 15 2
614 712
1 7 2
418 484
1 15 2
767 84
1 12 2
33 67
1 9 2
670 19
1 12 2
409 436
1 14 2
160 159
1 10 2
250 313
1 5 2
572 752
1 5 2
287 18
1 8 2
106 571
1 11 2
269 414
1 13 2
637 276
1 7 2
116 594
1 13 2
615 40
1 11 2
139 377
1 2 2
692 596
1 10 2
666 407
1 9 2
448 579
1 9 2
768 406
1 13 2
709 342
1 5 2
93 542
1 2 2
338 349
1 8 2
369 723
1 11 2
113 711
1 5 2
40 14
1 5 2
122 222
1 3 2
442 39
1 11 2
566 624
1 12 2
700 412
1 3 2
216 650
1 10 2
454 185
1 15 2
367 2
1 9 2
82 512
1 6 2
761 583
1 6 2
126 226
1 2 2
316 579
1 3 2
164 768
1 6 2
206 325
1 15 2
26 193
1 2 2
506 124
1 2 2
756 288
1 3 2
601 30
1 11 2
782 359
1 3 2
722 473
1 10 2
301 521
1 14 2
292 42
1 9 2
466 600
1 5 2
664 100
1 6 2
683 232
1 9 2
660 178
1 13 2
656 215
1 2 2
500 423
1 10 2
236 529
1 10 2
25 135
1 8 2
311 43
1 6 2
561 302
1 10 2
692 14
1 6 2
697 546
1 14 2
240 261
1 6 2
84 358
1 2 2
58 237
1 14 2
166 582
1 4 2
146 186
1 3 2
658 492
1 15 2
371 726
1 8 2
415 165
1 10 2
469 24
1 4 2
321 621
1 3 2
230 96
1 13 2
251 32
1 9 2
572 563
1 7 2
702 444
1 5 2
631 769
1 15 2
762 418
1 9 2
85 675
1 3 2
684 581
1 13 2
96 710
1 13 2
65 178
1 15 2
529 678
1 14 2
478 536
1 11 2
86 351
1 14 2
599 378
1 9 2
640 61
1 2 2
677 639
1 12 2
688 320
1 10 2
30 239
1 7 2
608 211
1 9 2
625 187
1 13 2
766 359
1 8 2
678 498
1 7 2
626 21
1 6 2
663 757
1 4 2
329 738
1 2 2
365 132
1 6 2
544 743
1 5 2
399 597
1 9 2
715 67
1 2 2
71 205
1 15 2
212 776
1 2 2
252 484
1 8 2
627 100
1 6 2
626 777
1 15 2
79 764
1 15 2
758 741
1 3 2
476 61
1 15 2
789 93
1 2 2
495 751
1 13 2
109 744
1 5 2
679 178
1 6 2
284 211
1 2 2
517 486
1 15 2
513 700
1 7 2
25 777
1 7 2
143 392
1 11 2
218 187
1 14 2
187 657
1 15 2
749 511
1 12 2
535 630
1 5 2
307 511
1 11 2
697 27
1 2 2
260 214
1 3 2
592 460
1 8 2
608 280
1 10 2
725 324
1 2 2
774 141
1 11 2
455 570
1 15 2
20 438
1 14 2
111 143
1 13 2
49 17
1 2 2
670 490
1 11 2
202 89
1 10 2
532 24
1 3 2
139 164
1 8 2
532 525
1 6 2
108 751
1 2 2
375 373
1 8 2
749 448
1 14 2
471 644
1 4 2
415 651
1 11 2
640 283
1 13 2
526 583
1 15 2
253 374
1 8 2
470 75
1 9 2
2 17
1 3 2
462 420
1 13 2
507 79
1 3 2
260 236
1 11 2
391 248
1 9 2
585 351
1 10 2
30 698
1 8 2
645 680
1 3 2
214 268
1 2 2
790 37
1 11 2
129 544
1 5 2
385 506
1 6 2
310 97
1 11 2
17 339
1 10 2
586 82
1 12 2
273 465
1 7 2
602 135
1 9 2
395 191
1 3 2
31 211
1 7 2
450 137
1 10 2
328 712
1 11 2
169 547
1 7 2
356 314
1 13 2
224 152
1 8 2
390 91
1 12 2
477 454
1 15 2
552 427
1 5 2
424 353
1 12 2
578 691
1 4 2
574 657
1 13 2
90 322
1 12 2
386 172
1 11 2
447 496
1 9 2
582 647
1 3 2
35 337
1 8 2
401 476
1 6 2
29 765
1 15 2
536 712
1 6 2
462 219
1 9 2
726 772
1 6 2
581 30
1 11 2
630 431
1 4 2
376 782
1 10 2
17 301
1 3 2
276 419
1 8 2
506 528
1 8 2
53 716
1 4 2
214 702
1 9 2
275 287
1 13 2
53 141
1 6 2
151 298
1 15 2
125 580
1 3 2
611 49
1 13 2
556 1
1 9 2
629 203
1 10 2
542 1
1 12 2
473 394
1 11 2
193 512
1 10 2
154 531
1 11 2
266 438
1 8 2
115 297
1 10 2
545 576
1 6 2
681 570
1 6 2
642 169
1 14 2
503 222
1 11 2
469 239
1 15 2
489 193
1 9 2
250 677
1 6 2
574 545
1 12 2
72 519
1 6 2
217 329
1 13 2
770 577
1 8 2
488 705
1 10 2
98 760
1 11 2
583 320
1 9 2
560 610
1 3 2
559 291
1 4 2
785 119
1 5 2
660 167
1 15 2
8 782
1 14 2
212 114
1 7 2
208 486
1 15 2
389 724
1 6 2
787 122
1 11 2
87 789
1 12 2
315 703
1 12 2
168 273
1 14 2
371 93
1 8 2
572 316
1 11 2
266 558
1 11 2
280 210
1 6 2
739 110
1 8 2
228 45
1 11 2
753 452
1 4 2
326 439
1 11 2
29 498
1 10 2
752 86
1 5 2
179 255
1 7 2
757 141
1 7 2
39 714
1 14 2
370 407
1 10 2
31 44
1 13 2
421 38
1 12 2
440 176
1 12 2
183 282
1 9 2
726 65
1 5 2
560 313
1 11 2
511 488
1 15 2
771 509
1 14 2
68 373
1 4 2
216 612
1 6 2
659 347
1 3 2
700 746
1 15 2
465 56
1 9 2
654 419
1 10 2
450 159
1 9 2
516 384
1 13 2
526 535
1 11 2
403 401
1 11 2
115 453
1 7 2
649 114
1 7 2
299 72
1 8 2
263 371
1 12 2
646 735
1 15 2
403 274
1 4 2
46 290
1 10 2
522 499
1 9 2
99 54
1 12 2
593 686
1 14 2
594 564
1 12 2
518 428
1 15 2
706 161
1 6 2
408 711
1 14 2
403 732
1 11 2
783 218
1 7 2
368 434
1 3 2
754 532
1 11 2
575 760
1 4 2
184 730
1 5 2
185 409
1 14 2
425 677
1 7 2
496 304
1 14 2
630 39
1 9 2
620 357
1 13 2
322 131
1 10 2
22 498
1 3 2
730 342
1 15 2
636 797
1 11 2
103 341
1 7 2
290 508
1 14 2
56 102
1 9 2
564 715
1 7 2
768 620
1 11 2
786 647
1 11 2
401 210
1 3 2
217 123
1 4 2
117 708
1 14 2
37 375
1 15 2
60 776
1 5 2
436 503
1 13 2
105 316
1 11 2
57 665
1 15 2
518 655
1 2 2
121 614
1 8 2
734 26
1 14 2
237 797
1 3 2
56 607
1 15 2
468 657
1 3 2
233 542
1 5 2
166 214
1 3 2
762 321
1 15 2
18 707
1 8 2
437 354
1 13 2
624 491
1 15 2
22 140
1 2 2
740 325
1 2 2
618 217
1 7 2
412 682
1 7 2
421 620
1 3 2
778 582
1 7 2
730 16
1 13 2
306 492
1 15 2
88 742
1 11 2
141 675
1 10 2
712 323
1 6 2
645 298
1 13 2
630 50
1 13 2
253 185
1 6 2
554 687
1 8 2
651 159
1 11 2
227 393
1 5 2
575 666
1 3 2
42 629
1 2 2
115 165
1 6 2
99 612
1 11 2
179 347
1 12 2
434 462
1 12 2
100 472
1 15 2
123 599
1 14 2
335 508
1 13 2
709 187
1 15 2
307 266
1 15 2
567 740
1 14 2
545 396
1 11 2
259 448
1 4 2
769 749
1 8 2
268 309
1 15 2
12 28
1 14 2
147 770
1 4 2
145 252
1 12 2
231 58
1 14 2
375 716
1 14 2
623 489
1 11 2
722 258
1 3 2
413 105
1 12 2
511 115
1 9 2
669 474
1 8 2
309 181
1 2 2
611 721
1 4 2
777 299
1 5 2
611 118
1 7 2
404 395
1 13 2
618 573
1 11 2
489 289
1 15 2
84 290
1 3 2
284 760
1 11 2
223 290
1 7 2
396 715
1 5 2
14 680
1 11 2
160 161
1 13 2
637 580
1 9 2
40 233
1 5 2
546 666
1 12 2
79 636
1 7 2
737 673
1 12 2
400 288
1 3 2
278 323
1 6 2
465 731
1 9 2
575 167
1 8 2
440 253
1 4 2
237 664
1 13 2
794 546
1 14 2
122 251
1 12 2
617 715
1 10 2
442 754
1 8 2
714 431
1 5 2
368 304
1 11 2
679 246
1 10 2
241 787
1 10 2
778 172
1 5 2
532 648
1 2 2
7 265
1 13 2
716 434
1 10 2
458 331
1 7 2
477 152
1 13 2
22 35
1 7 2
330 430
1 2 2
102 469
1 9 2
445 102
1 2 2
730 10
1 3 2
674 91
1 10 2
161 377
1 2 2
390 695
1 14 2
294 258
1 2 2
11 467
1 5 2
130 307
1 14 2
438 246
1 2 2
111 249
1 8 2
679 101
1 10 2
134 88
1 2 2
374 186
1 13 2
101 672
1 2 2
171 349
1 9 2
62 354
1 7 2
61 111
1 15 2
484 610
1 6 2
689 286
1 6 2
751 731
1 12 2
535 46
1 6 2
245 412
1 13 2
46 369
1 12 2
153 78
1 13 2
647 415
1 10 2
653 21
1 6 2
677 107
1 10 2
301 238
1 12 2
738 680
1 13 2
55 454
1 3 2
521 788
1 5 2
153 463
1 9 2
109 86
1 12 2
366 331
1 12 2
631 717
1 13 2
280 458
1 4 2
264 572
1 3 2
666 282
1 6 2
230 483
1 4 2
39 395
1 5 2
136 54
1 6 2
606 464
1 3 2
716 294
1 12 2
592 302
1 5 2
728 730
1 13 2
729 577
1 4 2
674 514
1 11 2
771 597
1 7 2
423 797
1 3 2
95 544
1 11 2
289 672
1 3 2
578 553
1 2 2
604 442
1 11 2
78 286
1 13 2
234 667
1 3 2
255 602
1 10 2
15 612
1 9 2
209 663
1 8 2
587 246
1 7 2
699 638
1 7 2
360 406
1 12 2
749 740
1 9 2
693 135
1 11 2
347 242
1 9 2
437 46
1 3 2
383 740
1 3 2
418 187
1 13 2
521 544
1 8 2
69 371
1 7 2
761 450
1 13 2
1 367
1 15 2
648 159
1 7 2
546 183
1 5 2
451 167
1 9 2
429 26
1 5 2
32 579
1 5 2
238 232
1 6 2
368 415
1 2 2
546 728
1 15 2
165 771
1 5 2
426 749
1 5 2
594 97
1 13 2
709 615
1 13 2
705 111
1 13 2
159 682
1 7 2
708 737
1 2 2
338 348
1 9 2
297 536
1 12 2
72 148
1 2 2
602 563
1 9 2
20 722
1 10 2
78 94
1 14 2
754 559
1 3 2
400 14
1 2 2
184 58
1 7 2
611 781
1 2 2
777 364
1 6 2
92 179
1 7 2
756 727
1 13 2
134 97
1 5 2
661 566
1 6 2
29 463
1 6 2
467 441
1 3 2
105 786
1 15 2
497 480
1 15 2
740 76
1 11 2
337 759
1 7 2
365 545
1 9 2
604 74
1 2 2
241 265
1 10 2
367 181
1 13 2
575 46
1 3 2
271 217
1 5 2
154 340
1 10 2
661 100
1 8 2
499 60
1 10 2
681 715
1 9 2
798 1
1 7 2
634 776
1 3 2
485 401
1 5 2
608 773
1 12 2
394 759
1 4 2
703 531
1 15 2
96 631
1 15 2
785 561
1 12 2
183 637
1 12 2
645 545
1 7 2
795 683
1 5 2
710 370
1 4 2
299 290
1 9 2
168 790
1 7 2
532 257
1 2 2
111 281
1 8 2
331 759
1 15 2
797 195
1 13 2
121 367
1 15 2
568 652
1 13 2
357 157
1 7 2
672 65
1 8 2
353 524
1 4 2
585 428
1 7 2
255 80
1 4 2
750 201
1 14 2
673 3
1 15 2
477 43
1 15 2
128 747
1 14 2
154 411
1 6 2
114 415
1 15 2
314 766
1 3 2
105 72
1 10 2
739 586
1 7 2
636 536
1 6 2
626 16
1 4 2
126 311
1 14 2
230 79
1 15 2
514 133
1 5 2
300 661
1 13 2
625 44
1 5 2
564 220
1 12 2
584 590
1 7 2
183 680
1 9 2
91 441
1 9 2
795 31
1 5 2
176 608
1 11 2
672 268
1 15 2
184 5
1 8 2
222 453
1 13 2
84 354
1 13 2
286 332
1 6 2
512 224
1 4 2
313 244
1 15 2
785 461
1 6 2
325 631
1 7 2
408 736
1 2 2
595 753
1 6 2
285 91
1 2 2
520 645
1 14 2
281 587
1 4 2
106 278
1 8 2
408 345
1 14 2
152 520
1 12 2
467 279
1 6 2
605 217
1 5 2
505 179
1 13 2
469 209
1 3 2
370 322
1 14 2
311 318
1 12 2
398 133
1 7 2
444 418
1 15 2
41 229
1 12 2
140 759
1 13 2
99 180
1 13 2
12 80
1 9 2
782 425
1 5 2
302 552
1 2 2
257 324
1 7 2
380 659
1 11 2
490 689
1 4 2
205 442
1 12 2
310 707
1 14 2
433 497
1 12 2
112 173
1 5 2
706 21
1 6 2
84 227
1 11 2
676 438
1 2 2
587 424
1 11 2
107 647
1 7 2
507 136
1 6 2
80 538
1 6 2
788 289
1 12 2
388 266
1 5 2
347 384
1 14 2
775 494
1 6 2
214 276
1 8 2
473 765
1 9 2
199 446
1 13 2
344 93
1 3 2
80 281
1 9 2
294 690
1 12 2
283 351
1 5 2
216 384
1 9 2
416 67
1 3 2
380 606
1 13 2
210 504
1 8 2
34 769
1 9 2
499 63
1 5 2
208 770
1 11 2
128 117
1 10 2
255 227
1 6 2
94 793
1 12 2
494 23
1 14 2
262 667
1 6 2
96 651
1 3 2
271 159
1 15 2
89 687
1 11 2
257 266
1 15 2
131 98
1 12 2
492 196
1 13 2
649 775
1 7 2
23 97
1 13 2
122 75
1 13 2
290 514
1 10 2
446 469
1 10 2
787 175
1 5 2
628 89
1 9 2
243 119
1 12 2
177 670
1 11 2
396 121
1 2 2
505 579
1 6 2
594 401
1 15 2
218 655
1 3 2
522 510
1 5 2
53 337
1 3 2
453 106
1 10 2
209 531
1 2 2
780 396
1 13 2
188 739
1 6 2
316 355
1 6 2
571 722
1 5 2
34 65
1 11 2
770 748
1 8 2
238 422
1 6 2
223 699
1 5 2
178 643
1 12 2
168 484
1 11 2
303 11
1 15 2
151 765
1 14 2
551 624
1 2 2
155 534
1 7 2
672 44
1 7 2
398 265
1 14 2
600 248
1 14 2
49 262
1 10 2
500 146
1 9 2
721 692
1 4 2
168 319
1 11 2
157 66
1 6 2
761 469
1 14 2
560 661
1 11 2
775 307
1 7 2
615 641
1 14 2
464 742
1 2 2
562 705
1 6 2
83 468
1 10 2
786 275
1 10 2
90 398
1 11 2
631 352
1 9 2
728 445
1 4 2
626 549
1 4 2
56 536
1 5 2
51 170
1 8 2
188 732
1 14 2
452 661
1 2 2
610 367
1 4 2
67 555
1 8 2
134 674
1 11 2
24 780
1 7 2
633 594
1 2 2
488 25
1 14 2
372 581
1 7 2
634 606
1 5 2
760 60
1 9 2
785 358
1 8 2
751 655
1 12 2
623 344
1 12 2
336 98
1 9 2
616 189
1 7 2
39 114
1 14 2
324 51
1 12 2
129 96
1 14 2
745 450
1 2 2
639 771
1 9 2
172 771
1 10 2
725 200
1 8 2
791 251
1 14 2
219 649
1 10 2
169 148
1 5 2
84 286
1 11 2
119 426
1 14 2
306 702
1 3 2
236 497
1 6 2
628 429
1 10 2
792 775
1 13 2
241 172
1 7 2
788 177
1 14 2
466 270
1 5 2
798 705
1 12 2
56 516
1 8 2
721 502
1 4 2
217 432
1 10 2
180 516
1 7 2
288 446
1 2 2
371 701
1 5 2
5 123
1 10 2
679 370
1 15 2
83 303
1 15 2
362 782
1 8 2
378 545
1 3 2
571 61
1 7 2
585 798
1 8 2
219 435
1 4 2
293 502
1 6 2
204 431
1 14 2
172 255
1 12 2
699 796
1 15 2
240 302
1 9 2
317 536
1 15 2
181 251
1 4 2
532 77
1 5 2
222 80
1 15 2
362 529
1 9 2
367 720
1 11 2
160 734
1 4 2
416 687
1 4 2
200 303
1 10 2
174 366
1 15 2
557 164
1 10 2
238 255
1 12 2
791 580
1 10 2
689 453
1 11 2
343 637
1 6 2
556 593
1 9 2
301 282
1 14 2
731 696
1 4 2
9 200
1 6 2
487 285
1 9 2
679 363
1 12 2
391 236
1 5 2
686 486
1 6 2
298 15
1 8 2
468 643
1 9 2
477 576
1 14 2
27 215
1 10 2
738 95
1 4 2
196 305
1 5 2
589 153
1 5 2
771 642
1 15 2
487 7
1 6 2
144 571
1 9 2
642 69
1 14 2
625 10
1 14 2
730 475
1 14 2
324 277
1 5 2
16 410
1 6 2
43 750
1 8 2
131 119
1 15 2
797 727
1 9 2
364 321
1 9 2
218 478
1 13 2
728 82
1 14 2
45 341
1 2 2
501 254
1 2 2
660 544
1 12 2
343 601
1 10 2
680 248
1 15 2
85 699
1 8 2
5 355
1 12 2
182 385
1 14 2
633 54
1 8 2
291 309
1 4 2
642 274
1 8 2
670 662
1 11 2
73 194
1 10 2
697 173
1 2 2
796 134
1 7 2
122 147
1 10 2
263 646
1 12 2
727 710
1 11 2
352 541
1 11 2
608 331
1 5 2
28 193
1 5 2
94 711
1 8 2
146 388
1 11 2
704 226
1 11 2
546 155
1 11 2
728 538
1 10 2
132 231
1 13 2
546 706
1 3 2
556 738
1 13 2
561 175
1 4 2
470 599
1 15 2
460 595
1 12 2
511 675
1 15 2
509 750
1 5 2
57 205
1 8 2
161 70
1 8 2
680 395
1 7 2
347 339
1 15 2
251 599
1 10 2
522 588
1 9 2
214 586
1 7 2
163 703
1 14 2
643 225
1 15 2
703 773
1 2 2
149 312
1 10 2
101 709
1 3 2
713 194
1 4 2
186 502
1 10 2
533 39
1 3 2
536 566
1 14 2
568 156
1 15 2
219 757
1 4 2
301 141
1 5 2
114 648
1 5 2
663 416
1 8 2
237 666
1 15 2
629 735
1 13 2
237 472
1 2 2
768 351
1 3 2
374 743
1 6 2
433 408
1 3 2
471 384
1 2 2
119 329
1 5 2
294 188
1 9 2
108 199
1 14 2
663 526
1 6 2
339 116
1 9 2
221 729
1 4 2
705 593
1 13 2
296 407
1 11 2
475 479
1 8 2
116 749
1 6 2
719 532
1 8 2
411 33
1 14 2
65 752
1 8 2
506 762
1 14 2
345 495
1 3 2
615 612
1 11 2
657 258
1 12 2
752 137
1 4 2
254 399
1 3 2
9 225
1 10 2
614 119
1 12 2
272 329
1 2 2
787 459
1 4 2
459 234
1 9 2
412 349
1 13 2
387 140
1 11 2
412 644
1 6 2
411 15
1 4 2
728 727
1 3 2
196 219
1 12 2
480 574
1 13 2
660 736
1 4 2
281 594
1 4 2
599 565
1 7 2
220 752
1 13 2
61 268
1 5 2
622 789
1 7 2
397 580
1 5 2
592 611
1 12 2
393 77
1 10 2
23 294
1 9 2
726 316
1 10 2
795 498
1 8 2
713 563
1 12 2
493 363
1 2 2
665 744
1 12 2
206 238
1 13 2
382 69
1 9 2
196 755
1 3 2
127 401
1 15 2
35 513
1 14 2
588 121
1 7 2
80 552
1 14 2
53 616
1 13 2
323 701
1 11 2
597 615
1 14 2
762 693
1 5 2
654 635
1 7 2
772 274
1 8 2
490 326
1 6 2
314 106
1 13 2
392 70
1 5 2
625 543
1 9 2
633 598
1 14 2
48 511
1 5 2
325 155
1 8 2
239 650
1 15 2
7 565
1 11 2
640 89
1 13 2
358 287
1 14 2
350 647
1 13 2
491 650
1 9 2
244 379
1 5 2
723 403
1 12 2
560 478
1 7 2
30 581
1 4 2
309 88
1 5 2
462 585
1 7 2
392 479
1 3 2
701 165
1 6 2
347 334
1 7 2
497 631
1 14 2
770 471
1 2 2
152 504
1 14 2
103 541
1 5 2
150 758
1 13 2
102 296
1 12 2
440 1
1 8 2
39 53
1 10 2
224 500
1 14 2
798 424
1 13 2
436 442
1 8 2
293 146
1 11 2
177 764
1 12 2
198 410
1 6 2
502 719
1 12 2
765 463
1 2 2
458 350
1 13 2
331 702
1 10 2
31 747
1 11 2
588 134
1 14 2
282 789
1 4 2
440 311
1 5 2
288 152
1 15 2
146 90
1 9 2
153 34
1 14 2
429 558
1 11 2
480 503
1 11 2
657 441
1 10 2
336 735
1 8 2
754 698
1 9 2
340 362
1 5 2
619 51
1 11 2
229 693
1 14 2
426 557
1 7 2
699 683
1 3 2
780 322
1 15 2
708 502
1 2 2
773 470
1 4 2
555 559
1 14 2
682 288
1 13 2
765 294
1 6 2
87 647
1 4 2
629 483
1 8 2
208 649
1 6 2
503 96
1 5 2
681 10
1 12 2
322 583
1 2 2
294 505
1 2 2
549 264
1 2 2
9 167
1 8 2
725 57
1 15 2
183 120
1 2 2
699 389
1 9 2
580 677
1 5 2
526 60
1 15 2
646 586
1 5 2
290 556
1 2 2
490 540
1 7 2
553 723
1 2 2
187 284
1 15 2
71 657
1 2 2
199 55
1 6 2
383 483
1 10 2
81 637
1 6 2
145 169
1 5 2
510 416
1 10 2
726 8
1 3 2
454 91
1 4 2
406 140
1 12 2
38 127
1 15 2
260 216
1 12 2
475 180
1 3 2
259 413
1 3 2
223 701
1 15 2
495 747
1 6 2
443 154
1 11 2
425 376
1 8 2
513 723
1 4 2
153 681
1 5 2
204 746
1 3 2
721 549
1 7 2
44 623
1 12 2
541 600
1 14 2
102 385
1 6 2
584 59
1 6 2
777 438
1 10 2
631 448
1 6 2
552 720
1 10 2
437 571
1 7 2
337 104
1 13 2
393 675
1 13 2
212 738
1 8 2
709 144
1 11 2
115 616
1 4 2
123 799
1 10 2
636 520
1 11 2
606 426
1 9 2
238 203
1 2 2
152 271
1 7 2
695 164
1 5 2
764 175
1 5 2
784 746
1 5 2
537 540
1 12 2
307 60
1 15 2
346 336
1 2 2
357 666
1 11 2
476 507
1 13 2
370 716
1 11 2
429 301
1 5 2
545 319
1 2 2
545 151
1 10 2
22 660
1 7 2
265 602
1 12 2
67 483
1 3 2
163 434
1 13 2
191 382
1 10 2
331 261
1 11 2
242 493
1 12 2
158 637
1 9 2
702 247
1 9 2
686 706
1 10 2
712 317
1 2 2
297 105
1 4 2
790 601
1 14 2
549 336
1 7 2
429 729
1 14 2
83 87
1 6 2
755 165
1 11 2
791 341
1 5 2
156 185
1 9 2
158 728
1 3 2
679 26
1 6 2
504 428
1 15 2
130 395
1 5 2
351 651
1 4 2
667 306
1 9 2
590 161
1 14 2
434 210
1 3 2
60 330
1 3 2
189 678
1 4 2
302 270
1 7 2
425 344
1 10 2
758 482
1 6 2
230 122
1 10 2
625 184
1 12 2
146 392
1 11 2
20 180
1 13 2
333 544
1 5 2
346 589
1 13 2
139 23
1 12 2
497 431
1 8 2
746 307
1 2 2
32 722
1 3 2
566 703
1 10 2
128 99
1 14 2
81 158
1 11 2
670 272
1 12 2
766 510
1 2 2
117 748
1 7 2
609 469
1 5 2
260 347
1 11 2
123 140
1 10 2
22 353
1 9 2
461 232
1 15 2
282 458
1 2 2
567 35
1 4 2
694 600
1 8 2
181 482
1 15 2
389 342
1 11 2
218 3
1 14 2
600 247
1 3 2
419 720
1 15 2
11 617
1 4 2
415 192
1 12 2
502 552
1 9 2
616 737
1 5 2
52 204
1 12 2
201 481
1 15 2
213 201
1 14 2
128 439
1 3 2
470 694
1 6 2
342 677
1 13 2
588 602
1 12 2
301 73
1 14 2
266 590
1 14 2
3 528
1 13 2
559 706
1 3 2
236 548
1 10 2
362 655
1 7 2
699 646
1 4 2
450 535
1 3 2
793 412
1 12 2
563 472
1 3 2
231 340
1 12 2
288 603
1 13 2
328 164
1 11 2
350 183
1 5 2
609 142
1 10 2
529 185
1 5 2
604 559
1 3 2
629 652
1 13 2
165 199
1 5 2
79 227
1 9 2
155 346
1 14 2
654 741
1 6 2
145 605
1 5 2
157 355
1 9 2
783 209
1 11 2
621 196
1 4 2
618 144
1 5 2
126 324
1 9 2
786 708
1 9 2
58 426
1 11 2
202 675
1 5 2
322 614
1 7 2
517 518
1 2 2
231 741
1 15 2
92 506
1 3 2
635 239
1 14 2
433 341
1 5 2
216 594
1 3 2
317 704
1 6 2
351 504
1 2 2
150 325
1 4 2
513 440
1 9 2
106 320
1 8 2
635 744
1 7 2
339 78
1 14 2
608 45
1 9 2
398 385
1 11 2
25 176
1 5 2
674 164
1 5 2
138 70
1 2 2
46 200
1 12 2
154 102
1 15 2
238 736
1 14 2
722 434
1 2 2
10 340
1 15 2
222 430
1 6 2
170 232
1 5 2
630 536
1 2 2
22 380
1 12 2
293 351
1 7 2
61 155
1 4 2
402 656
1 7 2
685 107
1 13 2
338 110
1 11 2
182 16
1 3 2
382 338
1 7 2
241 93
1 5 2
557 254
1 4 2
242 26
1 15 2
25 306
1 8 2
677 79
1 8 2
266 625
1 12 2
644 72
1 15 2
672 776
1 8 2
549 560
1 6 2
122 614
1 14 2
116 472
1 4 2
363 557
1 4 2
162 712
1 8 2
159 781
1 9 2
404 128
1 9 2
601 544
1 9 2
739 605
1 3 2
257 193
1 5 2
726 619
1 10 2
299 194
1 3 2
217 611
1 10 2
718 518
1 12 2
10 408
1 4 2
591 747
1 12 2
484 9
1 14 2
312 302
1 8 2
44 194
1 15 2
669 615
1 14 2
664 529
1 11 2
630 278
1 14 2
241 607
1 6 2
351 423
1 6 2
498 471
1 10 2
133 573
1 5 2
37 495
1 10 2
88 223
1 8 2
358 36
1 10 2
404 117
1 12 2
129 517
1 4 2
426 603
1 12 2
604 796
1 13 2
793 668
1 12 2
581 210
1 15 2
37 15
1 8 2
355 1
1 5 2
607 659
1 15 2
172 489
1 6 2
648 746
1 13 2
715 420
1 10 2
37 628
1 15 2
766 31
1 7 2
62 355
1 9 2
763 100
1 2 2
673 56
1 13 2
783 648
1 10 2
44 301
1 13 2
229 472
1 10 2
364 330
1 14 2
172 499
1 7 2
187 207
1 2 2
289 708
1 9 2
596 51
1 13 2
445 545
1 10 2
722 303
1 4 2
603 514
1 10 2
779 64
1 3 2
119 166
1 9 2
769 319
1 11 2
251 709
1 8 2
195 161
1 10 2
196 394
1 15 2
799 677
1 5 2
343 82
1 14 2
99 541
1 3 2
476 783
1 13 2
745 644
1 6 2
608 601
1 15 2
308 22
1 13 2
367 315
1 2 2
0 340
1 7 2
167 655
1 4 2
234 642
1 4 2
617 718
1 9 2
403 668
1 12 2
351 341
1 6 2
340 7
1 9 2
765 325
1 10 2
617 651
1 8 2
323 30
1 12 2
458 430
1 3 2
529 795
1 3 2
490 696
1 3 2
697 695
1 15 2
489 196
1 12 2
200 737
1 3 2
682 96
1 8 2
565 458
1 5 2
186 18
1 12 2
577 542
1 9 2
310 66
1 14 2
346 571
1 13 2
100 165
1 7 2
543 193
1 11 2
419 579
1 13 2
262 221
1 10 2
523 317
1 11 2
758 427
1 8 2
256 34
1 8 2
0 242
1 4 2
239 642
1 11 2
4 300
1 6 2
204 265
1 14 2
198 176
1 5 2
393 378
1 3 2
247 788
1 10 2
79 720
1 8 2
726 111
1 2 2
631 144
1 7 2
419 170
1 5 2
56 389
1 11 2
192 385
1 5 2
233 308
1 2 2
263 174
1 10 2
137 744
1 12 2
629 351
1 2 2
466 695
1 5 2
140 743
1 11 2
610 141
1 13 2
633 106
1 14 2
131 597
1 11 2
452 567
1 6 2
621 546
1 2 2
654 219
1 3 2
135 748
1 12 2
225 757
1 7 2
197 687
1 13 2
37 142
1 8 2
265 561
1 9 2
647 35
1 6 2
33 648
1 6 2
298 129
1 12 2
269 223
1 10 2
675 643
1 8 2
34 558
1 3 2
507 553
1 4 2
81 277
1 15 2
458 154
1 11 2
683 339
1 7 2
644 609
1 12 2
570 470
1 13 2
468 464
1 6 2
795 417
1 11 2
372 188
1 9 2
503 517
1 8 2
753 128
1 9 2
471 425
1 14 2
278 667
1 10 2
125 270
1 15 2
221 247
1 15 2
96 88
1 4 2
492 310
1 15 2
398 793
1 10 2
746 262
1 15 2
402 756
1 12 2
611 447
1 14 2
9 480
1 14 2
64 153
1 14 2
587 147
1 14 2
23 25
1 3 2
114 746
1 11 2
403 532
1 14 2
46 736
1 3 2
570 372
1 5 2
115 46
1 4 2
18 730
1 3 2
496 747
1 5 2
777 716
1 3 2
713 629
1 14 2
264 591
1 8 2
511 310
1 4 2
301 561
1 5 2
733 270
1 12 2
241 689
1 11 2
587 34
1 13 2
576 264
1 12 2
523 559
1 4 2
537 387
1 4 2
765 603
1 2 2
548 681
1 9 2
238 228
1 3 2
712 757
1 3 2
491 158
1 9 2
279 465
1 2 2
750 469
1 14 2
744 121
1 6 2
619 573
1 14 2
140 244
1 4 2
82 234
1 6 2
8 35
1 13 2
584 672
1 2 2
686 666
1 4 2
601 661
1 10 2
3 525
1 7 2
414 39
1 9 2
170 62
1 5 2
423 777
1 8 2
448 117
1 14 2
737 794
1 9 2
286 629
1 2 2
638 66
1 7 2
146 783
1 6 2
126 379
1 12 2
427 696
1 10 2
528 492
1 10 2
525 678
1 11 2
449 75
1 9 2
28 668
1 8 2
120 296
1 15 2
432 245
1 8 2
331 174
1 6 2
140 65
1 10 2
752 790
1 3 2
261 498
1 5 2
166 54
1 11 2
520 99
1 4 2
656 358
1 13 2
445 253
1 11 2
11 313
1 5 2
95 678
1 7 2
729 136
1 5 2
50 530
1 5 2
117 171
1 12 2
121 112
1 12 2
644 29
1 2 2
610 283
1 12 2
274 375
1 15 2
725 267
1 3 2
197 634
1 2 2
530 739
1 8 2
228 153
1 5 2
575 389
1 14 2
161 381
1 12 2
727 641
1 11 2
330 333
1 10 2
265 34
1 9 2
487 290
1 5 2
401 383
1 8 2
552 44
1 7 2
794 377
1 6 2
96 650
1 9 2
413 148
1 5 2
258 292
1 7 2
351 175
1 4 2
348 505
1 8 2
68 340
1 12 2
54 471
1 15 2
490 745
1 2 2
413 560
1 7 2
503 261
1 5 2
469 265
1 3 2
422 22
1 10 2
143 447
1 9 2
25 325
1 13 2
602 549
1 5 2
649 37
1 6 2
768 29
1 11 2
523 665
1 14 2
446 203
1 12 2
704 734
1 13 2
250 641
1 6 2
552 5
1 12 2
360 170
1 8 2
468 527
1 8 2
261 266
1 6 2
565 390
1 4 2
750 319
1 8 2
206 691
1 3 2
294 67
1 3 2
436 689
1 15 2
703 548
1 13 2
692 82
1 3 2
40 420
1 13 2
280 286
1 11 2
326 532
1 3 2
640 303
1 11 2
672 378
1 8 2
774 519
1 13 2
449 466
1 14 2
546 294
1 2 2
603 185
1 9 2
230 346
1 8 2
770 42
1 10 2
446 664
1 9 2
614 748
1 9 2
603 798
1 2 2
399 405
1 11 2
94 527
1 3 2
569 182
1 7 2
733 439
1 2 2
734 137
1 6 2
621 613
1 15 2
639 401
1 12 2
95 736
1 13 2
366 708
1 5 2
685 17
1 8 2
108 761
1 13 2
622 646
1 11 2
282 67
1 15 2
258 467
1 10 2
499 26
1 12 2
781 458
1 12 2
60 233
1 4 2
412 45
1 7 2
566 723
1 5 2
90 439
1 8 2
86 760
1 8 2
204 30
1 9 2
71 776
1 13 2
388 481
1 4 2
394 335
1 14 2
718 315
1 10 2
721 685
1 5 2
645 148
1 9 2
33 113
1 9 2
388 450
1 10 2
249 348
1 9 2
245 708
1 15 2
481 646
1 15 2
599 6
1 9 2
430 684
1 15 2
550 661
1 6 2
359 626
1 7 2
73 311
1 14 2
179 640
1 12 2
774 345
1 11 2
0 272
1 15 2
425 537
1 7 2
17 202
1 3 2
306 643
1 10 2
274 608
1 9 2
526 131
1 13 2
256 225
1 15 2
552 412
1 2 2
71 528
1 2 2
518 423
1 6 2
526 640
1 2 2
260 179
1 12 2
338 421
1 8 2
481 483
1 10 2
563 306
1 11 2
359 253
1 10 2
213 679
1 13 2
611 706
1 14 2
455 760
1 4 2
404 29
1 2 2
261 81
1 11 2
597 449
1 8 2
429 566
1 8 2
510 104
1 13 2
166 55
1 8 2
701 285
1 6 2
317 331
1 7 2
184 670
1 8 2
620 392
1 14 2
740 693
1 7 2
784 307
1 9 2
659 250
1 5 2
752 637
1 8 2
387 590
1 10 2
439 129
1 14 2
288 617
1 3 2
656 224
1 3 2
508 653
1 7 2
445 401
1 8 2
134 694
1 13 2
468 52
1 6 2
225 795
1 14 2
92 750
1 2 2
685 205
1 13 2
10 176
1 14 2
139 795
1 7 2
78 405
1 5 2
696 83
1 3 2
36 729
1 3 2
200 729
1 5 2
731 405
1 14 2
734 90
1 8 2
455 400
1 6 2
765 27
1 15 2
157 172
1 10 2
53 277
1 8 2
791 297
1 12 2
626 55
1 3 2
309 327
1 6 2
78 362
1 8 2
258 598
1 3 2
545 195
1 13 2
799 366
1 9 2
222 755
1 14 2
598 699
1 2 2
521 761
1 6 2
382 477
1 5 2
222 380
1 9 2
728 353
1 12 2
568 672
1 8 2
1 530
1 13 2
587 467
1 14 2
477 30
1 9 2
638 359
1 5 2
39 773
1 13 2
735 85
1 10 2
368 597
1 12 2
653 465
1 5 2
199 209
1 3 2
492 607
1 13 2
192 737
1 13 2
631 422
1 8 2
359 613
1 2 2
128 708
1 13 2
579 735
1 14 2
507 302
1 12 2
206 565
1 4 2
709 729
1 7 2
28 398
1 8 2
772 5
1 6 2
217 415
1 14 2
636 643
1 5 2
281 720
1 12 2
80 79
1 14 2
21 58
1 7 2
279 696
1 11 2
387 586
1 7 2
425 558
1 10 2
536 657
1 6 2
109 741
1 9 2
620 495
1 8 2
664 52
1 10 2
114 789
1 15 2
235 78
1 11 2
576 757
1 11 2
285 640
1 12 2
166 489
1 8 2
179 271
1 8 2
593 103
1 9 2
214 342
1 3 2
685 561
1 4 2
72 658
1 9 2
600 319
1 5 2
621 759
1 3 2
101 379
1 9 2
732 209
1 12 2
298 637
1 6 2
203 568
1 15 2
68 258
1 9 2
328 219
1 6 2
701 532
1 10 2
97 560
1 12 2
752 100
1 9 2
43 515
1 14 2
341 46
1 8 2
537 556
1 5 2
361 98
1 5 2
746 327
1 15 2
713 362
1 7 2
199 471
1 13 2
497 400
1 7 2
160 639
1 8 2
759 33
1 9 2
369 496
1 14 2
361 731
1 2 2
460 322
1 3 2
478 480
1 8 2
761 105
1 15 2
497 149
1 6 2
707 751
1 4 2
636 163
1 3 2
776 242
1 2 2
495 83
1 8 2
412 715
1 12 2
252 514
1 12 2
73 210
1 3 2
511 652
1 14 2
26 532
1 13 2
768 349
1 14 2
551 235
1 15 2
575 557
1 6 2
330 12
1 8 2
404 785
1 5 2
516 252
1 10 2
72 331
1 3 2
558 281
1 13 2
456 227
1 9 2
607 734
1 9 2
622 552
1 14 2
673 228
1 3 2
209 533
1 10 2
684 130
1 10 2
115 722
1 10 2
101 107
1 8 2
542 699
1 8 2
98 524
1 4 2
54 791
1 3 2
318 667
1 14 2
632 51
1 12 2
209 331
1 11 2
76 527
1 3 2
78 656
1 10 2
774 762
1 14 2
337 740
1 2 2
323 326
1 12 2
483 687
1 13 2
16 418
1 10 2
493 89
1 3 2
414 673
1 12 2
310 627
1 11 2
130 763
1 11 2
592 758
1 3 2
43 676
1 7 2
759 117
1 7 2
403 761
1 6 2
469 272
1 4 2
82 573
1 11 2
473 778
1 15 2
121 575
1 6 2
387 128
1 2 2
660 273
1 4 2
296 610
1 6 2
642 222
1 4 2
391 142
1 11 2
623 796
1 9 2
672 678
1 10 2
357 323
1 9 2
221 405
1 12 2
58 781
1 8 2
481 218
1 15 2
100 559
1 12 2
429 564
1 13 2
468 298
1 8 2
354 15
1 10 2
219 681
1 6 2
74 267
1 5 2
487 79
1 11 2
395 109
1 13 2
635 420
1 4 2
546 419
1 2 2
381 482
1 7 2
501 56
1 9 2
101 373
1 13 2
569 369
1 4 2
784 328
1 9 2
162 11
1 6 2
348 488
1 2 2
490 539
1 7 2
556 392
1 3 2
521 597
1 8 2
612 57
1 7 2
158 348
1 13 2
183 328
1 4 2
574 653
1 15 2
523 432
1 8 2
292 572
1 7 2
191 575
1 15 2
762 673
1 13 2
553 746
1 7 2
291 196
1 4 2
247 377
1 2 2
520 351
1 8 2
244 463
1 2 2
223 213
1 7 2
637 258
1 12 2
607 88
1 7 2
673 448
1 15 2
455 701
1 14 2
169 391
1 2 2
122 229
1 3 2
419 53
1 13 2
435 677
1 10 2
614 20
1 14 2
54 456
1 15 2
8 164
1 2 2
537 702
1 4 2
244 49
1 6 2
733 745
1 12 2
26 502
1 13 2
782 455
1 12 2
29 767
1 14 2
193 659
1 12 2
127 372
1 11 2
279 589
1 7 2
23 543
1 2 2
183 286
1 4 2
388 313
1 6 2
245 734
1 2 2
444 520
1 13 2
150 733
1 6 2
160 568
1 10 2
358 441
1 8 2
737 72
1 14 2
742 271
1 3 2
277 222
1 15 2
672 305
1 14 2
238 749
1 2 2
643 289
1 10 2
791 60
1 10 2
346 294
1 7 2
232 347
1 2 2
304 343
1 4 2
512 662
1 14 2
332 10
1 5 2
322 504
1 10 2
745 42
1 3 2
610 195
1 4 2
732 387
1 7 2
205 579
1 10 2
776 743
1 2 2
475 27
1 10 2
440 558
1 3 2
597 159
1 5 2
544 508
1 6 2
662 264
1 12 2
751 334
1 7 2
349 238
1 4 2
663 562
1 7 2
36 409
1 6 2
447 566
1 8 2
112 393
1 4 2
151 524
1 4 2
552 245
1 5 2
462 256
1 7 2
454 242
1 4 2
601 506
1 12 2
167 361
1 14 2
507 217
1 13 2
136 733
1 3 2
18 594
1 6 2
579 359
1 14 2
18 32
1 6 2
441 332
1 9 2
261 450
1 11 2
759 691
1 15 2
422 792
1 4 2
224 59
1 14 2
221 718
1 15 2
443 557
1 9 2
274 116
1 6 2
342 587
1 2 2
752 140
1 3 2
126 411
1 4 2
104 514
1 14 2
645 349
1 13 2
245 288
1 14 2
213 485
1 6 2
791 595
1 11 2
346 707
1 13 2
446 718
1 3 2
423 538
1 11 2
445 790
1 12 2
638 595
1 14 2
475 389
1 12 2
202 698
1 11 2
429 407
1 8 2
490 501
1 6 2
470 209
1 10 2
257 14
1 11 2
665 134
1 11 2
135 215
1 9 2
720 314
1 8 2
203 429
1 8 2
286 214
1 5 2
153 722
1 15 2
214 55
1 8 2
414 519
1 6 2
606 434
1 12 2
564 643
1 2 2
765 705
1 13 2
667 450
1 7 2
267 707
1 5 2
206 346
1 6 2
613 313
1 3 2
719 754
1 3 2
280 607
1 4 2
259 194
1 5 2
760 329
1 12 2
322 608
1 3 2
439 594
1 9 2
582 698
1 4 2
88 79
1 4 2
465 109
1 11 2
422 525
1 6 2
542 425
1 7 2
579 755
1 6 2
395 148
1 15 2
145 433
1 11 2
217 243
1 9 2
230 461
1 15 2
213 538
1 14 2
187 566
1 14 2
450 308
1 6 2
588 230
1 13 2
694 236
1 2 2
303 277
1 10 2
720 41
1 9 2
318 648
1 10 2
16 234
1 7 2
741 355
1 7 2
343 558
1 3 2
136 310
1 3 2
188 333
1 13 2
479 790
1 6 2
732 716
1 12 2
21 755
1 15 2
563 341
1 6 2
252 216
1 11 2
322 273
1 4 2
499 167
1 12 2
186 315
1 2 2
262 64
1 5 2
477 268
1 6 2
339 701
1 14 2
546 417
1 2 2
404 765
1 2 2
473 85
1 8 2
128 688
1 15 2
586 634
1 12 2
264 765
1 6 2
100 535
1 11 2
419 57
1 11 2
91 428
1 12 2
492 308
1 8 2
485 307
1 15 2
581 121
1 13 2
477 517
1 5 2
318 353
1 6 2
240 438
1 9 2
435 744
1 6 2
540 311
1 10 2
160 27
1 8 2
577 594
1 14 2
423 192
1 14 2
637 457
1 15 2
765 50
1 11 2
633 406
1 9 2
424 226
1 5 2
37 367
1 12 2
252 69
1 9 2
382 425
1 4 2
690 252
1 9 2
462 488
1 3 2
73 631
1 5 2
241 729
1 13 2
496 71
1 13 2
632 482
1 14 2
650 759
1 5 2
761 185
1 15 2
568 573
1 10 2
312 676
1 4 2
13 672
1 7 2
724 313
1 10 2
389 176
1 13 2
387 746
1 9 2
525 649
1 5 2
86 566
1 14 2
605 292
1 6 2
494 672
1 5 2
464 223
1 2 2
103 568
1 2 2
198 479
1 14 2
117 164
1 5 2
621 247
1 9 2
436 122
1 4 2
247 257
1 6 2
404 329
1 9 2
350 491
1 13 2
86 76
1 11 2
304 618
1 8 2
287 738
1 14 2
1 623
1 9 2
404 745
1 6 2
439 249
1 9 2
345 715
1 5 2
540 208
1 12 2
152 783
1 3 2
68 186
1 4 2
679 241
1 8 2
123 577
1 15 2
320 495
1 10 2
532 593
1 7 2
435 93
1 15 2
145 307
1 11 2
440 513
1 4 2
15 551
1 8 2
83 454
1 6 2
332 283
1 2 2
656 442
1 8 2
370 567
1 9 2
216 183
1 11 2
277 521
1 13 2
508 556
1 15 2
622 550
1 4 2
541 233
1 14 2
592 76
1 5 2
510 356
1 7 2
371 336
1 10 2
610 497
1 12 2
119 599
1 9 2
251 454
1 9 2
379 694
1 15 2
563 573
1 5 2
85 779
1 8 2
159 585
1 6 2
140 2
1 2 2
799 717
1 2 2
368 197
1 12 2
750 235
1 5 2
754 589
1 13 2
469 770
1 5 2
640 15
1 11 2
81 241
1 3 2
586 166
1 14 2
282 128
1 12 2
598 630
1 4 2
678 269
1 13 2
378 362
1 9 2
388 302
1 13 2
772 403
1 15 2
298 427
1 3 2
178 476
1 7 2
240 66
1 2 2
585 119
1 14 2
230 620
1 4 2
250 218
1 12 2
719 701
1 2 2
411 646
1 10 2
371 27
1 2 2
149 453
1 2 2
22 303
1 12 2
407 93
1 9 2
390 728
1 4 2
50 637
1 8 2
105 300
1 12 2
191 96
1 13 2
143 115
1 10 2
799 34
1 4 2
384 281
1 11 2
688 300
1 11 2
228 62
1 15 2
595 13
1 3 2
649 433
1 9 2
746 93
1 2 2
735 314
1 7 2
608 638
1 8 2
461 746
1 6 2
780 159
1 11 2
441 353
1 6 2
365 515
1 9 2
108 594
1 5 2
496 6
1 11 2
685 335
1 5 2
42 126
1 8 2
637 372
1 4 2
60 479
1 2 2
347 483
1 12 2
368 509
1 12 2
583 600
1 15 2
244 408
1 3 2
201 15
1 10 2
585 203
1 13 2
748 179
1 3 2
670 757
1 12 2
533 177
1 4 2
659 42
1 15 2
67 640
1 9 2
36 534
1 15 2
578 583
1 10 2
295 430
1 14 2
70 580
1 4 2
340 344
1 3 2
791 188
1 7 2
734 188
1 9 2
479 614
1 3 2
365 497
1 2 2
425 366
1 14 2
565 336
1 8 2
416 654
1 3 2
609 393
1 4 2
314 299
1 15 2
155 57
1 10 2
603 519
1 6 2
419 741
1 9 2
764 723
1 12 2
215 132
1 9 2
237 390
1 2 2
674 191
1 4 2
412 18
1 13 2
564 750
1 7 2
647 28
1 8 2
515 616
1 11 2
757 152
1 4 2
353 27
1 4 2
348 224
1 10 2
93 477
1 11 2
588 642
1 15 2
537 25
1 3 2
494 792
1 13 2
738 691
1 2 2
185 538
1 5 2
789 175
1 8 2
622 547
1 6 2
205 432
1 14 2
79 112
1 3 2
262 582
1 15 2
726 152
1 3 2
681 774
1 3 2
223 750
1 6 2
44 208
1 14 2
562 738
1 7 2
654 80
1 5 2
275 37
1 15 2
46 238
1 15 2
537 403
1 12 2
763 553
1 4 2
65 729
1 14 2
260 44
1 5 2
308 570
1 2 2
539 382
1 9 2
494 2
1 3 2
236 421
1 7 2
686 761
1 6 2
601 613
1 2 2
658 81
1 3 2
34 39
1 9 2
468 68
1 4 2
739 16
1 14 2
29 135
1 13 2
56 676
1 14 2
240 341
1 2 2
748 518
1 6 2
96 199
1 9 2
490 463
1 10 2
98 217
1 13 2
673 178
1 4 2
24 382
1 6 2
36 444
1 4 2
658 774
1 12 2
238 130
1 7 2
625 63
1 5 2
82 722
1 4 2
229 394
1 4 2
133 499
1 2 2
389 333
1 14 2
285 686
1 4 2
591 326
1 2 2
529 236
1 12 2
662 468
1 6 2
225 728
1 15 2
240 411
1 10 2
687 781
1 13 2
272 217
1 3 2
791 761
1 14 2
66 111
1 3 2
791 67
1 13 2
623 565
1 2 2
137 427
1 9 2
539 633
1 4 2
1 745
1 8 2
142 690
1 15 2
533 502
1 10 2
409 693
1 2 2
87 779
1 6 2
264 785
1 4 2
503 777
1 10 2
476 703
1 7 2
45 328
1 2 2
303 780
1 12 2
380 688
1 6 2
739 712
1 13 2
550 88
1 11 2
301 174
1 4 2
674 586
1 15 2
212 289
1 8 2
118 274
1 15 2
243 490
1 14 2
468 686
1 8 2
411 616
1 13 2
505 664
1 5 2
553 71
1 2 2
770 434
1 9 2
284 152
1 5 2
258 727
1 9 2
327 673
1 5 2
598 361
1 12 2
279 711
1 14 2
298 666
1 5 2
274 632
1 8 2
132 705
1 6 2
423 640
1 15 2
411 516
1 5 2
798 680
1 3 2
344 40
1 8 2
762 47
1 10 2
475 440
1 9 2
298 132
1 2 2
330 788
1 13 2
197 607
1 12 2
120 612
1 13 2
426 645
1 3 2
583 217
1 4 2
146 776
1 10 2
595 45
1 11 2
313 545
1 7 2
695 418
1 10 2
793 194
1 6 2
791 458
1 14 2
565 708
1 14 2
696 38
1 4 2
304 760
1 5 2
242 565
1 2 2
167 242
1 14 2
663 160
1 9 2
23 650
1 15 2
729 377
1 11 2
32 339
1 9 2
12 766
1 3 2
315 774
1 10 2
234 352
1 15 2
227 729
1 14 2
195 672
1 2 2
757 522
1 13 2
244 410
1 13 2
585 535
1 10 2
592 744
1 7 2
681 674
1 3 2
85 152
1 11 2
410 724
1 11 2
388 242
1 5 2
591 561
1 11 2
665 282
1 4 2
113 229
1 2 2
690 554
1 10 2
676 4
1 14 2
355 375
1 10 2
569 44
1 7 2
760 498
1 10 2
772 765
1 4 2
523 149
1 4 2
720 231
1 7 2
462 212
1 13 2
757 137
1 12 2
440 291
1 9 2
110 321
1 13 2
316 341
1 5 2
304 590
1 2 2
10 267
1 11 2
415 492
1 4 2
98 233
1 4 2
514 257
1 12 2
479 213
1 13 2
594 292
1 15 2
474 710
1 14 2
465 215
1 8 2
392 338
1 8 2
695 411
1 5 2
586 64
1 13 2
703 613
1 5 2
248 527
1 5 2
584 693
1 7 2
95 384
1 8 2
10 183
1 10 2
556 427
1 9 2
501 136
1 11 2
93 377
1 6 2
284 134
1 10 2
671 31
1 12 2
599 26
1 5 2
373 448
1 8 2
307 182
1 14 2
696 184
1 13 2
577 306
1 7 2
259 291
1 10 2
475 672
1 14 2
9 743
1 14 2
611 377
1 13 2
59 575
1 3 2
755 795
1 13 2
390 730
1 8 2
234 745
1 3 2
374 574
1 15 2
520 519
1 10 2
575 80
1 12 2
230 398
1 9 2
114 695
1 7 2
795 187
1 7 2
614 648
1 3 2
275 580
1 14 2
295 548
1 10 2
92 614
1 13 2
134 2
1 4 2
667 309
1 3 2
54 275
1 7 2
613 721
1 3 2
448 552
1 12 2
299 706
1 11 2
481 165
1 13 2
440 136
1 8 2
372 348
1 3 2
348 220
1 11 2
761 463
1 6 2
770 274
1 14 2
678 666
1 6 2
148 628
1 8 2
497 680
1 12 2
523 502
1 5 2
319 37
1 13 2
12 645
1 13 2
116 711
1 5 2
510 440
1 5 2
500 30
1 6 2
227 493
1 10 2
218 499
1 3 2
725 274
1 8 2
356 281
1 15 2
736 103
1 10 2
585 0
1 15 2
690 267
1 13 2
559 653
1 5 2
312 263
1 14 2
591 406
1 10 2
572 34
1 5 2
334 759
1 2 2
298 109
1 9 2
286 615
1 7 2
561 138
1 7 2
511 288
1 5 2
536 79
1 12 2
631 607
1 11 2
530 309
1 5 2
641 783
1 9 2
203 447
1 14 2
599 553
1 3 2
775 574
1 10 2
550 642
1 6 2
283 177
1 4 2
389 725
1 2 2
741 462
1 9 2
21 136
1 14 2
572 395
1 15 2
455 338
1 5 2
102 263
1 6 2
409 537
1 6 2
307 285
1 8 2
778 679
1 4 2
472 797
1 13 2
613 778
1 7 2
167 213
1 12 2
359 185
1 10 2
580 753
1 2 2
743 33
1 3 2
729 664
1 14 2
264 269
1 7 2
241 136
1 8 2
286 662
1 11 2
670 331
1 8 2
626 344
1 14 2
598 752
1 3 2
358 253
1 2 2
273 427
1 12 2
474 761
1 13 2
697 716
1 6 2
73 201
1 12 2
201 195
1 10 2
426 470
1 13 2
595 9
1 10 2
648 491
1 13 2
790 71
1 3 2
694 96
1 15 2
326 112
1 2 2
659 718
1 6 2
233 143
1 6 2
626 135
1 10 2
363 351
1 6 2
543 723
1 15 2
767 789
1 15 2
435 48
1 15 2
743 782
1 6 2
626 236
1 9 2
29 429
1 12 2
424 625
1 8 2
719 67
1 13 2
37 612
1 12 2
179 734
1 6 2
492 172
1 6 2
5 83
1 2 2
635 226
1 9 2
167 246
1 10 2
109 776
1 11 2
101 729
1 9 2
502 386
1 8 2
325 729
1 5 2
319 501
1 11 2
143 65
1 2 2
788 480
1 9 2
4 573
1 12 2
307 530
1 3 2
202 409
1 13 2
185 262
1 12 2
291 387
1 5 2
80 375
1 12 2
658 132
1 12 2
131 330
1 6 2
722 299
1 4 2
576 652
1 9 2
733 155
1 2 2
27 71
1 7 2
770 85
1 4 2
11 55
1 10 2
97 442
1 14 2
476 10
1 3 2
213 541
1 13 2
634 579
1 8 2
344 682
1 15 2
186 236
1 12 2
190 200
1 15 2
540 108
1 7 2
35 696
1 14 2
370 32
1 7 2
607 121
1 10 2
695 281
1 10 2
538 730
1 11 2
112 744
1 5 2
173 728
1 15 2
678 446
1 13 2
221 767
1 3 2
93 505
1 5 2
296 524
1 9 2
425 234
1 14 2
40 188
1 7 2
439 766
1 2 2
222 159
1 7 2
92 642
1 14 2
201 646
1 10 2
602 262
1 9 2
551 28
1 5 2
327 26
1 6 2
340 628
1 8 2
359 684
1 13 2
256 142
1 10 2
593 774
1 10 2
509 358
1 13 2
320 791
1 12 2
756 707
1 11 2
275 568
1 7 2
325 390
1 14 2
9 243
1 15 2
294 160
1 11 2
147 665
1 10 2
135 94
1 11 2
141 307
1 4 2
760 622
1 10 2
32 212
1 13 2
625 49
1 4 2
486 580
1 12 2
52 535
1 7 2
151 44
1 4 2
581 102
1 9 2
65 91
1 13 2
724 413
1 12 2
669 456
1 10 2
81 787
1 15 2
54 742
1 2 2
175 286
1 11 2
683 291
1 12 2
714 557
1 10 2
199 714
1 12 2
643 783
1 9 2
140 606
1 7 2
255 159
1 5 2
576 140
1 6 2
565 579
1 3 2
347 413
1 9 2
769 7
1 15 2
633 559
1 2 2
48 210
1 9 2
713 704
1 6 2
151 773
1 6 2
580 622
1 7 2
699 311
1 5 2
656 240
1 8 2
729 677
1 15 2
275 334
1 7 2
459 757
1 8 2
460 754
1 6 2
666 420
1 7 2
729 370
1 8 2
516 655
1 12 2
545 696
1 4 2
147 564
1 5 2
78 418
1 15 2
236 183
1 10 2
788 45
1 15 2
269 0
1 11 2
558 414
1 3 2
45 63
1 7 2
678 281
1 2 2
337 771
1 5 2
507 34
1 6 2
567 785
1 15 2
639 152
1 12 2
84 41
1 9 2
47 618
1 9 2
411 218
1 11 2
465 362
1 12 2
690 531
1 7 2
272 378
1 5 2
724 701
1 10 2
98 328
1 11 2
261 702
1 12 2
96 61
1 15 2
595 265
1 13 2
616 568
1 3 2
433 608
1 14 2
725 259
1 9 2
414 685
1 5 2
594 647
1 3 2
792 694
1 15 2
790 616
1 3 2
81 504
1 12 2
215 137
1 15 2
243 710
1 11 2
365 595
1 6 2
287 102
1 10 2
35 632
1 8 2
353 447
1 14 2
53 539
1 13 2
798 171
1 15 2
733 125
1 6 2
548 540
1 10 2
265 313
1 3 2
745 761
1 7 2
605 412
1 7 2
166 484
1 13 2
183 503
1 2 2
701 114
1 7 2
603 381
1 4 2
417 489
1 6 2
375 323
1 8 2
703 728
1 12 2
290 6
1 9 2
433 752
1 8 2
58 187
1 5 2
17 753
1 14 2
361 497
1 5 2
113 563
1 5 2
765 148
1 6 2
302 636
1 4 2
743 557
1 5 2
763 604
1 8 2
495 785
1 9 2
464 145
1 15 2
7 86
1 11 2
3 109
1 11 2
416 380
1 6 2
406 107
1 6 2
443 243
1 13 2
34 623
1 13 2
664 614
1 3 2
395 488
1 7 2
48 316
1 8 2
632 604
1 6 2
778 156
1 15 2
235 755
1 15 2
548 518
1 2 2
737 391
1 4 2
259 93
1 4 2
749 252
1 11 2
208 781
1 3 2
665 253
1 12 2
504 344
1 14 2
635 79
1 14 2
291 468
1 10 2
64 401
1 6 2
754 52
1 5 2
144 291
1 3 2
448 621
1 15 2
77 795
1 8 2
365 493
1 4 2
44 28
1 3 2
587 434
1 12 2
209 767
1 7 2
310 675
1 8 2
567 765
1 10 2
607 337
1 6 2
692 710
1 13 2
166 276
1 2 2
627 236
1 11 2
736 124
1 8 2
49 373
1 15 2
470 763
1 11 2
656 334
1 15 2
216 635
1 11 2
690 506
1 11 2
128 75
1 4 2
383 515
1 3 2
355 628
1 8 2
240 25
1 10 2
68 572
1 2 2
533 497
1 7 2
677 746
1 8 2
367 53
1 12 2
398 145
1 10 2
462 39
1 6 2
743 461
1 11 2
58 335
1 10 2
158 326
1 4 2
103 50
1 8 2
260 227
1 8 2
60 534
1 6 2
296 759
1 6 2
610 95
1 14 2
558 446
1 7 2
639 84
1 7 2
311 405
1 5 2
200 315
1 9 2
246 253
1 5 2
772 540
1 5 2
782 443
1 3 2
511 193
1 9 2
237 574
1 11 2
158 731
1 12 2
228 590
1 12 2
513 551
1 3 2
420 661
1 10 2
261 359
1 4 2
120 554
1 3 2
87 781
1 12 2
205 49
1 9 2
693 80
1 8 2
95 261
1 2 2
298 718
1 7 2
365 765
1 13 2
18 178
1 11 2
221 188
1 6 2
553 285
1 2 2
615 373
1 13 2
346 664
1 7 2
266 393
1 9 2
440 580
1 7 2
225 656
1 8 2
692 21
1 5 2
46 276
1 13 2
21 758
1 13 2
101 660
1 5 2
633 561
1 9 2
417 104
1 3 2
186 103
1 10 2
739 33
1 4 2
59 121
1 5 2
763 33
1 12 2
21 706
1 8 2
169 265
1 12 2
635 414
1 15 2
587 380
1 2 2
328 90
1 6 2
795 450
1 14 2
529 604
1 11 2
129 45
1 10 2
423 300
1 11 2
444 336
1 10 2
526 103
1 11 2
319 561
1 12 2
461 123
1 9 2
73 397
1 14 2
155 467
1 11 2
404 445
1 14 2
131 623
1 15 2
380 196
1 15 2
707 616
1 12 2
584 241
1 9 2
58 317
1 4 2
62 702
1 5 2
349 416
1 13 2
353 355
1 4 2
156 540
1 10 2
277 279
1 4 2
787 554
1 13 2
68 619
1 10 2
761 788
1 12 2
149 795
1 13 2
267 41
1 10 2
664 773
1 9 2
208 729
1 13 2
272 495
1 13 2
526 135
1 11 2
584 54
1 12 2
183 82
1 13 2
339 725
1 8 2
597 338
1 15 2
446 165
1 12 2
698 28
1 11 2
317 71
1 5 2
568 556
1 4 2
371 431
1 2 2
336 256
1 14 2
428 241
1 7 2
51 457
1 13 2
76 784
1 14 2
703 119
1 14 2
86 39
1 11 2
47 230
1 5 2
161 465
1 9 2
320 706
1 14 2
383 464
1 12 2
316 445
1 10 2
739 797
1 12 2
307 579
1 9 2
684 756
1 2 2
191 462
1 15 2
521 191
1 7 2
583 563
1 4 2
42 770
1 2 2
164 209
1 4 2
518 54
1 15 2
73 440
1 4 2
744 570
1 8 2
277 707
1 13 2
282 708
1 12 2
680 220
1 13 2
702 501
1 10 2
353 661
1 8 2
401 665
1 12 2
493 42
1 5 2
453 537
1 12 2
618 384
1 4 2
464 236
1 14 2
19 402
1 8 2
216 496
1 10 2
358 621
1 2 2
114 72
1 9 2
159 738
1 15 2
630 156
1 15 2
608 760
1 7 2
447 167
1 8 2
501 609
1 10 2
629 179
1 7 2
657 415
1 4 2
569 579
1 5 2
46 65
1 14 2
260 381
1 2 2
733 431
1 12 2
740 491
1 6 2
117 79
1 10 2
378 485
1 7 2
558 217
1 4 2
312 702
1 12 2
417 517
1 7 2
339 473
1 12 2
129 192
1 14 2
467 225
1 14 2
431 142
1 15 2
96 514
1 11 2
345 617
1 6 2
630 447
1 9 2
530 58
1 5 2
378 114
1 2 2
498 185
1 10 2
622 242
1 3 2
53 484
1 14 2
761 300
1 13 2
270 537
1 14 2
143 694
1 11 2
728 316
1 12 2
104 245
1 7 2
337 76
1 3 2
610 292
1 10 2
155 305
1 12 2
236 715
1 13 2
349 400
1 3 2
773 492
1 14 2
610 625
1 12 2
259 99
1 10 2
450 353
1 11 2
529 294
1 6 2
406 447
1 8 2
302 340
1 6 2
718 204
1 7 2
496 144
1 6 2
787 283
1 10 2
783 773
1 5 2
730 609
1 13 2
672 176
1 4 2
70 10
1 2 2
714 77
1 5 2
430 350
1 14 2
557 199
1 6 2
669 550
1 3 2
204 748
1 2 2
208 560
1 4 2
642 577
1 15 2
174 743
1 13 2
231 375
1 6 2
339 229
1 6 2
769 348
1 6 2
51 563
1 10 2
385 646
1 15 2
411 624
1 13 2
101 713
1 13 2
429 8
1 14 2
226 774
1 6 2
248 105
1 10 2
492 651
1 4 2
379 416
1 7 2
258 266
1 4 2
278 257
1 12 2
172 606
1 13 2
587 460
1 4 2
173 479
1 2 2
352 43
1 15 2
222 70
1 13 2
614 277
1 14 2
330 369
1 5 2
310 662
1 15 2
561 597
1 11 2
260 383
1 10 2
86 233
1 13 2
476 644
1 10 2
368 48
1 2 2
363 86
1 3 2
640 600
1 9 2
611 405
1 3 2
410 444
1 8 2
435 782
1 3 2
147 290
1 2 2
354 617
1 8 2
251 243
1 13 2
591 533
1 2 2
726 612
1 10 2
603 30
1 14 2
161 180
1 4 2
197 119
1 2 2
693 144
1 10 2
198 330
1 15 2
199 636
1 2 2
277 229
1 2 2
642 741
1 6 2
88 375
1 4 2
263 223
1 6 2
269 309
1 11 2
400 103
1 14 2
615 283
1 13 2
571 406
1 3 2
520 279
1 10 2
598 64
1 5 2
535 71
1 5 2
15 721
1 2 2
339 751
1 13 2
749 505
1 13 2
261 751
1 2 2
582 153
1 13 2
509 538
1 9 2
765 515
1 11 2
7 445
1 7 2
401 317
1 7 2
615 326
1 15 2
687 294
1 12 2
65 745
1 3 2
307 704
1 14 2
170 155
1 12 2
182 254
1 5 2
183 263
1 6 2
447 229
1 12 2
148 8
1 2 2
611 560
1 12 2
632 353
1 3 2
788 224
1 2 2
144 398
1 4 2
79 226
1 9 2
107 323
1 15 2
246 574
1 11 2
669 108
1 4 2
67 325
1 15 2
17 581
1 2 2
755 155
1 15 2
216 45
1 2 2
355 662
1 12 2
76 215
1 3 2
116 226
1 9 2
476 540
1 2 2
376 467
1 7 2
11 621
1 4 2
682 539
1 2 2
292 541
1 3 2
207 63
1 7 2
779 602
1 3 2
226 646
1 9 2
637 172
1 12 2
65 734
1 13 2
256 315
1 4 2
53 771
1 13 2
59 461
1 5 2
245 461
1 14 2
52 589
1 2 2
299 592
1 9 2
762 780
1 12 2
426 296
1 4 2
57 185
1 4 2
50 118
1 13 2
355 469
1 5 2
62 431
1 6 2
585 605
1 3 2
381 321
1 14 2
570 510
1 4 2
384 223
1 10 2
404 47
1 8 2
432 322
1 3 2
402 697
1 7 2
298 125
1 5 2
371 255
1 9 2
771 7
1 15 2
565 693
1 2 2
575 124
1 10 2
625 683
1 10 2
585 517
1 3 2
381 748
1 14 2
534 357
1 15 2
576 218
1 10 2
517 387
1 3 2
511 413
1 5 2
62 107
1 9 2
135 375
1 4 2
56 342
1 3 2
88 287
1 7 2
286 38
1 9 2
293 445
1 2 2
388 4
1 4 2
773 783
1 10 2
319 713
1 5 2
696 544
1 5 2
573 533
1 14 2
124 421
1 2 2
373 363
1 4 2
419 694
1 9 2
395 38
1 3 2
172 97
1 10 2
715 82
1 2 2
42 325
1 3 2
578 85
1 12 2
548 286
1 7 2
322 291
1 2 2
679 645
1 3 2
737 711
1 11 2
327 582
1 3 2
270 417
1 4 2
239 705
1 3 2
283 671
1 3 2
372 94
1 5 2
617 278
1 8 2
56 530
1 12 2
611 746
1 5 2
581 45
1 3 2
622 287
1 7 2
539 517
1 8 2
799 488
1 13 2
750 595
1 11 2
119 287
1 5 2
384 646
1 8 2
306 524
1 3 2
257 776
1 8 2
627 14
1 10 2
492 617
1 2 2
654 468
1 13 2
433 444
1 8 2
768 550
1 9 2
388 714
1 2 2
3 518
1 15 2
2 205
1 14 2
732 640
1 13 2
436 773
1 7 2
180 721
1 4 2
450 335
1 7 2
567 283
1 14 2
488 759
1 5 2
431 131
1 11 2
155 124
1 2 2
764 209
1 6 2
471 411
1 11 2
16 769
1 8 2
292 245
1 4 2
516 440
1 11 2
517 73
1 6 2
51 141
1 2 2
254 157
1 13 2
177 431
1 10 2
684 108
1 8 2
235 271
1 7 2
96 549
1 8 2
74 633
1 2 2
191 553
1 4 2
216 327
1 6 2
694 736
1 9 2
535 453
1 12 2
483 720
1 9 2
240 634
1 8 2
92 91
1 15 2
115 717
1 14 2
764 3
1 13 2
545 646
1 9 2
209 492
1 2 2
267 632
1 5 2
784 758
1 9 2
200 380
1 13 2
688 14
1 9 2
202 349
1 15 2
219 353
1 14 2
713 131
1 9 2
390 303
1 8 2
336 764
1 9 2
396 725
1 8 2
590 84
1 13 2
326 291
1 3 2
263 56
1 2 2
171 178
1 8 2
292 473
1 11 2
127 532
1 9 2
227 260
1 11 2
523 264
1 15 2
706 321
1 11 2
149 180
1 6 2
499 218
1 3 2
112 638
1 6 2
535 570
1 7 2
283 230
1 3 2
666 426
1 9 2
39 206
1 10 2
389 375
1 12 2
577 2
1 11 2
701 765
1 13 2
11 160
1 15 2
615 790
1 10 2
442 265
1 11 2
315 463
1 3 2
360 87
1 12 2
734 314
1 9 2
341 741
1 10 2
435 271
1 15 2
728 299
1 8 2
474 513
1 8 2
542 4
1 7 2
709 681
1 12 2
315 166
1 14 2
374 714
1 7 2
376 454
1 4 2
495 155
1 14 2
315 791
1 14 2
761 375
1 13 2
397 677
1 15 2
111 595
1 5 2
177 518
1 15 2
183 443
1 9 2
302 196
1 13 2
708 533
1 10 2
434 252
1 14 2
130 616
1 13 2
771 50
1 6 2
549 653
1 3 2
135 69
1 4 2
163 624
1 7 2
305 205
1 12 2
367 189
1 14 2
17 393
1 14 2
621 493
1 12 2
304 341
1 10 2
787 702
1 6 2
33 583
1 9 2
16 458
1 6 2
171 535
1 8 2
148 144
1 15 2
398 65
1 8 2
111 536
1 7 2
555 351
1 5 2
166 153
1 11 2
178 490
1 10 2
6 412
1 4 2
765 324
1 13 2
122 654
1 7 2
342 184
1 6 2
252 572
1 14 2
471 337
1 12 2
675 785
1 9 2
305 471
1 8 2
407 427
1 5 2
646 757
1 14 2
399 150
1 7 2
555 135
1 12 2
276 699
1 13 2
700 568
1 7 2
553 670
1 13 2
782 541
1 9 2
244 114
1 5 2
596 599
1 14 2
335 90
1 11 2
566 180
1 11 2
306 21
1 8 2
519 382
1 15 2
724 82
1 12 2
427 305
1 14 2
508 238
1 12 2
740 184
1 13 2
366 255
1 8 2
358 478
1 9 2
780 408
1 11 2
277 254
1 14 2
231 447
1 3 2
457 660
1 4 2
71 177
1 2 2
318 1
1 14 2
767 351
1 3 2
608 126
1 13 2
77 184
1 8 2
31 361
1 10 2
145 109
1 2 2
779 545
1 11 2
521 336
1 10 2
532 148
1 4 2
26 416
1 12 2
619 666
1 9 2
281 370
1 8 2
589 571
1 5 2
424 685
1 13 2
717 733
1 7 2
30 797
1 10 2
741 639
1 13 2
24 374
1 15 2
253 231
1 9 2
706 783
1 14 2
505 536
1 5 2
393 638
1 9 2
792 288
1 13 2
45 395
1 6 2
349 281
1 8 2
292 496
1 4 2
202 190
1 5 2
790 783
1 14 2
187 170
1 8 2
784 76
1 11 2
679 598
1 6 2
94 20
1 13 2
363 313
1 3 2
774 587
1 2 2
744 195
1 6 2
176 411
1 5 2
204 655
1 8 2
388 763
1 2 2
333 437
1 9 2
77 322
1 11 2
80 169
1 4 2
772 46
1 7 2
686 152
1 13 2
411 92
1 7 2
233 205
1 3 2
521 712
1 4 2
556 758
1 14 2
64 591
1 8 2
357 685
1 7 2
394 383
1 5 2
460 461
1 6 2
706 666
1 4 2
132 743
1 12 2
10 196
1 15 2
268 134
1 3 2
66 304
1 5 2
237 175
1 9 2
437 724
1 11 2
148 560
1 8 2
672 204
1 6 2
364 613
1 7 2
431 620
1 9 2
491 575
1 3 2
377 692
1 4 2
785 603
1 4 2
188 172
1 12 2
229 713
1 7 2
661 32
1 8 2
342 740
1 10 2
31 599
1 11 2
528 329
1 7 2
644 773
1 6 2
343 665
1 4 2
288 766
1 9 2
84 721
1 7 2
696 376
1 13 2
517 313
1 6 2
152 141
1 8 2
661 41
1 13 2
623 543
1 7 2
273 443
1 5 2
611 435
1 11 2
270 147
1 13 2
392 72
1 3 2
504 170
1 11 2
454 772
1 13 2
77 460
1 7 2
456 158
1 2 2
342 9
1 14 2
627 795
1 10 2
669 384
1 4 2
636 486
1 4 2
492 749
1 9 2
650 222
1 6 2
237 728
1 6 2
642 676
1 11 2
114 265
1 12 2
717 532
1 3 2
321 553
1 13 2
436 779
1 14 2
269 547
1 13 2
457 29
1 12 2
603 546
1 6 2
799 637
1 6 2
41 693
1 8 2
783 694
1 5 2
658 97
1 4 2
312 615
1 2 2
705 7
1 6 2
794 303
1 9 2
129 551
1 14 2
309 609
1 2 2
446 266
1 10 2
255 286
1 13 2
401 153
1 9 2
633 15
1 12 2
498 238
1 15 2
677 192
1 11 2
157 738
1 9 2
643 30
1 2 2
594 339
1 10 2
592 282
1 12 2
475 670
1 12 2
745 84
1 15 2
548 416
1 9 2
790 93
1 15 2
395 144
1 10 2
169 728
1 5 2
139 493
1 3 2
12 344
1 3 2
41 487
1 5 2
603 149
1 8 2
661 120
1 9 2
256 620
1 14 2
129 490
1 4 2
695 600
1 7 2
21 316
1 5 2
279 432
1 2 2
610 181
1 11 2
763 759
1 6 2
689 137
1 11 2
568 232
1 7 2
206 742
1 12 2
683 732
1 10 2
467 466
1 14 2
413 518
1 6 2
169 439
1 7 2
790 36
1 13 2
411 366
1 13 2
721 518
1 5 2
170 706
1 3 2
341 74
1 13 2
295 177
1 7 2
392 274
1 9 2
688 18
1 5 2
143 238
1 10 2
206 230
1 7 2
433 471
1 7 2
226 161
1 8 2
683 494
1 12 2
27 167
1 3 2
430 166
1 6 2
632 598
1 12 2
444 117
1 4 2
243 140
1 2 2
401 13
1 12 2
435 507
1 5 2
531 357
1 9 2
287 711
1 4 2
466 135
1 2 2
353 424
1 4 2
16 255
1 10 2
39 456
1 8 2
103 684
1 15 2
728 252
1 8 2
693 767
1 10 2
766 187
1 15 2
555 273
1 15 2
651 31
1 13 2
797 234
1 14 2
664 37
1 11 2
354 352
1 14 2
18 84
1 11 2
480 411
1 12 2
280 700
1 2 2
743 609
1 6 2
425 739
1 10 2
419 30
1 4 2
46 397
1 9 2
206 764
1 4 2
603 537
1 10 2
29 237
1 15 2
223 436
1 13 2
777 188
1 4 2
161 521
1 14 2
486 56
1 15 2
41 418
1 13 2
658 455
1 14 2
497 644
1 13 2
2 318
1 15 2
63 535
1 12 2
541 779
1 11 2
594 421
1 13 2
355 425
1 15 2
645 592
1 14 2
372 624
1 9 2
292 281
1 3 2
799 483
1 10 2
748 666
1 9 2
178 39
1 10 2
275 692
1 6 2
787 765
1 3 2
468 416
1 6 2
571 484
1 4 2
391 782
1 10 2
703 624
1 5 2
746 239
1 9 2
191 585
1 2 2
416 675
1 9 2
383 302
1 8 2
392 765
1 2 2
735 718
1 6 2
469 271
1 8 2
748 210
1 11 2
683 362
1 11 2
495 513
1 6 2
731 6
1 7 2
68 112
1 6 2
479 77
1 15 2
348 554
1 4 2
338 768
1 6 2
258 701
1 5 2
158 777
1 6 2
319 6
1 10 2
528 785
1 4 2
357 429
1 5 2
452 142
1 10 2
487 339
1 9 2
198 528
1 7 2
272 105
1 13 2
341 268
1 2 2
316 792
1 3 2
713 290
1 4 2
36 52
1 4 2
495 299
1 3 2
623 203
1 14 2
70 454
1 15 2
51 436
1 12 2
322 316
1 7 2
704 252
1 2 2
47 158
1 10 2
772 509
1 12 2
14 396
1 6 2
225 115
1 8 2
700 619
1 3 2
657 515
1 13 2
361 95
1 13 2
638 270
1 13 2
777 186
1 15 2
509 798
1 2 2
168 721
1 4 2
407 255
1 8 2
426 231
1 4 2
346 367
1 2 2
531 33
1 13 2
281 22
1 2 2
399 796
1 14 2
580 581
1 2 2
391 717
1 6 2
169 223
1 12 2
497 710
1 7 2
163 483
1 6 2
296 437
1 9 2
367 49
1 4 2
626 288
1 8 2
438 471
1 11 2
728 508
1 4 2
434 63
1 15 2
269 738
1 14 2
454 593
1 3 2
202 478
1 11 2
438 155
1 12 2
248 173
1 11 2
392 327
1 9 2
417 25
1 14 2
545 160
1 4 2
238 443
1 4 2
682 167
1 12 2
247 289
1 2 2
121 381
1 4 2
344 169
1 6 2
675 488
1 14 2
725 191
1 2 2
21 602
1 3 2
516 217
1 8 2
776 217
1 8 2
36 368
1 14 2
330 667
1 15 2
265 776
1 13 2
249 108
1 9 2
309 616
1 15 2
167 712
1 11 2
334 693
1 10 2
143 601
1 15 2
221 434
1 4 2
722 685
1 12 2
652 114
1 14 2
339 299
1 13 2
568 371
1 5 2
74 157
1 5 2
313 370
1 3 2
300 482
1 2 2
500 390
1 9 2
654 726
1 5 2
508 179
1 14 2
177 29
1 6 2
147 158
1 7 2
549 435
1 14 2
475 1
1 3 2
643 685
1 13 2
418 174
1 3 2
168 70
1 7 2
137 268
1 4 2
618 613
1 12 2
779 752
1 12 2
231 54
1 3 2
664 709
1 3 2
747 391
1 12 2
628 689
1 3 2
196 43
1 4 2
740 330
1 7 2
734 446
1 14 2
412 226
1 14 2
691 654
1 5 2
61 696
1 10 2
33 727
1 12 2
490 106
1 12 2
477 325
1 4 2
418 404
1 6 2
430 649
1 5 2
305 122
1 10 2
369 201
1 5 2
528 199
1 14 2
289 277
1 6 2
101 65
1 8 2
412 81
1 5 2
384 643
1 9 2
596 665
1 3 2
417 158
1 9 2
23 137
1 8 2
539 192
1 5 2
616 545
1 5 2
442 449
1 6 2
695 727
1 4 2
461 295
1 11 2
475 616
1 11 2
656 785
1 11 2
668 627
1 11 2
310 503
1 12 2
567 155
1 11 2
57 723
1 12 2
68 44
1 10 2
132 661
1 5 2
13 340
1 15 2
256 747
1 10 2
284 777
1 13 2
497 107
1 4 2
254 790
1 6 2
686 660
1 10 2
400 52
1 11 2
610 785
1 3 2
539 613
1 3 2
598 796
1 12 2
197 139
1 5 2
548 350
1 7 2
441 285
1 15 2
479 576
1 9 2
132 396
1 2 2
717 87
1 4 2
162 64
1 11 2
14 668
1 2 2
88 198
1 6 2
443 676
1 14 2
411 221
1 9 2
374 734
1 12 2
99 102
1 8 2
257 668
1 8 2
680 775
1 5 2
71 57
1 8 2
728 528
1 9 2
554 671
1 11 2
253 321
1 5 2
722 642
1 3 2
765 605
1 14 2
527 429
1 5 2
71 258
1 14 2
257 251
1 14 2
516 123
1 2 2
675 449
1 11 2
764 661
1 4 2
67 105
1 10 2
743 20
1 13 2
122 269
1 14 2
649 770
1 10 2
797 756
1 15 2
149 4
1 7 2
590 459
1 9 2
101 715
1 2 2
195 303
1 7 2
703 10
1 2 2
266 629
1 15 2
335 403
1 7 2
69 35
1 15 2
588 82
1 14 2
452 437
1 15 2
323 423
1 12 2
782 373
1 6 2
709 661
1 13 2
53 416
1 10 2
798 207
1 14 2
156 157
1 2 2
633 646
1 5 2
695 715
1 11 2
220 347
1 9 2
152 33
1 2 2
374 546
1 2 2
666 154
1 7 2
711 24
1 5 2
133 252
1 6 2
460 386
1 10 2
338 105
1 7 2
383 649
1 9 2
466 601
1 7 2
701 797
1 12 2
319 107
1 2 2
7 437
1 8 2
294 292
1 9 2
283 1
1 15 2
148 265
1 13 2
499 15
1 8 2
486 16
1 14 2
59 386
1 9 2
498 392
1 6 2
608 60
1 14 2
769 612
1 15 2
422 539
1 15 2
506 294
1 6 2
524 28
1 10 2
704 787
1 2 2
266 566
1 8 2
59 51
1 8 2
132 513
1 15 2
7 158
1 12 2
176 276
1 4 2
576 312
1 9 2
772 313
1 9 2
110 695
1 2 2
573 243
1 15 2
91 418
1 10 2
709 280
1 9 2
232 38
1 6 2
27 676
1 12 2
602 374
1 11 2
607 532
1 15 2
747 660
1 2 2
648 73
1 11 2
417 741
1 11 2
748 555
1 4 2
507 704
1 5 2
128 638
1 6 2
554 543
1 2 2
743 339
1 15 2
427 82
1 8 2
626 328
1 4 2
585 622
1 3 2
383 231
1 8 2
440 168
1 3 2
569 523
1 6 2
56 14
1 13 2
327 270
1 7 2
306 293
1 7 2
790 554
1 3 2
72 488
1 3 2
663 138
1 12 2
344 423
1 4 2
465 338
1 9 2
538 161
1 9 2
452 690
1 11 2
0 631
1 4 2
721 118
1 4 2
752 693
1 7 2
515 136
1 13 2
58 451
1 14 2
610 117
1 5 2
565 512
1 14 2
732 53
1 7 2
267 412
1 13 2
687 794
1 11 2
680 116
1 5 2
531 623
1 8 2
9 540
1 10 2
576 25
1 4 2
302 677
1 2 2
482 34
1 12 2
582 366
1 7 2
483 240
1 10 2
84 237
1 2 2
231 526
1 5 2
438 428
1 6 2
455 135
1 11 2
774 773
1 8 2
487 633
1 6 2
491 249
1 5 2
292 727
1 14 2
323 680
1 7 2
79 711
1 7 2
676 436
1 6 2
223 190
1 2 2
723 31
1 11 2
520 488
1 8 2
40 347
1 10 2
193 342
1 15 2
107 405
1 2 2
147 685
1 14 2
356 292
1 2 2
798 768
1 7 2
36 779
1 2 2
338 302
1 8 2
659 446
1 3 2
71 143
1 10 2
316 549
1 12 2
620 210
1 4 2
653 92
1 13 2
527 432
1 11 2
775 374
1 6 2
330 552
1 9 2
671 362
1 14 2
156 70
1 9 2
613 429
1 3 2
228 526
1 8 2
515 576
1 11 2
268 282
1 15 2
463 386
1 9 2
724 719
1 4 2
106 563
1 9 2
797 61
1 9 2
391 316
1 10 2
272 92
1 6 2
626 481
1 10 2
311 316
1 6 2
642 159
1 3 2
636 17
1 6 2
158 82
1 8 2
451 790
1 14 2
323 202
1 10 2
85 383
1 6 2
560 328
1 11 2
361 655
1 12 2
125 752
1 10 2
722 513
1 11 2
109 10
1 9 2
76 523
1 11 2
298 467
1 6 2
290 738
1 11 2
194 712
1 14 2
492 179
1 5 2
445 502
1 4 2
514 189
1 7 2
233 760
1 3 2
346 708
1 11 2
488 134
1 11 2
247 737
1 5 2
409 4
1 13 2
672 518
1 11 2
258 788
1 14 2
528 767
1 11 2
202 477
1 8 2
754 100
1 10 2
587 472
1 13 2
643 281
1 7 2
635 416
1 12 2
541 613
1 12 2
482 314
1 13 2
9 534
1 11 2
26 575
1 6 2
236 524
1 10 2
58 741
1 7 2
335 473
1 4 2
656 451
1 13 2
631 9
1 10 2
233 686
1 6 2
577 100
1 5 2
464 53
1 14 2
287 190
1 11 2
143 606
1 15 2
637 327
1 10 2
507 575
1 9 2
597 493
1 14 2
569 642
1 3 2
516 658
1 10 2
736 434
1 2 2
454 35
1 4 2
453 119
1 5 2
134 556
1 8 2
279 127
1 6 2
51 589
1 10 2
417 300
1 3 2
550 598
1 6 2
295 460
1 9 2
492 633
1 8 2
762 207
1 15 2
593 637
1 11 2
186 756
1 12 2
174 518
1 14 2
613 124
1 5 2
428 760
1 14 2
244 423
1 13 2
672 31
1 3 2
377 121
1 7 2
120 535
1 8 2
47 265
1 6 2
262 794
1 2 2
308 407
1 3 2
626 569
1 2 2
272 569
1 13 2
723 483
1 7 2
106 337
1 8 2
776 289
1 10 2
246 675
1 7 2
662 35
1 6 2
666 313
1 4 2
33 373
1 2 2
638 100
1 15 2
687 778
1 11 2
86 457
1 9 2
493 705
1 15 2
679 791
1 12 2
757 367
1 12 2
68 151
1 12 2
746 133
1 4 2
347 680
1 14 2
464 644
1 7 2
421 589
1 7 2
601 175
1 14 2
602 196
1 3 2
32 726
1 6 2
496 356
1 13 2
725 531
1 11 2
588 98
1 6 2
781 94
1 14 2
578 612
1 14 2
175 710
1 12 2
145 590
1 7 2
147 511
1 3 2
368 112
1 2 2
427 459
1 9 2
365 448
1 12 2
111 767
1 8 2
627 511
1 9 2
574 479
1 12 2
281 360
1 9 2
117 193
1 7 2
681 193
1 7 2
139 121
1 14 2
141 209
1 3 2
675 160
1 15 2
12 59
1 11 2
323 479
1 5 2
677 261
1 14 2
338 42
1 9 2
589 705
1 13 2
311 261
1 15 2
213 185
1 7 2
431 606
1 3 2
748 732
1 4 2
707 125
1 3 2
181 702
1 9 2
742 324
1 15 2
332 620
1 2 2
144 713
1 12 2
722 225
1 9 2
349 660
1 4 2
784 28
1 6 2
787 463
1 7 2
86 473
1 14 2
106 486
1 6 2
199 277
1 8 2
139 111
1 3 2
443 40
1 13 2
543 240
1 7 2
517 534
1 5 2
456 569
1 10 2
479 734
1 13 2
112 367
1 11 2
724 220
1 6 2
75 361
1 7 2
186 794
1 15 2
742 356
1 8 2
655 482
1 3 2
794 97
1 8 2
217 792
1 4 2
780 548
1 3 2
306 129
1 8 2
378 409
1 4 2
141 247
1 12 2
709 247
1 4 2
791 378
1 5 2
563 313
1 13 2
573 566
1 8 2
777 583
1 12 2
463 656
1 7 2
777 81
1 5 2
248 90
1 5 2
105 674
1 7 2
265 369
1 9 2
665 93
1 4 2
184 113
1 14 2
549 649
1 10 2
352 575
1 13 2
598 168
1 2 2
760 264
1 14 2
355 697
1 12 2
747 182
1 13 2
413 51
1 7 2
398 437
1 11 2
587 495
1 12 2
669 12
1 8 2
232 535
1 9 2
109 755
1 13 2
583 5
1 5 2
608 192
1 10 2
40 302
1 9 2
12 234
1 10 2
680 188
1 13 2
217 79
1 13 2
793 373
1 5 2
50 552
1 3 2
638 274
1 4 2
371 624
1 3 2
507 621
1 7 2
95 211
1 13 2
62 589
1 9 2
146 221
1 15 2
409 232
1 8 2
519 45
1 3 2
162 425
1 11 2
731 263
1 6 2
334 788
1 4 2
394 643
1 5 2
724 198
1 15 2
620 578
1 13 2
145 159
1 16 2
186 650
1 28 2
272 529
1 8 2
699 72
1 26 2
180 267
1 10 2
395 749
1 8 2
158 388
1 22 2
372 568
1 20 2
603 740
1 30 2
86 602
1 26 2
171 126
1 30 2
168 191
1 24 2
727 435
1 26 2
637 507
1 16 2
615 306
1 6 2
271 24
1 28 2
419 294
1 12 2
10 738
1 8 2
130 496
