800 4783 2400
22 5 5 6 23 6 15 17 20 12 12 13 12 12 18 5 8 7 10 21 24 25 12 17 7 8 9 17 24 15 21 11 25 5 12 23 8 5 25 6 5 20 13 17 6 10 5 8 20 25 20 25 24 8 17 13 16 11 20 7 9 18 24 19 14 17 17 13 10 6 5 16 16 6 10 23 12 6 20 17 9 16 7 10 9 13 15 19 23 22 24 22 9 5 19 14 14 8 19 6 11 7 9 14 9 22 19 19 16 23 6 11 11 19 20 8 23 14 19 15 22 9 11 7 10 17 6 19 18 25 5 17 21 19 18 22 20 17 9 10 17 24 7 19 12 6 25 19 22 15 20 22 13 24 13 11 24 24 10 14 14 20 24 21 5 25 19 19 25 25 17 8 7 11 7 7 6 9 8 19 15 25 25 19 6 18 7 20 11 19 8 12 15 18 5 19 10 8 22 13 10 24 22 23 11 20 25 13 10 22 8 23 15 12 6 16 7 5 20 12 15 13 9 15 10 7 20 9 16 23 11 24 15 22 23 14 9 16 20 23 5 22 18 12 23 7 18 7 7 23 15 20 20 11 19 13 6 10 16 7 20 14 19 19 8 20 20 17 15 25 6 10 12 5 22 11 21 14 14 13 23 9 6 12 11 22 16 9 18 12 18 15 8 8 22 21 8 7 20 15 6 12 12 20 15 18 16 16 22 24 10 7 7 5 17 12 13 20 14 17 20 13 15 15 12 24 23 20 25 25 11 19 17 7 21 10 21 5 12 22 7 25 12 14 12 15 22 5 25 10 5 8 21 23 7 23 14 23 13 11 6 6 6 10 25 5 16 17 6 5 8 22 11 7 14 17 11 14 15 17 12 8 13 22 15 22 24 12 11 22 7 24 7 13 21 6 17 10 21 25 16 6 16 20 22 8 14 15 17 18 6 11 15 17 23 14 10 21 7 10 10 13 25 13 14 5 18 5 16 19 8 6 21 20 6 8 15 17 11 24 24 7 18 13 18 11 13 14 18 5 21 14 10 17 19 17 5 6 6 9 25 19 12 6 12 22 12 20 7 11 14 12 13 24 11 15 11 25 19 9 7 22 15 22 23 9 9 16 25 18 12 10 6 19 11 19 5 12 19 13 19 5 18 21 19 17 10 19 19 25 25 19 12 8 25 23 6 5 21 15 20 19 19 13 23 19 8 24 23 25 8 18 10 19 24 8 24 15 19 16 11 22 14 22 8 21 13 11 17 5 14 10 24 10 10 24 17 25 8 8 25 13 17 17 14 11 25 12 23 12 21 24 22 20 10 23 7 23 24 19 16 7 14 8 23 12 14 14 22 15 7 13 7 23 5 16 22 5 10 17 13 12 24 21 20 16 13 24 12 19 14 18 22 14 23 24 10 17 6 18 18 11 15 13 25 6 18 19 7 8 10 17 19 14 19 11 23 10 17 16 8 7 24 8 21 7 8 20 24 12 8 16 9 12 25 7 15 12 20 24 6 24 19 14 18 23 6 7 13 20 13 13 24 12 19 21 17 11 14 22 7 16 21 13 15 9 12 16 15 25 24 5 19 18 21 18 18 23 6 10 20 10 17 17 20 14 11 16 5 5 7 10 5 17 5 12 25 5 7 9 7 13 24 22 22 8 13 19 18 16 15 22 23 5 13 23 19 8 8 23 24 11 10 22 9 25 5 19 25 22 12 9 13 18 25 10 19 13 19 13 14 24 22 11 19 25 6 24 9 9 19 23 22 16 15 22 15 7 14 15 25 21 21 16 19 17 25 12 19 16 20 13 13 16 13 14 15 22 10 11
3 16 14 15 14 6 14 4 6 8 6 20 15 6 17 19 14 10 20 13 19 3 10 13 3 19 19 6 5 10 17 7 19 15 10 17 12 15 10 9 3 20 12 20 5 8 20 7 16 14 4 18 15 8 4 19 20 19 3 16 12 10 4 13 8 17 6 17 7 20 17 17 17 14 3 8 5 8 12 11 16 6 3 8 15 15 16 11 14 20 5 12 7 11 17 13 7 8 6 14 4 4 9 16 15 15 15 9 18 6 10 6 14 10 18 14 19 13 11 19 11 12 13 18 17 5 9 3 6 18 20 11 5 9 3 18 9 4 18 12 7 12 13 14 19 19 15 15 18 3 8 18 18 17 5 3 13 11 16 9 4 13 18 13 13 3 14 6 13 17 18 13 11 4 7 9 6 16 5 8 11 15 5 15 11 18 19 8 17 4 12 3 6 19 7 17 9 16 20 18 13 20 13 3 19 14 9 10 18 6 11 15 16 10 8 18 10 18 13 5 13 3 11 10 7 5 18 5 7 16 16 14 18 3 16 6 13 18 7 20 5 20 5 9 19 11 16 10 4 10 12 6 10 9 20 11 7 9 15 11 19 3 11 5 17 17 9 13 10 14 9 15 6 20 14 9 7 19 10 13 6 12 17 15 12 9 5 5 16 4 4 17 13 13 5 8 9 16 8 10 19 19 12 12 9 15 12 20 20 6 6 18 20 19 10 19 16 16 20 11 4 9 16 20 8 20 15 7 13 13 17 15 6 20 6 4 9 9 11 10 7 11 5 12 16 14 18 4 20 6 7 19 10 10 20 8 20 4 6 12 9 15 13 13 9 17 10 13 7 12 8 10 16 15 10 19 5 6 18 17 14 12 19 7 15 16 5 12 8 5 15 5 14 20 17 13 13 3 19 8 19 19 5 19 12 18 17 20 9 7 13 16 18 16 13 10 5 6 8 4 14 3 20 10 3 4 5 12 10 5 19 7 20 19 19 6 8 3 6 19 4 14 7 11 16 20 17 17 3 17 10 13 8 4 5 15 4 7 9 6 12 12 18 7 10 13 18 10 20 12 15 11 8 17 13 7 4 14 12 19 17 17 16 14 11 12 14 19 4 15 18 14 12 5 13 15 12 3 18 19 4 18 20 9 19 11 14 19 5 12 4 16 4 7 6 7 19 13 9 10 17 9 18 17 15 11 14 18 14 12 18 6 11 20 9 3 9 9 10 16 14 7 11 12 3 7 13 14 19 8 19 18 6 15 8 6 14 15 4 10 12 6 9 17 16 16 15 6 16 4 16 13 20 11 8 12 8 18 6 5 5 9 8 6 18 3 5 19 14 9 19 9 13 9 16 6 4 17 18 8 9 11 14 12 15 15 8 5 19 10 14 15 11 6 13 7 3 14 18 4 19 13 4 9 20 17 12 20 8 6 8 5 3 17 3 12 3 18 18 7 19 18 11 8 5 11 16 14 12 19 10 20 13 13 11 11 9 12 4 3 14 5 5 12 12 6 7 8 6 18 4 3 14 19 20 10 3 14 19 3 11 5 15 13 3 10 8 8 12 16 18 4 16 12 5 7 16 8 16 19 8 13 15 12 6 20 9 16 11 18 6 14 14 10 7 8 18 15 4 6 15 4 5 10 14 17 17 18 3 16 7 15 6 10 19 19 7 15 17 18 16 18 15 3 5 16 9 13 4 5 5 10 10 17 11 3 6 4 9 14 17 15 8 18 18 3 6 15 15 6 7 13 19 14 15 8 12 10 13 20 4 11 13 10 12 19 15 14 15 13 13 15 20 19 20 18 4 16 15 6
1 14 2
80 22
1 3 2
221 260
1 13 2
205 193
1 9 2
28 21
1 13 2
579 765
1 9 2
292 85
1 12 2
237 533
1 12 2
531 542
1 5 2
129 178
1 9 2
298 138
1 10 2
134 799
1 11 2
729 152
1 12 2
28 510
1 4 2
352 155
1 7 2
116 403
1 7 2
514 223
1 7 2
464 338
1 14 2
174 693
1 5 2
421 510
1 11 2
453 376
1 3 2
712 87
1 3 2
360 267
1 10 2
600 71
1 3 2
151 418
1 7 2
597 490
1 10 2
448 411
1 7 2
445 697
1 4 2
151 216
1 3 2
511 246
1 4 2
74 796
1 7 2
416 188
1 14 2
500 110
1 5 2
408 450
1 5 2
250 733
1 15 2
30 85
1 7 2
212 588
1 9 2
579 211
1 7 2
113 509
1 4 2
530 37
1 14 2
265 201
1 4 2
388 634
1 13 2
263 648
1 11 2
23 53
1 4 2
283 359
1 10 2
537 130
1 2 2
446 282
1 12 2
575 701
1 10 2
625 287
1 10 2
492 610
1 9 2
322 329
1 14 2
451 41
1 7 2
89 215
1 13 2
525 459
1 3 2
142 275
1 7 2
406 106
1 6 2
401 59
1 14 2
668 206
1 10 2
387 373
1 2 2
33 155
1 2 2
444 283
1 9 2
291 250
1 12 2
236 740
1 4 2
319 723
1 6 2
208 787
1 2 2
273 384
1 12 2
728 292
1 7 2
254 177
1 13 2
540 739
1 12 2
423 433
1 13 2
334 613
1 15 2
64 784
1 2 2
446 511
1 13 2
495 618
1 4 2
258 293
1 11 2
66 321
1 10 2
75 233
1 2 2
425 249
1 5 2
211 781
1 8 2
797 624
1 6 2
357 167
1 13 2
210 370
1 13 2
363 631
1 10 2
233 388
1 5 2
670 97
1 6 2
282 479
1 15 2
375 289
1 4 2
359 481
1 12 2
107 558
1 7 2
71 423
1 5 2
210 195
1 3 2
711 377
1 13 2
634 102
1 15 2
655 36
1 8 2
595 366
1 3 2
363 663
1 7 2
347 116
1 2 2
536 414
1 15 2
742 708
1 14 2
692 328
1 13 2
352 699
1 2 2
257 458
1 2 2
107 102
1 9 2
737 514
1 12 2
193 247
1 11 2
746 488
1 13 2
50 466
1 3 2
177 682
1 8 2
542 785
1 8 2
114 129
1 6 2
161 506
1 12 2
231 653
1 6 2
72 282
1 10 2
27 321
1 13 2
402 13
1 5 2
295 405
1 2 2
746 610
1 11 2
165 3
1 9 2
419 220
1 3 2
133 760
1 11 2
550 339
1 6 2
342 287
1 15 2
737 562
1 6 2
754 640
1 7 2
407 95
1 14 2
55 102
1 10 2
190 764
1 5 2
522 388
1 13 2
420 650
1 4 2
722 327
1 4 2
597 622
1 15 2
54 151
1 7 2
606 465
1 15 2
798 733
1 4 2
33 368
1 6 2
371 785
1 4 2
736 132
1 3 2
63 594
1 12 2
620 536
1 11 2
590 398
1 4 2
333 124
1 9 2
83 309
1 9 2
15 339
1 13 2
196 194
1 2 2
51 399
1 8 2
580 713
1 8 2
75 387
1 11 2
422 359
1 9 2
520 268
1 14 2
499 267
1 9 2
569 286
1 12 2
219 769
1 5 2
26 454
1 12 2
345 789
1 11 2
638 153
1 10 2
168 40
1 10 2
749 350
1 6 2
553 291
1 6 2
767 281
1 14 2
792 524
1 7 2
394 264
1 4 2
441 587
1 5 2
193 378
1 9 2
411 741
1 11 2
209 563
1 9 2
576 760
1 9 2
233 715
1 9 2
620 314
1 5 2
80 631
1 11 2
276 169
1 13 2
263 646
1 2 2
343 202
1 5 2
189 66
1 10 2
201 182
1 8 2
230 19
1 12 2
645 679
1 7 2
486 641
1 7 2
290 720
1 4 2
270 37
1 5 2
35 252
1 10 2
65 540
1 8 2
577 733
1 14 2
674 713
1 4 2
91 505
1 12 2
92 89
1 11 2
341 115
1 7 2
542 461
1 13 2
684 353
1 7 2
13 568
1 13 2
389 675
1 14 2
746 454
1 6 2
255 196
1 13 2
772 721
1 15 2
496 17
1 14 2
221 355
1 15 2
712 280
1 8 2
564 235
1 2 2
701 375
1 5 2
404 93
1 7 2
786 280
1 8 2
689 382
1 10 2
714 608
1 3 2
779 598
1 3 2
199 559
1 11 2
194 166
1 7 2
48 775
1 3 2
348 447
1 8 2
59 656
1 8 2
251 1
1 6 2
712 342
1 14 2
617 762
1 13 2
759 182
1 13 2
621 28
1 12 2
85 14
1 7 2
103 211
1 6 2
344 679
1 4 2
537 535
1 5 2
151 462
1 11 2
375 773
1 15 2
597 361
1 9 2
659 661
1 6 2
19 577
1 13 2
599 646
1 11 2
433 773
1 14 2
16 260
1 11 2
621 295
1 8 2
64 312
1 2 2
687 464
1 12 2
338 565
1 9 2
483 259
1 9 2
245 790
1 2 2
306 508
1 15 2
98 110
1 8 2
57 387
1 9 2
364 143
1 4 2
131 154
1 11 2
428 750
1 10 2
760 93
1 8 2
656 378
1 2 2
255 446
1 12 2
659 37
1 4 2
654 606
1 8 2
159 671
1 6 2
703 234
1 2 2
551 63
1 7 2
690 275
1 15 2
417 450
1 11 2
187 113
1 15 2
779 215
1 7 2
631 55
1 6 2
696 503
1 14 2
282 733
1 5 2
770 459
1 12 2
767 350
1 3 2
189 260
1 2 2
138 430
1 5 2
594 107
1 11 2
242 310
1 10 2
346 230
1 6 2
524 61
1 5 2
532 344
1 2 2
741 133
1 11 2
230 258
1 5 2
465 455
1 8 2
615 572
1 12 2
281 97
1 10 2
110 652
1 7 2
780 391
1 13 2
575 754
1 2 2
146 393
1 6 2
518 361
1 14 2
175 693
1 2 2
156 16
1 2 2
440 205
1 11 2
643 558
1 11 2
782 330
1 7 2
517 77
1 2 2
91 461
1 10 2
332 279
1 4 2
339 55
1 15 2
533 398
1 5 2
710 32
1 7 2
87 268
1 10 2
288 309
1 2 2
574 556
1 10 2
335 185
1 7 2
41 499
1 3 2
638 424
1 11 2
331 417
1 14 2
292 374
1 14 2
258 501
1 15 2
741 470
1 3 2
374 308
1 10 2
46 453
1 5 2
647 76
1 2 2
592 522
1 9 2
168 686
1 10 2
302 254
1 6 2
761 664
1 8 2
769 571
1 7 2
79 89
1 12 2
600 789
1 15 2
291 538
1 12 2
160 101
1 6 2
739 109
1 6 2
472 643
1 13 2
625 740
1 15 2
290 682
1 9 2
546 731
1 9 2
598 192
1 14 2
439 502
1 10 2
382 45
1 3 2
293 127
1 15 2
28 436
1 4 2
713 121
1 4 2
524 149
1 9 2
642 392
1 3 2
165 683
1 9 2
85 780
1 9 2
73 603
1 13 2
477 528
1 11 2
257 777
1 7 2
185 529
1 3 2
636 19
1 15 2
109 127
1 13 2
343 399
1 3 2
9 446
1 15 2
445 312
1 4 2
765 423
1 5 2
163 612
1 7 2
351 336
1 9 2
305 297
1 11 2
147 358
1 11 2
429 404
1 9 2
88 603
1 3 2
656 181
1 5 2
442 489
1 14 2
531 13
1 14 2
702 391
1 7 2
664 157
1 7 2
713 486
1 10 2
687 688
1 6 2
380 171
1 6 2
6 214
1 13 2
296 530
1 2 2
379 265
1 3 2
172 556
1 7 2
780 42
1 12 2
245 763
1 12 2
621 182
1 11 2
440 669
1 14 2
164 106
1 15 2
693 180
1 6 2
184 210
1 6 2
370 89
1 12 2
679 85
1 10 2
106 748
1 13 2
373 134
1 7 2
604 308
1 14 2
608 535
1 9 2
435 731
1 12 2
425 338
1 9 2
201 609
1 7 2
492 681
1 5 2
112 624
1 7 2
493 99
1 10 2
68 515
1 14 2
78 31
1 15 2
165 537
1 2 2
191 477
1 13 2
282 289
1 10 2
355 490
1 14 2
765 159
1 12 2
135 286
1 15 2
327 151
1 13 2
665 527
1 9 2
509 438
1 6 2
717 196
1 14 2
260 273
1 3 2
223 718
1 14 2
186 712
1 9 2
425 567
1 6 2
50 249
1 14 2
415 94
1 14 2
403 434
1 2 2
698 532
1 12 2
466 551
1 13 2
159 353
1 8 2
567 697
1 5 2
542 430
1 5 2
408 642
1 14 2
680 357
1 10 2
131 282
1 13 2
231 482
1 15 2
408 251
1 5 2
673 52
1 9 2
619 495
1 11 2
483 795
1 3 2
507 664
1 10 2
424 697
1 5 2
196 547
1 8 2
79 64
1 12 2
57 51
1 3 2
322 459
1 9 2
362 142
1 2 2
639 686
1 15 2
354 485
1 8 2
570 412
1 2 2
521 257
1 5 2
385 2
1 2 2
28 479
1 15 2
430 155
1 9 2
411 317
1 5 2
576 13
1 10 2
669 687
1 3 2
468 702
1 12 2
431 242
1 6 2
771 770
1 3 2
363 115
1 11 2
696 251
1 10 2
344 213
1 9 2
295 607
1 3 2
425 335
1 2 2
617 106
1 9 2
7 719
1 8 2
490 729
1 10 2
453 82
1 4 2
158 219
1 12 2
549 256
1 5 2
111 731
1 8 2
427 745
1 6 2
473 380
1 15 2
210 388
1 4 2
630 654
1 3 2
199 172
1 9 2
419 391
1 3 2
787 797
1 13 2
591 778
1 6 2
777 167
1 14 2
799 668
1 2 2
708 114
1 6 2
346 29
1 13 2
574 673
1 3 2
34 68
1 3 2
635 798
1 14 2
649 353
1 6 2
736 735
1 4 2
275 762
1 11 2
726 791
1 2 2
264 317
1 15 2
15 350
1 15 2
376 568
1 4 2
627 592
1 9 2
144 719
1 11 2
603 570
1 10 2
599 673
1 9 2
619 170
1 14 2
158 637
1 4 2
686 610
1 3 2
335 202
1 5 2
114 598
1 13 2
382 671
1 10 2
593 501
1 2 2
788 730
1 9 2
576 349
1 10 2
173 704
1 9 2
308 227
1 2 2
527 176
1 11 2
757 473
1 4 2
321 51
1 10 2
724 373
1 2 2
192 674
1 12 2
417 202
1 4 2
112 635
1 4 2
546 685
1 8 2
733 694
1 11 2
30 365
1 3 2
384 293
1 3 2
309 655
1 4 2
197 637
1 5 2
301 598
1 5 2
91 101
1 11 2
304 774
1 12 2
346 288
1 11 2
284 496
1 6 2
328 456
1 13 2
785 45
1 2 2
343 156
1 5 2
81 789
1 7 2
114 549
1 12 2
621 494
1 14 2
718 236
1 9 2
212 484
1 2 2
240 30
1 11 2
47 570
1 10 2
700 661
1 2 2
346 718
1 8 2
528 424
1 12 2
589 727
1 6 2
273 474
1 6 2
55 126
1 8 2
368 739
1 15 2
573 252
1 5 2
223 657
1 11 2
51 630
1 9 2
338 69
1 15 2
204 85
1 10 2
457 232
1 4 2
434 183
1 7 2
271 105
1 8 2
573 468
1 12 2
154 33
1 5 2
28 83
1 2 2
479 166
1 2 2
504 432
1 5 2
201 82
1 12 2
275 32
1 14 2
702 101
1 12 2
164 696
1 7 2
724 249
1 6 2
40 558
1 4 2
422 418
1 11 2
483 517
1 4 2
189 525
1 3 2
583 207
1 11 2
216 486
1 14 2
88 725
1 3 2
22 283
1 5 2
455 738
1 11 2
34 177
1 8 2
201 457
1 5 2
18 541
1 5 2
469 122
1 15 2
431 502
1 10 2
269 497
1 9 2
151 561
1 9 2
479 448
1 14 2
175 638
1 2 2
689 173
1 8 2
148 463
1 7 2
414 732
1 13 2
748 205
1 3 2
339 770
1 8 2
111 616
1 8 2
239 675
1 2 2
163 119
1 12 2
458 592
1 14 2
511 719
1 6 2
579 458
1 4 2
675 57
1 5 2
137 248
1 3 2
111 229
1 11 2
728 542
1 8 2
652 156
1 7 2
541 370
1 8 2
218 506
1 2 2
753 348
1 8 2
85 233
1 6 2
461 385
1 15 2
90 785
1 14 2
790 521
1 3 2
182 344
1 13 2
214 734
1 9 2
606 738
1 11 2
498 241
1 10 2
496 436
1 6 2
282 262
1 4 2
714 259
1 4 2
0 264
1 14 2
124 107
1 9 2
4 745
1 6 2
349 691
1 12 2
355 246
1 5 2
156 164
1 7 2
183 723
1 4 2
397 334
1 13 2
480 121
1 9 2
150 409
1 8 2
146 646
1 5 2
73 32
1 2 2
791 335
1 7 2
784 263
1 3 2
182 586
1 3 2
725 476
1 9 2
785 484
1 8 2
43 32
1 12 2
582 431
1 9 2
391 158
1 9 2
527 137
1 5 2
173 23
1 3 2
275 449
1 10 2
640 181
1 6 2
673 658
1 12 2
591 139
1 3 2
455 437
1 14 2
431 637
1 12 2
491 455
1 13 2
296 467
1 14 2
394 750
1 15 2
794 100
1 11 2
602 439
1 8 2
199 257
1 3 2
423 213
1 11 2
384 757
1 9 2
65 447
1 4 2
676 379
1 13 2
565 553
1 7 2
635 20
1 9 2
659 313
1 15 2
635 138
1 3 2
516 65
1 10 2
646 466
1 8 2
364 128
1 5 2
451 326
1 13 2
250 371
1 13 2
796 73
1 10 2
59 510
1 11 2
107 432
1 10 2
796 737
1 8 2
459 604
1 10 2
162 262
1 13 2
368 237
1 8 2
791 192
1 6 2
791 550
1 6 2
455 654
1 11 2
470 297
1 15 2
714 40
1 12 2
436 362
1 10 2
311 478
1 15 2
127 780
1 2 2
493 140
1 4 2
152 103
1 10 2
39 487
1 10 2
254 99
1 3 2
471 514
1 6 2
296 425
1 9 2
609 633
1 7 2
637 464
1 7 2
365 308
1 7 2
345 333
1 15 2
663 1
1 12 2
673 653
1 5 2
375 485
1 12 2
79 144
1 6 2
436 82
1 5 2
33 202
1 10 2
260 493
1 8 2
677 201
1 5 2
472 504
1 10 2
401 81
1 13 2
755 74
1 14 2
743 410
1 3 2
8 201
1 11 2
533 783
1 9 2
73 275
1 11 2
319 317
1 15 2
74 410
1 4 2
175 704
1 7 2
27 598
1 5 2
270 706
1 7 2
739 470
1 6 2
469 20
1 14 2
670 702
1 12 2
201 792
1 7 2
609 260
1 11 2
785 49
1 4 2
452 114
1 5 2
213 365
1 13 2
217 68
1 9 2
542 378
1 14 2
377 122
1 9 2
393 616
1 5 2
106 97
1 13 2
210 417
1 5 2
691 111
1 13 2
263 714
1 12 2
464 310
1 7 2
656 794
1 3 2
294 431
1 8 2
114 537
1 8 2
78 303
1 10 2
31 734
1 14 2
415 90
1 7 2
727 634
1 15 2
777 544
1 12 2
516 226
1 15 2
207 4
1 4 2
427 630
1 12 2
730 270
1 4 2
354 622
1 10 2
262 113
1 9 2
90 349
1 5 2
381 377
1 8 2
396 13
1 3 2
284 703
1 15 2
451 208
1 12 2
271 681
1 2 2
130 215
1 3 2
158 409
1 14 2
348 270
1 15 2
611 77
1 13 2
543 126
1 13 2
144 715
1 3 2
473 436
1 8 2
490 415
1 8 2
283 384
1 11 2
248 170
1 13 2
689 261
1 7 2
794 648
1 3 2
190 91
1 2 2
482 797
1 3 2
458 204
1 15 2
509 103
1 4 2
40 110
1 10 2
541 0
1 12 2
5 621
1 12 2
693 547
1 7 2
713 533
1 15 2
23 105
1 3 2
505 649
1 7 2
790 774
1 3 2
64 619
1 9 2
399 595
1 13 2
526 671
1 11 2
500 441
1 11 2
656 326
1 9 2
325 99
1 15 2
635 266
1 9 2
324 417
1 15 2
267 300
1 14 2
387 483
1 12 2
460 728
1 10 2
74 213
1 8 2
729 718
1 6 2
79 520
1 2 2
29 17
1 4 2
591 790
1 15 2
731 426
1 11 2
214 321
1 2 2
364 259
1 3 2
796 134
1 5 2
764 373
1 14 2
641 344
1 4 2
151 247
1 2 2
316 320
1 2 2
226 2
1 10 2
379 344
1 13 2
309 610
1 10 2
617 719
1 5 2
174 410
1 13 2
232 101
1 9 2
341 553
1 7 2
82 661
1 15 2
225 700
1 15 2
298 616
1 8 2
50 373
1 5 2
411 671
1 6 2
75 524
1 4 2
638 731
1 13 2
335 166
1 2 2
504 410
1 4 2
638 420
1 13 2
420 563
1 3 2
336 292
1 6 2
791 251
1 2 2
187 331
1 10 2
795 773
1 10 2
341 87
1 15 2
729 289
1 13 2
789 186
1 13 2
755 377
1 9 2
187 433
1 3 2
267 373
1 15 2
486 127
1 4 2
591 734
1 10 2
163 665
1 13 2
744 471
1 9 2
697 201
1 4 2
692 600
1 7 2
140 127
1 15 2
658 96
1 13 2
554 568
1 15 2
141 196
1 14 2
763 32
1 4 2
743 635
1 4 2
256 278
1 10 2
697 504
1 7 2
101 687
1 7 2
1 560
1 10 2
276 307
1 8 2
123 586
1 11 2
253 158
1 15 2
359 742
1 14 2
42 34
1 5 2
486 666
1 5 2
141 449
1 15 2
163 702
1 14 2
98 556
1 8 2
728 267
1 8 2
449 493
1 14 2
469 594
1 7 2
591 414
1 10 2
139 188
1 9 2
79 50
1 3 2
682 170
1 14 2
246 215
1 11 2
540 75
1 9 2
487 547
1 6 2
473 459
1 9 2
516 35
1 11 2
739 76
1 8 2
724 58
1 12 2
6 665
1 2 2
749 571
1 7 2
598 555
1 15 2
412 11
1 9 2
423 331
1 10 2
47 711
1 12 2
600 397
1 4 2
748 482
1 13 2
188 658
1 6 2
47 327
1 8 2
431 683
1 9 2
386 557
1 4 2
165 56
1 9 2
301 643
1 6 2
65 26
1 8 2
246 65
1 13 2
740 125
1 6 2
71 782
1 4 2
673 240
1 3 2
302 441
1 7 2
697 665
1 12 2
179 9
1 11 2
207 311
1 14 2
142 236
1 12 2
451 508
1 14 2
554 472
1 8 2
609 27
1 3 2
647 264
1 12 2
604 434
1 2 2
639 298
1 5 2
475 39
1 2 2
47 201
1 5 2
337 596
1 3 2
284 129
1 2 2
777 589
1 14 2
121 412
1 6 2
527 675
1 2 2
626 604
1 15 2
702 48
1 3 2
355 177
1 3 2
757 86
1 6 2
748 627
1 7 2
193 24
1 7 2
633 351
1 2 2
523 768
1 7 2
274 251
1 3 2
757 359
1 3 2
110 129
1 3 2
328 187
1 8 2
418 747
1 9 2
78 671
1 11 2
764 39
1 15 2
53 463
1 4 2
289 680
1 7 2
269 317
1 2 2
65 406
1 2 2
656 691
1 12 2
330 268
1 15 2
304 616
1 10 2
364 435
1 14 2
418 295
1 7 2
187 414
1 8 2
247 82
1 5 2
271 578
1 14 2
283 332
1 10 2
66 762
1 9 2
51 449
1 2 2
733 510
1 9 2
110 196
1 2 2
486 114
1 9 2
365 40
1 4 2
415 433
1 3 2
595 167
1 11 2
188 265
1 9 2
417 213
1 9 2
718 667
1 15 2
596 187
1 7 2
29 220
1 2 2
716 484
1 2 2
34 656
1 11 2
551 670
1 3 2
519 516
1 14 2
102 753
1 4 2
70 398
1 7 2
149 88
1 9 2
32 328
1 13 2
95 758
1 7 2
709 767
1 8 2
688 587
1 7 2
220 80
1 10 2
39 259
1 13 2
565 712
1 7 2
85 621
1 12 2
674 613
1 15 2
527 287
1 7 2
648 707
1 8 2
369 265
1 14 2
3 599
1 13 2
373 427
1 5 2
785 462
1 15 2
226 492
1 10 2
611 637
1 4 2
546 446
1 6 2
676 705
1 5 2
774 604
1 13 2
169 713
1 3 2
297 363
1 2 2
768 35
1 5 2
222 606
1 6 2
561 573
1 3 2
536 2
1 6 2
269 131
1 10 2
113 125
1 11 2
356 78
1 14 2
6 235
1 6 2
758 87
1 13 2
730 39
1 5 2
745 95
1 8 2
236 198
1 11 2
321 0
1 4 2
412 92
1 5 2
789 756
1 9 2
446 468
1 4 2
180 8
1 14 2
798 593
1 12 2
547 661
1 8 2
774 162
1 4 2
152 128
1 5 2
725 68
1 5 2
460 535
1 2 2
72 474
1 6 2
203 548
1 12 2
373 46
1 15 2
701 112
1 4 2
352 335
1 11 2
177 750
1 13 2
535 473
1 8 2
687 621
1 8 2
150 25
1 5 2
722 59
1 8 2
549 102
1 11 2
43 569
1 11 2
94 40
1 6 2
611 490
1 11 2
22 302
1 10 2
446 556
1 4 2
130 754
1 14 2
340 554
1 2 2
452 435
1 12 2
203 294
1 10 2
162 610
1 13 2
198 201
1 8 2
146 318
1 6 2
741 166
1 14 2
545 693
1 4 2
199 29
1 10 2
16 31
1 14 2
236 445
1 10 2
709 418
1 7 2
31 257
1 9 2
594 632
1 7 2
189 474
1 5 2
232 450
1 7 2
541 269
1 10 2
92 568
1 5 2
235 327
1 12 2
57 247
1 2 2
337 428
1 6 2
527 94
1 12 2
484 194
1 5 2
624 761
1 13 2
316 243
1 7 2
224 269
1 6 2
775 455
1 8 2
520 562
1 3 2
381 71
1 13 2
426 715
1 11 2
233 276
1 3 2
429 689
1 15 2
512 82
1 7 2
694 751
1 12 2
305 62
1 11 2
649 86
1 13 2
422 570
1 15 2
504 297
1 8 2
193 30
1 4 2
163 556
1 14 2
546 558
1 8 2
141 729
1 9 2
628 205
1 10 2
552 273
1 12 2
112 502
1 8 2
571 526
1 3 2
728 217
1 6 2
282 401
1 11 2
428 756
1 6 2
342 167
1 4 2
32 197
1 9 2
447 275
1 7 2
58 97
1 5 2
515 580
1 7 2
344 693
1 6 2
772 754
1 4 2
657 13
1 12 2
390 520
1 8 2
422 80
1 4 2
359 497
1 13 2
670 171
1 12 2
761 333
1 5 2
69 488
1 11 2
598 98
1 12 2
534 459
1 2 2
321 430
1 14 2
275 675
1 15 2
207 605
1 7 2
684 398
1 9 2
351 415
1 8 2
448 435
1 2 2
733 261
1 6 2
91 496
1 9 2
481 509
1 5 2
245 91
1 9 2
508 681
1 6 2
59 770
1 9 2
330 111
1 10 2
213 164
1 10 2
336 565
1 15 2
756 714
1 13 2
641 19
1 15 2
261 658
1 13 2
429 372
1 6 2
442 291
1 10 2
315 294
1 9 2
526 95
1 12 2
603 495
1 13 2
189 184
1 15 2
799 760
1 9 2
440 456
1 7 2
421 634
1 6 2
499 678
1 7 2
165 403
1 11 2
204 672
1 8 2
250 570
1 3 2
72 602
1 12 2
766 300
1 2 2
644 182
1 14 2
18 208
1 10 2
408 332
1 3 2
247 210
1 6 2
731 586
1 12 2
681 741
1 4 2
186 647
1 15 2
284 325
1 5 2
423 773
1 3 2
351 544
1 14 2
438 743
1 13 2
500 551
1 10 2
127 181
1 11 2
88 288
1 2 2
47 159
1 13 2
217 697
1 7 2
537 82
1 9 2
106 725
1 3 2
603 5
1 7 2
310 198
1 11 2
436 85
1 6 2
366 480
1 6 2
754 32
1 15 2
36 781
1 7 2
215 91
1 2 2
14 144
1 2 2
172 486
1 2 2
647 711
1 11 2
22 744
1 7 2
72 202
1 3 2
493 228
1 7 2
563 432
1 8 2
20 7
1 13 2
407 298
1 15 2
14 753
1 14 2
556 122
1 4 2
302 669
1 15 2
763 114
1 8 2
581 550
1 3 2
708 61
1 8 2
604 499
1 10 2
270 77
1 7 2
37 651
1 3 2
288 687
1 10 2
702 383
1 9 2
590 250
1 3 2
520 397
1 3 2
432 269
1 11 2
792 177
1 14 2
443 19
1 13 2
572 207
1 10 2
273 616
1 13 2
284 383
1 12 2
52 501
1 3 2
546 292
1 14 2
739 456
1 8 2
251 532
1 5 2
663 712
1 4 2
184 130
1 10 2
120 597
1 13 2
158 484
1 4 2
627 32
1 14 2
75 595
1 4 2
149 762
1 9 2
292 761
1 12 2
598 27
1 13 2
506 37
1 6 2
745 62
1 4 2
325 624
1 8 2
39 33
1 12 2
587 405
1 15 2
332 39
1 12 2
765 585
1 3 2
217 267
1 15 2
195 503
1 11 2
525 22
1 5 2
777 775
1 6 2
457 354
1 3 2
770 443
1 8 2
230 742
1 13 2
332 797
1 11 2
777 446
1 7 2
243 706
1 3 2
639 765
1 14 2
51 495
1 6 2
39 215
1 2 2
379 70
1 12 2
142 477
1 3 2
58 634
1 8 2
395 490
1 7 2
45 13
1 5 2
189 153
1 10 2
257 149
1 4 2
519 230
1 15 2
217 29
1 6 2
394 129
1 5 2
568 762
1 14 2
194 506
1 5 2
734 97
1 4 2
744 199
1 14 2
319 0
1 11 2
631 239
1 2 2
769 750
1 10 2
743 76
1 11 2
428 507
1 9 2
84 405
1 14 2
151 739
1 15 2
581 591
1 10 2
505 83
1 14 2
242 726
1 8 2
678 451
1 11 2
440 24
1 8 2
301 526
1 12 2
139 243
1 10 2
32 726
1 4 2
523 501
1 13 2
770 734
1 14 2
127 713
1 7 2
204 603
1 9 2
261 356
1 15 2
761 352
1 15 2
228 308
1 11 2
259 747
1 13 2
74 794
1 8 2
369 31
1 4 2
281 564
1 14 2
128 459
1 5 2
133 347
1 14 2
59 278
1 12 2
121 202
1 14 2
617 624
1 14 2
22 70
1 3 2
479 391
1 5 2
739 414
1 15 2
736 254
1 3 2
470 572
1 5 2
665 352
1 6 2
372 194
1 14 2
613 273
1 8 2
456 352
1 10 2
23 55
1 2 2
65 740
1 14 2
542 420
1 13 2
188 614
1 15 2
547 219
1 11 2
108 651
1 8 2
431 425
1 4 2
620 762
1 9 2
747 675
1 10 2
322 450
1 5 2
596 113
1 4 2
276 117
1 4 2
156 520
1 15 2
753 428
1 3 2
267 243
1 6 2
61 293
1 14 2
424 22
1 7 2
182 123
1 3 2
597 701
1 10 2
576 85
1 9 2
36 681
1 4 2
69 398
1 15 2
427 348
1 3 2
312 685
1 14 2
292 305
1 15 2
318 505
1 11 2
685 588
1 9 2
187 79
1 3 2
333 437
1 3 2
330 314
1 15 2
335 763
1 15 2
393 194
1 3 2
587 645
1 10 2
40 347
1 5 2
106 778
1 15 2
687 55
1 14 2
28 55
1 5 2
338 696
1 6 2
794 426
1 9 2
647 384
1 2 2
435 46
1 4 2
488 688
1 10 2
516 528
1 11 2
95 267
1 5 2
574 58
1 6 2
658 508
1 5 2
354 10
1 11 2
96 413
1 4 2
697 280
1 8 2
238 20
1 4 2
478 554
1 5 2
616 268
1 11 2
720 643
1 14 2
759 632
1 6 2
523 189
1 3 2
788 431
1 10 2
722 704
1 15 2
334 634
1 5 2
281 744
1 9 2
282 442
1 10 2
683 119
1 14 2
610 599
1 6 2
477 331
1 5 2
305 580
1 9 2
770 61
1 4 2
125 407
1 14 2
167 597
1 8 2
354 424
1 10 2
337 217
1 14 2
295 432
1 5 2
408 791
1 11 2
429 546
1 8 2
1 695
1 7 2
606 627
1 3 2
190 337
1 6 2
27 90
1 7 2
256 17
1 3 2
198 408
1 11 2
189 518
1 15 2
111 624
1 13 2
757 207
1 8 2
658 540
1 9 2
574 115
1 11 2
540 345
1 6 2
586 421
1 10 2
668 756
1 12 2
253 640
1 8 2
138 251
1 3 2
157 7
1 9 2
330 317
1 11 2
452 505
1 14 2
790 548
1 10 2
76 762
1 4 2
408 526
1 2 2
107 570
1 5 2
10 559
1 15 2
309 700
1 4 2
479 20
1 14 2
395 728
1 7 2
304 80
1 14 2
579 691
1 6 2
431 349
1 14 2
516 447
1 8 2
480 795
1 12 2
111 379
1 3 2
711 507
1 6 2
291 338
1 9 2
592 699
1 3 2
88 260
1 6 2
236 765
1 11 2
92 262
1 6 2
133 310
1 14 2
641 394
1 14 2
372 767
1 8 2
503 799
1 4 2
767 132
1 15 2
628 523
1 6 2
765 372
1 10 2
1 127
1 12 2
211 797
1 13 2
750 214
1 12 2
242 52
1 5 2
57 452
1 13 2
14 230
1 5 2
376 132
1 10 2
740 134
1 9 2
365 661
1 10 2
76 465
1 13 2
569 141
1 5 2
730 414
1 7 2
430 723
1 15 2
431 135
1 15 2
511 378
1 4 2
691 719
1 4 2
737 372
1 15 2
736 455
1 5 2
385 377
1 9 2
376 361
1 4 2
595 720
1 4 2
41 224
1 12 2
226 690
1 10 2
405 616
1 7 2
181 558
1 9 2
48 721
1 8 2
398 276
1 12 2
204 780
1 15 2
611 129
1 5 2
205 436
1 9 2
429 176
1 6 2
360 216
1 2 2
417 271
1 9 2
118 543
1 11 2
54 774
1 3 2
614 311
1 9 2
741 447
1 12 2
453 384
1 12 2
570 302
1 5 2
682 263
1 9 2
96 545
1 11 2
455 181
1 11 2
603 559
1 10 2
608 340
1 9 2
209 551
1 9 2
759 593
1 7 2
630 679
1 13 2
768 291
1 5 2
690 260
1 7 2
384 289
1 9 2
46 455
1 8 2
233 619
1 4 2
131 335
1 14 2
455 290
1 8 2
277 712
1 8 2
742 245
1 13 2
784 414
1 5 2
522 436
1 12 2
533 39
1 5 2
488 375
1 12 2
771 383
1 4 2
112 301
1 4 2
467 245
1 10 2
39 553
1 5 2
708 76
1 8 2
662 5
1 11 2
657 639
1 4 2
549 572
1 13 2
132 579
1 2 2
58 638
1 15 2
372 556
1 11 2
260 407
1 10 2
637 263
1 13 2
87 655
1 2 2
353 11
1 2 2
713 147
1 3 2
616 88
1 13 2
374 642
1 12 2
28 107
1 15 2
709 250
1 2 2
277 445
1 9 2
389 664
1 13 2
445 365
1 12 2
228 703
1 3 2
252 134
1 8 2
759 261
1 14 2
723 403
1 13 2
42 242
1 9 2
349 582
1 15 2
101 472
1 12 2
368 371
1 2 2
484 630
1 4 2
272 45
1 7 2
758 406
1 12 2
618 651
1 6 2
506 678
1 7 2
637 41
1 11 2
400 135
1 12 2
271 88
1 2 2
430 519
1 6 2
528 635
1 2 2
411 452
1 4 2
138 91
1 3 2
330 630
1 3 2
714 603
1 7 2
357 188
1 13 2
680 117
1 13 2
115 763
1 6 2
139 750
1 7 2
92 608
1 6 2
734 522
1 13 2
759 733
1 13 2
380 302
1 9 2
526 216
1 12 2
32 770
1 7 2
272 54
1 3 2
705 720
1 11 2
114 716
1 4 2
303 529
1 6 2
413 731
1 10 2
175 478
1 9 2
650 212
1 10 2
797 691
1 12 2
107 156
1 2 2
37 790
1 15 2
767 173
1 13 2
765 181
1 4 2
456 590
1 13 2
3 483
1 10 2
324 45
1 4 2
187 709
1 14 2
65 392
1 5 2
222 358
1 6 2
231 634
1 8 2
209 700
1 11 2
354 520
1 8 2
150 517
1 4 2
656 18
1 7 2
582 409
1 13 2
125 5
1 2 2
162 572
1 12 2
299 352
1 13 2
656 375
1 3 2
204 376
1 6 2
554 532
1 15 2
223 149
1 6 2
692 672
1 9 2
576 72
1 7 2
559 796
1 6 2
787 242
1 8 2
419 584
1 11 2
50 626
1 2 2
533 447
1 12 2
516 473
1 8 2
303 632
1 8 2
534 301
1 14 2
786 93
1 7 2
51 224
1 4 2
571 175
1 4 2
122 202
1 3 2
381 540
1 7 2
139 566
1 10 2
692 476
1 2 2
164 280
1 2 2
65 755
1 8 2
494 754
1 13 2
498 452
1 9 2
531 261
1 14 2
388 672
1 10 2
110 283
1 7 2
568 12
1 7 2
486 580
1 13 2
97 683
1 9 2
528 206
1 10 2
83 123
1 2 2
657 448
1 4 2
501 761
1 9 2
314 717
1 3 2
226 777
1 3 2
764 767
1 2 2
746 128
1 8 2
445 110
1 3 2
526 503
1 15 2
580 634
1 2 2
528 237
1 11 2
387 142
1 3 2
777 765
1 5 2
4 540
1 6 2
301 593
1 7 2
26 88
1 11 2
93 353
1 8 2
120 258
1 8 2
619 543
1 5 2
160 499
1 3 2
96 162
1 12 2
206 332
1 11 2
123 764
1 8 2
187 330
1 4 2
48 94
1 11 2
500 512
1 5 2
252 52
1 2 2
143 729
1 8 2
704 656
1 14 2
710 356
1 8 2
258 773
1 9 2
306 542
1 15 2
628 27
1 9 2
403 402
1 4 2
434 684
1 6 2
415 115
1 11 2
771 721
1 15 2
621 471
1 14 2
373 729
1 9 2
774 506
1 2 2
192 638
1 5 2
665 364
1 3 2
298 382
1 15 2
224 257
1 10 2
518 784
1 8 2
687 777
1 9 2
311 743
1 5 2
43 432
1 13 2
596 55
1 14 2
374 624
1 5 2
536 615
1 5 2
610 725
1 10 2
440 695
1 9 2
443 474
1 3 2
279 71
1 13 2
516 46
1 3 2
667 552
1 4 2
710 268
1 3 2
198 16
1 2 2
125 603
1 3 2
56 798
1 15 2
244 75
1 14 2
179 79
1 8 2
249 106
1 3 2
291 720
1 5 2
146 766
1 11 2
445 632
1 6 2
397 74
1 9 2
594 750
1 15 2
118 216
1 9 2
165 382
1 13 2
767 272
1 6 2
646 661
1 3 2
210 41
1 2 2
255 169
1 8 2
374 221
1 7 2
502 748
1 5 2
191 565
1 7 2
83 33
1 8 2
490 140
1 11 2
794 199
1 2 2
703 762
1 3 2
56 542
1 11 2
227 552
1 10 2
210 786
1 7 2
438 398
1 3 2
613 591
1 10 2
534 677
1 5 2
718 216
1 4 2
656 708
1 6 2
168 554
1 7 2
87 588
1 12 2
33 543
1 5 2
493 171
1 12 2
10 452
1 5 2
639 347
1 11 2
597 90
1 8 2
153 623
1 15 2
249 710
1 11 2
564 283
1 2 2
470 218
1 10 2
2 448
1 9 2
401 84
1 15 2
477 707
1 12 2
341 427
1 4 2
208 196
1 11 2
778 483
1 2 2
344 366
1 10 2
97 347
1 12 2
47 14
1 7 2
31 436
1 6 2
514 277
1 7 2
232 762
1 12 2
101 233
1 14 2
1 652
1 10 2
80 492
1 12 2
210 326
1 4 2
598 764
1 5 2
86 118
1 7 2
733 327
1 15 2
587 452
1 14 2
85 590
1 15 2
664 619
1 6 2
318 567
1 12 2
542 146
1 9 2
378 274
1 10 2
626 467
1 14 2
554 142
1 12 2
293 407
1 6 2
663 511
1 13 2
186 347
1 13 2
33 790
1 10 2
386 21
1 4 2
712 164
1 12 2
435 766
1 11 2
326 231
1 6 2
691 331
1 10 2
361 376
1 14 2
470 270
1 10 2
546 711
1 15 2
699 606
1 9 2
513 71
1 8 2
289 645
1 2 2
394 713
1 2 2
417 161
1 15 2
466 179
1 5 2
62 738
1 7 2
350 26
1 11 2
62 730
1 10 2
29 23
1 5 2
675 334
1 14 2
723 128
1 12 2
120 189
1 14 2
381 184
1 7 2
486 23
1 12 2
670 642
1 5 2
473 743
1 12 2
650 457
1 3 2
681 240
1 8 2
395 148
1 13 2
543 749
1 8 2
535 627
1 11 2
139 247
1 8 2
326 15
1 9 2
488 90
1 15 2
653 753
1 6 2
645 428
1 13 2
219 333
1 6 2
486 776
1 6 2
4 23
1 14 2
517 422
1 14 2
540 316
1 13 2
391 218
1 3 2
528 64
1 12 2
267 470
1 9 2
324 624
1 13 2
522 251
1 11 2
366 707
1 12 2
361 638
1 5 2
247 778
1 3 2
268 689
1 14 2
48 552
1 6 2
570 236
1 15 2
604 87
1 13 2
656 250
1 9 2
511 398
1 11 2
711 486
1 12 2
455 769
1 4 2
155 12
1 4 2
425 452
1 6 2
141 538
1 11 2
648 461
1 6 2
410 184
1 4 2
624 653
1 3 2
605 479
1 8 2
415 173
1 6 2
169 614
1 5 2
364 181
1 2 2
660 317
1 6 2
526 742
1 9 2
218 102
1 4 2
388 319
1 15 2
596 329
1 7 2
138 752
1 3 2
99 794
1 3 2
654 5
1 9 2
147 561
1 3 2
317 291
1 11 2
532 770
1 8 2
87 3
1 14 2
339 530
1 12 2
544 224
1 9 2
155 738
1 4 2
79 494
1 3 2
580 701
1 6 2
495 635
1 10 2
442 545
1 2 2
406 465
1 5 2
271 393
1 8 2
156 786
1 8 2
364 723
1 5 2
676 171
1 11 2
161 163
1 5 2
735 647
1 3 2
60 390
1 9 2
280 109
1 9 2
216 180
1 2 2
665 136
1 3 2
252 86
1 3 2
294 212
1 3 2
558 490
1 9 2
191 176
1 14 2
301 506
1 13 2
432 380
1 2 2
466 463
1 7 2
504 274
1 15 2
704 334
1 3 2
591 759
1 6 2
676 717
1 14 2
713 587
1 9 2
347 496
1 10 2
50 679
1 13 2
662 450
1 13 2
235 445
1 15 2
697 252
1 3 2
387 281
1 14 2
705 313
1 6 2
134 75
1 3 2
787 124
1 7 2
762 156
1 6 2
328 345
1 6 2
530 441
1 5 2
147 76
1 8 2
131 426
1 4 2
685 692
1 8 2
695 234
1 10 2
31 745
1 8 2
717 752
1 12 2
633 730
1 10 2
300 76
1 15 2
613 140
1 13 2
318 328
1 6 2
521 106
1 9 2
669 414
1 13 2
14 267
1 4 2
759 754
1 4 2
691 129
1 6 2
368 114
1 4 2
471 491
1 7 2
737 383
1 4 2
759 773
1 13 2
684 426
1 5 2
740 670
1 6 2
283 240
1 6 2
130 251
1 2 2
456 61
1 15 2
431 209
1 10 2
719 245
1 11 2
562 151
1 10 2
96 8
1 12 2
559 417
1 7 2
9 609
1 9 2
484 169
1 9 2
774 520
1 13 2
49 247
1 10 2
169 412
1 6 2
310 424
1 10 2
531 569
1 8 2
640 93
1 7 2
343 754
1 11 2
763 445
1 11 2
409 137
1 14 2
747 289
1 4 2
12 245
1 6 2
578 91
1 9 2
740 41
1 10 2
655 656
1 13 2
337 393
1 11 2
267 689
1 3 2
417 107
1 3 2
23 523
1 2 2
224 763
1 10 2
397 40
1 9 2
696 77
1 12 2
52 172
1 2 2
225 609
1 12 2
470 769
1 12 2
448 588
1 10 2
114 538
1 2 2
789 758
1 15 2
362 389
1 5 2
365 760
1 7 2
211 673
1 5 2
667 318
1 12 2
313 718
1 12 2
98 332
1 11 2
381 356
1 4 2
427 198
1 11 2
592 511
1 11 2
559 225
1 7 2
36 229
1 2 2
611 529
1 6 2
444 479
1 14 2
693 169
1 14 2
797 471
1 4 2
670 534
1 14 2
346 207
1 14 2
356 303
1 3 2
268 201
1 5 2
1 606
1 4 2
57 694
1 13 2
366 599
1 9 2
574 161
1 13 2
660 224
1 11 2
225 522
1 8 2
649 70
1 6 2
579 344
1 8 2
452 571
1 5 2
54 496
1 8 2
528 74
1 5 2
199 263
1 5 2
747 183
1 9 2
796 315
1 4 2
721 703
1 6 2
518 216
1 9 2
341 197
1 2 2
98 446
1 4 2
48 670
1 9 2
28 582
1 4 2
796 127
1 9 2
94 491
1 4 2
367 50
1 2 2
91 385
1 4 2
405 72
1 15 2
416 465
1 8 2
215 266
1 3 2
247 683
1 11 2
723 799
1 8 2
605 656
1 7 2
149 233
1 9 2
214 478
1 7 2
761 224
1 11 2
492 718
1 12 2
580 469
1 13 2
624 447
1 4 2
538 552
1 10 2
436 381
1 3 2
518 443
1 8 2
557 674
1 12 2
277 8
1 2 2
352 549
1 7 2
121 461
1 7 2
553 89
1 8 2
588 116
1 11 2
342 198
1 13 2
257 384
1 12 2
128 235
1 9 2
677 409
1 6 2
458 310
1 2 2
46 2
1 13 2
715 396
1 11 2
224 472
1 10 2
528 374
1 14 2
56 410
1 11 2
117 654
1 9 2
66 461
1 2 2
111 347
1 13 2
665 763
1 13 2
428 782
1 3 2
580 727
1 5 2
669 289
1 11 2
666 91
1 12 2
206 454
1 3 2
138 42
1 5 2
85 124
1 7 2
184 444
1 8 2
263 194
1 11 2
508 51
1 5 2
589 36
1 9 2
751 649
1 10 2
17 222
1 15 2
209 421
1 3 2
181 476
1 15 2
26 640
1 8 2
110 148
1 13 2
468 128
1 5 2
703 331
1 7 2
133 355
1 4 2
680 114
1 10 2
793 659
1 3 2
310 692
1 13 2
737 222
1 12 2
124 647
1 4 2
587 470
1 10 2
71 19
1 6 2
270 549
1 11 2
142 480
1 9 2
388 324
1 2 2
371 305
1 10 2
503 366
1 7 2
194 613
1 10 2
91 739
1 10 2
608 114
1 3 2
707 397
1 10 2
327 341
1 10 2
311 371
1 5 2
442 432
1 6 2
170 521
1 4 2
687 256
1 11 2
795 677
1 13 2
191 754
1 5 2
16 672
1 2 2
465 415
1 7 2
364 153
1 11 2
651 582
1 2 2
51 6
1 12 2
761 171
1 3 2
360 286
1 14 2
459 581
1 10 2
326 61
1 15 2
246 10
1 3 2
339 437
1 12 2
294 578
1 14 2
476 92
1 14 2
742 403
1 10 2
697 228
1 3 2
563 667
1 5 2
723 534
1 2 2
794 630
1 5 2
144 561
1 12 2
195 690
1 14 2
422 478
1 9 2
430 207
1 9 2
538 733
1 14 2
85 674
1 7 2
308 211
1 2 2
556 26
1 8 2
19 443
1 5 2
543 11
1 8 2
70 133
1 2 2
627 83
1 9 2
787 354
1 4 2
750 419
1 6 2
568 707
1 7 2
623 169
1 9 2
541 112
1 5 2
223 750
1 5 2
45 148
1 6 2
690 380
1 14 2
10 560
1 10 2
13 245
1 3 2
443 334
1 7 2
82 696
1 3 2
319 248
1 15 2
473 319
1 7 2
97 187
1 4 2
538 124
1 11 2
668 266
1 14 2
304 674
1 2 2
289 595
1 7 2
86 393
1 7 2
482 296
1 5 2
763 377
1 14 2
46 43
1 12 2
352 389
1 12 2
128 123
1 5 2
659 665
1 13 2
541 161
1 13 2
287 225
1 4 2
171 533
1 5 2
454 35
1 12 2
318 209
1 12 2
339 157
1 6 2
756 702
1 11 2
384 142
1 14 2
34 635
1 8 2
589 323
1 15 2
613 473
1 14 2
45 789
1 12 2
638 251
1 15 2
681 469
1 14 2
252 534
1 4 2
2 82
1 3 2
105 649
1 10 2
319 715
1 5 2
449 351
1 12 2
506 677
1 9 2
113 588
1 9 2
59 135
1 6 2
73 680
1 13 2
106 494
1 10 2
665 210
1 7 2
314 476
1 9 2
88 225
1 9 2
710 127
1 7 2
524 329
1 10 2
104 795
1 12 2
197 92
1 6 2
735 685
1 7 2
232 434
1 2 2
485 392
1 11 2
466 750
1 8 2
73 330
1 4 2
670 454
1 8 2
778 468
1 12 2
502 219
1 7 2
719 434
1 4 2
73 465
1 13 2
182 295
1 14 2
667 167
1 15 2
577 332
1 2 2
696 758
1 2 2
231 224
1 5 2
554 300
1 11 2
403 646
1 12 2
479 778
1 7 2
689 671
1 7 2
291 40
1 3 2
209 353
1 10 2
624 605
1 9 2
133 250
1 12 2
178 548
1 8 2
174 160
1 11 2
796 603
1 4 2
165 612
1 15 2
547 618
1 14 2
575 149
1 10 2
564 589
1 2 2
431 546
1 10 2
341 177
1 3 2
480 363
1 9 2
301 252
1 9 2
470 445
1 7 2
329 67
1 3 2
767 176
1 6 2
628 44
1 14 2
607 334
1 15 2
147 151
1 7 2
654 760
1 10 2
650 3
1 7 2
619 608
1 11 2
19 624
1 6 2
78 457
1 5 2
752 444
1 15 2
53 440
1 9 2
548 490
1 6 2
445 717
1 4 2
155 88
1 14 2
209 538
1 13 2
530 289
1 9 2
348 317
1 8 2
591 375
1 5 2
485 325
1 14 2
731 779
1 10 2
433 27
1 10 2
224 739
1 11 2
23 662
1 9 2
747 180
1 13 2
667 587
1 3 2
434 328
1 4 2
491 96
1 14 2
717 318
1 6 2
310 505
1 15 2
254 415
1 5 2
598 38
1 12 2
620 368
1 12 2
569 597
1 15 2
85 734
1 12 2
228 318
1 3 2
562 168
1 14 2
455 130
1 14 2
46 251
1 13 2
385 344
1 10 2
791 346
1 12 2
446 403
1 8 2
663 278
1 8 2
189 290
1 9 2
518 526
1 4 2
571 406
1 4 2
770 390
1 5 2
412 545
1 13 2
652 299
1 10 2
584 8
1 14 2
340 792
1 5 2
180 611
1 14 2
209 484
1 2 2
410 789
1 7 2
302 71
1 10 2
548 152
1 11 2
554 317
1 12 2
176 576
1 3 2
125 780
1 5 2
386 443
1 8 2
11 547
1 2 2
397 342
1 9 2
782 275
1 7 2
47 661
1 6 2
437 456
1 14 2
61 84
1 14 2
785 248
1 5 2
509 274
1 9 2
555 550
1 6 2
199 200
1 11 2
398 793
1 2 2
681 102
1 10 2
331 391
1 5 2
292 576
1 11 2
1 41
1 3 2
131 27
1 8 2
149 602
1 12 2
615 280
1 15 2
798 395
1 12 2
250 736
1 8 2
757 492
1 11 2
468 242
1 5 2
535 527
1 8 2
795 442
1 7 2
615 75
1 4 2
597 234
1 3 2
382 13
1 4 2
193 594
1 7 2
223 78
1 3 2
384 407
1 13 2
289 8
1 13 2
430 749
1 13 2
667 543
1 9 2
488 630
1 3 2
518 599
1 14 2
134 791
1 11 2
103 304
1 10 2
726 276
1 8 2
749 355
1 6 2
258 662
1 15 2
714 370
1 2 2
509 441
1 5 2
592 210
1 3 2
70 581
1 10 2
366 165
1 9 2
424 273
1 3 2
594 717
1 10 2
420 689
1 12 2
117 392
1 6 2
614 397
1 4 2
538 51
1 10 2
256 353
1 13 2
629 788
1 9 2
777 356
1 9 2
145 751
1 5 2
701 154
1 13 2
10 381
1 8 2
705 793
1 7 2
181 506
1 9 2
582 410
1 12 2
319 279
1 14 2
164 525
1 5 2
436 260
1 4 2
325 89
1 8 2
609 108
1 13 2
636 507
1 8 2
788 706
1 11 2
670 264
1 11 2
429 139
1 10 2
600 234
1 14 2
167 91
1 11 2
417 351
1 12 2
151 270
1 13 2
277 644
1 14 2
714 22
1 7 2
152 351
1 15 2
400 557
1 4 2
536 366
1 4 2
631 373
1 11 2
647 651
1 14 2
541 137
1 4 2
29 521
1 6 2
33 70
1 9 2
428 649
1 9 2
134 101
1 7 2
738 107
1 12 2
521 158
1 12 2
342 702
1 14 2
689 115
1 10 2
310 110
1 11 2
100 165
1 8 2
785 13
1 5 2
793 137
1 9 2
224 737
1 4 2
287 555
1 11 2
328 123
1 2 2
770 278
1 7 2
573 765
1 5 2
409 5
1 3 2
503 379
1 10 2
120 214
1 4 2
498 207
1 12 2
538 498
1 6 2
89 593
1 14 2
363 437
1 13 2
304 32
1 7 2
506 418
1 8 2
379 653
1 5 2
417 146
1 9 2
93 784
1 10 2
790 711
1 5 2
165 102
1 15 2
424 295
1 3 2
301 473
1 5 2
22 148
1 7 2
401 24
1 3 2
63 514
1 7 2
322 49
1 10 2
580 658
1 5 2
146 420
1 9 2
340 669
1 2 2
204 97
1 4 2
528 506
1 15 2
735 61
1 6 2
453 145
1 6 2
480 183
1 11 2
268 265
1 3 2
563 270
1 2 2
199 382
1 13 2
598 84
1 14 2
734 753
1 12 2
168 121
1 10 2
474 544
1 15 2
200 544
1 8 2
243 683
1 7 2
65 413
1 2 2
473 613
1 12 2
786 623
1 3 2
594 169
1 11 2
540 167
1 5 2
471 326
1 2 2
283 770
1 7 2
566 444
1 5 2
75 643
1 9 2
475 89
1 13 2
283 476
1 2 2
633 611
1 7 2
717 287
1 2 2
562 109
1 8 2
393 118
1 6 2
198 344
1 15 2
503 57
1 12 2
723 482
1 4 2
585 179
1 7 2
633 176
1 6 2
189 533
1 5 2
492 379
1 15 2
158 413
1 11 2
406 131
1 5 2
288 760
1 12 2
382 584
1 15 2
103 501
1 15 2
756 772
1 3 2
114 783
1 10 2
548 10
1 3 2
550 389
1 15 2
247 429
1 6 2
546 215
1 10 2
383 239
1 3 2
68 151
1 9 2
447 143
1 2 2
110 730
1 4 2
492 206
1 6 2
383 517
1 4 2
278 527
1 14 2
643 686
1 10 2
52 787
1 2 2
60 160
1 6 2
132 434
1 4 2
445 377
1 15 2
754 293
1 10 2
471 224
1 11 2
447 53
1 6 2
99 758
1 4 2
29 656
1 3 2
156 250
1 13 2
260 687
1 12 2
595 196
1 6 2
266 85
1 5 2
647 15
1 9 2
672 330
1 11 2
54 177
1 8 2
391 469
1 14 2
542 564
1 15 2
221 642
1 3 2
661 491
1 12 2
395 497
1 13 2
91 244
1 10 2
534 713
1 11 2
166 150
1 10 2
414 99
1 11 2
614 370
1 12 2
778 492
1 4 2
393 424
1 3 2
791 598
1 7 2
750 702
1 11 2
496 561
1 13 2
343 686
1 11 2
509 252
1 6 2
493 588
1 14 2
104 238
1 14 2
124 624
1 2 2
15 201
1 2 2
277 744
1 14 2
475 26
1 13 2
149 539
1 8 2
375 334
1 15 2
323 458
1 9 2
380 653
1 8 2
492 368
1 7 2
395 318
1 2 2
539 685
1 3 2
558 763
1 9 2
482 348
1 15 2
401 530
1 10 2
433 796
1 2 2
482 601
1 7 2
304 314
1 2 2
40 538
1 13 2
652 737
1 15 2
605 163
1 6 2
212 426
1 15 2
373 137
1 12 2
135 106
1 8 2
37 662
1 2 2
489 410
1 7 2
404 90
1 13 2
363 121
1 9 2
592 394
1 13 2
754 721
1 3 2
166 377
1 4 2
579 293
1 12 2
272 571
1 3 2
9 343
1 3 2
610 286
1 10 2
225 67
1 9 2
332 314
1 2 2
499 568
1 10 2
462 114
1 12 2
635 500
1 9 2
519 348
1 2 2
617 182
1 3 2
717 135
1 3 2
7 653
1 5 2
27 526
1 7 2
113 123
1 8 2
159 693
1 7 2
143 221
1 6 2
279 358
1 3 2
340 302
1 12 2
99 550
1 13 2
156 404
1 11 2
80 116
1 11 2
450 82
1 3 2
303 414
1 8 2
28 264
1 14 2
365 736
1 14 2
764 308
1 5 2
367 161
1 2 2
374 318
1 14 2
605 363
1 13 2
506 41
1 14 2
184 655
1 7 2
440 465
1 14 2
309 663
1 5 2
752 346
1 9 2
450 503
1 12 2
470 307
1 3 2
616 780
1 5 2
665 190
1 6 2
719 75
1 7 2
692 598
1 2 2
21 635
1 13 2
59 145
1 12 2
640 78
1 4 2
211 421
1 2 2
776 582
1 2 2
339 342
1 8 2
595 304
1 7 2
340 28
1 15 2
636 57
1 2 2
26 647
1 6 2
555 504
1 15 2
515 27
1 4 2
107 145
1 15 2
715 775
1 15 2
331 425
1 15 2
0 3
1 8 2
304 64
1 14 2
314 80
1 14 2
472 295
1 14 2
723 736
1 9 2
769 796
1 15 2
67 42
1 2 2
783 787
1 3 2
372 723
1 7 2
101 717
1 14 2
271 50
1 9 2
639 630
1 6 2
638 1
1 10 2
601 643
1 8 2
435 600
1 14 2
183 588
1 11 2
516 299
1 10 2
582 26
1 14 2
534 616
1 14 2
462 168
1 5 2
397 82
1 12 2
173 134
1 6 2
250 757
1 3 2
56 769
1 2 2
298 39
1 4 2
605 145
1 4 2
80 121
1 3 2
37 106
1 12 2
552 536
1 8 2
724 84
1 6 2
685 643
1 4 2
13 28
1 8 2
596 785
1 7 2
757 378
1 2 2
452 693
1 15 2
721 247
1 10 2
141 253
1 12 2
736 64
1 9 2
544 654
1 14 2
300 656
1 13 2
92 666
1 7 2
110 762
1 15 2
404 347
1 10 2
769 449
1 4 2
764 781
1 15 2
119 213
1 15 2
765 260
1 13 2
558 790
1 10 2
760 157
1 6 2
178 695
1 8 2
33 430
1 2 2
565 314
1 12 2
67 349
1 3 2
241 609
1 10 2
493 773
1 11 2
742 155
1 6 2
506 482
1 11 2
325 108
1 13 2
673 640
1 7 2
672 612
1 4 2
774 576
1 2 2
269 271
1 11 2
160 446
1 9 2
222 258
1 4 2
668 554
1 4 2
775 36
1 15 2
68 462
1 11 2
75 418
1 7 2
483 295
1 8 2
251 751
1 4 2
442 161
1 8 2
315 122
1 8 2
305 105
1 9 2
55 514
1 4 2
653 629
1 14 2
508 511
1 3 2
421 124
1 6 2
796 708
1 6 2
336 24
1 3 2
475 760
1 8 2
579 290
1 3 2
354 385
1 4 2
46 50
1 10 2
379 611
1 11 2
405 277
1 8 2
328 509
1 13 2
489 542
1 10 2
562 180
1 10 2
665 402
1 8 2
670 283
1 3 2
95 673
1 6 2
649 407
1 6 2
583 607
1 2 2
512 324
1 4 2
255 542
1 13 2
103 15
1 7 2
628 52
1 10 2
536 309
1 8 2
122 99
1 4 2
104 198
1 2 2
521 235
1 8 2
320 96
1 2 2
247 584
1 13 2
631 61
1 10 2
758 426
1 11 2
176 414
1 14 2
254 753
1 14 2
51 504
1 3 2
145 19
1 6 2
451 116
1 12 2
146 297
1 2 2
555 341
1 5 2
751 543
1 15 2
757 219
1 5 2
395 714
1 8 2
124 456
1 10 2
499 203
1 3 2
679 134
1 7 2
721 546
1 7 2
130 786
1 11 2
710 479
1 3 2
148 142
1 14 2
661 501
1 4 2
644 465
1 7 2
159 439
1 12 2
438 752
1 7 2
720 537
1 2 2
758 506
1 2 2
17 393
1 8 2
701 597
1 5 2
533 270
1 13 2
776 545
1 9 2
675 123
1 5 2
344 470
1 3 2
747 444
1 4 2
365 409
1 2 2
34 432
1 8 2
429 268
1 6 2
301 757
1 7 2
662 163
1 13 2
63 80
1 14 2
288 665
1 8 2
227 644
1 12 2
39 321
1 5 2
697 757
1 9 2
8 624
1 12 2
160 733
1 2 2
292 402
1 7 2
36 6
1 13 2
784 492
1 15 2
87 75
1 7 2
741 51
1 12 2
244 356
1 4 2
795 321
1 8 2
337 725
1 11 2
167 701
1 13 2
598 264
1 10 2
477 611
1 10 2
118 64
1 10 2
686 722
1 2 2
621 569
1 14 2
585 624
1 12 2
517 262
1 10 2
664 249
1 14 2
111 313
1 5 2
606 390
1 5 2
151 244
1 15 2
766 383
1 7 2
635 181
1 9 2
434 289
1 11 2
766 192
1 6 2
534 390
1 13 2
223 275
1 4 2
551 237
1 9 2
464 109
1 14 2
549 712
1 11 2
378 772
1 15 2
386 689
1 7 2
151 520
1 8 2
14 774
1 4 2
788 756
1 11 2
700 145
1 13 2
391 127
1 7 2
76 742
1 6 2
281 651
1 3 2
191 648
1 7 2
496 631
1 8 2
376 726
1 2 2
322 744
1 5 2
3 411
1 10 2
69 769
1 2 2
362 668
1 11 2
351 58
1 10 2
88 611
1 2 2
534 232
1 13 2
188 233
1 3 2
542 102
1 12 2
119 733
1 9 2
658 430
1 13 2
635 369
1 2 2
549 227
1 11 2
630 350
1 2 2
108 696
1 9 2
216 691
1 9 2
449 319
1 10 2
684 464
1 8 2
279 12
1 10 2
283 154
1 6 2
497 303
1 8 2
462 322
1 7 2
383 427
1 2 2
467 360
1 11 2
597 786
1 6 2
386 427
1 12 2
423 739
1 9 2
558 161
1 6 2
605 399
1 10 2
472 664
1 5 2
71 482
1 2 2
35 312
1 5 2
376 147
1 9 2
197 31
1 8 2
599 650
1 3 2
660 455
1 9 2
778 556
1 13 2
638 340
1 3 2
231 159
1 7 2
473 526
1 4 2
485 391
1 15 2
58 99
1 3 2
61 186
1 8 2
444 131
1 13 2
172 693
1 15 2
639 210
1 3 2
177 647
1 9 2
303 362
1 15 2
643 109
1 7 2
779 52
1 14 2
307 262
1 12 2
214 532
1 13 2
744 346
1 8 2
177 157
1 15 2
472 2
1 12 2
75 294
1 4 2
276 518
1 14 2
693 476
1 6 2
81 550
1 14 2
268 764
1 2 2
487 92
1 7 2
418 111
1 12 2
782 418
1 2 2
661 315
1 11 2
54 188
1 2 2
724 193
1 9 2
659 789
1 10 2
55 639
1 11 2
432 290
1 3 2
375 348
1 6 2
678 656
1 9 2
293 62
1 14 2
199 752
1 3 2
607 150
1 3 2
101 215
1 4 2
331 506
1 12 2
423 304
1 3 2
403 120
1 3 2
626 180
1 7 2
284 199
1 9 2
330 250
1 14 2
254 150
1 5 2
601 457
1 14 2
712 204
1 7 2
358 446
1 12 2
575 578
1 11 2
24 786
1 10 2
468 381
1 14 2
563 746
1 14 2
378 60
1 15 2
197 300
1 13 2
366 523
1 10 2
115 379
1 13 2
549 267
1 9 2
49 672
1 7 2
249 796
1 8 2
2 297
1 15 2
736 699
1 6 2
48 660
1 10 2
480 32
1 12 2
71 657
1 5 2
518 110
1 4 2
766 226
1 13 2
609 612
1 10 2
190 124
1 2 2
734 339
1 12 2
313 613
1 13 2
224 221
1 2 2
239 123
1 8 2
413 29
1 12 2
609 333
1 2 2
729 482
1 12 2
757 37
1 2 2
128 545
1 11 2
118 30
1 10 2
768 744
1 13 2
685 689
1 7 2
642 397
1 3 2
22 257
1 4 2
580 748
1 15 2
786 213
1 14 2
226 380
1 5 2
608 238
1 9 2
608 671
1 10 2
26 5
1 11 2
365 320
1 10 2
393 689
1 8 2
64 49
1 8 2
333 375
1 13 2
365 342
1 13 2
135 775
1 8 2
173 152
1 6 2
98 507
1 4 2
564 473
1 2 2
722 756
1 7 2
112 457
1 6 2
657 589
1 10 2
101 789
1 13 2
188 326
1 6 2
238 374
1 3 2
207 200
1 8 2
53 306
1 7 2
43 694
1 8 2
74 741
1 10 2
141 313
1 13 2
233 357
1 11 2
535 457
1 5 2
530 427
1 2 2
48 600
1 15 2
304 273
1 15 2
671 298
1 9 2
743 435
1 5 2
444 486
1 12 2
199 415
1 12 2
167 595
1 6 2
387 341
1 12 2
170 65
1 7 2
763 288
1 10 2
464 361
1 10 2
402 410
1 6 2
304 105
1 8 2
8 65
1 4 2
430 722
1 5 2
628 680
1 9 2
424 523
1 8 2
458 672
1 14 2
229 425
1 7 2
178 11
1 8 2
7 557
1 13 2
57 178
1 15 2
561 408
1 3 2
52 191
1 9 2
359 337
1 3 2
618 333
1 15 2
177 287
1 3 2
183 324
1 15 2
262 709
1 3 2
357 238
1 12 2
276 333
1 13 2
517 221
1 11 2
292 122
1 7 2
536 767
1 11 2
681 651
1 3 2
653 506
1 10 2
335 304
1 11 2
319 173
1 14 2
686 765
1 9 2
714 373
1 3 2
786 543
1 10 2
703 409
1 7 2
597 149
1 5 2
315 211
1 6 2
113 255
1 13 2
65 229
1 10 2
438 187
1 11 2
621 722
1 8 2
709 554
1 9 2
762 475
1 13 2
331 481
1 10 2
559 111
1 14 2
494 108
1 13 2
288 695
1 10 2
460 434
1 15 2
325 626
1 15 2
511 32
1 6 2
655 691
1 11 2
693 492
1 5 2
465 333
1 4 2
498 110
1 4 2
665 311
1 15 2
437 43
1 8 2
62 798
1 3 2
349 613
1 14 2
129 715
1 11 2
282 790
1 7 2
46 695
1 2 2
717 447
1 10 2
116 550
1 14 2
410 216
1 5 2
654 146
1 12 2
286 328
1 4 2
54 297
1 13 2
472 783
1 2 2
650 284
1 5 2
176 391
1 8 2
556 575
1 14 2
758 536
1 2 2
239 25
1 10 2
725 339
1 4 2
332 297
1 12 2
274 614
1 14 2
134 171
1 2 2
332 375
1 15 2
281 284
1 11 2
166 731
1 13 2
700 446
1 10 2
688 687
1 2 2
46 428
1 11 2
433 530
1 4 2
774 208
1 10 2
657 404
1 10 2
464 617
1 7 2
152 390
1 10 2
601 708
1 12 2
9 123
1 7 2
561 455
1 12 2
197 160
1 7 2
67 60
1 10 2
563 208
1 15 2
91 653
1 14 2
134 282
1 5 2
430 277
1 11 2
748 304
1 2 2
747 608
1 14 2
458 423
1 14 2
538 562
1 11 2
170 485
1 13 2
37 574
1 9 2
460 42
1 9 2
755 48
1 5 2
765 594
1 2 2
287 127
1 10 2
399 132
1 13 2
406 781
1 9 2
209 470
1 9 2
591 622
1 2 2
518 588
1 3 2
96 207
1 10 2
767 678
1 9 2
543 344
1 12 2
688 529
1 10 2
235 486
1 7 2
411 218
1 13 2
704 241
1 12 2
771 751
1 13 2
304 152
1 3 2
144 558
1 13 2
416 549
1 10 2
292 564
1 12 2
6 463
1 11 2
9 188
1 8 2
642 678
1 5 2
379 56
1 8 2
587 639
1 13 2
150 462
1 11 2
131 297
1 3 2
191 428
1 7 2
588 661
1 11 2
689 594
1 4 2
606 113
1 4 2
397 420
1 3 2
299 718
1 2 2
428 697
1 5 2
652 240
1 13 2
72 73
1 9 2
435 483
1 4 2
120 277
1 8 2
305 198
1 10 2
654 368
1 8 2
455 71
1 15 2
160 323
1 9 2
786 395
1 11 2
21 220
1 5 2
110 777
1 14 2
417 172
1 8 2
202 334
1 9 2
286 68
1 2 2
117 512
1 10 2
300 209
1 6 2
449 594
1 15 2
573 424
1 13 2
252 704
1 4 2
30 287
1 10 2
54 736
1 6 2
103 256
1 15 2
439 288
1 7 2
336 516
1 6 2
175 168
1 7 2
748 129
1 15 2
423 454
1 2 2
766 728
1 4 2
479 179
1 14 2
428 119
1 15 2
577 320
1 10 2
55 8
1 9 2
796 798
1 2 2
523 772
1 13 2
493 209
1 6 2
167 56
1 2 2
790 568
1 8 2
411 25
1 12 2
322 727
1 10 2
533 757
1 5 2
724 538
1 6 2
714 162
1 14 2
112 468
1 3 2
733 316
1 13 2
488 30
1 6 2
681 2
1 4 2
181 405
1 7 2
272 694
1 6 2
520 26
1 3 2
344 309
1 5 2
385 774
1 10 2
250 86
1 7 2
349 628
1 3 2
121 183
1 14 2
217 203
1 10 2
527 59
1 8 2
393 468
1 13 2
308 674
1 5 2
230 381
1 5 2
288 302
1 4 2
607 80
1 7 2
97 274
1 9 2
753 686
1 10 2
734 450
1 10 2
545 426
1 5 2
527 725
1 3 2
105 465
1 15 2
404 68
1 9 2
213 310
1 15 2
323 295
1 9 2
265 458
1 6 2
762 351
1 4 2
374 685
1 5 2
155 52
1 11 2
154 105
1 15 2
778 257
1 3 2
485 389
1 9 2
362 641
1 13 2
72 228
1 4 2
630 428
1 7 2
660 668
1 13 2
294 149
1 5 2
302 34
1 5 2
272 268
1 14 2
396 9
1 14 2
724 784
1 12 2
90 65
1 2 2
482 216
1 5 2
181 654
1 8 2
19 168
1 10 2
234 466
1 7 2
607 723
1 7 2
209 93
1 4 2
647 653
1 14 2
471 161
1 6 2
443 425
1 7 2
266 686
1 8 2
272 124
1 13 2
571 717
1 3 2
700 358
1 15 2
630 91
1 3 2
662 93
1 6 2
33 775
1 15 2
667 55
1 2 2
321 272
1 4 2
268 67
1 5 2
66 510
1 3 2
259 331
1 8 2
234 607
1 10 2
16 615
1 8 2
718 430
1 7 2
254 633
1 7 2
215 268
1 9 2
772 457
1 15 2
404 272
1 2 2
586 724
1 4 2
474 727
1 8 2
390 395
1 13 2
238 452
1 9 2
152 652
1 7 2
625 347
1 5 2
188 40
1 12 2
294 82
1 15 2
757 756
1 12 2
616 111
1 14 2
372 6
1 10 2
232 363
1 9 2
244 41
1 12 2
437 5
1 3 2
675 333
1 15 2
153 663
1 14 2
29 600
1 15 2
624 667
1 6 2
262 690
1 15 2
249 8
1 15 2
209 366
1 9 2
422 424
1 14 2
275 9
1 2 2
284 776
1 11 2
746 766
1 6 2
258 577
1 11 2
756 645
1 2 2
738 46
1 15 2
334 451
1 15 2
463 688
1 8 2
399 491
1 11 2
411 635
1 7 2
432 196
1 10 2
740 619
1 10 2
523 673
1 8 2
410 553
1 6 2
302 500
1 7 2
565 90
1 4 2
780 151
1 3 2
38 472
1 3 2
586 563
1 14 2
338 673
1 7 2
652 247
1 13 2
500 133
1 12 2
429 386
1 7 2
709 296
1 2 2
222 754
1 2 2
308 773
1 8 2
534 169
1 15 2
327 202
1 12 2
492 440
1 2 2
274 657
1 11 2
418 15
1 14 2
394 690
1 9 2
406 298
1 12 2
781 602
1 13 2
636 311
1 15 2
194 236
1 7 2
452 139
1 15 2
379 132
1 6 2
185 610
1 12 2
593 781
1 11 2
81 783
1 5 2
360 578
1 11 2
127 609
1 15 2
402 463
1 2 2
530 614
1 2 2
102 165
1 14 2
226 17
1 15 2
706 583
1 7 2
773 66
1 7 2
517 547
1 12 2
391 330
1 14 2
326 2
1 14 2
595 649
1 8 2
378 398
1 3 2
720 228
1 6 2
142 260
1 13 2
640 567
1 4 2
526 612
1 7 2
94 88
1 3 2
316 651
1 15 2
469 666
1 8 2
34 66
1 7 2
76 269
1 13 2
253 317
1 3 2
715 184
1 7 2
436 99
1 4 2
555 672
1 6 2
277 599
1 6 2
751 620
1 12 2
251 651
1 8 2
650 620
1 14 2
27 366
1 15 2
764 733
1 14 2
181 521
1 7 2
454 408
1 2 2
771 511
1 13 2
667 36
1 10 2
721 9
1 8 2
430 775
1 8 2
196 707
1 5 2
668 12
1 3 2
706 781
1 15 2
175 17
1 11 2
736 67
1 15 2
768 233
1 7 2
613 598
1 15 2
339 62
1 14 2
250 546
1 5 2
129 72
1 15 2
654 669
1 8 2
549 413
1 15 2
649 241
1 11 2
283 577
1 5 2
374 786
1 4 2
581 631
1 2 2
318 699
1 14 2
486 797
1 5 2
9 352
1 15 2
376 797
1 13 2
130 392
1 15 2
173 288
1 7 2
1 728
1 7 2
515 533
1 12 2
42 646
1 4 2
618 222
1 6 2
668 539
1 5 2
519 575
1 3 2
137 557
1 9 2
700 183
1 14 2
320 659
1 8 2
382 351
1 12 2
471 24
1 10 2
21 632
1 4 2
143 377
1 8 2
565 568
1 5 2
51 616
1 10 2
746 88
1 5 2
208 664
1 5 2
664 349
1 8 2
508 759
1 5 2
587 343
1 8 2
421 56
1 2 2
527 510
1 11 2
727 73
1 9 2
607 10
1 14 2
730 353
1 7 2
466 598
1 5 2
260 495
1 9 2
104 126
1 15 2
334 314
1 7 2
56 666
1 9 2
536 321
1 8 2
509 238
1 13 2
552 162
1 10 2
319 106
1 12 2
209 337
1 7 2
468 87
1 6 2
446 595
1 15 2
343 672
1 12 2
42 381
1 4 2
125 757
1 11 2
759 768
1 8 2
688 773
1 12 2
408 89
1 6 2
797 97
1 6 2
191 760
1 9 2
327 799
1 5 2
362 199
1 13 2
755 633
1 8 2
513 561
1 12 2
229 703
1 13 2
485 355
1 12 2
361 535
1 14 2
85 139
1 10 2
132 234
1 11 2
709 8
1 6 2
516 304
1 6 2
627 532
1 7 2
263 204
1 11 2
362 212
1 15 2
276 404
1 11 2
237 660
1 5 2
733 562
1 9 2
117 781
1 4 2
704 276
1 3 2
537 584
1 14 2
514 234
1 2 2
231 408
1 5 2
757 479
1 3 2
554 513
1 6 2
780 676
1 7 2
265 483
1 7 2
793 476
1 15 2
377 72
1 12 2
619 708
1 4 2
203 411
1 7 2
507 402
1 10 2
108 299
1 13 2
458 468
1 6 2
211 655
1 13 2
724 605
1 12 2
570 101
1 3 2
611 244
1 5 2
690 443
1 3 2
29 346
1 5 2
353 10
1 2 2
679 735
1 11 2
323 506
1 3 2
307 218
1 15 2
769 35
1 13 2
408 245
1 14 2
662 441
1 7 2
263 56
1 10 2
776 278
1 6 2
394 663
1 7 2
390 59
1 3 2
740 713
1 4 2
377 521
1 15 2
741 775
1 14 2
167 448
1 8 2
770 458
1 2 2
474 127
1 15 2
401 168
1 2 2
457 292
1 6 2
100 56
1 4 2
705 327
1 14 2
189 40
1 4 2
638 540
1 2 2
492 326
1 6 2
465 92
1 2 2
534 775
1 12 2
367 459
1 12 2
753 289
1 9 2
772 445
1 10 2
382 359
1 14 2
400 375
1 10 2
550 36
1 10 2
673 340
1 6 2
540 283
1 6 2
297 489
1 12 2
530 249
1 5 2
93 146
1 3 2
797 233
1 15 2
573 752
1 15 2
464 759
1 3 2
239 451
1 12 2
507 326
1 10 2
269 141
1 11 2
721 614
1 8 2
457 761
1 12 2
221 651
1 6 2
68 115
1 14 2
75 257
1 9 2
717 114
1 4 2
439 373
1 8 2
435 668
1 2 2
7 759
1 2 2
108 275
1 7 2
515 766
1 3 2
299 419
1 9 2
191 233
1 4 2
479 779
1 2 2
694 134
1 11 2
750 670
1 8 2
480 144
1 11 2
251 697
1 11 2
8 605
1 3 2
207 560
1 11 2
614 51
1 11 2
692 676
1 6 2
391 401
1 12 2
709 77
1 5 2
343 363
1 15 2
133 124
1 2 2
83 698
1 10 2
167 326
1 3 2
212 419
1 4 2
495 631
1 10 2
415 108
1 5 2
407 789
1 4 2
748 287
1 8 2
527 660
1 15 2
274 399
1 8 2
408 483
1 3 2
645 12
1 5 2
445 179
1 4 2
595 70
1 14 2
379 793
1 6 2
790 73
1 10 2
453 733
1 8 2
315 274
1 13 2
456 579
1 3 2
567 685
1 4 2
716 380
1 7 2
383 435
1 14 2
569 730
1 13 2
545 70
1 10 2
76 225
1 5 2
80 11
1 5 2
7 180
1 14 2
73 555
1 5 2
551 471
1 4 2
40 275
1 7 2
323 564
1 11 2
172 114
1 3 2
364 687
1 11 2
347 753
1 8 2
254 329
1 12 2
560 514
1 7 2
532 388
1 10 2
586 79
1 2 2
317 757
1 10 2
105 374
1 3 2
327 379
1 2 2
398 11
1 8 2
682 529
1 6 2
630 310
1 8 2
123 303
1 2 2
165 275
1 7 2
242 617
1 4 2
117 344
1 4 2
100 760
1 5 2
339 237
1 13 2
140 519
1 10 2
112 746
1 10 2
572 619
1 7 2
149 165
1 8 2
494 684
1 10 2
47 656
1 14 2
42 369
1 2 2
305 785
1 5 2
628 648
1 12 2
211 420
1 6 2
773 450
1 11 2
247 796
1 4 2
391 416
1 15 2
675 671
1 8 2
566 36
1 9 2
731 556
1 4 2
563 368
1 3 2
556 330
1 9 2
627 431
1 13 2
45 115
1 15 2
352 336
1 13 2
309 70
1 2 2
354 755
1 7 2
37 248
1 2 2
173 39
1 12 2
4 107
1 14 2
48 698
1 8 2
42 302
1 10 2
231 470
1 15 2
347 571
1 4 2
656 711
1 2 2
100 535
1 3 2
395 280
1 14 2
571 210
1 14 2
111 162
1 14 2
162 632
1 14 2
63 745
1 11 2
126 464
1 11 2
440 327
1 10 2
414 762
1 9 2
393 453
1 7 2
467 695
1 11 2
703 398
1 3 2
684 214
1 3 2
477 541
1 4 2
607 420
1 11 2
105 425
1 5 2
533 614
1 8 2
7 627
1 5 2
334 276
1 13 2
30 713
1 6 2
80 471
1 7 2
229 625
1 10 2
508 753
1 9 2
140 322
1 7 2
187 441
1 7 2
590 136
1 6 2
756 631
1 8 2
288 281
1 15 2
446 367
1 14 2
754 343
1 15 2
8 142
1 7 2
692 376
1 14 2
704 184
1 7 2
495 462
1 15 2
609 544
1 5 2
585 742
1 12 2
647 222
1 15 2
682 420
1 4 2
585 392
1 2 2
516 277
1 6 2
621 404
1 9 2
123 652
1 8 2
334 249
1 4 2
42 563
1 15 2
198 177
1 4 2
87 767
1 8 2
364 34
1 2 2
318 38
1 15 2
225 228
1 6 2
462 530
1 10 2
503 684
1 3 2
103 652
1 12 2
615 443
1 14 2
106 145
1 13 2
606 341
1 8 2
435 695
1 10 2
407 35
1 9 2
224 417
1 9 2
645 424
1 13 2
118 12
1 9 2
422 619
1 3 2
713 595
1 3 2
705 253
1 10 2
655 585
1 10 2
612 288
1 8 2
719 82
1 11 2
539 629
1 2 2
179 329
1 11 2
137 30
1 12 2
117 98
1 7 2
779 1
1 7 2
141 118
1 8 2
305 391
1 9 2
588 457
1 13 2
530 154
1 13 2
297 595
1 9 2
282 93
1 4 2
295 711
1 14 2
340 420
1 14 2
587 68
1 9 2
107 122
1 13 2
28 513
1 9 2
68 746
1 5 2
32 614
1 4 2
490 791
1 8 2
34 156
1 15 2
149 247
1 9 2
428 445
1 12 2
465 547
1 4 2
571 471
1 6 2
13 169
1 2 2
32 18
1 13 2
278 594
1 11 2
46 399
1 11 2
252 590
1 9 2
63 767
1 15 2
59 607
1 7 2
594 351
1 15 2
495 58
1 5 2
47 680
1 12 2
499 548
1 6 2
644 178
1 4 2
408 134
1 7 2
383 113
1 11 2
734 374
1 7 2
266 124
1 5 2
401 100
1 2 2
380 425
1 3 2
562 678
1 14 2
126 667
1 14 2
311 317
1 4 2
730 582
1 10 2
30 223
1 3 2
764 8
1 14 2
624 732
1 14 2
762 363
1 6 2
240 23
1 9 2
382 177
1 9 2
607 485
1 7 2
380 582
1 11 2
313 14
1 15 2
276 613
1 6 2
123 4
1 14 2
336 596
1 5 2
295 152
1 14 2
717 98
1 8 2
19 165
1 8 2
87 231
1 3 2
454 274
1 13 2
698 367
1 15 2
333 579
1 13 2
301 447
1 15 2
365 774
1 3 2
740 777
1 2 2
712 649
1 7 2
178 732
1 15 2
592 589
1 11 2
117 149
1 4 2
414 503
1 11 2
761 456
1 13 2
571 46
1 6 2
272 17
1 13 2
381 726
1 12 2
372 587
1 7 2
257 696
1 6 2
54 250
1 9 2
135 487
1 14 2
783 473
1 11 2
275 371
1 5 2
137 236
1 14 2
410 406
1 9 2
667 205
1 14 2
515 203
1 4 2
354 386
1 6 2
608 142
1 6 2
10 165
1 14 2
344 571
1 10 2
543 10
1 13 2
659 234
1 3 2
536 610
1 14 2
211 263
1 15 2
277 721
1 11 2
5 395
1 6 2
38 192
1 13 2
474 353
1 8 2
260 775
1 14 2
772 470
1 4 2
219 230
1 6 2
563 241
1 5 2
682 270
1 11 2
153 147
1 9 2
336 654
1 15 2
138 725
1 6 2
337 669
1 7 2
721 263
1 12 2
136 176
1 6 2
22 530
1 9 2
23 83
1 12 2
168 622
1 4 2
537 761
1 4 2
221 660
1 4 2
213 445
1 14 2
125 738
1 14 2
107 342
1 14 2
211 16
1 5 2
106 133
1 7 2
152 416
1 8 2
581 786
1 8 2
703 179
1 5 2
311 310
1 5 2
78 302
1 13 2
257 512
1 11 2
1 251
1 15 2
686 262
1 3 2
490 648
1 4 2
202 247
1 6 2
256 632
1 15 2
333 779
1 13 2
523 551
1 10 2
228 738
1 11 2
668 384
1 13 2
635 224
1 2 2
581 0
1 11 2
680 186
1 9 2
243 599
1 6 2
275 691
1 11 2
569 530
1 4 2
590 302
1 11 2
762 473
1 10 2
707 70
1 6 2
546 461
1 13 2
33 394
1 6 2
401 681
1 5 2
109 394
1 7 2
422 609
1 15 2
494 321
1 15 2
191 690
1 3 2
386 98
1 10 2
305 155
1 9 2
206 365
1 2 2
261 416
1 11 2
409 517
1 2 2
574 285
1 3 2
655 247
1 11 2
545 593
1 8 2
503 51
1 15 2
70 305
1 14 2
348 150
1 4 2
464 69
1 11 2
205 743
1 2 2
192 141
1 15 2
46 224
1 11 2
232 6
1 14 2
384 765
1 3 2
105 235
1 15 2
8 29
1 4 2
727 259
1 12 2
240 757
1 10 2
59 652
1 7 2
562 350
1 15 2
402 141
1 12 2
654 206
1 11 2
446 21
1 5 2
78 546
1 11 2
132 169
1 7 2
336 226
1 3 2
458 162
1 11 2
489 669
1 6 2
639 67
1 10 2
357 321
1 11 2
85 698
1 13 2
552 103
1 4 2
658 136
1 12 2
82 448
1 12 2
591 468
1 4 2
198 13
1 10 2
716 631
1 5 2
477 174
1 5 2
480 270
1 15 2
480 632
1 2 2
554 737
1 7 2
5 145
1 12 2
674 760
1 7 2
723 508
1 3 2
670 146
1 13 2
733 525
1 2 2
359 563
1 13 2
282 130
1 8 2
365 791
1 5 2
169 609
1 5 2
275 210
1 7 2
719 682
1 10 2
493 227
1 12 2
648 626
1 9 2
169 581
1 9 2
217 375
1 13 2
353 85
1 7 2
82 483
1 12 2
602 144
1 11 2
370 152
1 12 2
718 125
1 2 2
779 586
1 2 2
151 784
1 6 2
38 706
1 13 2
514 589
1 12 2
193 526
1 8 2
113 72
1 2 2
597 495
1 12 2
583 36
1 4 2
463 731
1 2 2
165 730
1 9 2
409 73
1 5 2
754 359
1 4 2
199 379
1 3 2
60 579
1 15 2
163 344
1 12 2
764 235
1 9 2
562 500
1 10 2
156 441
1 2 2
755 764
1 7 2
369 94
1 2 2
230 150
1 8 2
502 226
1 11 2
17 639
1 14 2
226 343
1 3 2
781 509
1 8 2
594 660
1 12 2
155 248
1 11 2
666 161
1 11 2
325 504
1 11 2
500 565
1 4 2
36 746
1 11 2
641 506
1 7 2
409 278
1 13 2
303 107
1 8 2
354 384
1 15 2
421 611
1 5 2
343 710
1 6 2
471 559
1 12 2
396 101
1 11 2
106 563
1 14 2
168 228
1 5 2
340 213
1 8 2
169 660
1 2 2
476 50
1 14 2
504 760
1 4 2
2 18
1 15 2
151 593
1 15 2
639 20
1 4 2
149 557
1 8 2
504 668
1 3 2
173 63
1 15 2
69 280
1 4 2
142 532
1 15 2
258 504
1 4 2
776 613
1 2 2
589 752
1 12 2
314 67
1 12 2
506 409
1 10 2
295 454
1 5 2
493 769
1 8 2
647 603
1 10 2
418 6
1 7 2
457 749
1 12 2
313 552
1 12 2
341 310
1 6 2
134 207
1 15 2
4 670
1 11 2
5 454
1 8 2
264 451
1 3 2
109 379
1 2 2
637 504
1 9 2
377 71
1 6 2
219 523
1 12 2
492 563
1 15 2
320 542
1 13 2
776 462
1 13 2
530 388
1 3 2
101 704
1 5 2
188 773
1 7 2
581 770
1 13 2
203 708
1 5 2
327 132
1 5 2
572 143
1 13 2
428 504
1 6 2
381 425
1 10 2
789 742
1 14 2
105 464
1 3 2
404 420
1 2 2
576 520
1 12 2
345 643
1 15 2
618 699
1 15 2
369 525
1 8 2
74 33
1 8 2
325 326
1 13 2
737 388
1 3 2
677 627
1 12 2
191 94
1 3 2
233 548
1 7 2
399 446
1 9 2
40 755
1 14 2
395 297
1 3 2
161 388
1 7 2
490 544
1 7 2
313 653
1 14 2
3 400
1 10 2
18 158
1 8 2
61 376
1 5 2
639 128
1 4 2
575 307
1 7 2
352 203
1 9 2
36 301
1 7 2
12 639
1 8 2
410 177
1 12 2
41 426
1 14 2
304 465
1 4 2
677 3
1 11 2
712 377
1 9 2
445 792
1 9 2
440 441
1 10 2
754 24
1 14 2
664 101
1 6 2
13 736
1 12 2
209 468
1 14 2
450 155
1 7 2
791 140
1 6 2
89 493
1 8 2
636 17
1 9 2
211 79
1 3 2
67 274
1 15 2
312 737
1 15 2
9 337
1 8 2
514 572
1 2 2
640 390
1 2 2
262 579
1 13 2
729 194
1 6 2
10 616
1 11 2
247 309
1 13 2
434 167
1 4 2
799 126
1 8 2
537 382
1 14 2
78 33
1 6 2
269 102
1 13 2
764 242
1 2 2
426 197
1 7 2
535 716
1 13 2
427 269
1 9 2
146 669
1 4 2
92 480
1 13 2
470 50
1 8 2
468 617
1 12 2
483 547
1 7 2
328 27
1 3 2
362 696
1 2 2
12 84
1 15 2
534 484
1 4 2
438 240
1 2 2
387 756
1 11 2
155 16
1 5 2
579 47
1 10 2
42 752
1 10 2
467 481
1 3 2
126 221
1 11 2
707 220
1 8 2
641 251
1 13 2
663 145
1 8 2
757 105
1 9 2
561 679
1 10 2
778 348
1 9 2
20 198
1 2 2
223 678
1 2 2
700 754
1 6 2
181 244
1 12 2
560 625
1 11 2
321 666
1 8 2
258 781
1 13 2
468 666
1 5 2
713 181
1 8 2
704 581
1 9 2
444 410
1 4 2
495 128
1 2 2
745 367
1 12 2
767 768
1 14 2
606 141
1 15 2
665 394
1 4 2
199 206
1 11 2
69 614
1 2 2
423 657
1 14 2
419 53
1 15 2
313 580
1 15 2
115 664
1 6 2
13 112
1 4 2
186 696
1 5 2
268 707
1 11 2
346 99
1 3 2
220 466
1 8 2
0 456
1 15 2
686 135
1 9 2
11 403
1 7 2
249 293
1 5 2
461 165
1 6 2
327 628
1 14 2
326 393
1 2 2
735 438
1 11 2
529 428
1 6 2
678 242
1 8 2
560 699
1 12 2
692 174
1 13 2
513 346
1 9 2
210 76
1 9 2
644 774
1 4 2
293 156
1 14 2
84 235
1 6 2
449 189
1 2 2
694 503
1 14 2
81 68
1 12 2
598 589
1 11 2
796 620
1 5 2
606 582
1 2 2
170 309
1 3 2
670 48
1 4 2
312 302
1 11 2
366 330
1 4 2
344 399
1 7 2
586 475
1 5 2
86 224
1 12 2
161 252
1 3 2
427 202
1 2 2
648 85
1 9 2
307 480
1 4 2
234 256
1 11 2
110 144
1 11 2
338 165
1 7 2
520 789
1 10 2
295 438
1 9 2
780 340
1 15 2
242 540
1 4 2
524 511
1 15 2
598 737
1 3 2
727 304
1 13 2
179 341
1 5 2
578 474
1 14 2
200 566
1 2 2
499 410
1 7 2
227 110
1 10 2
89 605
1 13 2
343 182
1 15 2
726 21
1 4 2
314 95
1 12 2
548 615
1 3 2
675 276
1 7 2
348 356
1 12 2
794 723
1 14 2
328 600
1 14 2
565 792
1 5 2
33 609
1 5 2
93 488
1 14 2
168 508
1 15 2
108 32
1 2 2
654 143
1 7 2
787 24
1 14 2
474 501
1 12 2
343 94
1 8 2
20 91
1 4 2
666 9
1 13 2
343 759
1 7 2
318 222
1 7 2
121 381
1 8 2
261 410
1 14 2
549 325
1 12 2
781 465
1 9 2
530 501
1 12 2
335 70
1 5 2
182 365
1 13 2
502 524
1 8 2
239 783
1 6 2
113 698
1 2 2
312 107
1 14 2
177 434
1 15 2
577 590
1 3 2
540 423
1 11 2
258 650
1 5 2
590 54
1 10 2
319 181
1 13 2
700 267
1 9 2
394 371
1 10 2
339 406
1 8 2
537 276
1 12 2
729 370
1 11 2
793 186
1 8 2
730 257
1 5 2
358 100
1 14 2
496 587
1 9 2
704 731
1 15 2
205 34
1 2 2
193 191
1 15 2
203 596
1 14 2
232 693
1 8 2
551 659
1 8 2
576 286
1 3 2
309 577
1 2 2
379 500
1 6 2
201 643
1 10 2
410 560
1 13 2
319 50
1 11 2
506 354
1 9 2
83 160
1 15 2
106 754
1 15 2
70 698
1 3 2
176 422
1 11 2
595 349
1 9 2
434 312
1 7 2
471 144
1 3 2
265 564
1 6 2
653 10
1 11 2
175 166
1 8 2
25 762
1 13 2
204 792
1 2 2
559 471
1 4 2
546 738
1 9 2
577 329
1 3 2
770 733
1 10 2
552 495
1 5 2
553 607
1 5 2
76 169
1 13 2
408 130
1 10 2
193 256
1 12 2
765 348
1 9 2
640 209
1 8 2
70 417
1 9 2
493 564
1 4 2
274 669
1 11 2
32 65
1 11 2
343 26
1 3 2
87 639
1 11 2
632 101
1 14 2
123 194
1 7 2
500 628
1 13 2
397 379
1 15 2
119 47
1 5 2
52 567
1 7 2
231 591
1 3 2
595 428
1 8 2
280 50
1 12 2
453 429
1 9 2
502 603
1 15 2
357 749
1 9 2
407 575
1 8 2
588 287
1 3 2
146 752
1 4 2
393 178
1 2 2
569 52
1 8 2
611 234
1 15 2
65 788
1 13 2
725 78
1 4 2
755 296
1 12 2
504 327
1 8 2
525 718
1 12 2
227 737
1 13 2
540 669
1 2 2
751 229
1 3 2
304 62
1 11 2
102 658
1 10 2
176 539
1 4 2
391 389
1 6 2
540 305
1 14 2
212 494
1 2 2
457 106
1 15 2
691 798
1 5 2
380 147
1 2 2
730 37
1 5 2
47 398
1 8 2
570 757
1 5 2
158 747
1 13 2
497 472
1 11 2
30 455
1 2 2
647 49
1 7 2
281 733
1 9 2
406 240
1 2 2
224 733
1 5 2
685 542
1 15 2
140 159
1 6 2
102 774
1 9 2
187 434
1 5 2
649 516
1 9 2
472 464
1 6 2
466 407
1 4 2
155 598
1 5 2
190 508
1 3 2
77 180
1 14 2
94 610
1 8 2
405 777
1 4 2
486 42
1 14 2
173 718
1 11 2
598 779
1 14 2
416 441
1 10 2
470 284
1 6 2
284 281
1 2 2
158 734
1 2 2
473 320
1 15 2
319 135
1 15 2
13 467
1 8 2
407 548
1 9 2
450 232
1 10 2
45 653
1 10 2
208 520
1 13 2
385 65
1 11 2
439 105
1 4 2
197 608
1 9 2
651 729
1 4 2
665 34
1 4 2
34 518
1 14 2
741 28
1 8 2
122 468
1 11 2
196 544
1 2 2
494 209
1 15 2
6 709
1 13 2
261 478
1 8 2
198 619
1 10 2
177 464
1 10 2
678 460
1 13 2
703 714
1 2 2
217 593
1 5 2
352 512
1 4 2
753 560
1 15 2
535 281
1 13 2
101 608
1 11 2
273 352
1 10 2
350 450
1 15 2
798 88
1 2 2
59 759
1 12 2
687 243
1 8 2
451 696
1 5 2
471 345
1 7 2
152 259
1 13 2
305 352
1 7 2
159 548
1 11 2
178 306
1 12 2
654 280
1 4 2
80 418
1 13 2
641 278
1 2 2
532 45
1 7 2
113 226
1 10 2
436 154
1 10 2
769 353
1 10 2
181 580
1 2 2
799 709
1 12 2
794 150
1 10 2
623 256
1 15 2
770 526
1 15 2
78 60
1 12 2
112 643
1 9 2
106 90
1 10 2
389 157
1 2 2
154 421
1 5 2
201 298
1 12 2
785 287
1 3 2
259 793
1 5 2
615 548
1 12 2
474 33
1 11 2
183 169
1 13 2
497 224
1 7 2
384 501
1 14 2
61 149
1 5 2
325 363
1 8 2
599 711
1 9 2
347 94
1 10 2
245 676
1 2 2
762 43
1 3 2
620 507
1 9 2
372 558
1 9 2
471 341
1 2 2
430 488
1 4 2
606 625
1 15 2
561 80
1 2 2
680 556
1 11 2
253 242
1 10 2
392 456
1 14 2
642 790
1 13 2
38 623
1 13 2
238 686
1 9 2
425 428
1 9 2
341 174
1 13 2
735 695
1 10 2
609 22
1 3 2
748 49
1 6 2
233 8
1 6 2
345 160
1 14 2
366 422
1 3 2
709 701
1 15 2
49 754
1 5 2
328 576
1 2 2
620 693
1 7 2
22 358
1 9 2
69 35
1 8 2
765 194
1 14 2
296 652
1 6 2
591 783
1 4 2
680 660
1 8 2
798 682
1 15 2
69 684
1 7 2
538 305
1 3 2
695 657
1 5 2
118 611
1 6 2
645 528
1 13 2
247 184
1 15 2
241 17
1 10 2
148 290
1 14 2
426 570
1 9 2
481 622
1 8 2
78 712
1 9 2
493 766
1 12 2
496 686
1 14 2
451 666
1 6 2
131 455
1 6 2
627 9
1 7 2
690 579
1 8 2
519 224
1 14 2
104 416
1 12 2
310 185
1 13 2
258 762
1 12 2
643 758
1 12 2
788 154
1 3 2
709 294
1 11 2
172 675
1 8 2
226 187
1 2 2
289 270
1 5 2
103 722
1 9 2
16 8
1 7 2
440 198
1 5 2
510 113
1 3 2
742 634
1 13 2
440 289
1 7 2
334 565
1 13 2
83 507
1 10 2
731 157
1 5 2
740 556
1 10 2
309 299
1 10 2
603 454
1 11 2
282 500
1 15 2
318 415
1 5 2
689 634
1 15 2
276 661
1 11 2
442 345
1 3 2
775 484
1 9 2
401 496
1 12 2
234 790
1 8 2
447 17
1 9 2
296 389
1 8 2
408 513
1 13 2
96 142
1 2 2
447 31
1 12 2
172 582
1 8 2
749 156
1 9 2
689 775
1 13 2
649 563
1 8 2
575 541
1 8 2
4 399
1 2 2
651 777
1 4 2
344 95
1 10 2
632 741
1 13 2
751 717
1 3 2
712 192
1 11 2
754 220
1 11 2
334 251
1 2 2
161 635
1 7 2
447 725
1 4 2
763 441
1 6 2
372 204
1 11 2
628 620
1 8 2
23 251
1 6 2
545 50
1 2 2
351 88
1 10 2
674 327
1 2 2
137 773
1 10 2
372 510
1 5 2
434 568
1 12 2
376 643
1 3 2
696 5
1 11 2
728 27
1 4 2
239 325
1 8 2
361 554
1 9 2
507 494
1 12 2
178 690
1 2 2
735 4
1 6 2
147 710
1 10 2
105 304
1 8 2
134 230
1 7 2
746 320
1 5 2
565 722
1 15 2
30 577
1 12 2
619 277
1 14 2
468 464
1 10 2
187 147
1 11 2
208 270
1 14 2
406 93
1 5 2
142 436
1 13 2
660 519
1 13 2
681 111
1 2 2
113 236
1 5 2
292 543
1 14 2
695 719
1 11 2
187 112
1 7 2
400 595
1 11 2
97 3
1 7 2
352 794
1 4 2
108 377
1 8 2
107 28
1 11 2
515 436
1 2 2
274 425
1 13 2
221 31
1 11 2
587 755
1 2 2
643 366
1 8 2
151 166
1 15 2
33 689
1 13 2
788 75
1 12 2
496 600
1 3 2
259 470
1 11 2
647 105
1 4 2
222 603
1 14 2
430 383
1 2 2
705 36
1 13 2
96 712
1 15 2
330 544
1 14 2
600 596
1 5 2
318 372
1 15 2
310 780
1 4 2
267 574
1 6 2
399 40
1 7 2
527 707
1 3 2
221 411
1 3 2
388 112
1 9 2
122 741
1 11 2
313 77
1 7 2
158 561
1 4 2
400 145
1 12 2
269 375
1 14 2
472 381
1 14 2
111 134
1 3 2
719 436
1 15 2
201 96
1 2 2
539 36
1 9 2
387 583
1 3 2
6 286
1 10 2
291 297
1 11 2
470 628
1 7 2
530 361
1 14 2
453 432
1 7 2
672 677
1 7 2
459 354
1 14 2
274 404
1 13 2
519 368
1 10 2
48 543
1 2 2
381 780
1 9 2
634 760
1 8 2
790 203
1 15 2
419 86
1 9 2
164 440
1 9 2
582 236
1 6 2
572 46
1 4 2
36 248
1 4 2
10 214
1 13 2
778 143
1 5 2
498 424
1 9 2
542 230
1 4 2
624 589
1 7 2
375 32
1 8 2
489 164
1 9 2
225 476
1 9 2
88 511
1 5 2
540 308
1 3 2
7 686
1 9 2
736 772
1 14 2
151 74
1 15 2
560 535
1 13 2
470 288
1 10 2
359 705
1 11 2
790 328
1 7 2
39 442
1 4 2
336 554
1 5 2
166 217
1 14 2
117 295
1 12 2
775 572
1 13 2
226 562
1 9 2
102 27
1 12 2
348 407
1 11 2
217 691
1 5 2
711 769
1 9 2
266 261
1 14 2
341 388
1 3 2
556 374
1 6 2
19 698
1 15 2
633 251
1 2 2
658 621
1 5 2
170 494
1 3 2
17 144
1 3 2
88 119
1 15 2
723 174
1 6 2
609 138
1 12 2
681 34
1 8 2
625 480
1 8 2
753 208
1 11 2
364 306
1 3 2
671 785
1 8 2
21 164
1 15 2
534 363
1 2 2
497 394
1 5 2
255 478
1 2 2
743 749
1 12 2
362 296
1 5 2
258 384
1 6 2
653 616
1 13 2
130 16
1 8 2
90 761
1 5 2
166 81
1 13 2
173 731
1 2 2
70 157
1 10 2
182 680
1 8 2
115 708
1 6 2
355 239
1 8 2
230 447
1 15 2
693 350
1 15 2
145 735
1 2 2
44 772
1 3 2
655 28
1 4 2
366 648
1 15 2
508 71
1 11 2
232 436
1 10 2
512 562
1 6 2
763 790
1 14 2
296 132
1 2 2
517 125
1 4 2
632 164
1 15 2
379 448
1 8 2
26 187
1 10 2
468 433
1 10 2
178 533
1 4 2
342 165
1 9 2
545 113
1 2 2
288 474
1 8 2
667 150
1 7 2
595 287
1 5 2
273 391
1 9 2
497 415
1 15 2
350 735
1 7 2
265 487
1 4 2
201 137
1 15 2
113 121
1 4 2
323 108
1 5 2
267 691
1 14 2
414 219
1 5 2
502 54
1 7 2
342 85
1 3 2
355 262
1 14 2
659 779
1 9 2
142 478
1 11 2
43 506
1 4 2
45 692
1 15 2
497 66
1 13 2
681 781
1 9 2
441 548
1 14 2
224 265
1 9 2
623 116
1 7 2
47 18
1 13 2
325 28
1 15 2
116 268
1 2 2
429 389
1 7 2
97 782
1 9 2
706 475
1 15 2
24 310
1 2 2
407 324
1 13 2
770 533
1 7 2
768 81
1 15 2
423 587
1 2 2
128 104
1 8 2
549 461
1 5 2
395 632
1 15 2
91 432
1 8 2
663 767
1 12 2
282 559
1 15 2
680 210
1 8 2
223 274
1 2 2
202 128
1 10 2
408 662
1 5 2
256 61
1 8 2
504 456
1 11 2
341 790
1 10 2
45 434
1 7 2
786 490
1 6 2
333 390
1 13 2
152 179
1 9 2
65 34
1 12 2
295 76
1 7 2
617 165
1 8 2
425 497
1 10 2
479 169
1 13 2
300 507
1 14 2
112 547
1 11 2
157 668
1 15 2
96 482
1 7 2
607 716
1 14 2
562 112
1 4 2
494 2
1 6 2
343 209
1 12 2
507 469
1 9 2
282 386
1 9 2
118 120
1 15 2
623 727
1 10 2
70 251
1 10 2
776 438
1 5 2
726 729
1 12 2
599 312
1 8 2
339 562
1 3 2
120 145
1 11 2
721 680
1 15 2
238 363
1 3 2
452 587
1 6 2
50 108
1 15 2
9 59
1 2 2
43 752
1 9 2
139 717
1 14 2
22 76
1 10 2
557 25
1 7 2
641 90
1 6 2
361 503
1 15 2
183 203
1 13 2
147 463
1 3 2
526 713
1 10 2
491 136
1 10 2
559 79
1 15 2
10 678
1 15 2
456 559
1 7 2
204 56
1 10 2
776 590
1 7 2
186 752
1 12 2
200 356
1 8 2
131 293
1 8 2
568 461
1 15 2
68 47
1 5 2
663 419
1 13 2
722 711
1 8 2
515 15
1 9 2
507 381
1 11 2
707 794
1 7 2
611 408
1 15 2
426 578
1 13 2
570 678
1 11 2
779 44
1 4 2
316 348
1 2 2
320 676
1 12 2
182 36
1 7 2
302 8
1 4 2
464 180
1 12 2
533 281
1 4 2
796 485
1 12 2
462 696
1 12 2
508 575
1 14 2
352 341
1 13 2
272 149
1 10 2
249 101
1 10 2
125 3
1 14 2
649 281
1 12 2
174 73
1 2 2
335 230
1 5 2
158 12
1 8 2
469 382
1 10 2
258 423
1 10 2
334 504
1 11 2
359 27
1 13 2
379 522
1 10 2
284 356
1 6 2
415 773
1 8 2
796 586
1 8 2
464 235
1 12 2
636 193
1 9 2
151 798
1 11 2
43 773
1 5 2
410 13
1 13 2
211 565
1 2 2
158 334
1 15 2
94 543
1 15 2
662 41
1 10 2
359 646
1 10 2
744 84
1 11 2
449 279
1 6 2
106 785
1 9 2
331 630
1 15 2
752 469
1 3 2
17 778
1 6 2
795 148
1 3 2
278 693
1 9 2
652 290
1 12 2
674 48
1 14 2
334 431
1 13 2
346 765
1 4 2
320 54
1 6 2
114 708
1 5 2
599 730
1 11 2
768 93
1 6 2
111 97
1 5 2
93 195
1 3 2
292 117
1 4 2
451 561
1 2 2
125 134
1 6 2
42 396
1 14 2
635 547
1 7 2
766 190
1 7 2
667 197
1 6 2
186 772
1 7 2
250 680
1 11 2
21 33
1 12 2
356 773
1 7 2
25 121
1 10 2
718 205
1 13 2
701 399
1 15 2
587 512
1 7 2
370 162
1 13 2
612 440
1 13 2
545 161
1 15 2
610 720
1 10 2
176 166
1 6 2
136 352
1 11 2
114 790
1 14 2
14 93
1 7 2
431 750
1 5 2
492 600
1 14 2
635 62
1 5 2
258 503
1 15 2
650 421
1 11 2
48 623
1 15 2
53 489
1 5 2
378 454
1 8 2
453 245
1 15 2
496 711
1 9 2
159 97
1 2 2
505 409
1 7 2
624 652
1 11 2
762 679
1 15 2
271 306
1 5 2
533 511
1 8 2
225 413
1 3 2
199 396
1 8 2
649 206
1 8 2
732 339
1 14 2
34 645
1 10 2
559 367
1 3 2
699 182
1 7 2
458 309
1 15 2
428 190
1 15 2
662 284
1 10 2
572 63
1 3 2
600 760
1 4 2
669 359
1 11 2
352 502
1 11 2
758 10
1 7 2
179 345
1 7 2
76 610
1 15 2
292 583
1 6 2
18 702
1 9 2
104 170
1 6 2
632 411
1 12 2
439 671
1 12 2
386 647
1 12 2
43 632
1 6 2
496 51
1 7 2
6 189
1 3 2
469 795
1 3 2
508 67
1 9 2
210 582
1 6 2
514 646
1 7 2
718 402
1 10 2
27 217
1 15 2
149 166
1 11 2
650 183
1 2 2
159 54
1 14 2
77 346
1 2 2
6 207
1 2 2
5 698
1 11 2
544 59
1 4 2
497 338
1 10 2
188 264
1 6 2
642 759
1 8 2
677 448
1 2 2
358 241
1 11 2
496 267
1 7 2
791 290
1 11 2
278 136
1 3 2
432 224
1 3 2
49 341
1 4 2
309 315
1 2 2
232 610
1 15 2
294 418
1 3 2
276 21
1 10 2
705 336
1 12 2
435 144
1 2 2
80 523
1 15 2
365 571
1 15 2
369 643
1 14 2
273 161
1 5 2
266 627
1 12 2
464 647
1 12 2
693 137
1 13 2
209 70
1 10 2
319 550
1 3 2
665 169
1 8 2
376 729
1 13 2
765 414
1 3 2
251 758
1 7 2
283 65
1 9 2
162 644
1 4 2
685 24
1 8 2
404 441
1 3 2
213 727
1 8 2
156 553
1 8 2
679 165
1 4 2
619 84
1 7 2
402 55
1 2 2
284 137
1 13 2
435 545
1 9 2
586 163
1 9 2
49 202
1 10 2
624 371
1 8 2
204 567
1 8 2
630 558
1 5 2
279 206
1 8 2
525 676
1 5 2
669 455
1 12 2
241 201
1 7 2
480 745
1 2 2
76 690
1 3 2
375 317
1 15 2
135 460
1 3 2
442 495
1 2 2
420 565
1 13 2
160 481
1 7 2
620 709
1 4 2
397 168
1 11 2
488 537
1 9 2
273 529
1 4 2
321 429
1 13 2
494 343
1 7 2
547 202
1 3 2
84 735
1 3 2
570 515
1 13 2
638 184
1 8 2
38 480
1 13 2
478 378
1 15 2
580 161
1 10 2
99 286
1 10 2
170 457
1 4 2
688 544
1 11 2
29 347
1 3 2
78 458
1 9 2
190 549
1 8 2
283 166
1 2 2
375 458
1 10 2
785 126
1 11 2
203 715
1 2 2
464 285
1 3 2
601 593
1 9 2
691 747
1 14 2
527 782
1 4 2
786 634
1 14 2
673 738
1 4 2
326 244
1 10 2
453 795
1 4 2
18 6
1 10 2
501 235
1 13 2
291 777
1 6 2
157 331
1 4 2
38 447
1 12 2
634 630
1 2 2
749 586
1 5 2
356 232
1 3 2
669 515
1 2 2
695 556
1 2 2
146 664
1 2 2
578 590
1 15 2
183 653
1 9 2
430 288
1 13 2
66 222
1 14 2
404 416
1 10 2
575 785
1 2 2
771 649
1 13 2
568 787
1 2 2
248 500
1 9 2
339 536
1 6 2
289 104
1 7 2
492 512
1 11 2
386 638
1 15 2
756 252
1 11 2
700 96
1 12 2
100 435
1 14 2
710 132
1 12 2
175 557
1 8 2
250 205
1 5 2
52 682
1 3 2
261 101
1 12 2
751 735
1 6 2
140 608
1 3 2
433 529
1 3 2
391 536
1 15 2
612 86
1 4 2
167 391
1 3 2
609 349
1 15 2
27 322
1 8 2
376 542
1 10 2
770 360
1 4 2
420 625
1 8 2
72 427
1 6 2
785 309
1 8 2
24 702
1 14 2
136 542
1 11 2
507 228
1 15 2
634 520
1 5 2
790 470
1 3 2
296 408
1 10 2
793 42
1 7 2
642 597
1 12 2
69 471
1 8 2
272 286
1 3 2
737 358
1 2 2
467 676
1 7 2
239 333
1 9 2
679 509
1 14 2
411 77
1 4 2
655 269
1 9 2
719 690
1 2 2
540 560
1 14 2
242 315
1 12 2
561 700
1 4 2
262 331
1 7 2
166 271
1 11 2
357 610
1 7 2
718 362
1 10 2
118 208
1 8 2
587 170
1 28 2
243 449
1 6 2
247 648
1 16 2
246 700
1 24 2
651 706
1 30 2
287 682
1 20 2
657 722
1 8 2
220 721
1 20 2
659 649
1 16 2
553 701
1 30 2
226 675
1 10 2
335 170
1 28 2
609 643
1 18 2
506 537
1 18 2
365 153
1 26 2
495 208
1 24 2
746 531
