800 4773 2400
15 12 25 6 16 18 23 22 15 12 17 8 25 7 16 17 21 21 11 19 5 6 19 19 13 25 8 17 15 16 5 17 16 9 16 7 13 12 14 24 22 25 18 11 14 21 7 8 12 23 23 22 11 11 13 9 21 5 24 9 9 21 6 14 9 10 8 18 19 9 18 19 6 15 25 11 10 22 23 15 20 24 22 16 25 8 18 22 23 21 9 20 18 12 18 7 12 16 6 19 18 18 6 12 22 7 23 14 17 23 8 14 23 24 16 11 17 6 6 8 20 8 21 9 21 5 8 20 15 6 6 12 12 11 22 12 16 18 23 25 25 24 6 16 25 13 23 11 21 19 14 25 8 7 5 24 6 5 5 25 19 13 14 14 15 18 19 16 25 18 25 12 22 22 7 8 16 19 24 25 15 8 20 25 21 9 20 22 11 9 7 15 20 12 19 19 14 22 21 5 5 23 24 23 7 9 24 17 10 12 24 13 15 20 10 12 6 22 12 24 8 5 23 17 19 11 6 10 25 15 22 18 10 24 7 22 20 22 23 12 11 19 11 18 24 23 13 16 23 19 13 8 14 9 15 15 20 23 6 24 25 5 22 12 10 24 11 24 17 24 25 6 12 6 15 22 23 23 6 16 8 19 23 14 23 14 25 21 12 10 8 13 5 19 18 17 25 13 7 12 16 24 13 24 16 13 5 13 5 13 24 21 16 18 8 12 24 15 22 12 19 21 20 25 15 20 12 17 7 18 19 15 23 10 22 24 23 25 9 22 16 11 24 25 18 15 23 10 16 25 22 7 6 12 7 15 11 14 5 12 8 24 9 17 10 20 6 17 11 14 9 9 8 10 17 5 14 9 15 19 12 5 24 24 22 9 8 9 13 23 12 12 17 17 14 7 11 15 10 25 22 17 16 25 16 19 18 17 23 21 13 5 16 22 24 6 21 10 7 12 11 17 19 6 13 8 24 21 5 5 12 24 20 8 16 8 15 10 14 14 11 7 6 12 7 14 8 12 12 22 9 10 15 24 25 5 17 5 6 21 16 8 21 23 24 7 9 6 17 20 17 14 17 19 18 20 8 17 12 10 10 18 6 23 23 17 5 20 18 20 16 9 15 18 6 9 19 18 21 15 10 7 12 16 9 10 13 17 7 10 25 23 10 6 20 22 11 23 25 5 8 13 17 15 17 8 6 16 7 5 10 20 21 5 13 25 14 12 16 5 13 25 11 18 7 21 23 13 5 14 13 10 24 21 23 17 10 20 6 14 15 5 22 9 6 11 10 20 7 6 5 24 24 14 17 18 8 21 6 22 19 20 15 18 12 8 22 24 10 9 8 22 8 13 24 16 11 21 21 8 21 21 14 24 12 5 18 25 15 19 11 25 6 5 20 24 5 20 16 25 12 20 17 14 5 8 24 8 23 18 20 19 8 9 11 22 8 13 12 23 20 25 25 5 21 13 9 21 22 10 16 19 17 15 21 18 19 9 14 23 24 11 16 10 8 12 10 6 25 24 12 22 6 25 15 8 10 25 9 18 6 19 22 11 21 17 11 14 8 12 12 14 8 19 7 20 15 7 10 19 14 23 10 21 20 25 11 6 5 21 15 10 20 6 9 13 5 19 6 24 19 18 7 9 23 19 22 12 19 5 7 10 5 20 21 16 21 25 19 15 18 20 14 7 16 22 8 25 17 17 18 14 21 14 21 21 20 13 15 6 24 12 21 25 10 5 21 6 7 20 21 22 14 8 14 16 16 6 15 13 8 16 20 17 19 25 12 19 21 13 24 14 11 11 17 24 7 13 24 12
3 19 6 13 6 18 18 10 10 5 12 16 16 11 20 20 7 5 8 11 13 3 14 4 13 10 15 14 4 3 15 16 9 17 6 8 11 4 18 16 3 18 13 19 20 7 5 9 12 6 18 12 6 15 10 8 7 18 4 15 9 14 9 14 12 17 3 16 19 16 14 3 17 20 4 7 20 20 5 13 9 9 9 3 13 6 12 4 16 11 10 15 20 7 14 5 18 13 12 15 18 10 15 5 5 17 11 18 5 10 17 20 13 13 5 18 10 7 18 8 9 19 4 4 8 9 15 7 6 5 16 7 6 7 20 11 10 13 10 6 8 19 8 3 15 3 5 19 3 19 7 9 19 14 5 13 12 9 13 3 19 11 7 18 18 9 17 13 8 15 4 13 5 5 10 16 6 8 4 15 11 14 18 3 8 5 5 10 8 6 8 3 12 6 16 3 10 16 4 20 7 10 15 13 13 14 6 3 15 11 16 6 16 8 20 3 11 13 11 20 11 18 13 13 17 20 3 19 5 13 3 18 12 19 3 19 17 17 18 12 17 20 12 11 8 9 19 19 10 5 10 4 3 13 20 5 20 10 13 13 6 10 16 13 20 7 18 5 20 4 8 10 11 7 16 6 8 17 8 16 20 14 19 12 20 7 11 3 20 16 13 14 13 19 9 11 19 10 17 11 9 19 10 9 20 10 17 3 17 15 14 12 3 8 15 7 3 19 10 15 3 19 4 12 18 7 4 13 13 4 18 7 20 17 6 16 3 9 5 7 16 6 18 13 5 18 10 3 13 17 10 5 15 18 6 8 16 3 7 16 15 7 3 18 15 11 5 12 8 10 5 16 4 3 16 13 14 15 6 3 3 3 12 4 8 3 18 8 6 6 16 6 6 19 16 12 11 15 6 11 18 18 16 5 4 9 9 6 11 16 3 12 9 20 19 7 10 13 6 17 6 15 4 4 19 5 15 5 19 7 17 7 10 4 18 19 6 5 12 14 11 20 12 11 18 14 7 13 15 18 12 15 12 15 19 13 9 7 13 16 12 11 7 3 4 13 4 19 14 16 17 15 8 13 4 13 9 12 7 4 8 6 17 8 10 17 13 9 9 3 19 7 3 3 20 15 7 7 11 13 16 6 14 13 11 19 4 10 7 14 9 6 16 6 10 7 10 16 20 12 11 6 15 20 6 7 20 7 13 5 17 16 14 20 6 15 15 17 3 5 15 17 16 8 15 20 5 18 5 10 3 15 14 10 17 4 4 5 9 11 16 7 19 15 8 17 13 14 16 16 7 11 6 19 18 6 14 18 13 13 20 3 16 5 20 17 3 18 7 16 8 15 3 16 15 15 11 5 15 10 17 13 6 6 10 11 4 12 20 15 11 10 9 16 11 10 15 3 10 5 20 9 8 15 3 12 11 17 16 11 16 4 12 18 5 3 18 18 5 13 9 15 17 13 11 4 18 12 5 3 4 5 16 12 6 10 7 17 18 17 18 6 17 13 15 8 18 18 6 12 5 7 12 14 6 4 8 4 11 6 13 11 9 5 4 10 15 11 9 13 9 8 16 6 17 3 17 13 12 17 19 16 12 14 10 16 7 9 4 13 13 20 10 13 12 12 7 4 19 16 11 19 20 14 15 5 5 3 9 17 13 17 14 19 5 18 12 13 6 14 16 5 13 15 13 12 12 7 9 20 9 4 16 7 5 19 4 15 6 3 9 17 4 8 14 17 18 20 12 7 3 10 9 3 15 13 3 16 13 9 5 20 20 14 18 15 3 7 7 11 10 15 16 18 8 7 7 10 15 20
1 11 2
743 472
1 5 2
766 52
1 5 2
217 489
1 9 2
784 570
1 2 2
329 191
1 4 2
421 142
1 14 2
610 118
1 2 2
406 128
1 2 2
606 458
1 15 2
618 281
1 11 2
631 479
1 12 2
91 161
1 10 2
232 502
1 15 2
346 177
1 14 2
9 272
1 11 2
230 299
1 15 2
293 439
1 4 2
769 357
1 13 2
340 91
1 3 2
0 679
1 12 2
516 279
1 6 2
222 9
1 12 2
72 154
1 15 2
174 578
1 14 2
55 615
1 7 2
747 579
1 7 2
94 115
1 7 2
320 145
1 13 2
181 140
1 9 2
513 74
1 13 2
133 678
1 10 2
124 298
1 6 2
293 333
1 4 2
606 657
1 2 2
495 419
1 6 2
658 707
1 2 2
425 235
1 8 2
288 359
1 8 2
697 571
1 11 2
139 292
1 8 2
654 720
1 7 2
656 633
1 8 2
36 487
1 12 2
649 445
1 2 2
74 152
1 12 2
568 204
1 15 2
97 575
1 13 2
178 170
1 2 2
177 129
1 9 2
129 124
1 10 2
507 106
1 10 2
507 728
1 7 2
382 254
1 14 2
456 696
1 8 2
579 69
1 15 2
66 369
1 8 2
521 488
1 6 2
368 206
1 14 2
600 570
1 9 2
648 678
1 15 2
257 386
1 13 2
274 654
1 11 2
379 757
1 11 2
359 23
1 9 2
439 175
1 7 2
297 601
1 6 2
708 303
1 3 2
706 794
1 13 2
552 430
1 3 2
487 286
1 10 2
542 221
1 5 2
230 478
1 4 2
629 403
1 10 2
37 284
1 7 2
277 251
1 8 2
371 92
1 9 2
257 490
1 4 2
35 183
1 12 2
529 180
1 8 2
97 303
1 6 2
408 652
1 5 2
752 11
1 7 2
442 32
1 11 2
335 719
1 14 2
190 515
1 4 2
524 538
1 12 2
209 401
1 14 2
56 719
1 13 2
345 493
1 7 2
245 207
1 13 2
39 133
1 15 2
596 202
1 9 2
202 298
1 12 2
97 488
1 11 2
673 300
1 9 2
121 719
1 8 2
197 242
1 9 2
721 559
1 13 2
369 258
1 8 2
686 764
1 13 2
466 185
1 9 2
191 776
1 13 2
246 514
1 8 2
566 414
1 5 2
479 353
1 3 2
109 430
1 11 2
214 492
1 6 2
165 783
1 15 2
569 562
1 6 2
363 630
1 13 2
550 724
1 9 2
209 692
1 8 2
477 253
1 6 2
773 201
1 2 2
675 795
1 3 2
268 797
1 14 2
280 432
1 2 2
786 73
1 10 2
70 273
1 14 2
123 373
1 7 2
246 517
1 12 2
212 711
1 8 2
339 502
1 5 2
655 611
1 13 2
365 138
1 8 2
183 585
1 11 2
349 317
1 2 2
181 715
1 14 2
276 553
1 11 2
714 477
1 8 2
396 351
1 10 2
548 318
1 10 2
613 367
1 6 2
199 54
1 4 2
703 180
1 15 2
276 483
1 9 2
734 555
1 15 2
739 207
1 2 2
99 703
1 7 2
693 759
1 15 2
72 552
1 6 2
168 574
1 15 2
513 693
1 14 2
173 629
1 2 2
540 650
1 3 2
412 114
1 10 2
317 242
1 4 2
24 585
1 11 2
641 157
1 15 2
555 232
1 11 2
565 194
1 9 2
616 46
1 6 2
34 414
1 5 2
156 265
1 14 2
495 24
1 12 2
72 557
1 14 2
318 89
1 11 2
86 702
1 14 2
636 312
1 7 2
294 467
1 11 2
27 438
1 4 2
649 250
1 2 2
248 599
1 13 2
606 159
1 2 2
650 213
1 7 2
36 102
1 3 2
724 262
1 15 2
91 179
1 14 2
326 660
1 11 2
713 527
1 5 2
503 640
1 7 2
682 435
1 10 2
60 33
1 14 2
483 193
1 7 2
307 263
1 2 2
463 773
1 2 2
551 111
1 7 2
632 15
1 6 2
121 513
1 8 2
417 509
1 12 2
616 324
1 15 2
274 37
1 12 2
42 318
1 7 2
435 601
1 11 2
207 351
1 12 2
277 683
1 13 2
736 341
1 12 2
332 658
1 2 2
553 53
1 3 2
743 627
1 13 2
141 105
1 4 2
8 29
1 11 2
795 276
1 2 2
9 778
1 10 2
601 725
1 8 2
512 315
1 13 2
250 8
1 6 2
742 564
1 10 2
109 396
1 4 2
534 195
1 11 2
637 774
1 7 2
522 267
1 6 2
545 501
1 13 2
785 255
1 9 2
585 321
1 4 2
588 454
1 7 2
725 264
1 11 2
436 467
1 8 2
375 150
1 12 2
276 39
1 8 2
679 588
1 9 2
357 453
1 8 2
267 432
1 3 2
261 753
1 11 2
345 245
1 11 2
605 38
1 4 2
104 164
1 6 2
392 134
1 7 2
785 333
1 8 2
659 720
1 14 2
210 230
1 7 2
440 196
1 15 2
776 392
1 2 2
350 56
1 11 2
711 450
1 4 2
790 115
1 7 2
147 290
1 11 2
79 788
1 14 2
616 116
1 7 2
478 0
1 2 2
786 613
1 7 2
710 10
1 3 2
206 700
1 7 2
667 72
1 9 2
92 9
1 4 2
339 58
1 15 2
361 162
1 7 2
165 378
1 7 2
549 470
1 15 2
165 707
1 7 2
164 300
1 11 2
565 616
1 3 2
366 143
1 10 2
190 120
1 2 2
511 10
1 15 2
746 453
1 15 2
513 668
1 5 2
439 334
1 6 2
424 335
1 10 2
200 305
1 3 2
93 718
1 2 2
786 263
1 2 2
248 692
1 11 2
708 181
1 5 2
353 167
1 8 2
148 108
1 13 2
223 39
1 14 2
69 45
1 7 2
781 707
1 11 2
101 481
1 9 2
253 143
1 2 2
559 176
1 15 2
411 588
1 10 2
660 341
1 3 2
596 672
1 3 2
0 344
1 14 2
323 104
1 2 2
225 108
1 8 2
560 288
1 11 2
219 279
1 11 2
483 393
1 2 2
678 697
1 11 2
562 712
1 4 2
605 120
1 9 2
204 659
1 5 2
634 539
1 6 2
279 775
1 11 2
732 795
1 2 2
112 720
1 15 2
616 541
1 2 2
423 697
1 4 2
644 579
1 5 2
690 651
1 4 2
409 29
1 11 2
774 402
1 15 2
196 383
1 8 2
342 315
1 5 2
554 86
1 6 2
537 186
1 12 2
132 319
1 5 2
417 412
1 13 2
110 533
1 9 2
136 397
1 8 2
495 529
1 11 2
595 246
1 3 2
555 553
1 5 2
486 779
1 12 2
15 42
1 14 2
254 439
1 15 2
12 210
1 7 2
297 720
1 9 2
691 572
1 9 2
2 738
1 10 2
330 101
1 15 2
124 149
1 14 2
261 210
1 7 2
68 758
1 3 2
7 33
1 15 2
227 321
1 6 2
89 561
1 12 2
469 299
1 3 2
446 643
1 13 2
0 771
1 8 2
77 288
1 14 2
381 655
1 13 2
610 172
1 8 2
685 717
1 2 2
661 585
1 10 2
527 652
1 13 2
486 791
1 3 2
138 419
1 3 2
655 302
1 14 2
127 93
1 6 2
533 66
1 3 2
51 154
1 3 2
544 721
1 11 2
275 591
1 3 2
724 670
1 13 2
303 578
1 15 2
700 82
1 2 2
774 69
1 2 2
664 249
1 5 2
504 356
1 13 2
222 796
1 8 2
565 211
1 15 2
759 324
1 15 2
740 56
1 13 2
423 442
1 6 2
524 754
1 13 2
670 14
1 8 2
555 373
1 11 2
526 253
1 15 2
505 666
1 2 2
776 327
1 3 2
715 603
1 5 2
444 238
1 11 2
744 641
1 15 2
423 632
1 12 2
679 382
1 6 2
297 246
1 9 2
424 126
1 9 2
709 312
1 7 2
121 760
1 2 2
173 246
1 15 2
195 91
1 8 2
226 582
1 6 2
74 524
1 3 2
538 793
1 12 2
774 561
1 7 2
172 192
1 8 2
500 212
1 11 2
453 188
1 7 2
552 129
1 10 2
147 296
1 9 2
278 700
1 15 2
118 290
1 4 2
342 223
1 11 2
63 470
1 4 2
280 332
1 6 2
303 169
1 3 2
659 739
1 7 2
244 432
1 11 2
238 250
1 12 2
28 740
1 3 2
133 515
1 14 2
644 365
1 8 2
617 646
1 13 2
46 680
1 13 2
534 462
1 5 2
30 109
1 4 2
125 78
1 7 2
663 46
1 3 2
259 567
1 10 2
393 160
1 15 2
723 478
1 10 2
159 287
1 14 2
139 603
1 8 2
204 521
1 13 2
563 238
1 8 2
21 253
1 11 2
593 772
1 5 2
363 765
1 10 2
200 28
1 6 2
263 623
1 2 2
29 85
1 9 2
185 201
1 15 2
636 202
1 14 2
506 381
1 10 2
299 123
1 6 2
742 507
1 10 2
779 572
1 4 2
271 29
1 4 2
483 142
1 10 2
480 41
1 12 2
554 19
1 14 2
442 490
1 7 2
576 51
1 12 2
434 102
1 4 2
89 435
1 3 2
150 572
1 7 2
364 659
1 10 2
153 377
1 11 2
293 322
1 12 2
309 184
1 6 2
49 386
1 3 2
226 422
1 11 2
164 384
1 12 2
348 287
1 14 2
792 299
1 5 2
456 710
1 4 2
9 66
1 10 2
726 769
1 4 2
668 261
1 13 2
537 696
1 7 2
560 180
1 12 2
524 466
1 6 2
101 589
1 2 2
273 627
1 15 2
384 474
1 11 2
755 24
1 3 2
738 478
1 3 2
453 272
1 7 2
790 262
1 9 2
44 637
1 5 2
119 722
1 11 2
131 787
1 9 2
41 315
1 12 2
299 0
1 12 2
470 46
1 10 2
266 543
1 15 2
438 666
1 12 2
396 702
1 8 2
452 332
1 4 2
696 71
1 4 2
78 64
1 6 2
435 786
1 12 2
428 343
1 13 2
301 10
1 3 2
653 735
1 14 2
235 132
1 7 2
230 171
1 15 2
169 273
1 3 2
629 451
1 3 2
686 19
1 4 2
112 544
1 2 2
157 675
1 7 2
767 136
1 2 2
267 522
1 11 2
704 438
1 14 2
133 421
1 10 2
704 307
1 12 2
763 718
1 14 2
384 399
1 14 2
337 264
1 13 2
441 284
1 7 2
624 183
1 8 2
672 659
1 15 2
18 650
1 9 2
640 658
1 6 2
697 796
1 6 2
91 674
1 4 2
411 447
1 14 2
470 423
1 5 2
451 261
1 10 2
526 272
1 7 2
748 371
1 5 2
564 635
1 12 2
389 560
1 12 2
704 715
1 6 2
595 668
1 9 2
696 198
1 4 2
176 758
1 5 2
716 393
1 7 2
572 252
1 7 2
248 446
1 10 2
40 147
1 12 2
459 275
1 9 2
651 490
1 10 2
741 448
1 14 2
179 536
1 7 2
579 162
1 2 2
576 433
1 8 2
285 547
1 8 2
447 378
1 11 2
749 92
1 15 2
560 250
1 3 2
230 626
1 2 2
172 324
1 4 2
309 78
1 8 2
305 218
1 5 2
793 784
1 12 2
471 710
1 4 2
246 338
1 9 2
214 187
1 12 2
694 26
1 6 2
49 701
1 10 2
17 313
1 8 2
625 537
1 11 2
646 46
1 8 2
300 404
1 10 2
170 446
1 15 2
756 548
1 2 2
231 61
1 14 2
663 378
1 8 2
532 656
1 10 2
607 324
1 6 2
550 706
1 15 2
93 261
1 15 2
406 666
1 9 2
339 224
1 7 2
95 575
1 7 2
144 586
1 12 2
493 414
1 2 2
542 84
1 3 2
120 332
1 7 2
73 186
1 15 2
719 645
1 6 2
331 64
1 15 2
780 531
1 14 2
24 770
1 5 2
211 563
1 14 2
706 662
1 12 2
31 322
1 3 2
92 493
1 3 2
253 613
1 10 2
530 364
1 6 2
352 303
1 9 2
162 509
1 8 2
274 275
1 3 2
754 782
1 3 2
215 104
1 13 2
526 251
1 11 2
761 407
1 2 2
277 758
1 8 2
489 576
1 15 2
352 394
1 10 2
44 223
1 6 2
26 372
1 9 2
577 610
1 2 2
224 191
1 2 2
560 356
1 11 2
552 596
1 3 2
101 404
1 9 2
664 720
1 13 2
197 383
1 8 2
689 379
1 2 2
185 7
1 13 2
562 353
1 13 2
105 793
1 10 2
391 222
1 3 2
605 82
1 2 2
747 299
1 15 2
590 32
1 9 2
19 751
1 2 2
496 386
1 15 2
523 514
1 9 2
762 267
1 4 2
188 333
1 15 2
122 48
1 3 2
78 622
1 12 2
619 298
1 3 2
798 482
1 11 2
462 527
1 9 2
491 759
1 7 2
461 218
1 14 2
784 606
1 5 2
585 495
1 11 2
748 487
1 11 2
401 623
1 14 2
793 540
1 2 2
629 494
1 2 2
11 318
1 8 2
612 601
1 9 2
731 578
1 10 2
238 207
1 5 2
377 225
1 2 2
714 591
1 10 2
334 236
1 9 2
447 795
1 7 2
737 269
1 11 2
130 778
1 3 2
414 193
1 12 2
540 559
1 15 2
137 764
1 9 2
326 477
1 2 2
796 55
1 9 2
494 428
1 10 2
680 45
1 15 2
450 81
1 9 2
436 545
1 13 2
396 603
1 11 2
543 113
1 14 2
301 525
1 10 2
393 113
1 3 2
399 357
1 3 2
770 495
1 13 2
269 348
1 15 2
726 9
1 7 2
74 326
1 10 2
785 2
1 5 2
613 242
1 14 2
618 65
1 4 2
257 399
1 14 2
425 719
1 6 2
350 599
1 7 2
719 119
1 15 2
725 39
1 10 2
135 52
1 8 2
566 589
1 13 2
657 477
1 11 2
227 24
1 12 2
738 799
1 10 2
741 90
1 3 2
159 368
1 3 2
397 592
1 4 2
569 488
1 5 2
253 303
1 8 2
369 624
1 3 2
683 712
1 15 2
526 29
1 11 2
719 2
1 8 2
597 600
1 6 2
790 574
1 10 2
534 348
1 7 2
97 7
1 15 2
208 180
1 3 2
479 684
1 3 2
407 57
1 14 2
462 124
1 9 2
338 678
1 2 2
219 42
1 5 2
484 102
1 10 2
127 411
1 12 2
293 142
1 8 2
188 736
1 5 2
547 129
1 7 2
95 167
1 4 2
702 260
1 15 2
649 474
1 7 2
723 301
1 9 2
479 63
1 2 2
99 600
1 4 2
282 681
1 9 2
416 755
1 4 2
436 497
1 4 2
701 429
1 4 2
576 158
1 8 2
769 263
1 5 2
476 62
1 12 2
124 541
1 6 2
487 316
1 6 2
732 689
1 6 2
741 527
1 10 2
319 378
1 12 2
376 4
1 2 2
670 633
1 6 2
351 47
1 6 2
337 68
1 14 2
256 184
1 14 2
493 433
1 13 2
379 171
1 4 2
475 572
1 10 2
759 739
1 4 2
750 551
1 5 2
730 181
1 13 2
239 726
1 14 2
692 484
1 5 2
285 407
1 7 2
474 539
1 12 2
33 679
1 13 2
681 672
1 13 2
76 536
1 8 2
648 569
1 7 2
102 33
1 7 2
301 590
1 12 2
206 572
1 14 2
659 333
1 13 2
574 721
1 14 2
418 524
1 12 2
246 494
1 5 2
146 184
1 7 2
123 186
1 4 2
17 345
1 9 2
717 788
1 10 2
469 552
1 4 2
353 456
1 7 2
332 452
1 3 2
3 427
1 15 2
126 86
1 7 2
424 101
1 3 2
650 512
1 6 2
759 575
1 7 2
435 258
1 7 2
590 411
1 2 2
279 780
1 11 2
703 434
1 13 2
557 306
1 13 2
91 735
1 11 2
316 531
1 7 2
786 195
1 6 2
500 460
1 8 2
631 170
1 2 2
453 239
1 4 2
639 540
1 9 2
127 202
1 15 2
202 40
1 3 2
449 102
1 4 2
648 409
1 14 2
202 63
1 8 2
302 670
1 6 2
568 294
1 15 2
599 635
1 7 2
297 761
1 14 2
275 37
1 5 2
321 655
1 15 2
466 25
1 4 2
87 567
1 7 2
742 388
1 10 2
448 366
1 12 2
782 331
1 8 2
64 722
1 3 2
353 116
1 7 2
11 202
1 10 2
572 653
1 5 2
29 545
1 7 2
408 172
1 9 2
677 371
1 11 2
373 585
1 15 2
646 95
1 14 2
72 419
1 4 2
385 216
1 10 2
394 728
1 5 2
333 379
1 5 2
19 468
1 9 2
47 517
1 9 2
105 690
1 11 2
366 765
1 8 2
610 290
1 13 2
362 502
1 10 2
78 730
1 10 2
661 75
1 5 2
8 424
1 2 2
18 675
1 4 2
720 369
1 8 2
538 17
1 8 2
376 319
1 8 2
195 557
1 7 2
288 405
1 11 2
79 350
1 13 2
717 767
1 3 2
434 154
1 5 2
729 492
1 10 2
528 102
1 14 2
29 248
1 5 2
410 343
1 15 2
387 333
1 8 2
165 269
1 8 2
213 704
1 10 2
298 138
1 11 2
628 658
1 14 2
266 769
1 4 2
30 675
1 6 2
324 686
1 9 2
292 795
1 9 2
667 350
1 13 2
460 515
1 11 2
343 116
1 10 2
187 337
1 7 2
152 200
1 3 2
697 747
1 4 2
750 290
1 14 2
482 41
1 12 2
786 577
1 4 2
456 794
1 10 2
116 778
1 5 2
783 234
1 13 2
595 65
1 8 2
469 245
1 11 2
669 69
1 13 2
256 135
1 3 2
343 654
1 4 2
323 430
1 6 2
140 167
1 13 2
366 270
1 6 2
783 553
1 3 2
359 278
1 6 2
284 330
1 5 2
231 212
1 8 2
500 304
1 7 2
533 70
1 4 2
472 108
1 5 2
258 47
1 15 2
286 437
1 5 2
41 722
1 7 2
291 310
1 4 2
55 284
1 4 2
576 292
1 15 2
31 132
1 8 2
465 164
1 7 2
443 75
1 13 2
501 575
1 3 2
302 592
1 7 2
244 364
1 6 2
53 429
1 11 2
714 192
1 4 2
299 235
1 9 2
733 94
1 7 2
613 380
1 8 2
341 790
1 15 2
8 196
1 10 2
321 87
1 12 2
26 519
1 10 2
664 748
1 2 2
487 365
1 12 2
254 391
1 4 2
630 131
1 4 2
644 134
1 3 2
773 420
1 13 2
187 488
1 6 2
321 319
1 15 2
188 515
1 14 2
70 6
1 13 2
310 372
1 13 2
590 626
1 7 2
337 553
1 4 2
98 33
1 9 2
388 547
1 10 2
470 743
1 4 2
455 569
1 12 2
195 599
1 8 2
724 729
1 10 2
519 697
1 13 2
622 466
1 11 2
769 266
1 6 2
561 74
1 8 2
786 560
1 12 2
408 682
1 11 2
222 105
1 4 2
333 385
1 7 2
289 54
1 7 2
515 254
1 9 2
73 29
1 15 2
348 65
1 3 2
441 485
1 10 2
564 502
1 6 2
587 792
1 13 2
270 450
1 11 2
352 262
1 5 2
675 664
1 3 2
603 311
1 7 2
81 666
1 8 2
517 591
1 5 2
403 119
1 4 2
436 592
1 11 2
102 778
1 6 2
781 486
1 6 2
399 382
1 9 2
327 1
1 2 2
614 336
1 14 2
227 94
1 11 2
156 417
1 2 2
706 395
1 12 2
578 668
1 6 2
163 13
1 7 2
650 396
1 13 2
330 513
1 13 2
108 495
1 6 2
322 590
1 9 2
761 631
1 5 2
257 341
1 14 2
719 23
1 6 2
562 766
1 3 2
754 397
1 3 2
52 360
1 13 2
297 417
1 2 2
617 180
1 12 2
7 788
1 10 2
676 4
1 2 2
127 294
1 8 2
416 72
1 4 2
521 10
1 15 2
30 451
1 3 2
637 691
1 2 2
672 375
1 5 2
687 745
1 10 2
350 373
1 8 2
246 347
1 9 2
125 426
1 11 2
20 301
1 8 2
408 433
1 6 2
54 413
1 6 2
405 106
1 12 2
192 731
1 10 2
369 729
1 11 2
254 119
1 5 2
59 386
1 4 2
100 375
1 7 2
575 539
1 10 2
499 486
1 13 2
210 371
1 8 2
490 64
1 7 2
634 799
1 6 2
176 776
1 8 2
450 68
1 6 2
26 191
1 2 2
447 10
1 2 2
703 533
1 14 2
676 644
1 8 2
371 15
1 10 2
777 192
1 13 2
762 580
1 4 2
343 731
1 8 2
288 219
1 14 2
748 206
1 15 2
435 213
1 12 2
2 80
1 12 2
296 436
1 7 2
226 376
1 15 2
413 677
1 10 2
739 245
1 15 2
113 712
1 14 2
317 30
1 9 2
463 310
1 10 2
89 73
1 9 2
276 720
1 12 2
463 325
1 2 2
6 313
1 10 2
791 157
1 7 2
83 620
1 2 2
366 423
1 9 2
333 160
1 10 2
454 545
1 2 2
285 367
1 15 2
22 118
1 13 2
118 545
1 15 2
157 67
1 14 2
502 134
1 8 2
646 662
1 14 2
552 639
1 8 2
601 509
1 7 2
509 278
1 7 2
38 165
1 5 2
563 219
1 15 2
331 194
1 11 2
12 611
1 14 2
566 390
1 6 2
97 538
1 4 2
21 722
1 15 2
421 429
1 8 2
597 87
1 10 2
541 380
1 8 2
73 37
1 12 2
319 262
1 3 2
161 571
1 2 2
694 461
1 15 2
472 337
1 14 2
320 418
1 13 2
574 775
1 4 2
519 559
1 6 2
239 137
1 7 2
240 228
1 13 2
670 373
1 5 2
496 259
1 11 2
72 428
1 10 2
666 658
1 13 2
578 757
1 6 2
181 228
1 11 2
305 636
1 14 2
763 366
1 12 2
400 407
1 4 2
219 518
1 11 2
328 648
1 4 2
650 509
1 12 2
591 699
1 7 2
60 398
1 12 2
73 356
1 12 2
333 600
1 15 2
117 471
1 6 2
251 429
1 13 2
726 697
1 3 2
85 615
1 7 2
364 235
1 3 2
462 147
1 15 2
188 314
1 10 2
616 623
1 3 2
750 525
1 9 2
627 424
1 6 2
498 16
1 4 2
96 337
1 10 2
182 264
1 9 2
758 188
1 3 2
524 47
1 10 2
274 404
1 15 2
231 521
1 12 2
198 461
1 5 2
333 499
1 3 2
197 211
1 5 2
714 649
1 14 2
128 61
1 10 2
249 161
1 3 2
797 64
1 4 2
93 398
1 12 2
766 420
1 6 2
370 639
1 11 2
242 339
1 11 2
786 169
1 7 2
511 614
1 4 2
98 72
1 14 2
775 770
1 9 2
239 466
1 4 2
761 237
1 7 2
195 164
1 6 2
559 696
1 4 2
73 86
1 2 2
627 663
1 9 2
99 202
1 15 2
146 635
1 2 2
559 436
1 8 2
620 207
1 13 2
646 496
1 8 2
481 745
1 15 2
371 540
1 14 2
631 591
1 10 2
439 286
1 12 2
295 643
1 8 2
322 89
1 13 2
341 724
1 13 2
539 171
1 12 2
620 30
1 7 2
226 517
1 12 2
418 598
1 8 2
159 16
1 6 2
143 50
1 11 2
359 28
1 6 2
671 535
1 8 2
786 85
1 13 2
452 61
1 15 2
582 648
1 2 2
437 24
1 2 2
158 761
1 12 2
720 535
1 4 2
249 312
1 14 2
682 574
1 2 2
793 556
1 9 2
216 19
1 5 2
8 670
1 11 2
282 346
1 11 2
320 641
1 10 2
435 785
1 15 2
97 757
1 11 2
715 298
1 2 2
196 747
1 7 2
490 77
1 5 2
481 627
1 7 2
720 619
1 3 2
658 31
1 2 2
248 42
1 7 2
250 646
1 7 2
606 266
1 6 2
698 91
1 12 2
283 484
1 13 2
205 627
1 4 2
357 773
1 6 2
339 458
1 10 2
32 248
1 6 2
383 722
1 11 2
110 342
1 15 2
736 780
1 3 2
717 591
1 4 2
761 222
1 8 2
473 616
1 6 2
547 198
1 10 2
306 148
1 11 2
613 333
1 13 2
390 33
1 15 2
524 536
1 10 2
153 504
1 3 2
363 752
1 15 2
413 320
1 10 2
282 355
1 9 2
362 488
1 9 2
541 190
1 12 2
108 735
1 9 2
154 279
1 14 2
51 787
1 10 2
672 447
1 14 2
680 773
1 11 2
583 208
1 14 2
518 593
1 10 2
84 48
1 7 2
177 13
1 7 2
783 582
1 4 2
159 566
1 7 2
685 589
1 9 2
676 443
1 5 2
90 10
1 8 2
146 489
1 10 2
267 492
1 13 2
608 133
1 4 2
549 229
1 14 2
299 528
1 12 2
780 55
1 11 2
673 522
1 15 2
75 404
1 11 2
596 722
1 6 2
640 634
1 8 2
550 739
1 14 2
72 309
1 10 2
132 160
1 10 2
108 519
1 3 2
111 109
1 15 2
615 456
1 12 2
672 776
1 5 2
495 106
1 6 2
432 763
1 4 2
116 87
1 10 2
195 630
1 15 2
527 155
1 13 2
753 595
1 14 2
387 594
1 13 2
553 401
1 13 2
22 198
1 15 2
406 529
1 4 2
435 792
1 15 2
731 188
1 9 2
175 191
1 15 2
775 293
1 5 2
112 606
1 10 2
418 762
1 3 2
48 59
1 15 2
26 111
1 2 2
220 759
1 13 2
223 720
1 9 2
221 194
1 15 2
224 211
1 9 2
584 791
1 14 2
728 657
1 5 2
293 529
1 9 2
265 671
1 10 2
644 34
1 12 2
99 247
1 13 2
98 94
1 11 2
475 467
1 2 2
328 343
1 14 2
131 537
1 12 2
222 405
1 10 2
16 32
1 13 2
166 188
1 4 2
650 253
1 11 2
762 333
1 8 2
746 115
1 13 2
41 86
1 11 2
265 777
1 12 2
652 734
1 3 2
458 709
1 15 2
759 287
1 9 2
594 0
1 5 2
35 594
1 8 2
443 265
1 11 2
541 700
1 13 2
136 249
1 14 2
565 545
1 7 2
142 89
1 14 2
216 466
1 4 2
160 782
1 10 2
132 139
1 2 2
557 219
1 15 2
543 95
1 11 2
665 162
1 15 2
227 342
1 9 2
312 358
1 10 2
366 47
1 9 2
683 27
1 12 2
481 191
1 7 2
687 91
1 9 2
189 33
1 11 2
9 715
1 5 2
192 104
1 12 2
301 32
1 9 2
518 429
1 7 2
218 384
1 5 2
33 92
1 14 2
716 397
1 4 2
72 131
1 4 2
451 699
1 12 2
578 75
1 2 2
604 326
1 13 2
716 608
1 8 2
38 545
1 4 2
365 575
1 11 2
75 323
1 4 2
7 441
1 10 2
372 152
1 4 2
569 722
1 2 2
117 53
1 3 2
176 432
1 5 2
388 644
1 8 2
247 439
1 3 2
367 743
1 5 2
424 76
1 13 2
93 795
1 14 2
426 323
1 9 2
31 308
1 3 2
239 670
1 6 2
105 652
1 15 2
17 601
1 13 2
763 122
1 14 2
525 478
1 6 2
675 100
1 7 2
602 547
1 15 2
702 771
1 9 2
629 236
1 9 2
703 475
1 9 2
580 576
1 14 2
438 652
1 15 2
339 277
1 13 2
183 101
1 12 2
640 521
1 4 2
468 220
1 13 2
747 758
1 8 2
243 229
1 4 2
475 80
1 15 2
566 398
1 13 2
702 292
1 2 2
174 570
1 13 2
662 751
1 14 2
370 773
1 4 2
340 626
1 14 2
185 27
1 4 2
628 119
1 12 2
217 485
1 5 2
726 125
1 3 2
405 680
1 12 2
522 584
1 9 2
388 490
1 8 2
781 507
1 9 2
656 81
1 14 2
543 692
1 7 2
293 735
1 14 2
275 454
1 5 2
323 137
1 4 2
305 62
1 5 2
419 770
1 3 2
283 756
1 4 2
14 202
1 10 2
623 665
1 10 2
74 346
1 13 2
146 476
1 13 2
6 474
1 10 2
786 129
1 15 2
688 788
1 11 2
54 250
1 8 2
541 745
1 13 2
337 619
1 5 2
20 671
1 6 2
101 479
1 8 2
443 527
1 15 2
751 327
1 6 2
798 90
1 3 2
206 614
1 12 2
587 318
1 15 2
225 651
1 15 2
38 654
1 15 2
536 85
1 7 2
111 584
1 5 2
174 58
1 11 2
376 281
1 10 2
235 542
1 13 2
506 6
1 6 2
594 775
1 15 2
474 571
1 15 2
74 707
1 11 2
798 367
1 12 2
298 215
1 14 2
577 144
1 15 2
441 655
1 2 2
208 609
1 12 2
114 568
1 5 2
755 92
1 9 2
752 377
1 7 2
279 579
1 13 2
459 94
1 15 2
409 261
1 9 2
619 210
1 2 2
751 402
1 10 2
69 531
1 13 2
722 747
1 14 2
324 701
1 15 2
368 147
1 15 2
727 578
1 4 2
367 795
1 15 2
214 444
1 12 2
612 291
1 5 2
316 243
1 4 2
722 56
1 2 2
794 492
1 10 2
678 623
1 8 2
358 697
1 2 2
278 140
1 8 2
473 171
1 14 2
42 768
1 11 2
790 533
1 2 2
478 63
1 12 2
484 518
1 3 2
673 142
1 7 2
190 578
1 8 2
685 720
1 7 2
439 388
1 6 2
757 518
1 8 2
737 658
1 15 2
590 537
1 13 2
498 10
1 6 2
453 694
1 7 2
663 667
1 9 2
604 273
1 2 2
634 374
1 2 2
504 451
1 11 2
583 626
1 14 2
623 371
1 8 2
447 439
1 11 2
203 523
1 14 2
588 491
1 10 2
412 539
1 11 2
580 660
1 11 2
338 429
1 14 2
214 20
1 11 2
713 32
1 15 2
458 360
1 2 2
313 204
1 5 2
729 750
1 2 2
127 334
1 13 2
771 511
1 14 2
174 629
1 11 2
334 150
1 14 2
220 468
1 15 2
531 541
1 5 2
644 687
1 4 2
577 608
1 11 2
417 141
1 3 2
289 32
1 15 2
342 595
1 9 2
74 660
1 15 2
150 102
1 10 2
689 97
1 5 2
639 710
1 11 2
253 458
1 7 2
758 358
1 8 2
223 771
1 9 2
600 733
1 4 2
36 220
1 7 2
218 558
1 13 2
701 200
1 9 2
154 26
1 8 2
116 196
1 3 2
435 13
1 12 2
242 772
1 8 2
303 19
1 12 2
267 420
1 13 2
688 186
1 14 2
285 361
1 6 2
542 550
1 10 2
504 2
1 14 2
544 764
1 12 2
445 300
1 12 2
685 282
1 5 2
93 246
1 6 2
758 403
1 4 2
80 369
1 3 2
79 224
1 5 2
613 206
1 8 2
607 167
1 6 2
129 285
1 12 2
317 494
1 13 2
145 605
1 6 2
370 104
1 8 2
737 31
1 2 2
217 360
1 2 2
340 281
1 14 2
234 22
1 9 2
203 718
1 4 2
56 391
1 12 2
385 634
1 15 2
392 669
1 13 2
492 503
1 10 2
398 113
1 10 2
607 292
1 3 2
115 759
1 3 2
237 547
1 8 2
343 486
1 3 2
245 174
1 5 2
723 384
1 4 2
179 119
1 5 2
408 795
1 7 2
8 166
1 7 2
292 752
1 14 2
766 431
1 13 2
305 99
1 3 2
674 220
1 15 2
506 399
1 13 2
612 690
1 14 2
565 759
1 10 2
673 3
1 12 2
125 759
1 3 2
621 292
1 10 2
487 281
1 5 2
38 375
1 7 2
134 606
1 5 2
605 674
1 9 2
196 562
1 5 2
625 462
1 2 2
218 737
1 15 2
344 688
1 10 2
593 641
1 15 2
799 72
1 12 2
217 322
1 14 2
651 667
1 14 2
477 531
1 12 2
332 289
1 8 2
81 59
1 3 2
277 260
1 2 2
178 24
1 11 2
531 584
1 6 2
123 184
1 13 2
563 608
1 6 2
32 380
1 7 2
246 532
1 6 2
652 153
1 5 2
99 215
1 9 2
231 148
1 8 2
636 239
1 9 2
633 391
1 3 2
111 700
1 14 2
458 485
1 4 2
320 798
1 4 2
602 658
1 10 2
374 785
1 14 2
288 444
1 11 2
172 77
1 12 2
600 338
1 5 2
406 591
1 3 2
84 379
1 6 2
382 128
1 9 2
32 310
1 8 2
31 683
1 5 2
744 429
1 14 2
577 289
1 7 2
381 677
1 4 2
618 298
1 15 2
793 579
1 3 2
530 553
1 13 2
214 181
1 7 2
770 518
1 5 2
734 660
1 7 2
733 282
1 8 2
733 787
1 13 2
85 595
1 3 2
568 435
1 8 2
563 67
1 6 2
500 708
1 15 2
276 261
1 7 2
269 201
1 15 2
140 671
1 15 2
81 377
1 7 2
443 744
1 14 2
701 599
1 11 2
177 784
1 2 2
382 441
1 15 2
270 729
1 4 2
346 793
1 2 2
716 759
1 2 2
250 724
1 14 2
290 425
1 5 2
393 734
1 12 2
47 453
1 7 2
730 122
1 5 2
332 210
1 15 2
469 688
1 3 2
663 684
1 4 2
751 582
1 9 2
306 99
1 7 2
781 349
1 11 2
281 215
1 13 2
715 584
1 5 2
98 508
1 4 2
581 115
1 8 2
14 771
1 4 2
50 89
1 5 2
256 483
1 3 2
639 415
1 4 2
434 411
1 10 2
367 728
1 13 2
215 492
1 10 2
313 186
1 4 2
633 59
1 9 2
416 369
1 2 2
245 565
1 9 2
762 27
1 15 2
58 230
1 12 2
434 417
1 15 2
438 281
1 5 2
738 391
1 8 2
319 281
1 3 2
749 88
1 14 2
341 671
1 3 2
15 291
1 4 2
18 101
1 4 2
453 341
1 2 2
515 554
1 7 2
465 206
1 14 2
716 741
1 5 2
38 181
1 8 2
37 661
1 3 2
193 557
1 9 2
361 446
1 5 2
129 56
1 10 2
332 541
1 14 2
188 223
1 13 2
546 573
1 9 2
243 404
1 3 2
667 273
1 8 2
459 273
1 14 2
103 1
1 9 2
32 536
1 2 2
115 322
1 15 2
246 632
1 15 2
622 99
1 4 2
204 264
1 8 2
514 6
1 4 2
593 253
1 11 2
291 157
1 9 2
612 208
1 4 2
307 201
1 6 2
51 695
1 10 2
176 518
1 13 2
778 572
1 11 2
277 262
1 12 2
441 214
1 4 2
46 272
1 12 2
493 312
1 5 2
447 512
1 9 2
272 449
1 10 2
234 6
1 5 2
300 178
1 12 2
321 419
1 8 2
15 522
1 4 2
112 282
1 3 2
329 437
1 4 2
783 334
1 8 2
160 436
1 2 2
764 197
1 6 2
484 451
1 9 2
141 90
1 2 2
451 436
1 13 2
150 95
1 14 2
96 152
1 14 2
640 704
1 13 2
356 163
1 15 2
693 66
1 12 2
772 641
1 13 2
192 342
1 13 2
774 532
1 2 2
666 133
1 10 2
778 308
1 12 2
610 125
1 14 2
501 743
1 2 2
214 46
1 5 2
564 168
1 4 2
485 578
1 14 2
250 236
1 12 2
444 316
1 10 2
497 155
1 15 2
82 633
1 7 2
708 411
1 13 2
757 712
1 7 2
67 559
1 8 2
353 430
1 15 2
708 160
1 7 2
28 83
1 14 2
433 261
1 3 2
298 734
1 8 2
421 755
1 13 2
180 433
1 9 2
637 458
1 9 2
455 375
1 6 2
633 178
1 3 2
77 748
1 5 2
529 569
1 14 2
348 588
1 15 2
158 584
1 15 2
151 51
1 8 2
714 776
1 11 2
297 604
1 12 2
23 236
1 12 2
51 164
1 6 2
252 441
1 6 2
492 487
1 8 2
772 573
1 12 2
682 667
1 12 2
463 610
1 12 2
462 587
1 15 2
339 446
1 9 2
171 631
1 4 2
695 368
1 13 2
562 224
1 6 2
604 525
1 4 2
464 237
1 11 2
582 195
1 10 2
128 199
1 14 2
225 535
1 9 2
73 213
1 13 2
81 676
1 2 2
687 634
1 7 2
755 567
1 6 2
50 542
1 14 2
53 19
1 5 2
369 149
1 5 2
499 411
1 4 2
510 765
1 7 2
771 169
1 10 2
427 18
1 11 2
275 389
1 13 2
284 406
1 12 2
354 197
1 5 2
304 269
1 7 2
373 750
1 7 2
158 150
1 10 2
36 97
1 12 2
97 381
1 12 2
28 627
1 11 2
625 759
1 3 2
671 434
1 12 2
85 18
1 11 2
78 634
1 3 2
57 666
1 12 2
417 423
1 8 2
153 385
1 14 2
207 771
1 12 2
470 323
1 3 2
93 288
1 11 2
610 141
1 14 2
773 349
1 13 2
67 339
1 2 2
574 5
1 15 2
743 421
1 8 2
793 740
1 5 2
722 408
1 3 2
552 12
1 2 2
576 377
1 11 2
73 117
1 5 2
753 710
1 15 2
150 628
1 7 2
101 114
1 7 2
521 309
1 9 2
762 393
1 14 2
463 391
1 13 2
173 16
1 5 2
695 343
1 5 2
149 198
1 14 2
434 364
1 12 2
244 353
1 11 2
742 269
1 5 2
72 706
1 5 2
779 424
1 10 2
782 59
1 9 2
96 87
1 6 2
2 184
1 3 2
56 771
1 10 2
19 579
1 6 2
525 285
1 2 2
0 289
1 12 2
127 189
1 11 2
71 170
1 8 2
688 289
1 9 2
401 150
1 4 2
697 507
1 3 2
126 100
1 8 2
269 266
1 12 2
295 162
1 3 2
348 307
1 15 2
684 416
1 2 2
345 547
1 7 2
567 90
1 15 2
100 618
1 5 2
108 571
1 3 2
370 35
1 9 2
206 740
1 9 2
443 310
1 12 2
768 655
1 10 2
426 416
1 14 2
535 288
1 9 2
74 106
1 2 2
463 798
1 7 2
642 279
1 5 2
676 204
1 11 2
0 303
1 12 2
511 667
1 7 2
413 431
1 9 2
442 649
1 13 2
29 90
1 7 2
21 67
1 7 2
303 763
1 15 2
365 291
1 6 2
261 323
1 5 2
692 768
1 14 2
68 520
1 8 2
131 598
1 8 2
333 357
1 3 2
124 55
1 13 2
336 299
1 2 2
243 544
1 5 2
400 352
1 10 2
524 535
1 14 2
27 183
1 13 2
233 602
1 9 2
68 407
1 11 2
595 736
1 6 2
693 777
1 2 2
452 244
1 13 2
401 348
1 3 2
367 686
1 6 2
487 723
1 7 2
210 294
1 5 2
631 24
1 2 2
799 772
1 9 2
235 431
1 15 2
670 96
1 13 2
424 173
1 4 2
21 523
1 4 2
165 549
1 2 2
61 106
1 3 2
242 741
1 8 2
566 351
1 6 2
290 512
1 14 2
461 710
1 10 2
237 138
1 5 2
113 459
1 2 2
274 767
1 6 2
755 612
1 9 2
153 259
1 7 2
294 502
1 14 2
615 294
1 12 2
21 795
1 14 2
94 222
1 4 2
268 459
1 13 2
247 144
1 13 2
6 488
1 14 2
729 774
1 14 2
157 32
1 6 2
19 401
1 13 2
83 321
1 11 2
218 170
1 13 2
23 734
1 5 2
35 739
1 11 2
609 414
1 10 2
712 248
1 8 2
38 450
1 9 2
20 539
1 3 2
428 279
1 5 2
45 132
1 2 2
144 241
1 14 2
107 109
1 3 2
367 283
1 8 2
579 612
1 14 2
798 441
1 13 2
31 154
1 10 2
118 688
1 9 2
745 126
1 11 2
69 398
1 6 2
294 72
1 7 2
132 221
1 9 2
255 32
1 2 2
447 356
1 11 2
231 418
1 2 2
188 457
1 4 2
533 361
1 15 2
534 765
1 5 2
550 480
1 3 2
653 149
1 11 2
375 268
1 4 2
639 267
1 14 2
133 206
1 9 2
602 635
1 5 2
736 672
1 5 2
96 689
1 4 2
160 492
1 10 2
338 499
1 9 2
105 543
1 2 2
558 245
1 15 2
703 518
1 5 2
386 619
1 8 2
420 168
1 3 2
755 369
1 14 2
499 153
1 7 2
137 577
1 8 2
653 743
1 4 2
251 426
1 3 2
384 358
1 12 2
80 191
1 2 2
278 620
1 14 2
249 357
1 13 2
497 181
1 6 2
262 602
1 11 2
582 101
1 8 2
306 615
1 10 2
604 437
1 9 2
23 331
1 4 2
529 757
1 4 2
529 752
1 2 2
480 21
1 6 2
795 243
1 11 2
327 151
1 13 2
372 734
1 3 2
245 335
1 3 2
253 692
1 13 2
664 454
1 11 2
792 609
1 9 2
786 516
1 15 2
440 102
1 2 2
653 503
1 4 2
628 650
1 10 2
23 453
1 15 2
719 737
1 9 2
144 81
1 7 2
53 572
1 9 2
411 1
1 5 2
782 311
1 15 2
340 692
1 2 2
305 240
1 11 2
207 180
1 6 2
643 98
1 2 2
11 538
1 4 2
328 103
1 13 2
419 352
1 14 2
621 0
1 12 2
156 293
1 8 2
488 51
1 5 2
247 621
1 12 2
722 771
1 2 2
50 586
1 7 2
570 645
1 6 2
84 70
1 3 2
497 436
1 12 2
28 695
1 7 2
584 172
1 13 2
399 42
1 3 2
751 198
1 4 2
652 609
1 3 2
667 225
1 14 2
523 631
1 2 2
225 347
1 12 2
525 427
1 14 2
658 410
1 7 2
62 337
1 6 2
590 99
1 14 2
45 269
1 9 2
704 488
1 12 2
286 293
1 4 2
135 160
1 13 2
790 130
1 6 2
544 293
1 5 2
621 239
1 4 2
587 379
1 5 2
521 409
1 3 2
298 397
1 15 2
92 419
1 12 2
359 723
1 2 2
575 64
1 3 2
386 195
1 4 2
174 559
1 12 2
412 432
1 6 2
780 462
1 13 2
585 123
1 9 2
12 130
1 13 2
336 739
1 11 2
519 589
1 13 2
722 247
1 8 2
432 74
1 14 2
669 751
1 15 2
592 678
1 3 2
301 440
1 12 2
486 25
1 14 2
627 375
1 12 2
364 180
1 9 2
17 159
1 6 2
12 486
1 11 2
392 30
1 11 2
327 275
1 3 2
562 66
1 2 2
303 675
1 6 2
67 309
1 10 2
652 436
1 7 2
352 382
1 7 2
254 66
1 13 2
375 80
1 9 2
114 287
1 3 2
106 795
1 15 2
617 133
1 5 2
352 123
1 11 2
571 351
1 5 2
739 360
1 9 2
557 328
1 6 2
200 358
1 14 2
228 640
1 7 2
616 593
1 15 2
783 469
1 8 2
653 44
1 10 2
536 168
1 7 2
17 296
1 15 2
617 266
1 5 2
268 412
1 8 2
283 167
1 4 2
470 353
1 13 2
129 589
1 4 2
408 126
1 8 2
797 372
1 5 2
90 178
1 4 2
539 562
1 7 2
456 691
1 8 2
533 124
1 8 2
578 569
1 9 2
555 482
1 11 2
469 175
1 7 2
356 203
1 14 2
337 658
1 10 2
736 156
1 11 2
364 579
1 4 2
244 342
1 4 2
474 320
1 14 2
699 354
1 12 2
334 100
1 15 2
526 561
1 15 2
451 72
1 6 2
278 304
1 2 2
272 52
1 6 2
679 560
1 5 2
616 595
1 9 2
34 387
1 2 2
96 172
1 9 2
265 356
1 14 2
573 746
1 15 2
658 311
1 10 2
277 47
1 15 2
668 792
1 13 2
195 34
1 10 2
244 563
1 11 2
303 791
1 6 2
734 532
1 10 2
352 799
1 12 2
72 537
1 7 2
387 687
1 14 2
385 260
1 12 2
679 26
1 12 2
634 794
1 3 2
797 254
1 7 2
154 65
1 2 2
601 401
1 6 2
52 471
1 4 2
237 161
1 11 2
781 713
1 2 2
285 699
1 13 2
671 140
1 11 2
518 208
1 15 2
794 37
1 2 2
645 68
1 9 2
60 327
1 7 2
269 397
1 14 2
787 715
1 4 2
492 518
1 11 2
604 572
1 12 2
795 251
1 9 2
796 284
1 10 2
793 462
1 4 2
331 221
1 15 2
52 747
1 2 2
344 526
1 10 2
23 37
1 10 2
525 356
1 11 2
682 556
1 12 2
446 98
1 11 2
166 44
1 5 2
298 607
1 4 2
241 697
1 3 2
32 776
1 4 2
436 530
1 4 2
514 275
1 15 2
490 115
1 4 2
70 515
1 10 2
4 179
1 14 2
779 3
1 3 2
641 252
1 8 2
561 757
1 8 2
781 183
1 14 2
367 639
1 13 2
498 13
1 3 2
495 580
1 13 2
466 519
1 13 2
389 405
1 12 2
260 725
1 12 2
284 278
1 5 2
206 294
1 7 2
119 11
1 2 2
708 640
1 2 2
239 704
1 4 2
503 795
1 13 2
164 658
1 9 2
268 294
1 6 2
137 201
1 8 2
661 728
1 5 2
478 75
1 5 2
24 33
1 8 2
535 64
1 9 2
330 508
1 8 2
215 345
1 3 2
47 439
1 11 2
489 122
1 9 2
228 268
1 14 2
176 768
1 15 2
424 680
1 13 2
297 96
1 10 2
103 679
1 13 2
448 787
1 7 2
392 641
1 4 2
269 657
1 8 2
614 285
1 14 2
292 641
1 9 2
400 66
1 7 2
652 278
1 14 2
246 562
1 2 2
208 615
1 15 2
578 265
1 6 2
442 616
1 5 2
175 257
1 8 2
582 242
1 10 2
201 368
1 8 2
749 122
1 4 2
170 262
1 4 2
114 773
1 4 2
727 525
1 15 2
357 80
1 12 2
49 38
1 7 2
699 336
1 6 2
98 308
1 8 2
557 665
1 14 2
118 286
1 9 2
782 735
1 3 2
336 1
1 12 2
228 727
1 11 2
521 155
1 3 2
87 169
1 11 2
393 169
1 11 2
280 188
1 3 2
198 559
1 11 2
343 677
1 9 2
67 180
1 14 2
259 130
1 9 2
288 758
1 13 2
622 575
1 15 2
674 169
1 15 2
325 58
1 14 2
512 768
1 15 2
726 634
1 13 2
748 711
1 4 2
708 312
1 6 2
614 283
1 15 2
364 313
1 6 2
366 435
1 7 2
618 335
1 12 2
319 359
1 13 2
49 80
1 8 2
401 442
1 12 2
113 20
1 9 2
23 576
1 8 2
360 658
1 13 2
402 761
1 13 2
529 658
1 2 2
286 470
1 15 2
732 456
1 14 2
797 719
1 13 2
718 299
1 9 2
652 18
1 8 2
282 48
1 3 2
762 275
1 15 2
232 151
1 6 2
271 607
1 11 2
84 367
1 14 2
198 682
1 15 2
789 745
1 5 2
556 603
1 9 2
789 703
1 5 2
654 423
1 15 2
591 792
1 9 2
200 255
1 7 2
657 530
1 12 2
190 177
1 15 2
34 740
1 3 2
171 697
1 9 2
630 107
1 4 2
770 74
1 11 2
27 433
1 5 2
328 76
1 8 2
736 397
1 14 2
718 230
1 5 2
286 631
1 4 2
485 336
1 4 2
241 53
1 8 2
392 341
1 2 2
564 597
1 13 2
426 782
1 13 2
680 44
1 13 2
694 530
1 7 2
219 796
1 3 2
375 747
1 3 2
10 793
1 11 2
372 353
1 5 2
213 7
1 2 2
149 5
1 8 2
546 783
1 7 2
117 75
1 5 2
707 277
1 7 2
588 248
1 9 2
597 289
1 10 2
301 642
1 11 2
59 558
1 14 2
8 748
1 3 2
106 21
1 15 2
75 342
1 15 2
615 113
1 10 2
122 0
1 2 2
122 147
1 14 2
3 710
1 11 2
542 639
1 3 2
750 718
1 14 2
689 388
1 4 2
595 567
1 7 2
299 128
1 12 2
341 364
1 13 2
50 563
1 12 2
621 439
1 9 2
785 640
1 7 2
255 410
1 10 2
384 447
1 12 2
568 290
1 13 2
484 496
1 10 2
713 2
1 13 2
247 105
1 10 2
9 792
1 4 2
257 384
1 15 2
170 272
1 7 2
387 525
1 14 2
254 686
1 10 2
12 28
1 4 2
396 743
1 6 2
553 655
1 6 2
443 303
1 5 2
799 305
1 9 2
64 590
1 7 2
779 636
1 5 2
703 477
1 15 2
773 455
1 8 2
479 436
1 3 2
751 364
1 8 2
747 131
1 12 2
740 754
1 2 2
234 662
1 5 2
658 673
1 13 2
431 284
1 3 2
523 484
1 8 2
459 755
1 13 2
205 725
1 5 2
597 771
1 15 2
735 55
1 13 2
773 422
1 3 2
427 761
1 10 2
337 328
1 10 2
308 39
1 8 2
147 408
1 10 2
635 722
1 12 2
41 308
1 6 2
18 141
1 15 2
399 69
1 4 2
86 717
1 3 2
640 20
1 8 2
134 600
1 7 2
78 663
1 8 2
707 289
1 13 2
512 708
1 10 2
129 458
1 3 2
118 28
1 8 2
32 377
1 10 2
200 549
1 6 2
76 66
1 10 2
549 74
1 9 2
255 597
1 6 2
230 428
1 13 2
491 243
1 4 2
120 798
1 6 2
367 553
1 2 2
234 106
1 7 2
366 285
1 15 2
312 677
1 9 2
251 398
1 8 2
118 396
1 7 2
444 271
1 15 2
31 381
1 3 2
210 271
1 6 2
256 773
1 15 2
488 370
1 14 2
137 235
1 14 2
656 175
1 11 2
490 483
1 13 2
395 572
1 8 2
374 371
1 13 2
496 186
1 14 2
582 415
1 4 2
700 502
1 13 2
40 113
1 10 2
661 152
1 12 2
690 226
1 7 2
271 477
1 8 2
417 266
1 7 2
623 695
1 12 2
0 355
1 11 2
316 552
1 6 2
751 768
1 12 2
407 669
1 2 2
414 269
1 3 2
459 190
1 14 2
275 182
1 10 2
426 35
1 5 2
265 301
1 5 2
781 290
1 11 2
706 584
1 7 2
11 522
1 10 2
183 86
1 11 2
44 62
1 5 2
299 762
1 2 2
534 399
1 7 2
154 603
1 11 2
620 687
1 10 2
556 786
1 10 2
772 364
1 7 2
661 595
1 13 2
491 603
1 10 2
371 662
1 12 2
473 34
1 4 2
222 553
1 10 2
448 493
1 14 2
263 502
1 10 2
438 213
1 10 2
155 579
1 5 2
394 458
1 13 2
125 429
1 15 2
452 217
1 4 2
363 306
1 5 2
488 527
1 14 2
545 467
1 4 2
788 507
1 15 2
551 520
1 12 2
110 507
1 6 2
742 793
1 11 2
139 502
1 15 2
509 127
1 14 2
428 622
1 2 2
745 339
1 6 2
644 536
1 3 2
299 189
1 13 2
705 113
1 3 2
553 393
1 6 2
281 104
1 15 2
228 56
1 2 2
699 464
1 2 2
134 760
1 12 2
660 21
1 15 2
407 626
1 15 2
760 86
1 15 2
643 576
1 6 2
192 297
1 10 2
101 204
1 15 2
775 27
1 5 2
780 291
1 9 2
660 19
1 7 2
150 212
1 3 2
531 140
1 12 2
68 657
1 2 2
299 441
1 5 2
765 381
1 6 2
126 479
1 5 2
538 182
1 12 2
137 346
1 3 2
15 327
1 10 2
610 359
1 9 2
628 33
1 5 2
743 27
1 13 2
121 231
1 7 2
745 90
1 8 2
311 703
1 14 2
23 253
1 7 2
594 328
1 13 2
128 228
1 5 2
391 486
1 5 2
564 452
1 5 2
792 701
1 11 2
336 20
1 11 2
733 22
1 6 2
371 495
1 7 2
196 143
1 6 2
314 251
1 6 2
67 338
1 10 2
732 121
1 11 2
711 68
1 4 2
660 14
1 10 2
694 240
1 14 2
794 38
1 12 2
406 730
1 8 2
355 663
1 10 2
236 778
1 15 2
531 290
1 11 2
735 781
1 7 2
193 23
1 10 2
675 693
1 2 2
104 287
1 4 2
184 362
1 14 2
174 710
1 14 2
359 255
1 9 2
700 636
1 14 2
705 504
1 5 2
292 285
1 4 2
15 684
1 7 2
238 505
1 6 2
284 151
1 3 2
678 190
1 3 2
593 323
1 15 2
331 746
1 13 2
152 341
1 3 2
625 683
1 9 2
244 29
1 6 2
743 592
1 12 2
66 312
1 13 2
792 19
1 11 2
97 505
1 8 2
377 567
1 10 2
13 166
1 7 2
235 638
1 12 2
160 209
1 10 2
135 143
1 7 2
715 177
1 7 2
749 280
1 10 2
253 21
1 14 2
436 606
1 2 2
461 317
1 2 2
723 639
1 9 2
681 107
1 2 2
419 734
1 3 2
612 790
1 14 2
47 441
1 7 2
494 240
1 10 2
456 509
1 13 2
698 10
1 5 2
487 623
1 6 2
740 313
1 7 2
669 65
1 3 2
199 169
1 11 2
503 223
1 8 2
211 633
1 8 2
646 365
1 2 2
538 226
1 7 2
361 328
1 6 2
159 254
1 15 2
570 141
1 15 2
536 28
1 4 2
732 19
1 12 2
23 431
1 12 2
82 147
1 8 2
43 319
1 6 2
360 191
1 2 2
718 79
1 5 2
223 193
1 10 2
400 243
1 9 2
402 758
1 4 2
214 734
1 7 2
674 154
1 14 2
395 192
1 9 2
471 319
1 8 2
761 520
1 5 2
671 468
1 7 2
54 628
1 13 2
784 214
1 11 2
494 717
1 4 2
541 747
1 13 2
84 328
1 2 2
761 522
1 6 2
630 471
1 5 2
551 650
1 9 2
211 687
1 12 2
120 683
1 14 2
377 743
1 12 2
312 696
1 6 2
214 10
1 10 2
141 618
1 12 2
513 452
1 5 2
715 254
1 7 2
221 377
1 11 2
588 56
1 4 2
30 5
1 3 2
72 104
1 4 2
570 205
1 6 2
166 216
1 5 2
305 409
1 14 2
694 287
1 12 2
193 729
1 2 2
156 545
1 2 2
660 649
1 12 2
548 70
1 6 2
561 285
1 6 2
136 531
1 12 2
626 602
1 10 2
393 287
1 13 2
217 38
1 9 2
726 765
1 14 2
642 528
1 2 2
391 182
1 4 2
366 613
1 5 2
113 417
1 11 2
563 194
1 15 2
265 556
1 2 2
740 4
1 6 2
308 102
1 13 2
510 547
1 4 2
40 741
1 11 2
503 562
1 10 2
250 78
1 5 2
196 411
1 3 2
458 128
1 14 2
743 313
1 11 2
568 432
1 9 2
576 485
1 6 2
31 742
1 15 2
234 52
1 9 2
432 634
1 3 2
474 557
1 2 2
256 478
1 4 2
779 436
1 9 2
351 11
1 15 2
88 649
1 5 2
7 442
1 15 2
571 463
1 6 2
623 411
1 3 2
618 451
1 12 2
355 105
1 6 2
557 167
1 6 2
33 743
1 10 2
136 255
1 5 2
204 166
1 8 2
133 365
1 10 2
680 68
1 14 2
325 762
1 11 2
206 576
1 13 2
673 116
1 7 2
340 114
1 9 2
54 368
1 14 2
714 555
1 5 2
663 743
1 8 2
112 780
1 13 2
432 751
1 4 2
199 232
1 14 2
543 613
1 11 2
664 347
1 10 2
631 143
1 3 2
30 724
1 7 2
509 453
1 7 2
118 349
1 6 2
747 321
1 11 2
685 528
1 12 2
364 562
1 13 2
597 240
1 2 2
130 211
1 7 2
404 192
1 14 2
764 701
1 3 2
611 16
1 3 2
771 507
1 2 2
606 580
1 8 2
28 724
1 2 2
57 471
1 4 2
623 599
1 13 2
176 225
1 4 2
205 123
1 4 2
306 214
1 2 2
654 612
1 15 2
361 7
1 2 2
333 45
1 4 2
762 451
1 14 2
543 697
1 8 2
345 57
1 12 2
281 329
1 8 2
760 316
1 3 2
390 342
1 7 2
581 687
1 14 2
37 440
1 4 2
195 496
1 8 2
514 232
1 2 2
235 228
1 11 2
145 192
1 6 2
97 548
1 13 2
446 433
1 15 2
518 289
1 14 2
722 600
1 15 2
695 103
1 14 2
721 338
1 11 2
512 325
1 12 2
659 779
1 3 2
316 412
1 11 2
709 40
1 10 2
165 393
1 14 2
642 662
1 14 2
775 226
1 9 2
641 571
1 3 2
591 301
1 15 2
713 785
1 6 2
435 80
1 15 2
719 528
1 2 2
499 757
1 14 2
788 157
1 15 2
376 464
1 10 2
409 529
1 13 2
473 353
1 2 2
180 365
1 4 2
332 266
1 7 2
738 548
1 2 2
778 464
1 11 2
149 330
1 12 2
374 84
1 3 2
740 695
1 2 2
105 341
1 14 2
757 465
1 5 2
736 239
1 9 2
766 759
1 15 2
155 225
1 11 2
775 389
1 5 2
172 278
1 2 2
603 128
1 6 2
786 29
1 10 2
480 270
1 6 2
590 345
1 8 2
357 620
1 7 2
495 273
1 13 2
220 144
1 6 2
792 728
1 10 2
576 297
1 4 2
574 748
1 11 2
606 31
1 4 2
118 201
1 14 2
311 106
1 11 2
791 545
1 7 2
332 527
1 6 2
278 619
1 15 2
288 145
1 9 2
370 280
1 6 2
115 561
1 3 2
680 88
1 6 2
242 36
1 7 2
275 641
1 4 2
574 592
1 4 2
36 681
1 8 2
656 104
1 3 2
166 511
1 8 2
267 716
1 4 2
7 256
1 2 2
56 51
1 10 2
539 240
1 5 2
8 522
1 4 2
101 665
1 9 2
704 4
1 5 2
17 187
1 14 2
576 588
1 11 2
201 204
1 15 2
568 411
1 4 2
712 773
1 12 2
548 747
1 8 2
706 9
1 8 2
199 574
1 2 2
328 331
1 5 2
235 791
1 9 2
438 497
1 7 2
380 624
1 3 2
784 576
1 10 2
597 268
1 13 2
186 728
1 13 2
738 490
1 3 2
534 95
1 7 2
238 682
1 4 2
633 433
1 15 2
257 302
1 6 2
452 490
1 6 2
248 394
1 15 2
600 60
1 6 2
266 507
1 12 2
240 640
1 8 2
105 150
1 12 2
44 349
1 10 2
570 218
1 10 2
40 781
1 7 2
72 486
1 13 2
522 118
1 14 2
304 664
1 15 2
752 634
1 10 2
392 3
1 5 2
654 153
1 9 2
304 88
1 5 2
174 528
1 3 2
795 113
1 8 2
619 280
1 5 2
238 649
1 14 2
117 540
1 6 2
270 552
1 5 2
384 190
1 11 2
24 82
1 6 2
283 649
1 12 2
290 600
1 9 2
131 655
1 11 2
212 602
1 5 2
233 103
1 3 2
583 155
1 10 2
361 580
1 11 2
765 617
1 4 2
687 721
1 12 2
22 207
1 14 2
630 643
1 2 2
491 510
1 11 2
133 613
1 11 2
683 633
1 14 2
410 320
1 8 2
93 798
1 12 2
377 782
1 14 2
268 737
1 13 2
22 189
1 6 2
76 238
1 9 2
136 649
1 5 2
394 686
1 4 2
550 540
1 5 2
0 798
1 10 2
791 270
1 7 2
693 623
1 5 2
661 795
1 13 2
560 62
1 2 2
751 794
1 4 2
598 46
1 9 2
572 475
1 9 2
737 684
1 2 2
284 161
1 14 2
502 666
1 5 2
747 667
1 12 2
52 173
1 15 2
623 492
1 13 2
647 300
1 7 2
258 438
1 4 2
410 87
1 10 2
579 669
1 10 2
526 455
1 4 2
310 764
1 4 2
283 17
1 5 2
172 404
1 10 2
752 294
1 2 2
703 214
1 2 2
791 684
1 9 2
424 672
1 8 2
157 667
1 8 2
459 113
1 9 2
775 304
1 3 2
772 496
1 5 2
500 396
1 11 2
452 629
1 6 2
655 556
1 12 2
96 118
1 12 2
101 61
1 8 2
355 103
1 3 2
370 183
1 9 2
231 768
1 11 2
325 129
1 6 2
597 547
1 2 2
159 517
1 3 2
389 320
1 2 2
513 653
1 8 2
430 505
1 8 2
295 515
1 7 2
425 222
1 3 2
542 261
1 4 2
552 416
1 11 2
780 50
1 8 2
406 584
1 14 2
696 501
1 2 2
184 591
1 3 2
757 699
1 9 2
559 205
1 11 2
394 443
1 13 2
542 599
1 14 2
97 722
1 15 2
548 502
1 5 2
43 668
1 14 2
276 662
1 11 2
44 425
1 7 2
161 50
1 3 2
143 786
1 11 2
117 315
1 5 2
254 86
1 3 2
568 147
1 13 2
159 526
1 3 2
396 662
1 9 2
623 734
1 13 2
669 55
1 15 2
574 426
1 5 2
613 784
1 11 2
541 131
1 4 2
176 65
1 3 2
140 331
1 10 2
23 330
1 2 2
20 792
1 11 2
460 382
1 4 2
354 636
1 8 2
698 82
1 9 2
216 503
1 13 2
479 0
1 5 2
235 668
1 5 2
130 122
1 9 2
241 481
1 4 2
571 342
1 4 2
522 756
1 2 2
784 345
1 11 2
326 127
1 6 2
677 622
1 3 2
380 52
1 3 2
149 358
1 6 2
337 374
1 12 2
654 418
1 9 2
664 9
1 12 2
88 552
1 8 2
320 493
1 3 2
570 319
1 2 2
228 309
1 11 2
763 738
1 10 2
63 497
1 2 2
613 678
1 11 2
188 718
1 10 2
647 517
1 15 2
288 776
1 9 2
141 177
1 8 2
318 777
1 4 2
176 644
1 8 2
135 608
1 7 2
234 462
1 3 2
526 726
1 14 2
279 705
1 3 2
586 357
1 15 2
532 666
1 14 2
40 775
1 8 2
727 79
1 3 2
218 87
1 5 2
714 353
1 15 2
779 362
1 6 2
524 320
1 9 2
492 276
1 9 2
133 751
1 15 2
458 267
1 12 2
505 725
1 15 2
368 66
1 15 2
59 467
1 8 2
748 592
1 2 2
318 312
1 12 2
781 66
1 8 2
392 693
1 14 2
334 677
1 5 2
341 42
1 6 2
672 22
1 5 2
147 582
1 6 2
31 490
1 15 2
723 581
1 6 2
101 463
1 5 2
433 725
1 8 2
120 455
1 6 2
405 63
1 6 2
335 69
1 10 2
468 192
1 2 2
84 274
1 9 2
374 533
1 4 2
570 144
1 6 2
188 698
1 15 2
1 355
1 10 2
129 249
1 5 2
119 65
1 4 2
182 657
1 7 2
457 489
1 14 2
590 374
1 13 2
77 48
1 13 2
209 208
1 6 2
527 773
1 4 2
765 551
1 9 2
793 281
1 6 2
37 437
1 8 2
489 1
1 3 2
30 594
1 8 2
383 57
1 8 2
172 532
1 15 2
790 320
1 2 2
597 640
1 7 2
13 474
1 7 2
317 340
1 2 2
593 152
1 15 2
759 662
1 5 2
456 785
1 15 2
733 76
1 6 2
765 581
1 14 2
336 548
1 7 2
233 588
1 2 2
752 226
1 6 2
210 259
1 7 2
750 486
1 5 2
358 660
1 10 2
474 771
1 13 2
78 331
1 6 2
634 377
1 8 2
385 25
1 10 2
35 550
1 7 2
506 779
1 9 2
675 24
1 9 2
190 353
1 12 2
369 177
1 8 2
638 206
1 9 2
317 290
1 5 2
89 780
1 10 2
112 63
1 12 2
578 453
1 5 2
458 424
1 3 2
726 16
1 3 2
74 647
1 2 2
172 527
1 9 2
676 92
1 13 2
718 506
1 2 2
656 548
1 12 2
489 117
1 5 2
676 415
1 4 2
191 730
1 4 2
590 241
1 5 2
715 180
1 8 2
604 683
1 9 2
610 438
1 7 2
681 97
1 13 2
132 344
1 8 2
461 791
1 2 2
284 548
1 15 2
434 523
1 5 2
326 446
1 15 2
425 673
1 2 2
765 341
1 4 2
6 321
1 3 2
136 252
1 8 2
781 276
1 7 2
261 542
1 2 2
128 16
1 12 2
357 440
1 6 2
368 692
1 13 2
44 513
1 6 2
210 563
1 11 2
102 361
1 14 2
423 722
1 9 2
453 352
1 14 2
538 351
1 7 2
328 630
1 10 2
362 407
1 6 2
743 410
1 4 2
444 177
1 6 2
362 293
1 3 2
460 254
1 8 2
783 20
1 12 2
774 583
1 7 2
670 54
1 2 2
597 211
1 5 2
723 404
1 12 2
33 721
1 11 2
488 306
1 2 2
739 122
1 10 2
113 528
1 11 2
120 69
1 5 2
119 31
1 10 2
234 59
1 11 2
599 292
1 8 2
540 431
1 10 2
102 480
1 9 2
550 680
1 15 2
93 578
1 13 2
662 583
1 12 2
708 749
1 4 2
205 120
1 12 2
551 526
1 5 2
98 503
1 10 2
33 116
1 14 2
86 383
1 3 2
30 498
1 12 2
447 90
1 4 2
621 359
1 10 2
225 636
1 15 2
723 402
1 3 2
651 195
1 4 2
101 180
1 12 2
486 5
1 14 2
510 280
1 14 2
260 583
1 5 2
263 374
1 14 2
553 550
1 14 2
37 536
1 14 2
748 265
1 10 2
466 586
1 8 2
301 248
1 8 2
95 702
1 9 2
262 307
1 12 2
479 184
1 7 2
466 435
1 8 2
184 384
1 3 2
62 491
1 14 2
664 116
1 7 2
522 467
1 2 2
355 92
1 3 2
428 82
1 4 2
670 696
1 12 2
579 453
1 2 2
305 113
1 14 2
92 645
1 12 2
116 156
1 15 2
443 212
1 15 2
537 380
1 11 2
149 344
1 11 2
746 577
1 12 2
307 334
1 12 2
416 511
1 15 2
672 754
1 10 2
768 672
1 2 2
190 153
1 8 2
781 498
1 15 2
455 724
1 5 2
304 346
1 15 2
280 486
1 12 2
464 210
1 4 2
134 179
1 3 2
161 234
1 12 2
658 446
1 7 2
280 699
1 4 2
67 85
1 2 2
13 553
1 5 2
635 421
1 5 2
328 369
1 5 2
412 632
1 14 2
334 392
1 7 2
763 125
1 11 2
476 611
1 5 2
446 778
1 15 2
595 572
1 7 2
711 561
1 15 2
537 377
1 11 2
47 565
1 13 2
433 570
1 8 2
476 772
1 6 2
49 458
1 12 2
686 75
1 12 2
682 421
1 10 2
785 162
1 9 2
676 401
1 11 2
154 185
1 7 2
106 244
1 10 2
491 584
1 3 2
414 354
1 6 2
633 748
1 12 2
274 76
1 9 2
74 579
1 15 2
11 480
1 13 2
311 266
1 15 2
493 647
1 5 2
684 718
1 5 2
788 455
1 14 2
185 695
1 13 2
20 553
1 11 2
70 84
1 7 2
168 323
1 9 2
321 385
1 11 2
459 206
1 5 2
494 236
1 10 2
762 106
1 2 2
478 481
1 6 2
73 464
1 12 2
137 342
1 2 2
596 602
1 13 2
110 228
1 4 2
231 765
1 15 2
531 283
1 3 2
49 690
1 3 2
75 127
1 3 2
637 375
1 13 2
118 517
1 15 2
124 545
1 7 2
488 687
1 2 2
368 74
1 9 2
450 398
1 14 2
458 574
1 2 2
101 253
1 15 2
550 96
1 10 2
95 733
1 5 2
571 648
1 9 2
356 103
1 10 2
100 676
1 3 2
112 484
1 7 2
126 266
1 2 2
415 731
1 15 2
342 236
1 15 2
338 184
1 13 2
575 748
1 8 2
709 622
1 6 2
18 561
1 7 2
163 49
1 12 2
487 330
1 14 2
309 240
1 14 2
22 550
1 11 2
21 203
1 3 2
494 303
1 14 2
268 425
1 2 2
192 299
1 11 2
51 382
1 14 2
160 15
1 3 2
161 89
1 4 2
135 693
1 6 2
146 647
1 14 2
475 528
1 6 2
169 448
1 11 2
192 7
1 11 2
32 288
1 6 2
45 798
1 14 2
121 781
1 7 2
391 22
1 11 2
660 325
1 6 2
702 530
1 2 2
365 363
1 12 2
141 111
1 14 2
698 462
1 8 2
617 741
1 8 2
100 639
1 7 2
450 145
1 7 2
32 123
1 4 2
773 515
1 8 2
82 704
1 8 2
390 289
1 8 2
783 376
1 10 2
69 254
1 3 2
729 788
1 6 2
744 530
1 2 2
221 570
1 6 2
114 698
1 11 2
70 682
1 2 2
237 608
1 3 2
522 546
1 9 2
501 478
1 15 2
315 341
1 8 2
513 519
1 9 2
145 408
1 8 2
315 2
1 15 2
772 710
1 10 2
759 740
1 13 2
338 505
1 14 2
650 316
1 7 2
304 420
1 6 2
294 370
1 13 2
318 275
1 8 2
772 719
1 11 2
733 510
1 4 2
407 568
1 10 2
387 741
1 6 2
211 21
1 9 2
189 351
1 9 2
311 568
1 7 2
128 685
1 11 2
18 419
1 8 2
301 303
1 7 2
125 341
1 14 2
588 269
1 14 2
319 375
1 4 2
312 166
1 10 2
625 62
1 4 2
90 220
1 2 2
215 386
1 6 2
393 320
1 8 2
223 345
1 2 2
375 466
1 12 2
611 598
1 11 2
752 365
1 6 2
403 414
1 4 2
246 48
1 4 2
664 16
1 12 2
496 351
1 8 2
97 601
1 12 2
778 651
1 4 2
102 540
1 12 2
180 747
1 7 2
646 324
1 8 2
691 602
1 5 2
721 482
1 15 2
558 444
1 11 2
239 180
1 2 2
368 328
1 5 2
587 552
1 12 2
411 390
1 11 2
455 574
1 3 2
380 274
1 15 2
176 555
1 14 2
390 650
1 4 2
208 347
1 3 2
265 441
1 11 2
519 648
1 15 2
240 219
1 12 2
411 657
1 10 2
87 525
1 9 2
644 653
1 10 2
567 458
1 11 2
389 774
1 4 2
763 153
1 10 2
31 514
1 8 2
439 708
1 15 2
63 126
1 11 2
478 364
1 13 2
571 743
1 8 2
168 159
1 3 2
659 331
1 3 2
97 265
1 13 2
793 309
1 14 2
61 582
1 10 2
259 270
1 7 2
289 503
1 13 2
797 277
1 6 2
239 773
1 10 2
550 545
1 13 2
590 440
1 10 2
67 225
1 11 2
239 479
1 9 2
562 653
1 4 2
646 210
1 5 2
475 404
1 14 2
73 575
1 13 2
572 424
1 12 2
630 532
1 4 2
630 554
1 5 2
636 577
1 5 2
71 754
1 11 2
104 486
1 14 2
749 129
1 10 2
268 477
1 9 2
482 372
1 14 2
243 462
1 6 2
294 576
1 11 2
303 339
1 2 2
334 29
1 3 2
664 209
1 9 2
481 301
1 9 2
573 164
1 4 2
454 590
1 7 2
7 311
1 14 2
186 443
1 14 2
188 231
1 13 2
478 124
1 14 2
404 712
1 12 2
217 326
1 4 2
638 404
1 7 2
279 359
1 8 2
792 251
1 10 2
6 420
1 6 2
500 734
1 2 2
285 466
1 14 2
168 502
1 6 2
233 379
1 13 2
696 265
1 6 2
103 248
1 3 2
239 50
1 13 2
25 482
1 6 2
166 387
1 5 2
715 555
1 11 2
607 263
1 3 2
543 316
1 13 2
713 204
1 15 2
119 374
1 14 2
352 159
1 3 2
408 149
1 8 2
304 542
1 10 2
571 708
1 9 2
683 322
1 11 2
514 208
1 15 2
764 282
1 5 2
742 632
1 10 2
598 256
1 2 2
328 461
1 3 2
378 147
1 10 2
753 736
1 4 2
239 63
1 2 2
410 704
1 3 2
796 686
1 2 2
739 792
1 5 2
611 393
1 13 2
749 145
1 2 2
661 123
1 8 2
114 230
1 14 2
748 203
1 12 2
135 597
1 11 2
31 169
1 5 2
731 507
1 6 2
656 229
1 4 2
661 632
1 11 2
526 19
1 2 2
360 554
1 2 2
304 710
1 4 2
232 447
1 4 2
295 653
1 13 2
128 158
1 2 2
21 456
1 10 2
50 329
1 10 2
388 554
1 13 2
321 82
1 13 2
578 550
1 6 2
391 557
1 6 2
249 680
1 10 2
468 444
1 13 2
265 652
1 9 2
370 554
1 13 2
401 88
1 5 2
759 298
1 2 2
513 788
1 9 2
597 482
1 10 2
74 175
1 14 2
499 292
1 6 2
304 661
1 11 2
522 127
1 3 2
280 633
1 9 2
398 612
1 12 2
792 516
1 13 2
114 601
1 10 2
310 792
1 12 2
541 658
1 8 2
434 645
1 13 2
264 514
1 11 2
92 96
1 14 2
138 277
1 14 2
616 312
1 15 2
378 460
1 2 2
786 755
1 2 2
540 449
1 8 2
4 372
1 15 2
247 3
1 13 2
134 577
1 7 2
739 454
1 7 2
600 456
1 2 2
449 186
1 11 2
154 50
1 7 2
84 770
1 8 2
97 461
1 5 2
719 203
1 5 2
46 392
1 5 2
629 745
1 15 2
188 778
1 4 2
81 648
1 3 2
281 587
1 13 2
88 354
1 14 2
579 402
1 10 2
516 694
1 6 2
20 302
1 10 2
441 75
1 13 2
681 425
1 7 2
39 347
1 10 2
435 634
1 2 2
776 733
1 11 2
792 773
1 13 2
559 720
1 15 2
276 533
1 7 2
273 122
1 10 2
713 591
1 8 2
192 661
1 15 2
175 566
1 13 2
137 768
1 13 2
330 284
1 9 2
217 388
1 10 2
204 44
1 13 2
541 93
1 14 2
342 390
1 15 2
506 387
1 8 2
113 682
1 9 2
101 421
1 8 2
608 304
1 15 2
395 18
1 6 2
593 793
1 2 2
753 214
1 7 2
444 737
1 15 2
91 289
1 2 2
214 226
1 8 2
460 389
1 8 2
508 346
1 14 2
261 398
1 5 2
335 618
1 13 2
586 605
1 9 2
290 758
1 8 2
425 8
1 2 2
710 699
1 8 2
273 654
1 11 2
125 471
1 5 2
57 207
1 7 2
284 179
1 10 2
23 611
1 9 2
119 205
1 11 2
3 773
1 12 2
486 668
1 6 2
243 76
1 8 2
418 240
1 5 2
122 476
1 3 2
73 176
1 10 2
607 744
1 14 2
581 551
1 8 2
124 83
1 4 2
196 658
1 13 2
664 779
1 15 2
246 534
1 2 2
138 432
1 12 2
795 266
1 14 2
345 393
1 12 2
599 744
1 15 2
490 215
1 3 2
232 426
1 13 2
34 60
1 8 2
339 127
1 7 2
570 718
1 15 2
598 712
1 6 2
279 575
1 5 2
52 680
1 3 2
382 82
1 5 2
434 703
1 4 2
237 688
1 13 2
289 729
1 15 2
146 775
1 7 2
383 695
1 4 2
243 713
1 4 2
499 662
1 13 2
297 659
1 7 2
173 672
1 9 2
740 759
1 8 2
139 507
1 11 2
364 458
1 5 2
452 597
1 14 2
795 718
1 9 2
674 458
1 8 2
578 548
1 14 2
592 85
1 6 2
634 411
1 8 2
518 693
1 15 2
752 586
1 9 2
588 172
1 11 2
550 702
1 5 2
330 118
1 15 2
127 605
1 10 2
57 134
1 11 2
7 586
1 5 2
326 798
1 7 2
166 687
1 10 2
61 797
1 15 2
672 23
1 6 2
573 56
1 8 2
279 227
1 14 2
60 585
1 14 2
193 301
1 7 2
772 329
1 7 2
230 777
1 13 2
58 728
1 10 2
307 707
1 4 2
679 290
1 3 2
311 45
1 10 2
195 125
1 11 2
4 523
1 6 2
209 545
1 2 2
361 707
1 2 2
494 217
1 3 2
209 768
1 7 2
784 319
1 6 2
602 94
1 14 2
414 628
1 12 2
355 591
1 2 2
560 172
1 8 2
767 157
1 11 2
640 2
1 13 2
388 770
1 6 2
307 526
1 12 2
217 665
1 13 2
696 358
1 6 2
638 307
1 11 2
464 266
1 14 2
797 282
1 12 2
512 272
1 8 2
191 75
1 9 2
395 46
1 3 2
783 374
1 5 2
402 513
1 5 2
456 99
1 13 2
483 264
1 13 2
394 648
1 7 2
363 41
1 7 2
389 135
1 13 2
172 739
1 2 2
208 176
1 6 2
298 620
1 2 2
747 714
1 14 2
2 626
1 5 2
768 281
1 10 2
506 605
1 8 2
165 396
1 12 2
715 498
1 5 2
394 509
1 14 2
161 174
1 9 2
254 124
1 15 2
36 14
1 11 2
419 721
1 5 2
56 585
1 14 2
272 670
1 11 2
798 116
1 15 2
304 52
1 6 2
163 356
1 13 2
571 512
1 3 2
765 68
1 15 2
33 711
1 5 2
92 314
1 15 2
579 690
1 11 2
326 747
1 6 2
508 149
1 12 2
321 119
1 10 2
377 296
1 12 2
10 767
1 15 2
175 546
1 11 2
710 441
1 3 2
12 587
1 14 2
83 586
1 14 2
222 21
1 8 2
505 598
1 3 2
244 63
1 3 2
434 632
1 12 2
222 775
1 5 2
613 84
1 9 2
325 292
1 12 2
583 621
1 12 2
365 289
1 13 2
39 112
1 4 2
133 475
1 10 2
191 781
1 6 2
357 494
1 11 2
516 381
1 13 2
763 57
1 3 2
206 762
1 11 2
20 267
1 15 2
9 750
1 7 2
641 334
1 7 2
266 626
1 13 2
88 321
1 4 2
480 794
1 7 2
591 418
1 12 2
18 381
1 4 2
265 182
1 5 2
34 666
1 2 2
154 300
1 4 2
120 692
1 8 2
112 274
1 3 2
79 607
1 2 2
150 549
1 7 2
138 140
1 2 2
384 277
1 11 2
388 119
1 10 2
76 97
1 8 2
575 59
1 8 2
154 295
1 14 2
563 134
1 6 2
545 698
1 10 2
625 161
1 12 2
400 690
1 14 2
29 583
1 2 2
160 714
1 13 2
16 328
1 8 2
205 607
1 11 2
466 215
1 15 2
567 270
1 2 2
438 451
1 11 2
637 332
1 4 2
740 161
1 2 2
394 524
1 3 2
734 371
1 11 2
598 739
1 5 2
792 357
1 15 2
55 784
1 15 2
13 291
1 10 2
673 528
1 15 2
103 343
1 6 2
7 477
1 12 2
328 145
1 7 2
224 469
1 12 2
232 39
1 2 2
675 250
1 12 2
391 544
1 10 2
214 674
1 15 2
558 27
1 15 2
603 595
1 14 2
723 798
1 11 2
487 776
1 2 2
757 108
1 13 2
456 350
1 13 2
414 474
1 11 2
386 207
1 14 2
361 394
1 8 2
362 260
1 15 2
87 717
1 11 2
706 165
1 11 2
527 99
1 5 2
391 498
1 11 2
488 291
1 4 2
771 129
1 9 2
545 618
1 5 2
332 159
1 4 2
301 506
1 10 2
223 228
1 11 2
361 21
1 7 2
378 704
1 14 2
115 675
1 8 2
586 672
1 7 2
541 164
1 13 2
426 543
1 7 2
324 305
1 7 2
541 613
1 3 2
269 639
1 6 2
119 123
1 6 2
376 695
1 12 2
398 226
1 7 2
34 462
1 13 2
563 410
1 8 2
729 70
1 3 2
493 317
1 2 2
697 245
1 8 2
561 5
1 13 2
358 307
1 5 2
99 279
1 7 2
409 760
1 2 2
336 765
1 12 2
653 593
1 11 2
49 58
1 2 2
545 430
1 2 2
271 64
1 4 2
125 615
1 7 2
637 8
1 6 2
157 235
1 13 2
390 716
1 13 2
635 495
1 6 2
563 420
1 6 2
313 651
1 2 2
236 377
1 15 2
190 388
1 7 2
354 339
1 9 2
224 700
1 15 2
651 194
1 10 2
730 615
1 14 2
220 212
1 11 2
484 371
1 4 2
18 741
1 13 2
2 100
1 4 2
435 327
1 14 2
635 353
1 9 2
55 36
1 6 2
630 51
1 5 2
43 753
1 9 2
10 229
1 12 2
347 214
1 5 2
337 464
1 9 2
584 248
1 13 2
347 168
1 10 2
591 689
1 2 2
268 578
1 6 2
771 185
1 11 2
538 587
1 8 2
75 157
1 5 2
47 9
1 4 2
467 157
1 10 2
71 539
1 7 2
793 11
1 12 2
529 704
1 15 2
681 141
1 7 2
581 636
1 8 2
101 355
1 10 2
286 539
1 13 2
390 28
1 11 2
684 485
1 4 2
187 55
1 12 2
495 670
1 4 2
410 487
1 4 2
252 164
1 7 2
182 615
1 5 2
600 686
1 6 2
133 534
1 3 2
394 607
1 7 2
560 748
1 14 2
648 336
1 6 2
321 478
1 11 2
755 677
1 15 2
426 330
1 7 2
268 535
1 12 2
32 236
1 5 2
634 791
1 7 2
226 661
1 2 2
143 201
1 11 2
431 755
1 12 2
710 52
1 13 2
516 1
1 3 2
321 622
1 8 2
387 512
1 10 2
123 297
1 9 2
725 542
1 15 2
543 709
1 9 2
470 782
1 7 2
10 686
1 8 2
369 764
1 3 2
47 154
1 11 2
140 296
1 11 2
241 225
1 4 2
576 388
1 10 2
56 33
1 10 2
647 721
1 4 2
788 493
1 6 2
272 214
1 13 2
94 687
1 9 2
502 275
1 13 2
432 110
1 14 2
418 565
1 6 2
497 536
1 14 2
249 481
1 15 2
732 536
1 12 2
415 185
1 14 2
662 796
1 8 2
448 505
1 8 2
441 41
1 14 2
647 304
1 9 2
236 686
1 3 2
564 476
1 9 2
66 193
1 12 2
457 568
1 13 2
71 462
1 14 2
124 179
1 8 2
572 502
1 2 2
777 458
1 14 2
414 157
1 7 2
451 257
1 13 2
365 378
1 12 2
394 129
1 10 2
43 207
1 13 2
231 332
1 8 2
222 521
1 7 2
585 320
1 6 2
784 504
1 3 2
588 352
1 12 2
140 610
1 12 2
149 379
1 10 2
94 413
1 14 2
465 719
1 9 2
172 355
1 11 2
438 681
1 12 2
679 550
1 12 2
684 199
1 8 2
306 724
1 8 2
298 75
1 8 2
420 32
1 10 2
159 585
1 15 2
136 474
1 6 2
728 488
1 3 2
387 620
1 9 2
293 236
1 13 2
5 103
1 7 2
767 105
1 13 2
16 283
1 8 2
612 628
1 11 2
785 63
1 9 2
323 150
1 3 2
322 538
1 7 2
733 629
1 8 2
796 167
1 9 2
557 94
1 5 2
219 493
1 11 2
41 366
1 12 2
423 705
1 3 2
197 686
1 3 2
486 64
1 12 2
95 294
1 8 2
33 366
1 11 2
194 587
1 11 2
1 397
1 12 2
251 514
1 9 2
622 636
1 13 2
254 383
1 2 2
636 311
1 8 2
458 658
1 12 2
610 345
1 3 2
269 186
1 13 2
43 67
1 6 2
793 729
1 3 2
738 145
1 8 2
773 663
1 14 2
550 74
1 15 2
594 52
1 15 2
330 200
1 14 2
220 278
1 9 2
77 248
1 14 2
629 328
1 3 2
631 680
1 9 2
405 438
1 8 2
43 20
1 6 2
475 161
1 3 2
51 663
1 3 2
240 145
1 15 2
629 730
1 11 2
181 303
1 6 2
458 282
1 9 2
445 48
1 7 2
730 284
1 2 2
364 794
1 7 2
374 281
1 5 2
543 375
1 14 2
159 665
1 9 2
205 41
1 2 2
529 81
1 7 2
343 423
1 13 2
349 696
1 6 2
637 367
1 15 2
599 601
1 13 2
679 54
1 2 2
320 564
1 6 2
530 427
1 10 2
628 74
1 7 2
763 40
1 11 2
43 691
1 13 2
414 607
1 13 2
470 335
1 12 2
51 252
1 13 2
475 14
1 13 2
402 44
1 6 2
117 233
1 13 2
173 76
1 15 2
586 788
1 9 2
743 478
1 5 2
6 191
1 2 2
257 369
1 2 2
414 502
1 12 2
242 340
1 7 2
191 458
1 10 2
38 227
1 8 2
705 46
1 10 2
222 730
1 3 2
601 603
1 5 2
728 402
1 5 2
353 719
1 6 2
150 151
1 6 2
177 547
1 15 2
736 52
1 4 2
562 798
1 12 2
781 320
1 10 2
488 197
1 6 2
778 69
1 11 2
46 509
1 10 2
419 602
1 12 2
576 474
1 14 2
59 98
1 6 2
537 381
1 15 2
327 788
1 15 2
107 69
1 2 2
691 336
1 2 2
424 562
1 7 2
321 120
1 6 2
789 54
1 7 2
590 314
1 14 2
500 220
1 11 2
215 521
1 5 2
202 538
1 8 2
502 34
1 8 2
155 671
1 6 2
56 390
1 4 2
733 293
1 13 2
377 13
1 4 2
181 50
1 9 2
776 16
1 9 2
559 127
1 8 2
633 618
1 8 2
799 545
1 6 2
155 146
1 15 2
633 465
1 14 2
260 792
1 10 2
764 233
1 10 2
381 1
1 7 2
771 75
1 15 2
167 157
1 6 2
566 772
1 5 2
617 581
1 5 2
441 221
1 10 2
81 319
1 2 2
278 357
1 12 2
279 630
1 11 2
394 670
1 3 2
33 657
1 15 2
617 480
1 13 2
496 190
1 5 2
291 389
1 3 2
370 97
1 2 2
414 700
1 14 2
204 380
1 14 2
299 135
1 5 2
480 53
1 15 2
158 255
1 13 2
365 482
1 15 2
705 282
1 2 2
538 75
1 6 2
443 797
1 6 2
295 276
1 12 2
668 447
1 11 2
716 771
1 12 2
655 664
1 8 2
236 665
1 4 2
405 265
1 2 2
496 202
1 8 2
653 732
1 2 2
526 700
1 6 2
242 63
1 14 2
33 75
1 13 2
159 3
1 13 2
679 385
1 2 2
726 525
1 5 2
544 255
1 3 2
588 221
1 14 2
95 212
1 8 2
791 565
1 7 2
750 98
1 11 2
404 525
1 9 2
637 309
1 11 2
121 540
1 10 2
774 634
1 12 2
363 79
1 4 2
21 38
1 10 2
587 486
1 5 2
777 318
1 10 2
509 677
1 14 2
384 567
1 3 2
147 361
1 12 2
581 336
1 12 2
129 212
1 15 2
654 471
1 7 2
72 402
1 9 2
242 159
1 8 2
616 634
1 12 2
177 372
1 8 2
205 794
1 12 2
766 603
1 10 2
134 298
1 12 2
648 209
1 3 2
797 363
1 8 2
764 311
1 12 2
27 418
1 3 2
345 47
1 11 2
109 64
1 2 2
766 630
1 8 2
778 205
1 4 2
706 289
1 3 2
677 205
1 4 2
367 588
1 9 2
692 357
1 2 2
600 220
1 6 2
102 305
1 8 2
742 590
1 5 2
176 658
1 10 2
104 724
1 8 2
643 182
1 4 2
161 691
1 4 2
757 254
1 15 2
221 376
1 4 2
698 471
1 13 2
226 595
1 11 2
4 640
1 14 2
730 590
1 5 2
264 783
1 7 2
551 458
1 12 2
19 252
1 5 2
144 175
1 14 2
636 455
1 7 2
185 42
1 2 2
114 693
1 10 2
786 773
1 11 2
271 561
1 10 2
104 583
1 6 2
658 11
1 7 2
32 95
1 12 2
660 64
1 3 2
66 295
1 13 2
402 549
1 8 2
370 105
1 15 2
156 556
1 5 2
200 109
1 4 2
208 702
1 8 2
759 637
1 2 2
797 136
1 8 2
517 482
1 4 2
156 796
1 14 2
495 148
1 2 2
570 340
1 14 2
748 235
1 2 2
218 353
1 3 2
684 604
1 4 2
524 458
1 5 2
528 536
1 13 2
518 636
1 2 2
194 348
1 7 2
399 154
1 5 2
349 463
1 6 2
780 682
1 8 2
762 226
1 6 2
573 742
1 4 2
169 309
1 2 2
452 735
1 13 2
292 500
1 2 2
530 278
1 11 2
372 693
1 13 2
605 174
1 7 2
305 15
1 12 2
760 335
1 8 2
657 627
1 4 2
89 255
1 12 2
647 605
1 10 2
57 543
1 13 2
165 400
1 7 2
62 188
1 4 2
551 496
1 10 2
532 211
1 9 2
381 470
1 14 2
752 625
1 7 2
299 182
1 8 2
7 111
1 15 2
63 590
1 12 2
14 707
1 4 2
535 740
1 15 2
349 584
1 2 2
797 694
1 12 2
562 620
1 13 2
514 90
1 9 2
644 361
1 2 2
620 269
1 8 2
471 346
1 7 2
257 462
1 4 2
353 190
1 15 2
603 287
1 7 2
482 122
1 9 2
357 388
1 7 2
573 475
1 11 2
171 268
1 3 2
251 462
1 13 2
733 518
1 7 2
712 706
1 15 2
340 108
1 9 2
397 282
1 14 2
734 434
1 14 2
17 769
1 6 2
89 299
1 14 2
80 371
1 6 2
119 217
1 13 2
231 247
1 7 2
245 684
1 15 2
90 500
1 14 2
407 81
1 12 2
563 156
1 10 2
663 409
1 6 2
466 219
1 15 2
722 172
1 7 2
580 171
1 13 2
388 110
1 4 2
645 725
1 6 2
632 653
1 3 2
376 528
1 3 2
742 524
1 3 2
712 17
1 6 2
130 520
1 7 2
452 572
1 12 2
546 47
1 10 2
98 683
1 8 2
701 343
1 14 2
784 182
1 14 2
695 324
1 7 2
108 474
1 14 2
450 561
1 10 2
772 597
1 15 2
433 460
1 10 2
615 766
1 14 2
541 55
1 7 2
785 556
1 8 2
519 88
1 9 2
109 417
1 12 2
445 453
1 14 2
419 465
1 11 2
419 62
1 6 2
354 368
1 9 2
185 373
1 8 2
753 444
1 6 2
535 617
1 12 2
768 376
1 12 2
312 530
1 7 2
62 366
1 6 2
444 359
1 5 2
338 150
1 10 2
368 79
1 2 2
289 480
1 7 2
331 190
1 11 2
717 204
1 15 2
721 463
1 5 2
555 154
1 3 2
424 287
1 4 2
230 434
1 8 2
754 467
1 7 2
689 20
1 10 2
26 208
1 12 2
305 496
1 4 2
778 762
1 2 2
698 163
1 14 2
533 423
1 11 2
563 10
1 4 2
422 707
1 9 2
508 366
1 3 2
205 199
1 10 2
450 510
1 14 2
775 8
1 15 2
386 395
1 15 2
126 285
1 3 2
606 16
1 6 2
621 16
1 6 2
564 334
1 11 2
214 569
1 15 2
133 523
1 14 2
156 402
1 14 2
594 505
1 15 2
373 380
1 9 2
310 0
1 2 2
330 553
1 9 2
8 354
1 4 2
569 773
1 10 2
223 556
1 2 2
206 317
1 13 2
701 76
1 7 2
681 749
1 12 2
116 492
1 8 2
58 36
1 5 2
625 153
1 9 2
287 525
1 2 2
504 221
1 9 2
171 423
1 10 2
88 790
1 15 2
371 639
1 4 2
488 639
1 10 2
391 577
1 14 2
421 11
1 15 2
679 777
1 8 2
694 279
1 10 2
239 468
1 13 2
79 582
1 7 2
552 95
1 12 2
543 136
1 7 2
211 333
1 9 2
208 515
1 4 2
286 611
1 15 2
182 8
1 10 2
575 129
1 12 2
265 783
1 13 2
283 565
1 7 2
459 140
1 13 2
36 670
1 6 2
84 183
1 12 2
596 409
1 9 2
618 21
1 2 2
286 71
1 3 2
419 142
1 11 2
105 565
1 6 2
498 43
1 11 2
650 571
1 4 2
274 716
1 2 2
16 444
1 9 2
692 780
1 5 2
331 635
1 10 2
433 597
1 10 2
54 742
1 3 2
70 128
1 5 2
460 5
1 2 2
636 624
1 7 2
241 701
1 15 2
221 132
1 15 2
173 635
1 14 2
566 449
1 13 2
496 523
1 6 2
119 57
1 2 2
767 407
1 14 2
754 737
1 15 2
52 672
1 3 2
228 367
1 3 2
250 32
1 3 2
524 624
1 8 2
216 51
1 6 2
122 99
1 13 2
499 202
1 7 2
386 128
1 13 2
354 471
1 5 2
54 407
1 8 2
740 663
1 10 2
753 12
1 6 2
390 281
1 14 2
25 708
1 13 2
448 613
1 13 2
172 552
1 10 2
652 527
1 11 2
682 321
1 6 2
245 508
1 8 2
433 185
1 2 2
586 684
1 13 2
55 272
1 11 2
768 576
1 12 2
28 603
1 11 2
104 61
1 12 2
529 194
1 11 2
668 416
1 3 2
516 380
1 11 2
750 520
1 11 2
217 11
1 10 2
331 757
1 12 2
426 270
1 12 2
584 425
1 3 2
135 722
1 2 2
763 217
1 13 2
612 557
1 10 2
499 733
1 15 2
284 769
1 13 2
398 237
1 2 2
420 58
1 4 2
574 395
1 2 2
637 752
1 4 2
194 161
1 3 2
321 14
1 7 2
30 368
1 2 2
723 547
1 13 2
485 127
1 12 2
223 537
1 11 2
702 663
1 2 2
793 616
1 14 2
448 312
1 9 2
578 65
1 2 2
348 611
1 5 2
323 405
1 13 2
666 157
1 14 2
700 61
1 4 2
381 258
1 14 2
260 32
1 7 2
193 753
1 14 2
17 144
1 7 2
786 660
1 7 2
654 671
1 3 2
216 377
1 4 2
571 136
1 14 2
318 234
1 12 2
769 408
1 7 2
456 25
1 13 2
71 121
1 8 2
155 726
1 2 2
239 681
1 9 2
493 221
1 7 2
708 117
1 4 2
784 323
1 14 2
640 770
1 10 2
675 577
1 6 2
558 218
1 4 2
156 452
1 11 2
553 243
1 11 2
424 118
1 7 2
511 396
1 14 2
527 144
1 12 2
626 614
1 9 2
191 314
1 13 2
425 98
1 12 2
423 702
1 3 2
268 274
1 2 2
626 79
1 6 2
597 70
1 6 2
149 460
1 6 2
86 69
1 9 2
526 414
1 15 2
704 403
1 9 2
366 738
1 4 2
500 141
1 11 2
574 127
1 11 2
273 179
1 7 2
137 427
1 10 2
583 340
1 6 2
418 296
1 13 2
73 445
1 4 2
783 258
1 4 2
453 608
1 11 2
152 681
1 8 2
470 480
1 2 2
123 1
1 13 2
389 259
1 2 2
54 128
1 15 2
404 6
1 13 2
440 127
1 7 2
757 437
1 15 2
119 331
1 7 2
79 506
1 6 2
514 715
1 3 2
346 621
1 8 2
145 341
1 14 2
507 143
1 13 2
13 272
1 9 2
219 538
1 11 2
411 492
1 15 2
678 314
1 2 2
486 354
1 15 2
728 763
1 5 2
240 621
1 10 2
687 69
1 3 2
277 235
1 8 2
551 685
1 15 2
480 759
1 6 2
71 547
1 14 2
234 628
1 3 2
582 513
1 11 2
728 799
1 9 2
652 251
1 8 2
747 703
1 14 2
441 458
1 11 2
506 482
1 5 2
124 747
1 13 2
295 21
1 5 2
134 255
1 4 2
421 501
1 2 2
129 444
1 9 2
574 795
1 11 2
253 765
1 2 2
200 361
1 13 2
440 374
1 4 2
508 385
1 6 2
424 539
1 4 2
405 185
1 15 2
463 565
1 14 2
362 732
1 8 2
107 501
1 12 2
448 296
1 4 2
458 795
1 5 2
550 216
1 12 2
83 320
1 15 2
93 647
1 4 2
126 125
1 9 2
525 192
1 10 2
100 740
1 3 2
250 613
1 13 2
153 205
1 9 2
698 307
1 2 2
280 140
1 4 2
221 232
1 12 2
495 599
1 9 2
177 286
1 15 2
381 475
1 13 2
307 241
1 3 2
473 613
1 9 2
133 65
1 7 2
619 118
1 15 2
324 125
1 3 2
454 502
1 2 2
25 236
1 3 2
64 556
1 13 2
183 479
1 15 2
467 462
1 7 2
464 447
1 9 2
702 610
1 13 2
688 655
1 8 2
692 428
1 15 2
200 638
1 14 2
304 702
1 7 2
649 572
1 4 2
318 219
1 13 2
290 746
1 15 2
532 740
1 5 2
366 239
1 15 2
324 789
1 11 2
644 53
1 9 2
419 650
1 3 2
572 792
1 5 2
281 111
1 3 2
310 472
1 9 2
723 248
1 7 2
411 73
1 9 2
432 80
1 11 2
755 293
1 8 2
158 384
1 15 2
567 386
1 9 2
191 615
1 3 2
775 793
1 4 2
402 187
1 8 2
453 397
1 6 2
41 389
1 4 2
3 770
1 6 2
466 43
1 12 2
316 458
1 14 2
13 14
1 12 2
740 253
1 2 2
424 219
1 2 2
369 257
1 15 2
675 394
1 11 2
83 268
1 5 2
613 364
1 13 2
177 188
1 6 2
425 550
1 14 2
546 437
1 2 2
341 298
1 13 2
601 399
1 12 2
402 649
1 7 2
519 751
1 2 2
793 153
1 9 2
388 127
1 8 2
598 187
1 15 2
730 60
1 13 2
682 12
1 7 2
539 226
1 4 2
482 318
1 13 2
35 11
1 11 2
343 406
1 15 2
310 668
1 15 2
490 375
1 15 2
356 221
1 5 2
275 438
1 14 2
621 114
1 12 2
136 386
1 7 2
676 124
1 15 2
454 500
1 5 2
551 674
1 10 2
587 214
1 3 2
474 403
1 15 2
366 737
1 3 2
528 573
1 11 2
530 190
1 14 2
318 561
1 6 2
721 595
1 2 2
518 11
1 9 2
790 60
1 9 2
346 268
1 4 2
604 710
1 10 2
121 34
1 3 2
350 438
1 8 2
92 444
1 8 2
77 644
1 9 2
124 423
1 3 2
159 231
1 5 2
242 506
1 7 2
290 211
1 3 2
152 570
1 12 2
777 728
1 11 2
716 240
1 11 2
746 220
1 3 2
723 694
1 3 2
27 792
1 7 2
789 492
1 10 2
79 451
1 5 2
456 273
1 7 2
278 134
1 10 2
563 512
1 13 2
434 316
1 9 2
333 711
1 13 2
661 586
1 11 2
32 231
1 15 2
294 9
1 4 2
698 769
1 6 2
693 112
1 6 2
422 132
1 15 2
696 375
1 11 2
347 752
1 6 2
661 198
1 14 2
179 160
1 15 2
262 379
1 14 2
482 91
1 5 2
771 380
1 4 2
704 310
1 6 2
423 386
1 10 2
82 89
1 11 2
520 207
1 8 2
37 328
1 4 2
243 535
1 15 2
377 571
1 2 2
465 537
1 10 2
349 2
1 13 2
226 244
1 14 2
578 605
1 6 2
160 430
1 3 2
611 479
1 9 2
178 463
1 10 2
180 367
1 12 2
55 680
1 15 2
219 595
1 15 2
628 512
1 11 2
369 786
1 11 2
180 379
1 9 2
196 109
1 14 2
380 104
1 13 2
286 504
1 6 2
193 752
1 7 2
126 755
1 8 2
128 36
1 4 2
690 519
1 2 2
440 169
1 5 2
112 761
1 4 2
202 519
1 5 2
757 776
1 12 2
755 624
1 10 2
81 256
1 3 2
515 701
1 7 2
690 406
1 6 2
778 690
1 2 2
411 428
1 12 2
357 501
1 2 2
792 686
1 5 2
412 434
1 7 2
360 137
1 10 2
237 76
1 6 2
231 281
1 10 2
679 318
1 13 2
58 248
1 13 2
611 174
1 5 2
316 345
1 8 2
81 159
1 13 2
260 764
1 2 2
779 343
1 3 2
355 183
1 8 2
569 395
1 15 2
211 610
1 9 2
439 567
1 9 2
622 338
1 13 2
34 123
1 15 2
669 87
1 4 2
315 141
1 2 2
706 525
1 15 2
404 75
1 6 2
583 294
1 7 2
318 768
1 7 2
56 243
1 10 2
598 685
1 10 2
613 534
1 8 2
234 111
1 3 2
578 532
1 13 2
461 642
1 10 2
742 315
1 5 2
376 291
1 15 2
96 78
1 15 2
506 264
1 6 2
775 488
1 12 2
675 494
1 9 2
96 6
1 10 2
99 292
1 11 2
124 777
1 4 2
656 69
1 7 2
226 178
1 15 2
347 794
1 14 2
315 399
1 11 2
306 426
1 7 2
717 352
1 4 2
112 703
1 13 2
164 731
1 4 2
96 629
1 11 2
66 578
1 5 2
469 301
1 2 2
84 326
1 5 2
174 253
1 6 2
686 652
1 14 2
184 34
1 9 2
523 720
1 2 2
122 215
1 2 2
512 730
1 15 2
37 99
1 10 2
222 293
1 9 2
277 481
1 2 2
51 167
1 6 2
636 337
1 5 2
480 641
1 9 2
28 239
1 3 2
314 78
1 13 2
748 520
1 2 2
587 126
1 4 2
103 176
1 9 2
166 505
1 4 2
2 15
1 3 2
513 419
1 5 2
563 550
1 13 2
552 754
1 2 2
527 561
1 11 2
572 587
1 15 2
542 640
1 8 2
311 548
1 15 2
235 80
1 5 2
626 253
1 15 2
58 203
1 11 2
306 691
1 15 2
711 617
1 10 2
52 523
1 9 2
527 746
1 11 2
24 76
1 2 2
177 705
1 8 2
441 468
1 14 2
386 410
1 6 2
65 613
1 6 2
314 754
1 3 2
597 8
1 7 2
692 5
1 5 2
300 371
1 3 2
155 780
1 15 2
327 572
1 15 2
10 174
1 11 2
103 317
1 10 2
792 510
1 13 2
275 574
1 14 2
100 495
1 14 2
183 736
1 2 2
147 683
1 7 2
464 260
1 7 2
773 554
1 14 2
358 163
1 12 2
393 681
1 3 2
436 672
1 15 2
9 437
1 2 2
200 790
1 11 2
172 394
1 8 2
525 450
1 8 2
572 633
1 9 2
283 597
1 4 2
5 187
1 5 2
480 768
1 9 2
634 401
1 10 2
711 83
1 2 2
755 540
1 9 2
300 632
1 4 2
227 760
1 2 2
670 307
1 7 2
220 743
1 10 2
495 634
1 9 2
652 466
1 11 2
349 72
1 8 2
569 34
1 14 2
460 426
1 10 2
243 456
1 9 2
792 353
1 8 2
23 18
1 12 2
452 12
1 4 2
643 218
1 12 2
47 139
1 5 2
306 124
1 9 2
477 728
1 11 2
651 46
1 14 2
753 333
1 5 2
218 62
1 2 2
668 681
1 14 2
166 543
1 15 2
208 421
1 11 2
89 404
1 13 2
152 764
1 14 2
118 220
1 6 2
582 687
1 11 2
117 409
1 11 2
338 165
1 3 2
728 623
1 3 2
533 797
1 10 2
719 767
1 10 2
746 662
1 13 2
156 696
1 2 2
307 30
1 5 2
156 324
1 5 2
502 798
1 11 2
180 589
1 2 2
497 134
1 12 2
13 520
1 2 2
481 146
1 15 2
243 146
1 3 2
631 472
1 6 2
392 247
1 15 2
6 311
1 5 2
305 11
1 4 2
444 378
1 6 2
223 715
1 13 2
199 223
1 10 2
737 392
1 10 2
305 317
1 14 2
192 28
1 8 2
539 575
1 6 2
526 312
1 5 2
157 62
1 6 2
133 150
1 3 2
422 162
1 9 2
691 494
1 9 2
266 756
1 13 2
368 374
1 4 2
119 78
1 5 2
584 741
1 15 2
771 303
1 11 2
255 337
1 14 2
459 654
1 2 2
331 515
1 10 2
566 485
1 14 2
631 410
1 7 2
62 364
1 10 2
565 324
1 15 2
289 29
1 10 2
288 676
1 13 2
64 530
1 5 2
498 268
1 11 2
488 202
1 13 2
377 222
1 2 2
746 585
1 15 2
798 523
1 7 2
748 172
1 9 2
308 19
1 10 2
664 471
1 3 2
187 287
1 3 2
286 335
1 14 2
184 595
1 4 2
782 644
1 14 2
526 529
1 2 2
64 555
1 6 2
1 219
1 7 2
344 741
1 11 2
536 392
1 14 2
631 20
1 14 2
711 781
1 2 2
25 669
1 4 2
279 92
1 15 2
154 159
1 6 2
602 520
1 8 2
260 149
1 12 2
569 779
1 10 2
457 635
1 9 2
490 740
1 9 2
71 537
1 4 2
292 238
1 4 2
111 580
1 3 2
91 408
1 15 2
776 216
1 10 2
191 357
1 9 2
326 52
1 12 2
470 224
1 5 2
352 20
1 5 2
354 772
1 10 2
489 693
1 14 2
480 559
1 10 2
772 552
1 4 2
722 230
1 2 2
243 284
1 8 2
607 476
1 8 2
539 325
1 4 2
149 580
1 3 2
41 411
1 7 2
457 31
1 9 2
230 620
1 14 2
419 743
1 10 2
337 394
1 13 2
717 228
1 2 2
400 534
1 13 2
301 55
1 5 2
85 671
1 14 2
117 752
1 2 2
472 336
1 4 2
494 765
1 12 2
395 189
1 5 2
12 14
1 12 2
679 562
1 11 2
515 605
1 9 2
686 466
1 15 2
161 288
1 9 2
573 299
1 11 2
379 88
1 2 2
441 407
1 3 2
386 320
1 8 2
505 779
1 10 2
666 431
1 14 2
237 146
1 4 2
407 276
1 9 2
516 554
1 5 2
26 589
1 9 2
159 366
1 3 2
50 93
1 11 2
86 451
1 4 2
536 40
1 8 2
454 220
1 15 2
385 494
1 12 2
5 367
1 2 2
670 350
1 2 2
115 231
1 15 2
104 563
1 5 2
233 191
1 15 2
132 408
1 4 2
241 352
1 14 2
138 623
1 10 2
563 44
1 14 2
605 383
1 13 2
735 79
1 12 2
85 340
1 5 2
499 751
1 15 2
481 542
1 10 2
474 558
1 12 2
698 396
1 12 2
409 148
1 13 2
489 364
1 13 2
693 796
1 6 2
38 537
1 6 2
745 110
1 5 2
581 152
1 10 2
654 765
1 6 2
118 391
1 4 2
8 248
1 7 2
457 663
1 9 2
557 205
1 9 2
116 60
1 14 2
523 787
1 14 2
331 269
1 3 2
186 715
1 7 2
769 90
1 14 2
671 106
1 5 2
492 128
1 9 2
402 730
1 10 2
153 787
1 3 2
662 599
1 5 2
721 18
1 8 2
402 768
1 3 2
639 59
1 7 2
437 287
1 8 2
674 252
1 15 2
265 145
1 13 2
190 616
1 6 2
85 686
1 11 2
5 15
1 4 2
673 37
1 8 2
446 737
1 14 2
731 398
1 30 2
415 106
1 22 2
619 682
1 26 2
526 667
1 22 2
111 276
1 30 2
45 688
1 4 2
651 420
1 18 2
285 758
1 4 2
760 110
1 6 2
45 329
1 8 2
574 226
1 10 2
272 636
1 28 2
785 623
1 26 2
237 682
1 6 2
604 788
1 4 2
118 551
1 16 2
375 294
1 26 2
428 37
1 22 2
672 355
1 14 2
548 355
1 14 2
552 634
1 20 2
609 712
1 14 2
371 480
1 10 2
14 237
1 12 2
658 565
1 30 2
17 372
