800 4782 2400
22 13 10 11 20 13 14 19 20 11 11 16 8 15 13 25 6 16 16 8 11 12 17 13 14 11 16 7 21 22 20 13 13 15 8 17 8 24 13 22 7 14 22 12 15 9 21 17 16 6 23 8 22 10 16 12 25 22 21 23 20 12 16 8 16 23 11 14 24 8 13 18 12 13 11 22 16 9 24 23 22 22 18 24 22 16 7 14 15 20 17 25 19 10 15 9 10 5 20 14 6 14 23 20 19 19 23 12 12 20 11 10 8 24 7 10 20 20 5 12 18 10 20 25 16 6 9 12 18 13 5 10 12 25 9 24 6 12 7 25 19 12 22 24 17 15 17 9 19 7 13 15 22 20 6 24 25 7 18 24 9 16 22 10 8 14 24 22 14 13 17 25 10 7 5 6 19 22 20 22 15 19 19 14 8 13 25 12 8 22 23 21 5 24 19 19 7 24 13 21 8 16 5 19 14 8 5 6 5 13 5 15 22 5 17 22 6 18 16 22 12 13 24 9 19 19 9 13 16 16 23 21 5 22 5 22 20 5 25 8 5 24 19 5 22 16 18 20 25 6 25 5 5 10 23 16 21 14 21 18 13 16 7 24 15 22 9 25 16 14 5 24 20 6 12 10 22 7 14 14 16 12 6 16 12 6 21 16 15 11 20 11 22 25 8 6 17 12 25 5 24 5 7 16 10 23 9 20 19 6 5 5 18 14 8 23 23 23 9 9 14 15 7 22 5 20 8 13 18 6 8 5 12 12 6 15 11 17 5 22 18 8 21 5 24 24 20 12 6 12 23 23 5 17 10 12 21 8 15 22 12 8 8 19 10 16 17 21 11 7 20 21 5 13 22 21 11 9 8 22 24 13 6 5 13 20 18 23 11 5 18 8 20 18 23 10 17 10 21 24 15 24 24 21 25 7 9 24 23 14 13 17 24 25 12 14 6 16 23 18 19 11 23 13 12 18 12 12 7 12 15 5 22 21 21 11 5 23 8 14 15 16 24 9 21 16 14 24 11 9 9 16 17 22 15 22 9 11 10 23 6 6 7 15 22 25 15 10 11 7 20 23 11 16 24 9 6 19 19 15 9 16 16 18 6 5 13 10 11 20 12 10 9 15 21 21 19 8 5 14 14 6 22 11 11 12 7 12 15 23 25 11 11 24 15 12 24 12 12 8 20 22 15 12 24 24 12 5 5 11 14 12 16 15 19 25 9 12 19 22 16 16 5 17 19 11 17 9 5 5 20 12 15 16 12 11 15 17 15 8 20 14 15 22 25 21 13 11 7 8 7 23 7 20 17 18 11 10 14 10 14 25 7 15 21 10 21 6 10 6 9 18 14 12 10 17 9 22 24 21 6 22 7 17 11 8 16 19 12 19 25 15 14 6 6 8 19 14 8 5 17 25 17 11 18 19 13 19 18 13 14 14 6 13 8 13 21 13 17 17 16 22 25 5 13 25 24 11 14 21 10 21 19 18 12 11 13 16 15 23 21 15 12 12 18 11 21 23 22 11 24 24 7 18 19 11 9 24 16 15 8 23 15 21 16 24 18 6 17 24 13 5 17 5 12 6 13 25 10 8 9 7 6 11 22 6 22 21 22 12 24 25 16 8 25 10 21 15 13 6 20 19 7 7 5 15 10 12 7 7 19 20 21 18 14 13 10 7 11 23 11 16 8 17 6 17 19 22 5 14 13 15 25 21 6 11 23 18 22 14 19 24 10 5 10 19 17 10 24 6 15 20 14 16 14 8 8 17 21 25 14 17 6 13 17 8 17 18 23 8 24 6 12 23 7 20 17 9 5 19
3 5 4 9 17 4 13 17 13 16 3 7 17 14 10 6 13 6 18 4 13 9 8 19 17 4 8 18 18 19 19 6 6 9 5 8 15 12 11 13 17 18 10 19 11 17 18 16 4 10 5 12 16 4 10 12 15 13 18 11 11 17 11 9 10 10 20 3 18 16 17 6 4 9 7 3 9 6 20 20 3 17 6 11 10 20 10 11 3 18 8 19 6 19 7 11 14 6 17 16 6 10 16 8 20 10 7 18 19 15 17 13 20 18 9 6 5 15 17 5 12 12 12 15 11 17 15 15 3 13 20 10 16 9 8 17 3 13 3 15 10 19 18 16 7 12 4 20 5 9 8 9 3 16 16 11 7 20 10 11 7 4 16 6 7 20 6 11 8 9 12 11 15 13 17 13 18 16 17 6 11 15 7 6 15 7 5 8 11 18 13 11 8 5 12 20 11 18 17 7 10 16 9 4 6 14 10 4 10 7 16 16 5 11 8 11 5 16 11 5 6 12 20 3 10 5 6 14 9 12 4 12 10 7 4 10 17 5 7 11 18 12 16 3 7 10 9 17 16 15 4 14 16 3 13 3 11 19 18 18 5 14 4 11 12 3 15 5 7 17 19 10 15 14 8 19 6 4 16 11 4 17 5 5 8 5 6 20 11 14 3 9 17 11 4 5 19 12 9 6 17 5 13 5 19 8 19 18 10 6 19 13 16 11 19 6 9 15 11 15 6 5 11 16 5 4 4 16 17 6 12 13 12 15 5 20 6 4 15 11 16 20 5 9 19 8 5 18 20 14 4 12 16 20 5 18 14 20 8 11 14 12 17 16 10 16 18 19 7 16 15 3 8 14 19 11 4 18 7 19 10 16 13 18 5 17 13 5 7 20 11 14 11 15 13 12 4 12 11 9 6 3 8 18 15 3 5 15 5 3 6 4 4 10 8 16 3 4 11 17 5 14 14 8 20 16 10 17 15 15 3 15 17 18 12 3 7 3 4 11 16 10 14 7 12 12 20 14 17 13 14 18 17 9 4 20 13 18 4 6 17 4 8 8 7 18 8 6 13 17 7 20 6 20 10 5 19 12 20 11 14 19 13 19 19 12 12 12 5 19 10 9 20 20 6 20 11 4 16 11 6 18 18 7 6 11 19 5 15 16 3 10 9 9 15 3 15 20 6 18 3 17 5 8 6 20 5 17 20 9 3 12 17 3 8 9 11 3 20 15 4 14 9 12 9 10 14 18 5 19 6 8 7 17 19 13 7 17 12 14 20 5 14 11 7 9 12 3 8 20 16 20 10 16 5 10 15 7 13 19 19 15 16 19 16 16 6 15 4 14 11 16 10 8 9 3 9 11 14 4 11 7 7 6 14 3 13 20 13 18 5 13 14 19 3 13 9 7 18 9 11 4 9 3 7 7 13 5 19 16 7 16 16 20 14 4 17 4 14 6 13 9 16 14 15 5 20 12 5 6 4 5 14 13 12 16 4 7 15 12 14 17 5 18 20 10 8 16 3 3 16 4 17 18 3 11 9 11 19 9 18 18 13 11 11 9 8 14 13 4 13 6 3 10 3 9 3 3 9 7 9 16 12 8 5 11 10 15 10 8 3 5 8 12 8 8 3 19 9 3 17 8 15 20 18 6 7 8 8 19 11 8 17 15 19 14 8 9 7 20 12 6 14 17 20 19 12 3 18 10 18 4 19 20 12 10 3 9 16 7 13 9 12 18 9 9 19 17 6 19 9 7 10 16 16 16 16 11 9 18 14 17 7 16 16 15 19 17 20 3 14 16 9 13 17 5 14 10 18 17
1 10 2
88 773
1 8 2
696 62
1 9 2
797 290
1 12 2
103 220
1 5 2
647 598
1 13 2
781 154
1 12 2
582 704
1 2 2
48 524
1 15 2
514 318
1 7 2
183 275
1 10 2
602 617
1 15 2
631 464
1 15 2
356 68
1 2 2
43 372
1 9 2
60 432
1 6 2
463 40
1 15 2
309 529
1 2 2
654 724
1 4 2
53 250
1 5 2
610 661
1 7 2
342 763
1 8 2
236 589
1 9 2
374 542
1 8 2
790 243
1 14 2
22 194
1 12 2
399 517
1 8 2
239 764
1 2 2
688 761
1 11 2
480 10
1 7 2
24 615
1 10 2
373 770
1 11 2
169 317
1 15 2
736 298
1 3 2
93 88
1 12 2
294 707
1 10 2
657 471
1 14 2
101 172
1 9 2
524 400
1 5 2
647 346
1 15 2
643 362
1 4 2
267 358
1 8 2
403 367
1 13 2
740 442
1 8 2
573 582
1 7 2
264 255
1 7 2
387 162
1 14 2
187 347
1 7 2
758 776
1 8 2
732 564
1 12 2
362 138
1 7 2
45 345
1 11 2
39 478
1 8 2
706 106
1 14 2
231 477
1 13 2
20 174
1 7 2
352 76
1 3 2
565 578
1 9 2
295 569
1 4 2
773 321
1 8 2
694 117
1 5 2
71 437
1 9 2
221 4
1 6 2
255 625
1 10 2
24 756
1 8 2
402 326
1 6 2
392 274
1 9 2
371 412
1 10 2
786 545
1 8 2
73 13
1 6 2
56 402
1 13 2
455 337
1 3 2
612 572
1 4 2
727 241
1 11 2
540 611
1 8 2
192 422
1 13 2
106 624
1 9 2
405 51
1 12 2
173 338
1 5 2
748 463
1 8 2
132 271
1 13 2
77 509
1 7 2
666 188
1 14 2
190 35
1 14 2
576 786
1 15 2
377 457
1 13 2
181 86
1 3 2
711 537
1 9 2
791 763
1 11 2
352 578
1 2 2
91 777
1 7 2
484 413
1 13 2
189 618
1 13 2
348 139
1 13 2
294 418
1 9 2
381 284
1 7 2
9 736
1 3 2
773 125
1 7 2
134 371
1 3 2
288 426
1 13 2
686 605
1 4 2
515 601
1 6 2
76 443
1 15 2
114 551
1 8 2
291 47
1 5 2
474 468
1 7 2
11 76
1 9 2
257 326
1 7 2
546 654
1 3 2
75 467
1 12 2
31 667
1 11 2
582 64
1 7 2
588 589
1 10 2
549 339
1 9 2
575 220
1 3 2
439 656
1 11 2
241 579
1 6 2
66 755
1 3 2
562 605
1 7 2
427 42
1 6 2
628 187
1 10 2
218 234
1 4 2
376 678
1 4 2
458 440
1 9 2
613 110
1 11 2
288 163
1 9 2
734 657
1 15 2
375 574
1 12 2
231 789
1 11 2
510 685
1 10 2
525 799
1 9 2
227 324
1 8 2
165 543
1 13 2
236 643
1 9 2
94 190
1 13 2
251 181
1 11 2
293 54
1 6 2
772 231
1 5 2
602 174
1 5 2
481 318
1 2 2
187 307
1 15 2
28 40
1 15 2
121 708
1 8 2
139 514
1 13 2
216 770
1 15 2
775 494
1 11 2
158 243
1 4 2
478 82
1 12 2
189 348
1 6 2
264 744
1 6 2
444 509
1 15 2
531 652
1 5 2
161 436
1 6 2
698 237
1 10 2
774 367
1 8 2
305 379
1 7 2
463 625
1 4 2
243 796
1 9 2
577 291
1 4 2
94 724
1 11 2
416 776
1 9 2
643 599
1 9 2
137 213
1 5 2
597 594
1 9 2
382 113
1 2 2
785 622
1 4 2
79 610
1 15 2
498 532
1 13 2
437 366
1 8 2
560 472
1 4 2
766 189
1 13 2
388 503
1 2 2
341 402
1 11 2
556 144
1 10 2
50 552
1 14 2
241 320
1 15 2
188 697
1 9 2
535 702
1 11 2
565 747
1 15 2
79 315
1 15 2
421 419
1 7 2
244 532
1 15 2
731 723
1 15 2
572 392
1 7 2
465 217
1 4 2
364 681
1 8 2
195 716
1 9 2
721 351
1 7 2
153 199
1 9 2
61 693
1 7 2
114 58
1 2 2
495 450
1 12 2
143 146
1 5 2
416 699
1 9 2
670 240
1 4 2
68 750
1 7 2
482 799
1 8 2
492 91
1 2 2
701 693
1 4 2
672 479
1 12 2
721 392
1 6 2
53 81
1 15 2
598 718
1 4 2
389 602
1 12 2
799 392
1 3 2
143 790
1 6 2
427 217
1 12 2
683 60
1 6 2
181 440
1 8 2
145 554
1 11 2
328 46
1 8 2
393 140
1 3 2
732 291
1 12 2
615 630
1 9 2
559 127
1 12 2
250 60
1 12 2
317 425
1 5 2
781 334
1 12 2
696 247
1 3 2
717 661
1 13 2
443 454
1 9 2
10 659
1 3 2
168 30
1 14 2
680 136
1 8 2
797 478
1 12 2
73 347
1 13 2
452 631
1 11 2
620 46
1 13 2
491 495
1 12 2
760 65
1 6 2
760 303
1 7 2
143 212
1 14 2
263 444
1 7 2
592 667
1 11 2
689 268
1 5 2
381 43
1 8 2
761 113
1 2 2
664 565
1 12 2
240 366
1 2 2
749 410
1 13 2
629 699
1 11 2
185 131
1 5 2
256 509
1 4 2
648 418
1 9 2
550 301
1 10 2
557 545
1 7 2
611 30
1 6 2
167 16
1 3 2
732 90
1 3 2
82 626
1 6 2
601 547
1 2 2
311 78
1 10 2
488 568
1 9 2
52 674
1 14 2
396 777
1 4 2
491 154
1 8 2
632 294
1 14 2
550 648
1 4 2
592 713
1 7 2
553 474
1 5 2
235 682
1 2 2
26 50
1 10 2
750 0
1 9 2
190 232
1 12 2
336 436
1 6 2
486 452
1 4 2
674 715
1 10 2
181 177
1 11 2
604 562
1 6 2
191 687
1 2 2
32 314
1 11 2
690 594
1 6 2
76 533
1 10 2
163 518
1 14 2
596 103
1 4 2
158 670
1 3 2
774 586
1 3 2
481 6
1 6 2
58 443
1 14 2
738 70
1 9 2
129 588
1 4 2
576 784
1 6 2
163 138
1 15 2
615 549
1 15 2
214 191
1 12 2
187 308
1 7 2
427 44
1 11 2
719 118
1 4 2
667 414
1 9 2
40 472
1 15 2
266 503
1 14 2
609 388
1 14 2
358 320
1 4 2
233 55
1 9 2
604 258
1 8 2
516 767
1 13 2
301 375
1 13 2
98 439
1 8 2
702 580
1 5 2
76 99
1 12 2
658 180
1 11 2
388 577
1 7 2
316 663
1 4 2
69 718
1 5 2
177 157
1 12 2
3 595
1 3 2
74 359
1 13 2
131 458
1 8 2
397 581
1 9 2
476 705
1 5 2
136 730
1 12 2
432 129
1 9 2
743 384
1 11 2
641 122
1 4 2
482 71
1 9 2
229 17
1 9 2
221 339
1 10 2
530 301
1 13 2
441 590
1 2 2
58 208
1 8 2
186 497
1 5 2
632 115
1 7 2
131 91
1 13 2
45 274
1 8 2
734 302
1 15 2
144 89
1 7 2
35 458
1 13 2
520 205
1 9 2
227 609
1 7 2
534 536
1 7 2
228 99
1 14 2
270 458
1 4 2
652 430
1 2 2
642 404
1 14 2
602 135
1 9 2
96 199
1 15 2
760 690
1 2 2
557 203
1 2 2
726 397
1 12 2
428 270
1 3 2
448 623
1 4 2
789 32
1 4 2
309 432
1 14 2
448 158
1 10 2
70 402
1 4 2
483 630
1 2 2
539 408
1 11 2
160 559
1 9 2
530 752
1 4 2
619 748
1 4 2
690 81
1 4 2
486 180
1 15 2
138 49
1 13 2
10 750
1 6 2
599 749
1 10 2
539 667
1 13 2
13 139
1 13 2
9 160
1 10 2
648 526
1 15 2
237 362
1 9 2
591 747
1 13 2
185 734
1 4 2
486 97
1 3 2
445 639
1 2 2
76 485
1 6 2
546 775
1 5 2
318 255
1 4 2
537 643
1 5 2
329 508
1 10 2
343 472
1 11 2
686 304
1 3 2
675 295
1 13 2
601 275
1 14 2
773 482
1 4 2
751 640
1 15 2
165 573
1 2 2
27 539
1 6 2
260 171
1 7 2
696 338
1 8 2
214 189
1 11 2
423 258
1 12 2
191 493
1 3 2
197 655
1 6 2
193 708
1 4 2
603 274
1 12 2
64 237
1 13 2
77 297
1 14 2
252 696
1 7 2
546 445
1 8 2
105 532
1 8 2
259 629
1 8 2
795 621
1 15 2
660 370
1 12 2
498 546
1 8 2
559 489
1 13 2
179 551
1 13 2
101 227
1 14 2
199 606
1 7 2
174 115
1 12 2
613 744
1 11 2
716 473
1 14 2
369 728
1 6 2
266 740
1 8 2
152 239
1 14 2
649 127
1 6 2
375 171
1 9 2
749 743
1 3 2
28 270
1 4 2
172 587
1 6 2
510 83
1 12 2
599 50
1 4 2
570 64
1 14 2
428 52
1 10 2
22 9
1 2 2
627 492
1 14 2
766 51
1 14 2
45 359
1 9 2
645 240
1 14 2
688 527
1 2 2
95 325
1 15 2
87 768
1 11 2
547 614
1 12 2
454 707
1 4 2
316 71
1 11 2
48 436
1 5 2
634 95
1 3 2
315 474
1 2 2
213 192
1 2 2
452 797
1 7 2
71 635
1 4 2
779 516
1 6 2
657 634
1 10 2
438 787
1 10 2
574 406
1 13 2
169 591
1 15 2
750 258
1 5 2
220 180
1 10 2
630 702
1 12 2
166 469
1 15 2
312 31
1 3 2
240 536
1 6 2
554 507
1 6 2
707 398
1 9 2
605 332
1 15 2
489 191
1 7 2
216 287
1 10 2
454 630
1 10 2
545 695
1 13 2
548 633
1 8 2
4 446
1 10 2
205 392
1 6 2
655 738
1 8 2
22 90
1 11 2
745 687
1 6 2
329 152
1 13 2
735 500
1 4 2
617 394
1 6 2
469 130
1 6 2
471 281
1 12 2
241 130
1 14 2
415 213
1 10 2
504 384
1 14 2
53 425
1 12 2
593 705
1 10 2
696 264
1 15 2
278 574
1 8 2
676 707
1 12 2
34 114
1 6 2
713 277
1 14 2
491 566
1 8 2
433 637
1 6 2
27 681
1 8 2
291 748
1 7 2
321 99
1 4 2
303 137
1 5 2
45 495
1 3 2
235 10
1 10 2
395 228
1 11 2
317 343
1 13 2
120 202
1 7 2
181 632
1 7 2
433 461
1 13 2
178 105
1 9 2
90 140
1 4 2
438 224
1 14 2
414 183
1 3 2
253 780
1 3 2
619 749
1 12 2
793 4
1 3 2
726 370
1 6 2
15 121
1 10 2
335 613
1 9 2
209 3
1 15 2
462 677
1 5 2
401 741
1 3 2
522 14
1 10 2
242 13
1 7 2
81 701
1 10 2
788 506
1 7 2
12 781
1 11 2
247 134
1 4 2
108 477
1 4 2
288 553
1 2 2
269 18
1 14 2
657 690
1 10 2
768 153
1 4 2
502 306
1 10 2
685 669
1 10 2
602 391
1 11 2
284 322
1 6 2
415 110
1 9 2
94 544
1 14 2
783 315
1 15 2
393 758
1 13 2
670 741
1 14 2
319 785
1 11 2
157 609
1 6 2
448 202
1 3 2
494 22
1 8 2
413 219
1 15 2
762 256
1 11 2
416 470
1 14 2
283 97
1 4 2
587 571
1 10 2
443 61
1 3 2
45 482
1 8 2
654 657
1 14 2
99 784
1 3 2
693 233
1 15 2
532 680
1 5 2
302 256
1 15 2
23 527
1 7 2
413 238
1 11 2
137 201
1 6 2
377 758
1 9 2
0 354
1 15 2
415 13
1 3 2
124 707
1 2 2
644 767
1 15 2
617 87
1 10 2
247 506
1 7 2
405 222
1 5 2
92 129
1 3 2
134 676
1 3 2
370 669
1 2 2
617 222
1 2 2
528 564
1 13 2
349 413
1 8 2
449 187
1 15 2
377 650
1 8 2
441 661
1 15 2
234 106
1 2 2
635 568
1 7 2
84 770
1 15 2
684 603
1 10 2
441 702
1 3 2
619 111
1 7 2
20 431
1 9 2
204 500
1 2 2
746 672
1 8 2
172 625
1 13 2
208 12
1 5 2
787 450
1 2 2
454 438
1 6 2
2 407
1 13 2
423 320
1 8 2
118 544
1 12 2
519 642
1 8 2
311 156
1 5 2
298 256
1 6 2
408 416
1 11 2
310 103
1 6 2
273 438
1 10 2
212 457
1 15 2
321 345
1 8 2
81 637
1 4 2
782 616
1 15 2
750 241
1 11 2
769 67
1 8 2
609 562
1 15 2
452 491
1 7 2
677 608
1 11 2
579 493
1 13 2
382 603
1 12 2
544 782
1 3 2
598 42
1 10 2
394 466
1 11 2
281 628
1 5 2
475 9
1 11 2
383 82
1 5 2
247 456
1 3 2
239 377
1 3 2
250 163
1 15 2
214 761
1 2 2
137 671
1 14 2
173 607
1 7 2
56 693
1 15 2
100 239
1 10 2
65 428
1 11 2
644 554
1 6 2
375 736
1 7 2
387 606
1 12 2
174 537
1 6 2
207 635
1 10 2
89 362
1 15 2
770 130
1 2 2
722 455
1 6 2
546 203
1 3 2
487 780
1 9 2
273 130
1 3 2
318 241
1 14 2
39 331
1 9 2
566 142
1 2 2
315 476
1 7 2
516 338
1 4 2
12 429
1 13 2
91 510
1 8 2
782 50
1 15 2
298 421
1 15 2
220 262
1 10 2
14 358
1 5 2
455 696
1 14 2
403 169
1 7 2
537 238
1 9 2
549 160
1 9 2
27 235
1 14 2
169 729
1 10 2
668 626
1 10 2
273 727
1 15 2
789 305
1 3 2
417 196
1 3 2
550 184
1 5 2
769 644
1 9 2
324 160
1 3 2
29 437
1 6 2
182 270
1 8 2
194 699
1 5 2
359 412
1 12 2
67 495
1 11 2
223 93
1 2 2
516 628
1 2 2
646 680
1 8 2
658 695
1 9 2
140 200
1 4 2
35 423
1 4 2
48 290
1 3 2
336 369
1 9 2
612 169
1 8 2
772 665
1 7 2
518 236
1 8 2
57 738
1 10 2
317 235
1 8 2
325 4
1 5 2
145 229
1 11 2
531 278
1 4 2
791 506
1 3 2
289 746
1 2 2
554 372
1 2 2
15 165
1 11 2
469 551
1 7 2
556 509
1 15 2
513 276
1 5 2
575 368
1 12 2
664 58
1 15 2
322 784
1 4 2
407 226
1 7 2
596 488
1 9 2
384 653
1 15 2
151 526
1 7 2
294 596
1 12 2
150 188
1 12 2
140 760
1 11 2
1 374
1 6 2
264 289
1 8 2
545 687
1 3 2
704 191
1 2 2
107 223
1 15 2
327 20
1 14 2
269 798
1 13 2
226 531
1 7 2
365 585
1 8 2
547 771
1 8 2
133 91
1 7 2
350 27
1 8 2
567 467
1 10 2
563 531
1 9 2
759 169
1 2 2
180 465
1 13 2
703 397
1 15 2
84 604
1 13 2
486 450
1 5 2
229 127
1 11 2
330 657
1 10 2
614 518
1 10 2
756 482
1 8 2
733 660
1 4 2
120 490
1 4 2
605 626
1 13 2
489 400
1 12 2
494 421
1 7 2
65 88
1 5 2
130 735
1 9 2
40 188
1 11 2
403 186
1 15 2
786 646
1 4 2
433 191
1 9 2
525 795
1 14 2
359 105
1 6 2
106 159
1 15 2
393 369
1 10 2
634 280
1 2 2
467 239
1 7 2
261 534
1 13 2
237 482
1 13 2
397 12
1 4 2
199 52
1 2 2
487 179
1 5 2
442 161
1 9 2
561 251
1 2 2
122 187
1 6 2
234 768
1 4 2
664 747
1 2 2
92 191
1 3 2
679 589
1 7 2
383 741
1 12 2
28 414
1 11 2
709 157
1 3 2
616 273
1 15 2
566 80
1 12 2
188 563
1 7 2
750 716
1 13 2
310 567
1 4 2
60 404
1 9 2
10 9
1 2 2
187 655
1 2 2
779 638
1 12 2
298 141
1 8 2
705 212
1 4 2
345 443
1 6 2
741 215
1 5 2
716 329
1 14 2
291 523
1 9 2
634 744
1 5 2
5 193
1 8 2
313 93
1 4 2
672 159
1 4 2
513 442
1 11 2
672 485
1 4 2
476 355
1 7 2
693 377
1 14 2
308 675
1 6 2
92 431
1 9 2
556 94
1 10 2
264 26
1 8 2
162 501
1 6 2
729 135
1 4 2
473 712
1 15 2
660 438
1 5 2
318 98
1 10 2
64 173
1 4 2
15 267
1 5 2
149 261
1 13 2
167 24
1 7 2
634 414
1 5 2
415 181
1 8 2
185 574
1 3 2
126 695
1 5 2
184 728
1 14 2
641 785
1 9 2
379 262
1 2 2
747 527
1 9 2
520 326
1 11 2
798 94
1 14 2
687 576
1 8 2
570 182
1 14 2
441 208
1 14 2
211 293
1 4 2
360 622
1 12 2
74 785
1 13 2
601 730
1 5 2
506 286
1 13 2
157 303
1 11 2
414 622
1 15 2
395 91
1 3 2
433 311
1 11 2
594 231
1 9 2
1 277
1 4 2
313 204
1 14 2
453 102
1 4 2
213 681
1 4 2
151 610
1 8 2
743 514
1 4 2
162 765
1 15 2
296 245
1 2 2
329 713
1 12 2
438 752
1 10 2
71 382
1 5 2
385 120
1 15 2
377 791
1 10 2
421 783
1 14 2
400 90
1 6 2
329 457
1 8 2
436 598
1 3 2
606 62
1 10 2
780 499
1 13 2
716 103
1 9 2
63 19
1 7 2
342 275
1 4 2
67 248
1 12 2
49 328
1 9 2
605 123
1 11 2
341 271
1 6 2
77 338
1 11 2
231 771
1 12 2
768 586
1 6 2
96 481
1 3 2
337 226
1 15 2
613 234
1 15 2
727 655
1 9 2
372 203
1 5 2
67 165
1 3 2
23 739
1 3 2
150 272
1 11 2
574 78
1 7 2
491 549
1 6 2
677 694
1 8 2
242 298
1 8 2
101 614
1 11 2
355 418
1 13 2
704 331
1 15 2
668 197
1 5 2
745 380
1 2 2
366 18
1 3 2
746 172
1 8 2
277 259
1 12 2
510 455
1 15 2
494 430
1 8 2
666 156
1 13 2
29 39
1 10 2
290 763
1 13 2
88 437
1 10 2
464 465
1 15 2
289 329
1 6 2
637 26
1 4 2
182 395
1 2 2
1 118
1 15 2
316 324
1 9 2
141 411
1 4 2
756 583
1 7 2
476 623
1 4 2
220 211
1 9 2
672 457
1 15 2
685 733
1 2 2
440 79
1 4 2
524 106
1 10 2
316 280
1 5 2
152 272
1 6 2
210 604
1 5 2
445 187
1 5 2
228 658
1 8 2
480 497
1 6 2
145 567
1 9 2
82 280
1 10 2
735 208
1 13 2
525 118
1 13 2
627 43
1 15 2
697 314
1 15 2
610 173
1 8 2
389 6
1 11 2
235 246
1 7 2
356 393
1 3 2
297 364
1 8 2
636 418
1 6 2
214 409
1 9 2
527 349
1 12 2
588 331
1 7 2
42 504
1 8 2
349 498
1 3 2
670 287
1 10 2
300 417
1 2 2
104 387
1 4 2
556 171
1 10 2
761 3
1 2 2
334 561
1 3 2
186 540
1 7 2
336 376
1 11 2
788 134
1 9 2
422 353
1 14 2
287 545
1 3 2
515 565
1 12 2
184 160
1 11 2
450 447
1 12 2
375 183
1 5 2
233 663
1 9 2
261 254
1 9 2
50 167
1 11 2
554 532
1 10 2
307 301
1 9 2
696 481
1 2 2
754 254
1 2 2
502 617
1 6 2
318 57
1 15 2
695 529
1 3 2
118 437
1 7 2
3 212
1 2 2
630 194
1 5 2
629 251
1 3 2
389 166
1 7 2
415 271
1 5 2
347 675
1 5 2
339 125
1 10 2
426 508
1 6 2
77 531
1 3 2
151 488
1 4 2
715 400
1 4 2
603 574
1 6 2
225 520
1 2 2
616 394
1 3 2
798 421
1 12 2
617 471
1 14 2
487 149
1 2 2
186 747
1 3 2
729 667
1 9 2
368 628
1 10 2
249 303
1 11 2
454 388
1 10 2
671 427
1 2 2
589 685
1 10 2
105 750
1 9 2
488 277
1 7 2
303 32
1 3 2
38 309
1 13 2
786 158
1 14 2
751 745
1 6 2
3 694
1 13 2
398 280
1 9 2
711 221
1 4 2
500 266
1 6 2
196 655
1 10 2
291 641
1 12 2
523 160
1 8 2
435 312
1 2 2
184 92
1 14 2
394 678
1 13 2
263 128
1 13 2
553 155
1 3 2
132 7
1 13 2
76 161
1 14 2
510 461
1 8 2
53 122
1 11 2
411 409
1 8 2
700 177
1 6 2
426 325
1 6 2
28 792
1 9 2
397 512
1 4 2
327 723
1 5 2
168 717
1 11 2
511 641
1 6 2
419 196
1 7 2
686 628
1 11 2
374 270
1 7 2
646 546
1 14 2
649 652
1 9 2
37 210
1 10 2
288 629
1 10 2
427 279
1 2 2
680 767
1 6 2
572 33
1 8 2
593 106
1 8 2
658 788
1 8 2
791 565
1 14 2
542 160
1 10 2
404 4
1 3 2
223 174
1 7 2
349 717
1 9 2
626 76
1 5 2
613 190
1 10 2
487 700
1 14 2
644 212
1 13 2
288 481
1 3 2
86 79
1 2 2
80 291
1 3 2
140 61
1 9 2
157 502
1 11 2
741 493
1 12 2
442 111
1 12 2
468 483
1 13 2
337 614
1 9 2
626 399
1 6 2
366 139
1 12 2
588 126
1 8 2
660 482
1 5 2
700 290
1 2 2
345 27
1 7 2
75 737
1 15 2
458 761
1 8 2
99 119
1 5 2
670 519
1 14 2
791 768
1 7 2
208 422
1 12 2
383 362
1 11 2
23 284
1 15 2
338 229
1 4 2
552 428
1 7 2
315 529
1 10 2
340 433
1 2 2
139 708
1 10 2
711 630
1 8 2
138 762
1 6 2
517 500
1 2 2
749 54
1 3 2
309 446
1 9 2
63 188
1 8 2
489 474
1 13 2
338 576
1 3 2
273 569
1 4 2
150 147
1 4 2
733 302
1 7 2
609 42
1 6 2
640 48
1 12 2
720 115
1 2 2
529 791
1 3 2
681 3
1 14 2
18 745
1 5 2
453 599
1 11 2
787 584
1 6 2
553 7
1 13 2
440 199
1 5 2
157 739
1 13 2
571 644
1 14 2
253 251
1 3 2
443 368
1 13 2
620 148
1 6 2
55 581
1 8 2
523 356
1 4 2
264 45
1 6 2
769 247
1 10 2
387 675
1 9 2
773 272
1 13 2
387 552
1 6 2
95 569
1 14 2
325 767
1 15 2
85 29
1 12 2
638 738
1 10 2
797 678
1 11 2
611 61
1 14 2
378 416
1 12 2
323 98
1 11 2
50 375
1 15 2
374 716
1 11 2
634 88
1 4 2
483 655
1 13 2
337 87
1 3 2
587 304
1 2 2
332 696
1 5 2
734 216
1 2 2
565 174
1 3 2
319 491
1 15 2
101 664
1 14 2
544 21
1 5 2
231 29
1 8 2
787 12
1 10 2
526 455
1 13 2
464 796
1 8 2
103 593
1 9 2
387 313
1 14 2
288 111
1 2 2
243 96
1 3 2
75 654
1 6 2
588 206
1 13 2
483 679
1 5 2
740 611
1 11 2
97 258
1 11 2
206 233
1 7 2
487 653
1 15 2
588 196
1 10 2
197 685
1 4 2
315 712
1 3 2
149 562
1 4 2
105 706
1 6 2
690 786
1 2 2
429 642
1 3 2
561 560
1 8 2
763 206
1 2 2
19 277
1 10 2
460 161
1 6 2
682 609
1 3 2
293 526
1 5 2
22 349
1 6 2
162 607
1 4 2
284 677
1 13 2
193 335
1 10 2
139 295
1 6 2
262 388
1 4 2
212 368
1 8 2
311 26
1 8 2
768 667
1 6 2
750 698
1 4 2
49 795
1 15 2
14 64
1 10 2
591 278
1 14 2
286 180
1 10 2
298 20
1 9 2
354 281
1 3 2
424 145
1 2 2
97 749
1 6 2
145 708
1 14 2
279 512
1 2 2
91 772
1 9 2
589 145
1 8 2
241 170
1 11 2
594 233
1 12 2
550 671
1 3 2
291 74
1 3 2
704 75
1 2 2
515 488
1 6 2
325 100
1 5 2
799 345
1 15 2
66 619
1 5 2
41 323
1 11 2
738 140
1 9 2
303 302
1 3 2
211 4
1 12 2
213 619
1 12 2
604 611
1 13 2
496 797
1 3 2
568 7
1 6 2
42 239
1 15 2
73 204
1 13 2
289 572
1 11 2
783 98
1 12 2
389 99
1 12 2
7 490
1 2 2
407 456
1 9 2
292 447
1 4 2
490 563
1 7 2
458 413
1 15 2
417 523
1 2 2
278 686
1 10 2
758 245
1 14 2
494 27
1 5 2
305 380
1 14 2
751 478
1 11 2
282 618
1 2 2
132 596
1 4 2
585 736
1 9 2
135 407
1 10 2
92 415
1 2 2
143 20
1 7 2
218 157
1 6 2
760 753
1 8 2
609 210
1 6 2
339 684
1 11 2
227 655
1 13 2
590 727
1 3 2
500 445
1 13 2
175 261
1 8 2
751 394
1 6 2
528 674
1 7 2
119 734
1 3 2
412 260
1 13 2
697 35
1 11 2
40 504
1 11 2
290 373
1 11 2
614 13
1 12 2
677 425
1 7 2
222 52
1 2 2
515 730
1 10 2
213 290
1 4 2
711 432
1 6 2
85 288
1 5 2
86 477
1 5 2
28 537
1 3 2
508 347
1 13 2
371 656
1 14 2
129 230
1 2 2
731 48
1 2 2
181 291
1 3 2
466 275
1 8 2
446 394
1 15 2
525 574
1 3 2
559 652
1 10 2
366 473
1 15 2
682 498
1 15 2
617 401
1 11 2
546 289
1 13 2
618 20
1 10 2
309 573
1 11 2
615 637
1 15 2
231 109
1 9 2
206 404
1 3 2
373 460
1 10 2
309 231
1 6 2
441 729
1 10 2
8 289
1 11 2
457 540
1 7 2
435 248
1 9 2
181 321
1 11 2
221 307
1 4 2
328 109
1 13 2
606 797
1 13 2
711 691
1 8 2
737 790
1 3 2
598 29
1 9 2
615 606
1 6 2
286 596
1 4 2
10 626
1 13 2
185 593
1 11 2
136 540
1 15 2
434 698
1 14 2
98 189
1 11 2
432 255
1 4 2
329 222
1 6 2
303 582
1 15 2
142 359
1 8 2
768 755
1 14 2
251 66
1 5 2
777 376
1 7 2
536 105
1 13 2
87 300
1 7 2
59 43
1 2 2
193 123
1 4 2
456 115
1 4 2
218 102
1 11 2
261 658
1 14 2
654 721
1 5 2
598 475
1 9 2
757 168
1 4 2
282 767
1 9 2
112 265
1 5 2
333 642
1 2 2
169 417
1 11 2
220 580
1 10 2
692 18
1 2 2
477 502
1 8 2
710 246
1 15 2
169 593
1 11 2
589 304
1 14 2
296 730
1 8 2
371 377
1 7 2
163 254
1 14 2
292 180
1 4 2
51 346
1 6 2
441 686
1 5 2
2 251
1 15 2
577 640
1 2 2
799 0
1 14 2
64 283
1 7 2
310 383
1 11 2
155 611
1 6 2
522 535
1 9 2
110 674
1 9 2
331 214
1 14 2
411 309
1 11 2
606 623
1 4 2
642 476
1 11 2
420 142
1 2 2
91 106
1 7 2
493 444
1 13 2
355 455
1 2 2
54 186
1 9 2
682 568
1 3 2
93 391
1 6 2
636 763
1 3 2
358 326
1 10 2
379 669
1 2 2
567 15
1 6 2
708 592
1 13 2
621 510
1 12 2
538 28
1 3 2
744 795
1 4 2
105 206
1 2 2
401 93
1 13 2
698 261
1 8 2
668 303
1 2 2
551 20
1 14 2
174 111
1 4 2
707 144
1 5 2
315 494
1 11 2
710 395
1 2 2
519 485
1 14 2
207 746
1 9 2
71 269
1 11 2
306 186
1 3 2
160 125
1 7 2
30 9
1 12 2
784 170
1 13 2
754 540
1 7 2
710 712
1 7 2
156 127
1 3 2
418 676
1 3 2
696 8
1 8 2
23 77
1 3 2
293 263
1 11 2
366 665
1 13 2
77 43
1 6 2
476 608
1 5 2
459 323
1 11 2
263 681
1 5 2
418 361
1 5 2
93 223
1 7 2
693 141
1 15 2
719 562
1 13 2
34 355
1 6 2
48 357
1 4 2
222 63
1 12 2
620 772
1 15 2
564 309
1 8 2
674 36
1 3 2
384 317
1 6 2
89 245
1 14 2
121 277
1 14 2
118 52
1 4 2
336 223
1 12 2
305 17
1 12 2
72 37
1 9 2
554 496
1 9 2
566 703
1 14 2
495 325
1 4 2
284 723
1 13 2
292 486
1 5 2
56 117
1 13 2
98 237
1 7 2
731 223
1 13 2
103 119
1 2 2
483 558
1 14 2
647 169
1 8 2
394 727
1 4 2
225 656
1 10 2
55 441
1 4 2
459 70
1 12 2
42 378
1 3 2
369 503
1 3 2
368 469
1 6 2
781 710
1 9 2
471 674
1 13 2
378 105
1 9 2
50 188
1 4 2
207 458
1 11 2
355 18
1 5 2
291 112
1 11 2
657 568
1 12 2
398 8
1 15 2
76 16
1 8 2
486 46
1 11 2
313 527
1 14 2
0 745
1 10 2
796 143
1 12 2
208 223
1 14 2
458 198
1 7 2
713 745
1 8 2
740 316
1 14 2
373 580
1 14 2
380 158
1 11 2
501 267
1 5 2
487 71
1 10 2
515 705
1 12 2
342 136
1 6 2
256 426
1 7 2
318 343
1 13 2
24 531
1 6 2
375 614
1 3 2
790 409
1 9 2
738 432
1 6 2
565 712
1 14 2
104 613
1 3 2
222 351
1 11 2
70 271
1 3 2
20 517
1 10 2
505 356
1 15 2
359 790
1 3 2
23 64
1 14 2
45 463
1 3 2
594 394
1 3 2
466 685
1 7 2
539 470
1 13 2
671 491
1 14 2
281 386
1 15 2
547 222
1 4 2
477 45
1 14 2
763 546
1 15 2
542 653
1 3 2
605 797
1 11 2
49 365
1 6 2
779 218
1 10 2
575 510
1 2 2
625 290
1 4 2
599 89
1 14 2
639 308
1 15 2
334 45
1 8 2
330 436
1 9 2
657 306
1 3 2
183 793
1 2 2
305 303
1 2 2
694 393
1 9 2
393 119
1 8 2
763 602
1 6 2
472 236
1 8 2
38 559
1 15 2
171 481
1 7 2
720 51
1 5 2
286 590
1 6 2
379 455
1 4 2
231 510
1 3 2
228 508
1 5 2
244 144
1 6 2
320 216
1 9 2
106 174
1 15 2
383 474
1 9 2
771 36
1 13 2
418 267
1 11 2
621 231
1 9 2
350 690
1 13 2
722 46
1 9 2
270 77
1 10 2
302 312
1 3 2
394 463
1 6 2
710 99
1 12 2
568 353
1 5 2
375 347
1 15 2
145 338
1 13 2
417 188
1 6 2
506 583
1 5 2
352 451
1 4 2
599 406
1 11 2
53 443
1 10 2
286 500
1 14 2
359 161
1 15 2
462 362
1 8 2
128 510
1 13 2
381 186
1 12 2
312 84
1 13 2
358 309
1 8 2
246 90
1 11 2
691 687
1 10 2
253 473
1 15 2
538 37
1 11 2
232 577
1 5 2
344 798
1 15 2
4 722
1 10 2
738 397
1 13 2
736 387
1 10 2
45 586
1 15 2
650 508
1 13 2
199 222
1 4 2
261 90
1 7 2
642 128
1 13 2
302 590
1 14 2
615 197
1 8 2
413 548
1 15 2
216 6
1 5 2
454 235
1 14 2
702 328
1 5 2
620 358
1 13 2
329 505
1 15 2
164 576
1 12 2
274 469
1 14 2
112 454
1 5 2
683 126
1 9 2
609 633
1 3 2
790 80
1 10 2
153 645
1 3 2
565 752
1 7 2
20 401
1 4 2
56 528
1 6 2
705 694
1 14 2
772 188
1 4 2
613 745
1 2 2
146 131
1 7 2
115 33
1 12 2
299 669
1 4 2
90 664
1 6 2
179 83
1 4 2
455 607
1 3 2
441 472
1 2 2
591 725
1 13 2
787 503
1 14 2
6 514
1 12 2
89 88
1 12 2
301 59
1 4 2
149 634
1 11 2
315 204
1 7 2
727 717
1 3 2
455 332
1 13 2
715 220
1 11 2
200 610
1 9 2
766 666
1 6 2
575 413
1 12 2
108 746
1 4 2
668 222
1 10 2
784 130
1 3 2
602 110
1 9 2
34 618
1 2 2
393 780
1 12 2
761 290
1 6 2
750 110
1 3 2
25 2
1 11 2
632 26
1 2 2
461 625
1 3 2
72 152
1 7 2
59 523
1 8 2
423 426
1 4 2
213 791
1 9 2
220 768
1 3 2
385 100
1 2 2
499 587
1 5 2
136 451
1 14 2
764 522
1 12 2
522 126
1 4 2
642 726
1 9 2
313 373
1 12 2
434 292
1 14 2
488 566
1 15 2
395 44
1 3 2
151 64
1 4 2
145 228
1 6 2
771 732
1 7 2
758 636
1 15 2
640 167
1 2 2
406 104
1 15 2
744 356
1 8 2
87 350
1 9 2
31 285
1 9 2
624 472
1 12 2
775 124
1 2 2
78 252
1 8 2
479 195
1 4 2
47 516
1 15 2
613 546
1 6 2
353 459
1 5 2
574 438
1 15 2
401 387
1 3 2
462 553
1 5 2
367 487
1 2 2
669 124
1 8 2
210 274
1 11 2
527 793
1 14 2
673 583
1 6 2
144 529
1 8 2
457 545
1 6 2
388 520
1 4 2
471 572
1 10 2
341 430
1 3 2
760 433
1 12 2
433 202
1 14 2
602 87
1 15 2
123 302
1 6 2
363 533
1 12 2
98 101
1 13 2
546 270
1 10 2
611 270
1 13 2
489 463
1 11 2
698 674
1 5 2
757 722
1 2 2
528 80
1 10 2
35 392
1 9 2
307 470
1 14 2
631 359
1 11 2
117 682
1 11 2
0 198
1 7 2
570 711
1 7 2
129 728
1 11 2
481 377
1 3 2
629 252
1 4 2
779 405
1 6 2
245 648
1 6 2
756 149
1 15 2
23 176
1 9 2
779 38
1 6 2
764 519
1 6 2
712 236
1 10 2
303 636
1 3 2
397 268
1 15 2
598 381
1 2 2
782 147
1 2 2
739 556
1 12 2
452 772
1 6 2
227 4
1 10 2
245 300
1 14 2
345 197
1 10 2
715 16
1 3 2
108 545
1 9 2
401 124
1 3 2
661 534
1 6 2
701 498
1 15 2
571 525
1 8 2
498 706
1 13 2
475 299
1 15 2
579 642
1 6 2
515 734
1 9 2
7 663
1 6 2
528 142
1 2 2
97 678
1 2 2
366 410
1 7 2
580 486
1 6 2
210 4
1 7 2
422 365
1 3 2
665 528
1 5 2
120 173
1 3 2
740 595
1 4 2
200 438
1 2 2
316 163
1 5 2
296 367
1 15 2
2 90
1 9 2
278 534
1 14 2
324 201
1 8 2
79 606
1 5 2
771 639
1 9 2
665 326
1 13 2
209 272
1 13 2
379 601
1 7 2
585 74
1 14 2
746 744
1 6 2
43 506
1 15 2
644 29
1 7 2
621 315
1 7 2
86 726
1 13 2
0 508
1 6 2
415 647
1 15 2
752 649
1 11 2
471 155
1 5 2
110 669
1 12 2
706 61
1 13 2
207 740
1 10 2
435 307
1 15 2
682 3
1 2 2
595 191
1 3 2
513 250
1 14 2
101 115
1 15 2
449 101
1 11 2
257 145
1 4 2
56 156
1 14 2
419 139
1 11 2
38 203
1 5 2
79 360
1 3 2
139 754
1 5 2
719 590
1 13 2
595 111
1 3 2
56 588
1 13 2
791 318
1 10 2
781 445
1 5 2
433 24
1 8 2
278 367
1 2 2
576 538
1 11 2
169 788
1 14 2
215 625
1 8 2
543 275
1 7 2
290 387
1 15 2
264 279
1 4 2
165 797
1 3 2
175 5
1 5 2
449 223
1 11 2
626 429
1 4 2
771 106
1 5 2
736 499
1 11 2
260 192
1 4 2
470 342
1 2 2
199 792
1 11 2
612 762
1 10 2
376 73
1 15 2
131 194
1 13 2
423 179
1 8 2
374 457
1 15 2
695 366
1 12 2
507 636
1 9 2
105 150
1 5 2
149 60
1 7 2
250 689
1 9 2
644 264
1 11 2
34 799
1 3 2
392 346
1 10 2
380 69
1 15 2
281 95
1 14 2
116 297
1 14 2
506 44
1 3 2
58 583
1 11 2
141 717
1 10 2
542 570
1 13 2
363 197
1 13 2
46 231
1 2 2
135 782
1 13 2
375 484
1 7 2
493 51
1 5 2
237 781
1 3 2
666 734
1 4 2
62 159
1 3 2
564 155
1 5 2
232 709
1 15 2
637 127
1 6 2
480 177
1 2 2
554 470
1 14 2
47 393
1 11 2
553 598
1 12 2
527 535
1 5 2
231 759
1 15 2
464 193
1 13 2
663 520
1 10 2
324 505
1 10 2
797 79
1 6 2
576 496
1 15 2
636 710
1 3 2
177 125
1 13 2
178 731
1 11 2
561 229
1 8 2
502 578
1 7 2
428 642
1 12 2
763 186
1 13 2
64 570
1 9 2
513 338
1 14 2
529 309
1 15 2
274 286
1 6 2
571 728
1 13 2
547 89
1 15 2
582 709
1 7 2
513 683
1 6 2
522 768
1 6 2
190 739
1 5 2
338 24
1 7 2
719 740
1 11 2
374 737
1 10 2
634 208
1 8 2
629 562
1 15 2
150 189
1 13 2
32 360
1 10 2
799 262
1 6 2
332 774
1 14 2
719 707
1 13 2
435 635
1 8 2
14 136
1 15 2
303 664
1 7 2
289 730
1 8 2
86 271
1 4 2
481 247
1 12 2
570 114
1 9 2
190 661
1 8 2
514 233
1 10 2
573 95
1 3 2
731 748
1 8 2
321 246
1 9 2
187 761
1 6 2
436 75
1 8 2
566 188
1 15 2
270 185
1 15 2
733 84
1 14 2
118 284
1 14 2
252 334
1 13 2
721 520
1 12 2
36 101
1 13 2
215 547
1 15 2
782 215
1 4 2
292 568
1 10 2
472 511
1 14 2
563 493
1 13 2
124 384
1 7 2
379 701
1 14 2
199 225
1 10 2
433 167
1 7 2
71 307
1 7 2
473 310
1 7 2
790 202
1 4 2
436 81
1 2 2
731 521
1 3 2
240 48
1 10 2
70 165
1 8 2
613 764
1 3 2
100 148
1 7 2
754 714
1 15 2
20 454
1 14 2
140 53
1 12 2
275 144
1 14 2
260 66
1 10 2
541 92
1 11 2
430 500
1 6 2
552 601
1 15 2
733 685
1 15 2
760 423
1 2 2
46 715
1 10 2
22 365
1 3 2
756 1
1 8 2
350 558
1 6 2
307 608
1 2 2
199 725
1 5 2
49 422
1 7 2
522 230
1 12 2
228 707
1 15 2
213 445
1 7 2
210 579
1 10 2
531 496
1 14 2
395 382
1 11 2
505 592
1 11 2
643 169
1 13 2
81 31
1 11 2
677 681
1 14 2
780 688
1 7 2
445 123
1 12 2
15 611
1 6 2
64 440
1 12 2
765 26
1 12 2
649 273
1 4 2
424 465
1 14 2
341 739
1 11 2
392 235
1 14 2
459 312
1 6 2
501 129
1 4 2
730 290
1 7 2
666 520
1 9 2
707 118
1 4 2
98 85
1 11 2
98 453
1 11 2
379 246
1 2 2
567 498
1 6 2
269 209
1 6 2
503 457
1 3 2
65 579
1 12 2
22 477
1 11 2
151 146
1 10 2
673 372
1 5 2
10 776
1 12 2
677 171
1 10 2
737 713
1 3 2
74 575
1 5 2
650 278
1 4 2
385 227
1 13 2
194 504
1 4 2
28 500
1 13 2
23 352
1 10 2
35 723
1 12 2
37 630
1 11 2
8 401
1 5 2
62 754
1 4 2
172 458
1 5 2
184 428
1 2 2
403 11
1 10 2
356 204
1 4 2
314 475
1 14 2
468 68
1 2 2
196 692
1 14 2
441 48
1 4 2
281 26
1 11 2
387 440
1 4 2
759 430
1 8 2
310 284
1 14 2
209 599
1 13 2
682 561
1 2 2
776 280
1 15 2
52 595
1 3 2
671 453
1 4 2
716 84
1 11 2
330 336
1 6 2
454 511
1 5 2
326 529
1 3 2
257 477
1 8 2
233 44
1 11 2
6 337
1 10 2
242 64
1 10 2
601 433
1 13 2
174 704
1 7 2
630 88
1 3 2
278 307
1 14 2
497 3
1 14 2
193 603
1 9 2
121 95
1 9 2
391 773
1 4 2
484 735
1 6 2
456 572
1 5 2
519 700
1 7 2
739 523
1 12 2
502 148
1 12 2
231 556
1 11 2
62 503
1 14 2
162 45
1 12 2
477 545
1 7 2
796 463
1 7 2
565 260
1 3 2
254 668
1 6 2
521 527
1 10 2
393 52
1 9 2
399 440
1 3 2
63 18
1 15 2
207 540
1 14 2
216 116
1 5 2
534 393
1 11 2
107 340
1 10 2
259 207
1 6 2
83 504
1 3 2
707 275
1 9 2
662 254
1 13 2
278 371
1 10 2
258 32
1 8 2
645 204
1 13 2
608 661
1 11 2
185 617
1 3 2
572 318
1 2 2
627 653
1 5 2
234 78
1 3 2
100 727
1 3 2
290 254
1 14 2
776 316
1 6 2
49 134
1 10 2
252 384
1 9 2
472 701
1 12 2
622 306
1 10 2
2 606
1 3 2
51 356
1 10 2
632 132
1 12 2
496 734
1 9 2
697 321
1 14 2
336 386
1 6 2
61 165
1 4 2
650 768
1 12 2
252 565
1 13 2
626 188
1 15 2
538 88
1 8 2
333 755
1 8 2
256 718
1 5 2
129 527
1 15 2
216 130
1 15 2
543 541
1 12 2
616 384
1 3 2
451 657
1 13 2
659 613
1 11 2
278 321
1 11 2
181 341
1 4 2
704 310
1 13 2
560 454
1 4 2
523 665
1 11 2
739 77
1 8 2
356 34
1 6 2
785 777
1 10 2
747 427
1 12 2
232 450
1 11 2
121 571
1 3 2
249 689
1 5 2
524 363
1 7 2
130 140
1 6 2
180 241
1 5 2
322 597
1 6 2
20 705
1 13 2
122 430
1 3 2
373 759
1 2 2
102 451
1 15 2
310 575
1 12 2
52 138
1 4 2
278 510
1 6 2
379 488
1 14 2
47 107
1 10 2
421 334
1 14 2
385 212
1 8 2
118 616
1 10 2
207 179
1 11 2
408 360
1 4 2
526 322
1 12 2
224 207
1 7 2
86 92
1 7 2
5 76
1 3 2
213 476
1 5 2
49 343
1 6 2
118 438
1 12 2
597 132
1 8 2
691 52
1 13 2
674 636
1 2 2
168 381
1 12 2
746 240
1 8 2
104 396
1 5 2
295 346
1 10 2
178 730
1 9 2
397 762
1 10 2
671 592
1 10 2
485 336
1 14 2
500 34
1 5 2
106 656
1 14 2
572 200
1 9 2
683 343
1 7 2
88 479
1 15 2
341 518
1 10 2
353 281
1 14 2
504 758
1 4 2
625 632
1 12 2
6 74
1 11 2
723 284
1 13 2
285 690
1 9 2
743 340
1 6 2
578 64
1 11 2
770 374
1 13 2
169 572
1 14 2
17 510
1 11 2
776 291
1 15 2
761 122
1 11 2
450 173
1 13 2
557 297
1 11 2
336 316
1 2 2
567 143
1 12 2
415 367
1 14 2
391 263
1 9 2
536 573
1 10 2
444 631
1 5 2
487 656
1 10 2
219 605
1 12 2
535 764
1 10 2
552 471
1 13 2
257 557
1 14 2
472 663
1 15 2
115 373
1 7 2
573 185
1 9 2
207 517
1 10 2
576 191
1 7 2
359 691
1 15 2
26 587
1 11 2
759 645
1 15 2
598 477
1 9 2
260 23
1 12 2
242 34
1 4 2
777 331
1 3 2
562 174
1 3 2
397 431
1 7 2
414 427
1 2 2
404 335
1 10 2
788 707
1 8 2
659 463
1 7 2
14 633
1 8 2
773 132
1 15 2
37 310
1 12 2
538 460
1 8 2
350 798
1 4 2
692 424
1 5 2
288 117
1 11 2
11 175
1 9 2
348 211
1 9 2
482 318
1 10 2
679 20
1 2 2
520 557
1 4 2
363 99
1 9 2
47 782
1 4 2
745 409
1 12 2
250 353
1 12 2
794 319
1 13 2
783 24
1 10 2
337 600
1 2 2
598 256
1 12 2
325 530
1 14 2
229 584
1 2 2
241 137
1 9 2
199 762
1 2 2
291 750
1 15 2
305 159
1 10 2
749 744
1 11 2
501 435
1 9 2
449 104
1 5 2
300 155
1 14 2
377 289
1 2 2
553 413
1 10 2
504 258
1 13 2
211 87
1 9 2
416 161
1 3 2
119 221
1 9 2
531 213
1 7 2
36 633
1 10 2
392 572
1 7 2
48 611
1 2 2
285 489
1 6 2
554 677
1 4 2
324 789
1 3 2
545 420
1 12 2
754 557
1 9 2
758 468
1 15 2
299 496
1 14 2
563 474
1 13 2
33 519
1 6 2
429 21
1 3 2
143 483
1 6 2
179 109
1 11 2
538 785
1 6 2
743 570
1 3 2
677 169
1 4 2
619 198
1 12 2
238 356
1 15 2
18 601
1 6 2
357 725
1 3 2
219 738
1 14 2
95 414
1 6 2
474 4
1 2 2
494 135
1 7 2
540 736
1 11 2
649 173
1 2 2
292 26
1 7 2
464 234
1 15 2
783 585
1 11 2
126 427
1 2 2
466 566
1 9 2
228 282
1 13 2
478 231
1 14 2
772 489
1 12 2
403 690
1 8 2
175 206
1 14 2
9 772
1 7 2
394 751
1 15 2
797 602
1 15 2
620 717
1 8 2
353 634
1 13 2
142 705
1 6 2
591 667
1 6 2
462 769
1 14 2
494 770
1 2 2
152 92
1 5 2
594 64
1 9 2
783 208
1 14 2
776 307
1 12 2
335 412
1 9 2
167 76
1 7 2
705 671
1 13 2
290 183
1 4 2
443 223
1 7 2
510 574
1 12 2
100 717
1 15 2
771 399
1 14 2
576 419
1 10 2
65 16
1 7 2
718 8
1 9 2
120 639
1 3 2
178 443
1 11 2
3 290
1 15 2
497 4
1 12 2
714 694
1 2 2
742 143
1 15 2
592 389
1 8 2
456 653
1 2 2
688 347
1 4 2
703 29
1 14 2
429 127
1 3 2
104 732
1 7 2
111 67
1 15 2
732 104
1 2 2
461 462
1 15 2
796 368
1 11 2
444 174
1 13 2
670 637
1 11 2
203 413
1 5 2
742 12
1 4 2
727 123
1 11 2
131 491
1 12 2
764 603
1 11 2
82 688
1 13 2
493 116
1 10 2
52 22
1 12 2
327 338
1 6 2
205 573
1 11 2
31 415
1 3 2
480 222
1 15 2
776 416
1 11 2
775 177
1 13 2
637 252
1 11 2
185 106
1 8 2
345 431
1 13 2
443 65
1 9 2
139 548
1 8 2
752 679
1 12 2
552 528
1 12 2
7 19
1 14 2
46 622
1 8 2
300 102
1 13 2
665 18
1 6 2
98 731
1 3 2
501 556
1 12 2
106 773
1 5 2
271 727
1 9 2
104 439
1 7 2
416 697
1 11 2
385 160
1 14 2
97 244
1 12 2
197 714
1 10 2
132 337
1 3 2
534 557
1 4 2
365 215
1 7 2
139 603
1 15 2
253 202
1 15 2
68 636
1 4 2
633 444
1 3 2
690 523
1 11 2
713 505
1 2 2
443 530
1 13 2
287 278
1 3 2
523 251
1 13 2
466 130
1 7 2
90 683
1 7 2
431 68
1 9 2
684 58
1 10 2
482 729
1 12 2
398 636
1 10 2
561 715
1 13 2
162 265
1 4 2
30 167
1 2 2
457 152
1 12 2
715 733
1 9 2
477 675
1 8 2
559 544
1 2 2
90 726
1 2 2
82 476
1 15 2
64 698
1 7 2
791 424
1 11 2
694 24
1 6 2
260 511
1 14 2
581 23
1 11 2
522 80
1 13 2
285 792
1 4 2
515 511
1 7 2
97 336
1 12 2
394 687
1 14 2
318 799
1 9 2
751 457
1 3 2
623 341
1 2 2
716 400
1 6 2
309 535
1 13 2
249 354
1 13 2
344 68
1 13 2
144 461
1 4 2
222 165
1 8 2
635 277
1 5 2
201 334
1 14 2
691 343
1 15 2
766 691
1 7 2
471 765
1 15 2
536 310
1 4 2
591 224
1 9 2
575 466
1 9 2
268 204
1 14 2
8 17
1 3 2
799 401
1 15 2
635 193
1 8 2
628 481
1 10 2
203 463
1 14 2
293 521
1 10 2
668 85
1 5 2
11 783
1 3 2
195 430
1 7 2
353 54
1 11 2
381 64
1 3 2
631 779
1 11 2
297 114
1 8 2
469 466
1 12 2
653 674
1 4 2
366 460
1 9 2
285 26
1 3 2
38 741
1 3 2
610 595
1 9 2
257 340
1 5 2
7 481
1 12 2
258 56
1 2 2
322 275
1 13 2
674 778
1 9 2
165 564
1 2 2
200 152
1 8 2
647 564
1 14 2
465 775
1 9 2
385 296
1 3 2
172 714
1 3 2
682 146
1 6 2
29 428
1 12 2
210 441
1 6 2
559 281
1 7 2
217 31
1 15 2
84 487
1 3 2
756 343
1 15 2
119 34
1 15 2
582 92
1 11 2
703 40
1 5 2
596 742
1 14 2
32 667
1 3 2
278 189
1 5 2
365 797
1 13 2
465 170
1 2 2
216 105
1 2 2
65 711
1 3 2
593 456
1 14 2
349 310
1 15 2
693 576
1 14 2
572 367
1 8 2
662 317
1 11 2
158 675
1 5 2
442 193
1 9 2
555 462
1 4 2
311 360
1 10 2
174 613
1 14 2
760 363
1 15 2
216 494
1 11 2
560 771
1 15 2
265 343
1 8 2
45 149
1 12 2
643 734
1 2 2
529 235
1 9 2
720 440
1 9 2
460 765
1 15 2
491 734
1 9 2
614 192
1 12 2
350 26
1 14 2
110 56
1 6 2
47 213
1 13 2
730 555
1 2 2
262 206
1 15 2
27 68
1 12 2
759 652
1 15 2
764 233
1 15 2
327 681
1 11 2
706 119
1 13 2
288 356
1 8 2
770 501
1 5 2
557 223
1 3 2
238 287
1 14 2
197 646
1 9 2
783 309
1 4 2
84 414
1 11 2
187 689
1 3 2
533 455
1 15 2
589 540
1 9 2
99 223
1 2 2
737 675
1 10 2
646 455
1 4 2
539 696
1 15 2
369 341
1 6 2
230 404
1 15 2
164 745
1 5 2
27 446
1 9 2
354 446
1 2 2
362 407
1 3 2
792 442
1 7 2
749 51
1 5 2
574 498
1 15 2
272 521
1 7 2
346 423
1 7 2
425 228
1 7 2
28 335
1 4 2
252 128
1 2 2
178 584
1 3 2
498 508
1 7 2
207 76
1 3 2
349 76
1 14 2
503 190
1 6 2
63 158
1 2 2
99 729
1 8 2
398 690
1 15 2
712 726
1 12 2
609 490
1 2 2
485 126
1 13 2
431 30
1 8 2
227 752
1 13 2
608 426
1 9 2
784 371
1 10 2
539 553
1 4 2
226 228
1 5 2
32 682
1 4 2
57 377
1 11 2
672 704
1 9 2
195 451
1 11 2
72 472
1 10 2
685 624
1 6 2
180 773
1 12 2
545 485
1 5 2
530 412
1 13 2
551 492
1 10 2
104 143
1 12 2
543 478
1 13 2
632 769
1 13 2
380 161
1 9 2
683 205
1 13 2
790 735
1 13 2
637 744
1 8 2
63 653
1 6 2
138 466
1 10 2
514 256
1 9 2
48 678
1 3 2
32 47
1 3 2
158 560
1 10 2
117 50
1 5 2
196 553
1 3 2
15 164
1 15 2
242 103
1 2 2
707 316
1 7 2
94 485
1 8 2
673 406
1 14 2
296 405
1 10 2
743 366
1 5 2
578 580
1 3 2
296 299
1 14 2
753 772
1 4 2
418 4
1 10 2
285 181
1 13 2
26 509
1 10 2
369 101
1 11 2
144 75
1 3 2
525 259
1 4 2
768 484
1 10 2
411 149
1 12 2
539 288
1 3 2
305 730
1 12 2
627 84
1 6 2
517 63
1 3 2
159 669
1 5 2
76 39
1 8 2
625 93
1 10 2
220 280
1 14 2
630 585
1 14 2
669 249
1 12 2
789 666
1 13 2
552 251
1 2 2
142 235
1 15 2
295 531
1 14 2
515 644
1 15 2
358 231
1 13 2
675 579
1 5 2
797 721
1 14 2
545 106
1 10 2
193 726
1 3 2
409 68
1 8 2
630 786
1 5 2
555 391
1 8 2
224 416
1 11 2
347 416
1 14 2
330 134
1 2 2
526 576
1 2 2
501 565
1 11 2
658 581
1 5 2
655 790
1 3 2
765 49
1 9 2
635 677
1 3 2
526 534
1 11 2
165 406
1 2 2
732 518
1 2 2
245 259
1 14 2
20 742
1 9 2
350 306
1 5 2
523 495
1 6 2
721 94
1 3 2
157 356
1 4 2
233 201
1 15 2
280 514
1 13 2
206 720
1 9 2
11 703
1 9 2
380 316
1 2 2
61 705
1 8 2
110 340
1 12 2
797 734
1 13 2
387 596
1 15 2
218 326
1 2 2
347 735
1 2 2
681 619
1 10 2
223 501
1 3 2
741 476
1 3 2
666 480
1 15 2
556 449
1 14 2
296 414
1 15 2
151 400
1 11 2
782 413
1 10 2
684 331
1 8 2
787 70
1 3 2
307 351
1 10 2
81 453
1 13 2
55 637
1 13 2
394 773
1 12 2
118 335
1 6 2
160 736
1 4 2
335 712
1 12 2
505 188
1 4 2
597 540
1 2 2
270 707
1 3 2
163 472
1 15 2
322 447
1 6 2
273 579
1 10 2
232 359
1 4 2
797 514
1 15 2
73 745
1 12 2
36 385
1 4 2
531 128
1 15 2
462 719
1 12 2
360 548
1 7 2
165 534
1 15 2
18 298
1 4 2
790 348
1 3 2
97 260
1 8 2
317 484
1 3 2
316 629
1 15 2
98 252
1 9 2
367 79
1 5 2
151 646
1 2 2
189 607
1 3 2
194 415
1 4 2
266 586
1 12 2
687 201
1 13 2
706 432
1 14 2
602 724
1 7 2
467 181
1 2 2
479 433
1 8 2
48 212
1 3 2
395 385
1 13 2
339 653
1 8 2
777 389
1 12 2
583 696
1 8 2
183 247
1 8 2
75 795
1 14 2
576 195
1 12 2
372 129
1 3 2
91 38
1 4 2
57 758
1 14 2
689 394
1 9 2
33 424
1 11 2
712 194
1 6 2
233 667
1 5 2
127 205
1 2 2
133 386
1 4 2
268 531
1 14 2
116 582
1 2 2
151 6
1 9 2
126 173
1 14 2
332 363
1 5 2
595 310
1 3 2
554 513
1 7 2
454 725
1 14 2
100 131
1 9 2
6 23
1 15 2
252 225
1 7 2
242 131
1 14 2
45 361
1 10 2
445 696
1 8 2
264 165
1 5 2
758 311
1 14 2
522 538
1 13 2
494 792
1 11 2
534 347
1 4 2
428 101
1 11 2
696 309
1 3 2
95 28
1 12 2
387 628
1 15 2
41 436
1 9 2
231 642
1 13 2
178 126
1 12 2
709 51
1 2 2
104 646
1 12 2
419 452
1 14 2
406 681
1 12 2
606 353
1 10 2
589 694
1 5 2
542 784
1 5 2
776 101
1 4 2
706 438
1 13 2
83 667
1 13 2
536 656
1 10 2
583 156
1 5 2
67 566
1 13 2
578 162
1 5 2
345 205
1 8 2
585 382
1 15 2
560 188
1 9 2
179 437
1 13 2
577 359
1 7 2
289 449
1 3 2
293 46
1 10 2
711 466
1 7 2
30 410
1 7 2
249 783
1 7 2
35 703
1 15 2
117 108
1 8 2
70 23
1 15 2
305 70
1 4 2
470 506
1 3 2
486 363
1 4 2
653 225
1 9 2
446 480
1 15 2
758 150
1 13 2
705 34
1 3 2
343 489
1 4 2
328 500
1 8 2
341 655
1 15 2
607 508
1 9 2
0 537
1 13 2
47 238
1 8 2
478 776
1 5 2
238 589
1 11 2
706 740
1 6 2
734 90
1 11 2
68 183
1 2 2
798 530
1 4 2
689 641
1 3 2
233 236
1 7 2
356 239
1 6 2
163 298
1 14 2
58 220
1 10 2
113 179
1 5 2
298 623
1 4 2
487 357
1 9 2
51 231
1 4 2
467 776
1 3 2
701 372
1 12 2
723 393
1 12 2
439 773
1 13 2
216 597
1 11 2
312 129
1 6 2
200 599
1 13 2
776 441
1 14 2
256 89
1 14 2
199 61
1 13 2
294 198
1 12 2
631 564
1 6 2
166 738
1 5 2
137 631
1 8 2
765 32
1 3 2
285 441
1 13 2
423 149
1 15 2
102 114
1 4 2
507 326
1 7 2
151 150
1 15 2
475 246
1 14 2
670 569
1 9 2
291 151
1 2 2
116 631
1 6 2
729 366
1 2 2
64 504
1 14 2
452 287
1 15 2
99 643
1 7 2
623 483
1 14 2
67 41
1 9 2
441 272
1 4 2
86 377
1 5 2
552 702
1 10 2
16 416
1 9 2
647 188
1 13 2
155 516
1 7 2
101 66
1 15 2
376 402
1 3 2
248 664
1 8 2
15 65
1 2 2
436 15
1 7 2
461 118
1 8 2
156 703
1 11 2
562 258
1 6 2
350 505
1 4 2
94 412
1 11 2
425 618
1 4 2
747 709
1 6 2
448 272
1 5 2
542 48
1 9 2
789 243
1 8 2
748 200
1 14 2
663 394
1 13 2
492 441
1 14 2
618 740
1 7 2
43 280
1 3 2
92 22
1 15 2
17 194
1 5 2
433 22
1 3 2
765 325
1 3 2
276 546
1 10 2
409 438
1 6 2
317 138
1 15 2
17 185
1 10 2
349 58
1 12 2
374 637
1 4 2
530 689
1 10 2
244 307
1 7 2
239 159
1 9 2
48 739
1 14 2
109 221
1 4 2
169 711
1 3 2
515 782
1 2 2
715 259
1 5 2
43 444
1 12 2
353 486
1 7 2
48 797
1 12 2
94 558
1 8 2
444 179
1 6 2
727 247
1 12 2
246 3
1 5 2
413 348
1 2 2
580 350
1 5 2
560 252
1 9 2
153 292
1 8 2
582 545
1 12 2
164 787
1 12 2
35 786
1 7 2
96 477
1 6 2
91 679
1 11 2
104 415
1 14 2
224 126
1 8 2
400 383
1 10 2
159 736
1 5 2
510 103
1 5 2
722 545
1 6 2
179 72
1 10 2
109 515
1 11 2
731 571
1 15 2
356 574
1 13 2
519 480
1 15 2
128 627
1 9 2
56 779
1 14 2
692 591
1 3 2
761 330
1 4 2
477 631
1 10 2
288 112
1 8 2
411 70
1 7 2
13 464
1 3 2
777 29
1 9 2
267 310
1 12 2
523 686
1 13 2
43 714
1 13 2
550 552
1 4 2
217 320
1 12 2
252 706
1 4 2
161 85
1 12 2
618 57
1 5 2
794 81
1 5 2
571 769
1 6 2
336 155
1 2 2
58 622
1 8 2
363 444
1 4 2
466 297
1 3 2
181 797
1 6 2
337 756
1 4 2
26 215
1 6 2
4 408
1 8 2
679 797
1 4 2
498 610
1 9 2
166 776
1 6 2
256 436
1 5 2
121 544
1 14 2
161 398
1 14 2
636 135
1 12 2
353 747
1 3 2
497 398
1 10 2
224 298
1 9 2
559 719
1 7 2
17 509
1 11 2
724 761
1 12 2
777 445
1 14 2
440 678
1 5 2
359 219
1 9 2
492 722
1 3 2
594 424
1 15 2
781 784
1 15 2
453 522
1 7 2
759 49
1 6 2
611 331
1 13 2
669 362
1 6 2
165 285
1 2 2
554 249
1 14 2
534 596
1 4 2
107 242
1 8 2
143 23
1 13 2
142 276
1 5 2
210 642
1 11 2
791 353
1 8 2
367 129
1 12 2
598 524
1 8 2
699 69
1 15 2
46 96
1 11 2
148 661
1 4 2
414 213
1 3 2
512 747
1 9 2
245 118
1 12 2
390 452
1 3 2
216 604
1 5 2
179 628
1 4 2
485 778
1 3 2
765 483
1 9 2
649 255
1 2 2
377 197
1 14 2
755 192
1 6 2
331 754
1 2 2
633 233
1 4 2
509 165
1 11 2
46 164
1 4 2
223 95
1 11 2
647 386
1 9 2
84 772
1 10 2
569 281
1 13 2
152 782
1 11 2
54 174
1 7 2
682 659
1 4 2
268 109
1 11 2
485 531
1 10 2
651 351
1 13 2
271 445
1 7 2
637 292
1 2 2
313 267
1 6 2
479 601
1 15 2
678 264
1 9 2
506 31
1 4 2
370 208
1 2 2
675 750
1 15 2
165 589
1 15 2
195 371
1 13 2
56 640
1 7 2
256 566
1 7 2
608 221
1 13 2
604 300
1 11 2
415 469
1 15 2
401 495
1 6 2
332 370
1 6 2
760 116
1 5 2
502 37
1 10 2
276 417
1 2 2
192 446
1 4 2
259 284
1 12 2
484 553
1 9 2
214 116
1 15 2
632 335
1 13 2
136 80
1 3 2
541 219
1 11 2
431 506
1 9 2
756 66
1 9 2
331 707
1 6 2
676 254
1 6 2
132 338
1 8 2
286 779
1 14 2
476 418
1 13 2
737 411
1 2 2
177 412
1 8 2
306 218
1 5 2
575 573
1 3 2
334 209
1 15 2
208 33
1 14 2
321 575
1 4 2
652 651
1 2 2
416 313
1 6 2
759 769
1 14 2
318 530
1 15 2
120 2
1 15 2
626 663
1 3 2
172 128
1 12 2
340 133
1 14 2
295 514
1 12 2
269 176
1 4 2
742 140
1 7 2
655 585
1 12 2
783 118
1 11 2
447 688
1 15 2
246 792
1 12 2
491 31
1 11 2
610 678
1 8 2
597 245
1 14 2
658 570
1 2 2
616 191
1 10 2
262 9
1 15 2
369 464
1 15 2
436 13
1 6 2
523 140
1 14 2
99 452
1 14 2
784 447
1 12 2
124 667
1 12 2
499 331
1 15 2
321 496
1 15 2
368 530
1 5 2
726 239
1 10 2
186 89
1 2 2
198 626
1 8 2
388 77
1 4 2
559 43
1 12 2
592 104
1 5 2
662 546
1 13 2
10 102
1 2 2
752 794
1 3 2
349 37
1 14 2
141 606
1 10 2
80 215
1 13 2
116 461
1 9 2
721 188
1 5 2
70 566
1 8 2
242 745
1 10 2
771 146
1 10 2
473 641
1 14 2
496 398
1 3 2
280 269
1 12 2
726 395
1 6 2
292 80
1 8 2
470 501
1 11 2
584 479
1 8 2
236 205
1 2 2
543 64
1 13 2
153 107
1 12 2
570 601
1 10 2
58 70
1 3 2
767 532
1 3 2
124 435
1 7 2
249 189
1 13 2
386 366
1 3 2
361 714
1 3 2
571 479
1 3 2
762 262
1 14 2
322 435
1 14 2
690 669
1 6 2
707 585
1 9 2
261 320
1 5 2
274 680
1 2 2
386 155
1 13 2
249 160
1 4 2
148 412
1 10 2
19 679
1 11 2
39 586
1 7 2
351 198
1 12 2
776 692
1 7 2
771 457
1 15 2
508 225
1 4 2
510 540
1 9 2
369 4
1 6 2
22 723
1 14 2
781 387
1 13 2
607 622
1 14 2
0 478
1 5 2
131 116
1 9 2
486 470
1 9 2
355 273
1 15 2
159 204
1 7 2
687 276
1 3 2
183 10
1 2 2
505 250
1 14 2
76 269
1 7 2
264 451
1 13 2
215 36
1 5 2
493 254
1 9 2
610 234
1 7 2
370 115
1 10 2
119 122
1 6 2
327 316
1 8 2
304 703
1 7 2
417 171
1 9 2
627 476
1 15 2
84 187
1 14 2
209 268
1 13 2
763 304
1 14 2
341 779
1 5 2
655 481
1 11 2
483 384
1 3 2
238 24
1 14 2
589 468
1 12 2
606 123
1 12 2
595 273
1 15 2
19 233
1 7 2
639 454
1 2 2
443 198
1 14 2
71 36
1 2 2
296 754
1 5 2
246 730
1 3 2
583 104
1 8 2
306 764
1 7 2
115 29
1 12 2
17 419
1 15 2
197 474
1 7 2
734 331
1 12 2
18 515
1 2 2
446 114
1 12 2
239 158
1 14 2
269 609
1 5 2
769 283
1 15 2
27 735
1 10 2
12 765
1 6 2
286 724
1 12 2
218 318
1 15 2
77 624
1 10 2
653 502
1 9 2
74 554
1 4 2
229 756
1 10 2
358 770
1 11 2
208 332
1 2 2
479 405
1 13 2
52 784
1 3 2
25 617
1 5 2
546 464
1 11 2
677 390
1 2 2
182 752
1 4 2
52 374
1 2 2
143 357
1 14 2
326 6
1 14 2
574 186
1 2 2
391 682
1 10 2
464 615
1 12 2
419 378
1 2 2
396 525
1 7 2
22 792
1 12 2
4 201
1 5 2
608 372
1 15 2
607 100
1 10 2
12 304
1 6 2
114 41
1 9 2
352 772
1 8 2
741 231
1 11 2
136 468
1 13 2
443 295
1 11 2
733 713
1 7 2
331 750
1 6 2
185 449
1 10 2
570 171
1 8 2
676 705
1 15 2
200 339
1 4 2
603 598
1 2 2
328 472
1 4 2
26 736
1 13 2
698 556
1 12 2
685 473
1 14 2
528 115
1 5 2
556 130
1 9 2
491 41
1 12 2
374 715
1 14 2
36 605
1 11 2
323 734
1 13 2
738 774
1 9 2
12 329
1 11 2
162 509
1 11 2
141 542
1 14 2
499 292
1 10 2
328 620
1 4 2
463 257
1 12 2
192 668
1 5 2
536 73
1 7 2
515 31
1 8 2
260 326
1 14 2
3 72
1 4 2
178 269
1 4 2
151 224
1 11 2
690 291
1 6 2
623 43
1 11 2
3 369
1 6 2
143 554
1 7 2
562 281
1 9 2
343 101
1 8 2
127 68
1 15 2
277 781
1 14 2
256 508
1 8 2
687 149
1 4 2
43 297
1 14 2
730 792
1 10 2
383 589
1 13 2
517 752
1 2 2
677 421
1 2 2
122 538
1 3 2
568 449
1 13 2
419 369
1 4 2
494 665
1 15 2
31 706
1 15 2
153 558
1 7 2
420 243
1 12 2
794 537
1 13 2
459 671
1 7 2
611 546
1 12 2
28 253
1 12 2
167 479
1 14 2
211 791
1 5 2
727 679
1 9 2
672 604
1 8 2
153 586
1 6 2
490 704
1 8 2
565 178
1 11 2
265 341
1 2 2
649 739
1 8 2
141 633
1 8 2
158 225
1 12 2
5 491
1 8 2
733 88
1 9 2
196 727
1 2 2
748 779
1 7 2
793 516
1 9 2
224 719
1 3 2
467 204
1 9 2
752 434
1 10 2
520 307
1 6 2
622 62
1 10 2
16 290
1 5 2
142 763
1 14 2
738 141
1 2 2
753 275
1 8 2
220 636
1 14 2
218 528
1 11 2
232 245
1 14 2
439 37
1 9 2
226 378
1 6 2
476 439
1 10 2
35 261
1 4 2
243 300
1 8 2
177 364
1 4 2
683 586
1 9 2
704 632
1 5 2
546 307
1 2 2
358 249
1 8 2
349 147
1 13 2
63 790
1 8 2
654 460
1 7 2
657 422
1 2 2
713 666
1 13 2
758 122
1 7 2
575 436
1 15 2
614 775
1 5 2
202 217
1 6 2
75 774
1 2 2
724 681
1 9 2
47 458
1 15 2
261 259
1 12 2
289 67
1 12 2
97 101
1 6 2
195 283
1 4 2
23 565
1 8 2
708 82
1 9 2
391 574
1 4 2
155 345
1 4 2
703 599
1 9 2
650 320
1 8 2
796 210
1 9 2
188 318
1 2 2
768 584
1 2 2
176 485
1 12 2
677 14
1 8 2
284 771
1 5 2
536 515
1 12 2
753 579
1 7 2
518 336
1 9 2
713 708
1 14 2
332 120
1 10 2
93 661
1 13 2
442 351
1 4 2
361 226
1 9 2
440 150
1 14 2
534 446
1 15 2
323 227
1 6 2
556 197
1 9 2
299 526
1 4 2
710 611
1 14 2
213 575
1 8 2
366 322
1 6 2
158 714
1 5 2
281 786
1 7 2
696 733
1 7 2
284 214
1 13 2
164 108
1 3 2
593 182
1 3 2
359 26
1 6 2
274 35
1 14 2
16 92
1 11 2
509 176
1 6 2
645 556
1 9 2
31 331
1 10 2
797 603
1 5 2
337 72
1 8 2
533 746
1 15 2
63 325
1 9 2
578 773
1 10 2
43 778
1 3 2
58 354
1 11 2
511 387
1 10 2
769 57
1 8 2
104 453
1 14 2
39 696
1 10 2
36 115
1 7 2
47 370
1 14 2
263 449
1 8 2
517 126
1 15 2
389 557
1 9 2
168 347
1 13 2
704 639
1 11 2
615 722
1 5 2
724 203
1 8 2
186 457
1 14 2
59 425
1 12 2
432 790
1 10 2
318 649
1 12 2
376 643
1 5 2
678 478
1 7 2
186 427
1 5 2
224 362
1 8 2
573 77
1 5 2
95 797
1 4 2
706 490
1 14 2
542 410
1 3 2
424 451
1 14 2
354 278
1 8 2
760 607
1 8 2
632 584
1 5 2
501 549
1 5 2
89 652
1 8 2
13 94
1 8 2
422 203
1 13 2
19 158
1 11 2
497 551
1 13 2
255 244
1 7 2
431 541
1 6 2
501 624
1 11 2
664 617
1 11 2
566 49
1 10 2
3 708
1 6 2
794 724
1 15 2
116 396
1 13 2
339 489
1 10 2
711 698
1 8 2
549 578
1 15 2
516 125
1 11 2
612 667
1 13 2
353 110
1 4 2
249 307
1 11 2
216 434
1 7 2
765 704
1 15 2
708 66
1 5 2
720 608
1 9 2
664 668
1 12 2
598 607
1 6 2
106 637
1 15 2
169 231
1 12 2
692 373
1 3 2
555 382
1 15 2
664 575
1 11 2
44 238
1 12 2
267 41
1 15 2
175 719
1 6 2
668 270
1 3 2
81 408
1 13 2
682 414
1 10 2
23 451
1 7 2
729 340
1 4 2
56 794
1 12 2
127 746
1 5 2
463 684
1 3 2
412 396
1 7 2
345 245
1 5 2
510 560
1 15 2
788 326
1 4 2
647 33
1 2 2
627 292
1 4 2
759 741
1 10 2
152 24
1 13 2
747 283
1 5 2
586 623
1 7 2
536 759
1 8 2
549 8
1 3 2
385 569
1 12 2
190 133
1 5 2
630 143
1 7 2
92 643
1 10 2
568 215
1 9 2
160 586
1 5 2
466 367
1 15 2
167 704
1 3 2
663 197
1 2 2
479 236
1 8 2
798 541
1 8 2
152 3
1 5 2
317 476
1 3 2
333 686
1 8 2
731 323
1 2 2
583 431
1 8 2
294 385
1 10 2
181 621
1 3 2
710 309
1 5 2
201 563
1 13 2
276 684
1 8 2
217 375
1 3 2
155 379
1 15 2
0 327
1 13 2
477 548
1 6 2
199 600
1 12 2
618 655
1 13 2
624 533
1 6 2
345 619
1 6 2
311 324
1 11 2
148 739
1 10 2
79 187
1 9 2
591 688
1 8 2
471 220
1 15 2
731 669
1 15 2
149 631
1 10 2
316 284
1 2 2
407 296
1 9 2
594 406
1 4 2
621 611
1 3 2
273 777
1 4 2
629 534
1 11 2
537 588
1 5 2
182 169
1 5 2
262 514
1 10 2
470 505
1 7 2
776 229
1 14 2
545 80
1 2 2
425 735
1 4 2
458 651
1 14 2
1 681
1 14 2
228 119
1 14 2
15 205
1 3 2
760 154
1 10 2
386 673
1 4 2
212 688
1 2 2
77 73
1 15 2
747 145
1 5 2
143 267
1 12 2
791 710
1 7 2
692 212
1 8 2
220 359
1 13 2
289 621
1 6 2
502 139
1 10 2
603 485
1 2 2
335 6
1 12 2
114 610
1 15 2
418 553
1 14 2
604 453
1 9 2
557 142
1 6 2
587 220
1 11 2
673 790
1 10 2
576 775
1 12 2
698 618
1 8 2
583 269
1 15 2
149 41
1 7 2
132 302
1 6 2
513 544
1 5 2
388 590
1 4 2
306 337
1 7 2
322 206
1 3 2
472 270
1 3 2
484 356
1 15 2
274 535
1 13 2
99 712
1 11 2
568 699
1 10 2
563 753
1 9 2
163 72
1 8 2
523 785
1 9 2
644 358
1 8 2
100 357
1 15 2
498 97
1 4 2
107 513
1 7 2
100 792
1 9 2
183 234
1 8 2
774 752
1 14 2
461 744
1 13 2
228 269
1 3 2
145 35
1 3 2
270 179
1 5 2
319 396
1 3 2
101 231
1 2 2
423 533
1 12 2
562 606
1 12 2
601 332
1 2 2
323 178
1 13 2
32 271
1 6 2
158 230
1 2 2
118 535
1 12 2
774 670
1 15 2
713 775
1 4 2
239 272
1 8 2
766 461
1 13 2
316 763
1 2 2
454 437
1 6 2
558 368
1 2 2
627 245
1 5 2
568 741
1 14 2
538 254
1 14 2
317 306
1 4 2
203 640
1 8 2
703 718
1 6 2
768 615
1 3 2
788 483
1 3 2
56 114
1 14 2
640 89
1 3 2
113 531
1 15 2
341 172
1 7 2
332 527
1 8 2
417 363
1 11 2
159 140
1 3 2
783 384
1 14 2
120 666
1 7 2
476 105
1 15 2
279 405
1 2 2
717 109
1 5 2
291 366
1 11 2
522 265
1 4 2
122 450
1 11 2
229 516
1 2 2
43 760
1 5 2
53 126
1 5 2
93 75
1 14 2
28 535
1 3 2
360 210
1 11 2
401 106
1 4 2
428 397
1 7 2
93 789
1 5 2
557 562
1 7 2
93 30
1 7 2
388 331
1 4 2
352 783
1 12 2
332 487
1 14 2
416 764
1 15 2
316 233
1 8 2
694 579
1 2 2
11 305
1 13 2
476 662
1 14 2
211 260
1 4 2
17 140
1 6 2
622 194
1 8 2
298 176
1 9 2
34 746
1 3 2
165 416
1 7 2
46 289
1 8 2
35 504
1 15 2
209 360
1 10 2
553 423
1 6 2
299 750
1 14 2
482 103
1 8 2
379 797
1 13 2
619 790
1 10 2
476 235
1 11 2
518 744
1 10 2
289 343
1 11 2
272 300
1 4 2
613 309
1 14 2
640 799
1 15 2
391 619
1 15 2
421 709
1 15 2
112 555
1 15 2
464 584
1 4 2
648 569
1 2 2
635 194
1 14 2
594 258
1 13 2
99 61
1 12 2
461 93
1 9 2
124 444
1 12 2
502 129
1 4 2
277 771
1 5 2
677 312
1 14 2
68 336
1 12 2
198 302
1 2 2
223 462
1 10 2
73 670
1 10 2
226 776
1 8 2
402 277
1 4 2
322 414
1 8 2
291 84
1 15 2
364 508
1 13 2
456 20
1 12 2
191 342
1 5 2
608 334
1 5 2
334 263
1 2 2
339 7
1 4 2
500 123
1 3 2
738 39
1 3 2
613 203
1 11 2
515 337
1 7 2
170 633
1 5 2
261 760
1 9 2
103 612
1 4 2
454 155
1 11 2
201 417
1 3 2
176 197
1 7 2
521 609
1 12 2
205 676
1 7 2
130 351
1 9 2
446 377
1 8 2
487 223
1 6 2
779 529
1 7 2
347 334
1 9 2
632 692
1 4 2
583 378
1 2 2
556 376
1 4 2
165 338
1 5 2
241 691
1 4 2
286 669
1 6 2
609 300
1 11 2
234 335
1 13 2
702 226
1 5 2
725 324
1 13 2
85 388
1 10 2
135 40
1 11 2
302 111
1 7 2
546 98
1 12 2
331 370
1 3 2
429 301
1 5 2
534 314
1 15 2
618 408
1 7 2
291 223
1 3 2
685 229
1 11 2
676 95
1 15 2
711 460
1 10 2
780 546
1 14 2
681 77
1 4 2
710 328
1 3 2
423 587
1 7 2
668 36
1 15 2
187 176
1 7 2
379 775
1 4 2
87 195
1 13 2
441 518
1 9 2
619 215
1 11 2
78 138
1 7 2
624 24
1 5 2
559 63
1 6 2
20 63
1 12 2
145 15
1 11 2
158 30
1 11 2
6 347
1 9 2
687 552
1 7 2
315 768
1 2 2
463 723
1 8 2
631 586
1 14 2
755 685
1 6 2
229 502
1 13 2
55 374
1 11 2
81 787
1 5 2
521 469
1 4 2
781 473
1 3 2
781 499
1 11 2
75 483
1 3 2
16 168
1 2 2
135 171
1 3 2
672 446
1 3 2
281 488
1 4 2
80 11
1 12 2
701 234
1 12 2
317 671
1 3 2
270 791
1 15 2
743 117
1 4 2
240 354
1 9 2
604 483
1 11 2
567 87
1 6 2
77 269
1 4 2
660 196
1 8 2
690 324
1 2 2
501 90
1 13 2
90 243
1 6 2
664 326
1 9 2
646 40
1 10 2
438 101
1 10 2
492 56
1 6 2
144 403
1 2 2
701 691
1 10 2
239 592
1 10 2
329 339
1 15 2
663 450
1 13 2
20 771
1 11 2
47 81
1 12 2
777 8
1 7 2
647 309
1 2 2
430 531
1 12 2
149 44
1 2 2
180 641
1 3 2
324 787
1 3 2
143 141
1 13 2
633 469
1 7 2
306 157
1 9 2
477 94
1 9 2
641 545
1 15 2
479 173
1 7 2
370 468
1 4 2
272 367
1 3 2
63 389
1 14 2
731 433
1 9 2
723 247
1 14 2
503 765
1 13 2
633 465
1 9 2
251 320
1 4 2
158 492
1 4 2
499 753
1 5 2
225 334
1 11 2
544 204
1 14 2
590 242
1 13 2
693 742
1 8 2
688 305
1 15 2
609 579
1 10 2
44 326
1 11 2
650 542
1 2 2
206 589
1 5 2
337 330
1 12 2
263 398
1 6 2
75 344
1 10 2
379 695
1 6 2
461 8
1 10 2
344 281
1 3 2
725 108
1 12 2
251 359
1 4 2
795 762
1 9 2
34 275
1 3 2
291 537
1 6 2
323 686
1 12 2
361 776
1 11 2
241 397
1 4 2
575 779
1 14 2
744 171
1 15 2
51 255
1 14 2
737 557
1 8 2
554 206
1 5 2
614 373
1 13 2
455 657
1 8 2
523 166
1 4 2
777 371
1 6 2
627 66
1 4 2
715 36
1 4 2
679 329
1 10 2
390 536
1 6 2
463 514
1 4 2
334 353
1 4 2
400 318
1 14 2
420 702
1 7 2
419 504
1 14 2
135 746
1 10 2
319 54
1 14 2
227 576
1 10 2
378 589
1 5 2
386 638
1 12 2
219 536
1 5 2
191 154
1 13 2
380 404
1 6 2
731 602
1 13 2
225 174
1 9 2
539 327
1 14 2
770 45
1 8 2
182 420
1 2 2
279 413
1 3 2
132 99
1 9 2
111 500
1 4 2
421 179
1 7 2
723 652
1 4 2
570 115
1 14 2
235 275
1 2 2
438 85
1 4 2
479 65
1 9 2
580 318
1 6 2
461 672
1 14 2
679 502
1 4 2
451 686
1 11 2
200 609
1 10 2
162 150
1 7 2
496 4
1 7 2
18 71
1 5 2
571 474
1 13 2
297 389
1 5 2
686 14
1 5 2
658 464
1 8 2
655 732
1 4 2
650 179
1 4 2
492 358
1 15 2
7 166
1 4 2
779 424
1 6 2
33 667
1 5 2
624 530
1 10 2
118 29
1 8 2
69 243
1 13 2
689 330
1 7 2
766 15
1 10 2
342 429
1 3 2
124 428
1 3 2
395 785
1 2 2
329 764
1 3 2
774 9
1 9 2
732 707
1 9 2
468 630
1 10 2
43 571
1 13 2
516 341
1 4 2
714 3
1 4 2
767 277
1 5 2
531 5
1 11 2
209 588
1 9 2
31 176
1 10 2
781 793
1 4 2
541 763
1 4 2
431 548
1 7 2
152 20
1 5 2
54 593
1 2 2
437 568
1 14 2
28 754
1 15 2
780 556
1 11 2
689 356
1 7 2
100 670
1 10 2
405 580
1 2 2
318 587
1 12 2
393 301
1 14 2
270 206
1 4 2
194 658
1 7 2
226 457
1 10 2
124 482
1 3 2
584 434
1 3 2
587 442
1 10 2
114 409
1 11 2
184 339
1 4 2
469 703
1 13 2
217 770
1 12 2
553 215
1 2 2
334 185
1 7 2
647 652
1 12 2
652 611
1 2 2
23 147
1 10 2
744 447
1 14 2
615 407
1 2 2
759 643
1 14 2
692 149
1 15 2
719 640
1 2 2
249 627
1 15 2
533 790
1 8 2
534 277
1 6 2
281 234
1 10 2
186 679
1 15 2
305 468
1 11 2
500 410
1 9 2
787 396
1 9 2
497 336
1 3 2
278 124
1 12 2
522 21
1 2 2
493 281
1 7 2
528 638
1 6 2
707 151
1 4 2
697 143
1 2 2
90 306
1 3 2
462 75
1 12 2
780 752
1 7 2
12 176
1 5 2
133 266
1 15 2
730 582
1 2 2
237 721
1 2 2
358 482
1 7 2
21 174
1 9 2
240 796
1 3 2
644 232
1 6 2
232 218
1 7 2
623 299
1 9 2
794 504
1 13 2
229 471
1 11 2
209 471
1 5 2
762 293
1 12 2
611 58
1 14 2
527 642
1 9 2
461 458
1 2 2
359 287
1 6 2
24 193
1 5 2
178 309
1 9 2
49 15
1 13 2
242 597
1 5 2
661 760
1 15 2
202 227
1 14 2
50 520
1 3 2
39 592
1 3 2
114 676
1 4 2
328 774
1 13 2
528 745
1 10 2
521 114
1 15 2
377 441
1 12 2
424 206
1 6 2
637 220
1 7 2
757 787
1 10 2
490 772
1 8 2
44 0
1 8 2
574 209
1 14 2
745 117
1 5 2
1 440
1 3 2
760 345
1 15 2
762 194
1 15 2
240 7
1 14 2
295 182
1 14 2
31 738
1 5 2
260 350
1 3 2
448 96
1 6 2
548 91
1 13 2
346 221
1 2 2
161 467
1 7 2
430 36
1 13 2
241 565
1 9 2
339 97
1 11 2
710 342
1 12 2
397 77
1 8 2
545 446
1 14 2
61 216
1 8 2
161 647
1 11 2
80 306
1 11 2
544 582
1 10 2
136 710
1 4 2
519 710
1 15 2
31 116
1 8 2
733 228
1 10 2
526 29
1 5 2
86 173
1 13 2
744 581
1 11 2
479 506
1 15 2
357 476
1 13 2
407 654
1 14 2
447 352
1 12 2
157 392
1 4 2
684 602
1 3 2
313 285
1 6 2
697 414
1 6 2
660 274
1 15 2
637 500
1 8 2
240 535
1 3 2
109 680
1 14 2
583 654
1 9 2
126 560
1 12 2
321 355
1 11 2
193 242
1 3 2
445 707
1 6 2
118 295
1 5 2
558 759
1 10 2
718 557
1 4 2
223 761
1 12 2
208 379
1 13 2
715 774
1 12 2
80 469
1 10 2
86 9
1 10 2
571 688
1 7 2
426 341
1 14 2
136 490
1 12 2
793 280
1 3 2
66 431
1 6 2
729 532
1 2 2
677 652
1 6 2
389 287
1 14 2
383 535
1 2 2
10 344
1 10 2
517 394
1 12 2
115 306
1 11 2
158 449
1 13 2
109 533
1 4 2
330 740
1 11 2
331 430
1 5 2
628 601
1 14 2
279 468
1 9 2
703 330
1 5 2
599 277
1 4 2
312 343
1 4 2
796 23
1 3 2
149 495
1 8 2
13 782
1 2 2
383 705
1 11 2
80 698
1 14 2
557 219
1 3 2
295 153
1 12 2
243 50
1 5 2
263 273
1 2 2
305 250
1 4 2
330 209
1 9 2
549 369
1 4 2
473 591
1 2 2
691 76
1 5 2
245 247
1 6 2
504 72
1 13 2
774 594
1 9 2
270 98
1 10 2
737 585
1 7 2
104 114
1 5 2
447 629
1 8 2
650 664
1 4 2
223 602
1 5 2
534 422
1 11 2
667 133
1 9 2
354 210
1 13 2
693 155
1 9 2
274 92
1 5 2
477 382
1 3 2
75 385
1 8 2
301 240
1 8 2
318 112
1 5 2
661 595
1 5 2
516 555
1 14 2
366 47
1 13 2
0 211
1 10 2
38 604
1 12 2
62 492
1 13 2
653 165
1 14 2
207 41
1 15 2
136 554
1 12 2
124 403
1 6 2
180 614
1 10 2
660 590
1 4 2
205 143
1 6 2
569 702
1 4 2
236 696
1 13 2
113 753
1 14 2
440 749
1 14 2
405 731
1 10 2
526 241
1 2 2
182 602
1 2 2
22 119
1 7 2
242 433
1 9 2
501 303
1 9 2
291 362
1 3 2
759 408
1 9 2
115 427
1 9 2
698 67
1 7 2
74 96
1 4 2
183 468
1 14 2
36 720
1 12 2
64 327
1 3 2
323 653
1 13 2
699 610
1 5 2
3 127
1 12 2
179 146
1 5 2
406 460
1 5 2
547 255
1 9 2
770 101
1 2 2
459 235
1 4 2
308 659
1 15 2
323 783
1 2 2
679 635
1 9 2
698 226
1 3 2
54 623
1 14 2
316 741
1 5 2
388 702
1 11 2
439 120
1 15 2
579 617
1 3 2
710 702
1 4 2
47 627
1 12 2
384 758
1 2 2
95 480
1 12 2
671 647
1 14 2
195 405
1 2 2
59 134
1 7 2
306 380
1 10 2
27 255
1 10 2
117 123
1 13 2
575 69
1 14 2
654 510
1 13 2
267 231
1 3 2
450 685
1 15 2
78 762
1 12 2
708 7
1 15 2
302 196
1 13 2
447 519
1 9 2
505 776
1 3 2
87 186
1 8 2
316 734
1 5 2
492 241
1 10 2
445 56
1 3 2
590 755
1 12 2
636 769
1 5 2
135 50
1 7 2
482 439
1 14 2
640 16
1 9 2
584 597
1 14 2
732 147
1 13 2
304 450
1 2 2
573 697
1 4 2
297 622
1 15 2
701 532
1 11 2
622 564
1 4 2
267 715
1 10 2
516 738
1 5 2
353 451
1 11 2
746 125
1 5 2
564 635
1 2 2
438 715
1 8 2
193 4
1 5 2
585 367
1 2 2
782 116
1 3 2
279 592
1 15 2
186 67
1 5 2
323 97
1 13 2
532 210
1 10 2
571 543
1 9 2
133 711
1 13 2
500 475
1 10 2
198 620
1 11 2
627 601
1 3 2
122 411
1 6 2
624 684
1 12 2
60 97
1 3 2
264 22
1 6 2
216 13
1 12 2
44 480
1 15 2
474 56
1 15 2
207 686
1 4 2
10 436
1 10 2
258 179
1 5 2
127 756
1 14 2
378 575
1 4 2
139 35
1 11 2
81 302
1 14 2
321 769
1 3 2
178 780
1 11 2
511 775
1 4 2
501 683
1 5 2
554 324
1 12 2
241 607
1 2 2
380 61
1 3 2
170 511
1 14 2
230 362
1 11 2
101 61
1 10 2
376 684
1 6 2
347 87
1 10 2
398 320
1 15 2
403 400
1 2 2
607 500
1 6 2
419 604
1 9 2
99 665
1 15 2
356 333
1 5 2
548 685
1 8 2
129 88
1 13 2
182 245
1 5 2
512 517
1 6 2
794 467
1 5 2
198 648
1 5 2
521 762
1 14 2
463 115
1 8 2
275 360
1 2 2
425 522
1 13 2
408 545
1 7 2
70 249
1 9 2
427 290
1 11 2
52 130
1 2 2
376 289
1 3 2
6 227
1 2 2
151 259
1 3 2
620 556
1 10 2
170 31
1 10 2
344 741
1 5 2
82 127
1 10 2
381 319
1 7 2
558 679
1 7 2
365 383
1 6 2
461 767
1 4 2
154 278
1 11 2
601 317
1 4 2
720 535
1 4 2
553 483
1 11 2
422 568
1 4 2
344 799
1 7 2
532 378
1 14 2
156 79
1 12 2
750 64
1 2 2
162 118
1 14 2
428 234
1 12 2
467 643
1 6 2
647 80
1 13 2
99 159
1 13 2
54 340
1 13 2
786 699
1 11 2
162 482
1 14 2
703 453
1 14 2
741 345
1 10 2
626 416
1 8 2
307 41
1 6 2
673 788
1 6 2
157 14
1 14 2
307 166
1 2 2
351 787
1 14 2
497 393
1 3 2
19 603
1 14 2
115 69
1 3 2
534 725
1 13 2
224 195
1 11 2
203 152
1 7 2
482 41
1 10 2
329 497
1 7 2
26 471
1 5 2
642 119
1 11 2
188 423
1 4 2
753 769
1 7 2
585 417
1 8 2
202 260
1 6 2
540 727
1 13 2
549 712
1 9 2
279 429
1 13 2
752 292
1 13 2
701 18
1 11 2
349 606
1 15 2
162 59
1 10 2
228 163
1 4 2
261 205
1 2 2
507 277
1 4 2
612 401
1 9 2
500 575
1 15 2
29 220
1 2 2
622 346
1 2 2
376 566
1 2 2
670 392
1 6 2
34 651
1 2 2
746 383
1 4 2
430 184
1 11 2
654 498
1 4 2
100 182
1 5 2
611 542
1 15 2
370 361
1 9 2
223 745
1 15 2
257 217
1 14 2
146 592
1 3 2
730 168
1 7 2
709 450
1 15 2
117 315
1 5 2
799 663
1 11 2
667 67
1 3 2
131 675
1 5 2
785 268
1 6 2
8 295
1 12 2
521 208
1 5 2
409 570
1 2 2
289 358
1 12 2
227 719
1 7 2
453 744
1 5 2
216 229
1 12 2
25 315
1 8 2
655 718
1 12 2
641 535
1 13 2
232 604
1 13 2
64 628
1 2 2
320 379
1 14 2
103 48
1 15 2
304 579
1 8 2
468 527
1 11 2
488 165
1 7 2
22 49
1 4 2
207 93
1 4 2
323 7
1 8 2
99 670
1 10 2
380 191
1 13 2
294 666
1 7 2
431 13
1 5 2
221 621
1 14 2
623 547
1 5 2
103 506
1 15 2
98 575
1 10 2
454 527
1 11 2
385 302
1 6 2
560 644
1 4 2
184 256
1 7 2
149 650
1 8 2
247 585
1 11 2
140 498
1 11 2
40 247
1 9 2
109 196
1 6 2
641 81
1 6 2
632 215
1 7 2
130 703
1 3 2
756 551
1 13 2
113 747
1 12 2
166 721
1 15 2
168 554
1 7 2
148 570
1 15 2
90 52
1 8 2
137 548
1 9 2
71 561
1 7 2
245 147
1 4 2
313 516
1 12 2
644 425
1 5 2
323 328
1 13 2
708 485
1 6 2
517 738
1 2 2
632 788
1 3 2
459 248
1 13 2
479 505
1 7 2
547 509
1 8 2
340 620
1 5 2
524 697
1 8 2
263 677
1 14 2
336 206
1 13 2
785 95
1 6 2
148 158
1 7 2
83 376
1 5 2
420 723
1 10 2
7 113
1 3 2
101 474
1 7 2
67 450
1 3 2
122 667
1 3 2
355 34
1 8 2
643 287
1 12 2
362 228
1 6 2
600 587
1 7 2
164 350
1 4 2
387 591
1 6 2
599 506
1 7 2
24 688
1 4 2
373 222
1 2 2
168 653
1 11 2
771 508
1 6 2
202 403
1 11 2
60 271
1 9 2
714 209
1 8 2
795 595
1 9 2
97 607
1 5 2
658 312
1 5 2
307 438
1 10 2
789 736
1 2 2
129 111
1 5 2
445 36
1 13 2
557 204
1 13 2
434 328
1 10 2
738 731
1 11 2
545 296
1 8 2
6 5
1 8 2
480 672
1 6 2
207 600
1 12 2
67 207
1 15 2
705 398
1 7 2
682 437
1 12 2
614 256
1 7 2
636 84
1 7 2
311 759
1 10 2
46 642
1 13 2
602 300
1 15 2
475 430
1 6 2
780 44
1 7 2
187 737
1 12 2
523 725
1 10 2
575 623
1 4 2
309 224
1 4 2
368 534
1 6 2
445 310
1 8 2
115 305
1 11 2
717 542
1 2 2
378 13
1 10 2
322 165
1 9 2
134 597
1 3 2
57 762
1 9 2
617 378
1 14 2
197 727
1 2 2
572 410
1 9 2
78 770
1 2 2
455 111
1 3 2
330 20
1 9 2
246 706
1 9 2
525 638
1 5 2
412 151
1 9 2
732 219
1 10 2
198 476
1 15 2
477 403
1 9 2
56 4
1 8 2
587 84
1 10 2
462 152
1 11 2
224 152
1 6 2
473 369
1 2 2
601 238
1 8 2
85 45
1 6 2
771 205
1 13 2
95 174
1 10 2
501 452
1 9 2
249 750
1 8 2
409 10
1 15 2
477 345
1 3 2
272 55
1 4 2
12 397
1 12 2
52 313
1 9 2
744 304
1 13 2
403 266
1 8 2
321 650
1 12 2
673 541
1 7 2
769 118
1 13 2
744 605
1 13 2
35 678
1 11 2
728 688
1 9 2
235 655
1 4 2
433 510
1 6 2
48 750
1 10 2
544 480
1 14 2
473 214
1 9 2
250 602
1 7 2
561 112
1 6 2
541 775
1 4 2
657 667
1 4 2
576 655
1 13 2
156 513
1 4 2
340 144
1 8 2
414 223
1 14 2
588 495
1 5 2
366 597
1 4 2
174 329
1 7 2
407 531
1 5 2
178 461
1 12 2
409 447
1 15 2
482 231
1 15 2
769 248
1 10 2
464 202
1 12 2
16 491
1 10 2
329 359
1 11 2
146 571
1 2 2
482 584
1 11 2
58 782
1 9 2
103 570
1 9 2
678 737
1 15 2
174 352
1 12 2
429 121
1 15 2
261 299
1 7 2
698 497
1 13 2
198 696
1 6 2
241 575
1 4 2
286 620
1 6 2
755 700
1 10 2
503 383
1 2 2
232 309
1 7 2
673 17
1 7 2
109 286
1 9 2
499 289
1 9 2
29 82
1 13 2
472 490
1 5 2
548 760
1 7 2
335 91
1 14 2
625 190
1 8 2
401 722
1 3 2
360 206
1 4 2
38 230
1 3 2
248 25
1 3 2
158 255
1 14 2
388 436
1 13 2
603 597
1 12 2
94 22
1 3 2
797 70
1 6 2
591 540
1 10 2
775 346
1 8 2
745 677
1 14 2
545 58
1 6 2
740 166
1 3 2
501 465
1 3 2
687 257
1 7 2
750 100
1 12 2
652 174
1 7 2
57 388
1 12 2
355 791
1 15 2
81 750
1 14 2
5 760
1 15 2
708 671
1 7 2
438 209
1 4 2
101 294
1 9 2
205 712
1 3 2
783 796
1 4 2
611 722
1 15 2
181 206
1 12 2
694 273
1 8 2
285 552
1 11 2
99 691
1 3 2
701 787
1 10 2
666 610
1 4 2
659 299
1 11 2
378 688
1 5 2
102 434
1 13 2
219 261
1 6 2
520 82
1 14 2
215 757
1 15 2
501 38
1 6 2
523 290
1 11 2
632 595
1 3 2
51 607
1 6 2
344 304
1 3 2
230 619
1 2 2
420 624
1 4 2
121 53
1 15 2
759 118
1 9 2
555 745
1 5 2
164 327
1 11 2
355 112
1 10 2
269 526
1 10 2
436 266
1 3 2
238 751
1 10 2
591 100
1 8 2
501 315
1 6 2
113 127
1 2 2
394 412
1 10 2
529 122
1 2 2
459 585
1 14 2
434 130
1 6 2
296 775
1 14 2
618 221
1 8 2
778 431
1 12 2
429 51
1 2 2
489 591
1 13 2
295 541
1 11 2
628 405
1 14 2
266 472
1 4 2
550 343
1 9 2
614 457
1 13 2
497 341
1 12 2
447 583
1 5 2
721 403
1 6 2
370 253
1 12 2
357 689
1 2 2
260 253
1 2 2
378 64
1 15 2
761 238
1 11 2
478 148
1 13 2
450 156
1 8 2
684 645
1 5 2
694 80
1 7 2
65 498
1 15 2
692 710
1 5 2
636 734
1 11 2
268 158
1 9 2
145 641
1 5 2
663 207
1 7 2
563 329
1 5 2
243 554
1 4 2
250 607
1 13 2
340 138
1 7 2
624 479
1 14 2
549 771
1 11 2
532 119
1 8 2
596 220
1 15 2
775 82
1 9 2
193 295
1 4 2
126 785
1 7 2
60 388
1 15 2
700 252
1 10 2
661 44
1 14 2
342 339
1 12 2
774 529
1 4 2
292 29
1 11 2
332 55
1 13 2
606 709
1 13 2
486 222
1 5 2
304 745
1 3 2
614 435
1 12 2
370 555
1 3 2
160 14
1 14 2
528 275
1 6 2
402 165
1 2 2
418 91
1 8 2
27 130
1 6 2
595 1
1 13 2
631 504
1 7 2
328 799
1 14 2
564 17
1 15 2
535 573
1 8 2
58 493
1 13 2
370 453
1 15 2
543 632
1 5 2
510 647
1 5 2
248 469
1 11 2
207 111
1 6 2
604 216
1 5 2
663 689
1 9 2
337 276
1 2 2
153 652
1 2 2
752 719
1 9 2
89 776
1 5 2
647 794
1 9 2
420 751
1 15 2
307 113
1 7 2
421 637
1 6 2
478 254
1 14 2
62 141
1 15 2
548 797
1 2 2
661 341
1 9 2
616 379
1 8 2
17 93
1 8 2
526 686
1 3 2
237 197
1 4 2
462 280
1 5 2
659 351
1 12 2
488 631
1 9 2
671 95
1 6 2
701 302
1 5 2
501 362
1 12 2
190 108
1 11 2
694 270
1 2 2
109 492
1 10 2
735 781
1 8 2
596 328
1 3 2
138 505
1 4 2
365 366
1 11 2
554 96
1 8 2
543 604
1 11 2
635 753
1 13 2
254 82
1 8 2
589 120
1 12 2
166 149
1 10 2
501 799
1 12 2
163 744
1 8 2
768 382
1 5 2
451 47
1 15 2
799 789
1 4 2
275 669
1 12 2
77 647
1 8 2
265 710
1 3 2
527 752
1 5 2
80 9
1 13 2
732 733
1 11 2
639 795
1 5 2
173 262
1 13 2
303 721
1 4 2
301 770
1 3 2
585 73
1 3 2
448 512
1 10 2
186 490
1 8 2
780 549
1 12 2
756 764
1 15 2
589 40
1 7 2
797 48
1 8 2
596 517
1 8 2
246 740
1 9 2
192 189
1 9 2
678 540
1 4 2
661 236
1 6 2
39 614
1 12 2
303 702
1 12 2
521 763
1 4 2
209 537
1 5 2
619 616
1 6 2
198 678
1 15 2
188 10
1 14 2
275 61
1 4 2
59 433
1 2 2
521 519
1 12 2
651 123
1 9 2
505 561
1 7 2
702 777
1 2 2
378 336
1 8 2
489 336
1 10 2
480 116
1 13 2
125 104
1 12 2
242 376
1 13 2
273 59
1 5 2
166 281
1 13 2
798 47
1 10 2
254 398
1 10 2
84 293
1 7 2
446 531
1 15 2
381 27
1 8 2
725 117
1 3 2
629 625
1 11 2
409 525
1 9 2
401 350
1 12 2
195 576
1 14 2
736 34
1 8 2
123 488
1 14 2
105 640
1 3 2
157 19
1 4 2
253 377
1 9 2
536 616
1 14 2
663 702
1 10 2
740 625
1 12 2
8 397
1 14 2
359 767
1 4 2
205 725
1 3 2
691 712
1 4 2
387 150
1 15 2
448 319
1 11 2
283 394
1 9 2
643 143
1 13 2
226 419
1 6 2
142 389
1 11 2
353 246
1 3 2
132 675
1 5 2
246 121
1 8 2
57 453
1 13 2
80 266
1 9 2
276 637
1 7 2
278 779
1 3 2
131 380
1 2 2
146 412
1 5 2
6 696
1 6 2
450 384
1 12 2
291 142
1 2 2
76 231
1 13 2
180 70
1 15 2
269 627
1 8 2
150 636
1 7 2
453 784
1 13 2
460 413
1 9 2
269 519
1 6 2
4 702
1 15 2
723 334
1 4 2
318 228
1 13 2
73 474
1 12 2
790 544
1 10 2
532 374
1 3 2
113 679
1 3 2
722 601
1 3 2
81 63
1 12 2
710 566
1 4 2
345 235
1 10 2
559 81
1 5 2
101 156
1 11 2
399 758
1 10 2
185 514
1 3 2
667 525
1 11 2
709 23
1 13 2
726 87
1 8 2
294 342
1 15 2
131 92
1 14 2
239 347
1 15 2
541 45
1 3 2
468 304
1 4 2
6 523
1 3 2
411 284
1 5 2
12 682
1 11 2
458 582
1 3 2
665 210
1 10 2
576 594
1 2 2
228 211
1 3 2
273 611
1 11 2
555 144
1 3 2
330 794
1 15 2
548 338
1 13 2
278 72
1 10 2
410 307
1 14 2
198 425
1 11 2
117 569
1 9 2
162 552
1 12 2
757 238
1 12 2
275 481
1 6 2
305 499
1 5 2
35 488
1 15 2
49 128
1 14 2
741 254
1 15 2
240 277
1 14 2
328 587
1 13 2
730 99
1 3 2
360 365
1 15 2
130 771
1 9 2
735 24
1 13 2
602 531
1 6 2
614 263
1 3 2
254 238
1 7 2
797 361
1 8 2
253 232
1 5 2
618 622
1 12 2
789 120
1 14 2
558 7
1 6 2
556 290
1 11 2
612 499
1 13 2
552 760
1 5 2
44 30
1 3 2
601 167
1 8 2
152 583
1 7 2
234 273
1 12 2
293 464
1 11 2
99 475
1 2 2
18 260
1 7 2
571 239
1 2 2
543 728
1 6 2
776 564
1 15 2
591 310
1 8 2
778 550
1 13 2
381 262
1 10 2
738 82
1 8 2
414 626
1 10 2
181 522
1 9 2
339 556
1 2 2
592 117
1 2 2
206 104
1 6 2
213 481
1 10 2
722 187
1 8 2
457 111
1 15 2
382 547
1 9 2
359 185
1 9 2
719 327
1 13 2
432 208
1 12 2
30 549
1 10 2
220 590
1 15 2
652 533
1 15 2
290 674
1 11 2
366 775
1 11 2
767 402
1 14 2
498 371
1 14 2
253 627
1 13 2
452 497
1 4 2
558 466
1 8 2
665 111
1 15 2
310 297
1 11 2
23 250
1 3 2
463 109
1 10 2
737 205
1 13 2
794 397
1 4 2
428 402
1 8 2
195 409
1 11 2
670 537
1 5 2
708 454
1 11 2
392 14
1 7 2
436 241
1 10 2
100 287
1 9 2
345 69
1 14 2
191 661
1 9 2
615 538
1 11 2
32 548
1 12 2
120 29
1 7 2
62 493
1 9 2
329 422
1 6 2
269 481
1 12 2
247 99
1 4 2
419 189
1 2 2
68 328
1 9 2
421 337
1 5 2
71 430
1 5 2
658 567
1 10 2
23 387
1 11 2
60 122
1 14 2
640 663
1 9 2
70 218
1 10 2
16 255
1 2 2
254 508
1 7 2
210 436
1 5 2
637 686
1 10 2
549 674
1 12 2
367 304
1 11 2
89 699
1 4 2
303 58
1 14 2
590 634
1 3 2
188 366
1 7 2
401 183
1 7 2
176 188
1 3 2
423 508
1 11 2
250 371
1 7 2
768 487
1 8 2
454 261
1 11 2
182 794
1 7 2
542 252
1 12 2
177 58
1 2 2
469 4
1 14 2
739 409
1 10 2
153 223
1 2 2
241 34
1 8 2
406 618
1 4 2
239 366
1 12 2
765 742
1 5 2
297 506
1 5 2
32 92
1 3 2
662 595
1 7 2
115 249
1 7 2
430 635
1 15 2
571 751
1 13 2
704 304
1 9 2
26 436
1 14 2
134 282
1 3 2
739 691
1 14 2
223 655
1 14 2
97 91
1 8 2
521 748
1 13 2
788 379
1 8 2
536 770
1 10 2
463 396
1 11 2
518 553
1 11 2
388 747
1 12 2
162 531
1 9 2
273 366
1 3 2
70 4
1 15 2
697 773
1 7 2
481 603
1 13 2
613 731
1 5 2
774 694
1 7 2
599 690
1 7 2
660 143
1 2 2
455 600
1 10 2
486 569
1 2 2
380 424
1 3 2
658 746
1 7 2
322 315
1 9 2
698 134
1 5 2
176 601
1 4 2
674 650
1 2 2
472 580
1 5 2
151 129
1 12 2
72 550
1 3 2
373 387
1 5 2
357 720
1 10 2
53 276
1 7 2
664 690
1 7 2
575 202
1 12 2
292 206
1 8 2
420 41
1 12 2
714 402
1 11 2
180 452
1 12 2
756 697
1 3 2
798 796
1 11 2
667 773
1 8 2
573 620
1 7 2
797 455
1 5 2
759 114
1 10 2
567 392
1 9 2
334 485
1 15 2
152 694
1 4 2
746 706
1 15 2
462 247
1 8 2
261 16
1 3 2
132 485
1 6 2
181 688
1 6 2
353 644
1 3 2
53 447
1 9 2
212 300
1 12 2
713 29
1 8 2
95 619
1 3 2
486 795
1 5 2
352 464
1 4 2
555 118
1 14 2
702 148
1 4 2
54 24
1 13 2
130 545
1 8 2
419 635
1 4 2
245 700
1 8 2
609 243
1 12 2
573 125
1 26 2
595 402
1 20 2
328 362
1 18 2
152 573
1 30 2
157 778
1 22 2
560 365
1 28 2
493 356
1 14 2
251 593
1 20 2
356 275
1 4 2
613 441
1 26 2
153 701
1 20 2
361 288
1 28 2
482 339
1 26 2
324 139
1 16 2
621 280
1 26 2
788 275
1 16 2
568 549
