800 4780 2400
16 15 10 21 10 16 11 21 17 7 17 7 10 11 23 14 18 22 16 7 6 10 8 22 5 7 6 15 18 8 19 12 25 11 12 24 20 7 8 8 6 19 8 7 18 9 17 14 7 15 24 5 9 10 14 5 15 11 13 15 20 16 22 18 21 24 15 24 12 10 24 13 20 9 24 23 21 7 8 25 10 13 9 9 11 16 22 5 7 7 18 19 7 12 10 25 11 8 21 8 11 22 20 22 19 16 5 15 17 17 12 13 9 22 16 17 8 13 22 10 14 21 8 24 23 25 20 5 19 11 15 21 8 16 25 11 8 6 12 5 8 6 9 25 19 8 25 21 10 6 14 14 13 15 24 18 8 6 22 19 10 23 5 18 10 13 14 11 11 14 17 25 15 13 6 14 14 8 16 22 12 15 18 5 12 24 6 10 23 24 22 13 13 22 6 19 25 24 25 14 19 13 18 13 19 22 18 11 5 25 7 16 11 15 25 8 7 15 7 16 25 13 22 7 19 19 6 13 16 15 19 5 15 14 22 24 16 25 6 11 25 24 7 9 5 23 11 17 11 6 20 9 8 24 15 20 13 8 5 9 25 14 5 24 14 11 23 11 14 16 24 7 7 25 21 6 11 18 16 14 25 21 22 22 15 19 7 12 8 19 12 18 11 19 24 5 18 24 24 14 10 16 15 15 7 7 17 6 11 10 15 14 14 17 19 10 20 10 8 23 25 23 10 19 9 12 20 24 23 14 12 10 14 23 21 6 7 13 21 25 21 21 20 16 5 5 5 16 15 22 9 11 16 7 15 16 13 21 24 21 24 11 23 18 25 14 15 10 15 13 15 23 21 5 25 10 19 9 19 11 25 23 24 18 10 10 16 11 15 13 20 16 23 18 10 15 19 21 8 10 24 24 13 13 19 18 15 8 7 25 20 7 5 11 11 24 16 21 5 23 24 9 17 22 16 5 19 25 10 6 6 19 16 9 17 22 24 6 7 19 21 24 16 5 18 22 14 7 16 11 18 17 23 9 23 16 19 7 22 21 13 15 7 20 7 15 12 16 8 17 24 25 8 12 17 19 6 20 7 7 11 13 5 15 17 25 14 9 12 19 23 12 23 21 11 11 8 19 7 20 14 18 15 20 22 9 12 8 16 17 25 12 9 7 5 6 8 20 9 20 19 20 5 14 19 14 20 5 5 6 14 5 5 9 23 17 6 11 11 13 5 7 9 19 11 13 7 20 24 5 17 19 19 11 12 20 19 12 23 15 17 11 17 7 7 13 7 18 9 19 15 9 13 7 7 11 19 8 11 17 24 6 16 8 20 19 16 15 15 9 17 17 16 6 7 20 24 5 19 24 14 25 5 16 9 8 14 25 14 18 17 20 18 22 13 22 15 20 23 8 19 6 11 19 21 18 25 23 13 24 5 25 10 9 11 23 9 14 10 5 22 6 15 11 9 6 21 23 6 17 8 8 21 17 8 17 14 16 23 15 5 14 13 20 13 17 25 16 17 17 11 11 19 19 8 11 8 13 10 20 21 20 15 15 5 7 14 18 13 7 10 14 16 7 23 15 9 11 21 13 10 19 8 13 13 11 10 5 20 9 8 21 10 16 5 9 5 14 11 23 7 5 10 23 17 22 16 17 15 21 24 18 21 17 20 21 17 15 20 6 7 5 18 12 7 7 11 25 10 25 5 18 7 14 19 23 17 20 5 11 11 7 20 18 9 5 12 19 11 18 20 9 13 17 14 8 10 25 16 6 10 9 25 19 14 6 24 13 16 13 15 22 13 8 6 13 24 22 22 10
3 16 5 12 9 11 13 15 19 20 16 8 13 5 9 9 5 12 11 12 5 17 16 12 3 7 20 15 17 20 15 10 15 18 3 4 11 12 17 14 13 20 17 13 15 13 12 16 15 12 20 9 11 4 18 3 4 14 10 5 4 16 5 6 19 18 11 10 6 15 13 14 11 19 12 12 9 11 10 18 9 15 10 16 14 10 11 17 10 4 4 20 15 8 3 11 9 10 16 3 14 14 4 13 14 4 3 15 7 3 10 16 5 10 15 20 8 8 12 11 5 6 16 17 14 7 9 16 5 17 11 7 16 19 12 4 16 12 12 8 4 13 16 9 6 14 17 8 11 19 8 6 14 8 17 14 14 19 8 20 19 13 16 12 20 10 12 10 10 5 16 12 13 10 18 14 6 6 16 16 9 20 5 5 4 13 17 13 14 3 10 19 5 9 18 4 16 16 3 7 7 20 10 14 20 7 20 15 12 3 19 20 5 12 13 7 4 14 12 18 14 13 6 15 16 5 20 20 15 5 15 8 3 5 7 18 10 14 12 9 10 6 12 11 4 15 10 8 6 17 16 13 3 11 13 18 8 14 10 12 13 20 12 4 15 11 12 14 4 8 4 13 8 11 13 17 8 17 15 8 9 4 4 20 18 15 5 13 20 9 19 9 15 6 7 8 16 12 17 15 12 9 9 17 4 17 20 10 3 12 12 19 6 18 7 7 10 19 13 5 17 16 13 8 18 3 19 7 10 7 5 19 13 4 20 10 19 19 11 16 20 20 7 6 7 10 12 20 13 16 14 11 9 11 12 19 3 14 12 6 12 16 4 15 11 15 18 12 15 14 3 4 3 13 6 17 10 6 13 16 7 18 13 3 15 10 19 16 3 5 7 3 12 12 12 12 12 7 20 8 9 13 16 16 13 18 13 18 18 7 9 13 17 11 12 15 13 17 3 17 3 13 6 20 20 14 9 12 16 20 10 15 5 14 11 18 9 18 9 7 8 11 3 13 4 8 4 15 13 8 7 9 5 12 3 11 15 14 15 6 5 10 10 17 11 14 4 13 20 20 12 19 17 16 5 8 8 15 17 19 14 3 15 3 14 13 3 15 20 14 9 13 8 18 12 9 10 9 13 19 13 12 12 12 4 9 12 8 9 8 11 8 7 13 12 11 5 11 12 4 16 13 19 6 5 7 5 11 9 4 14 8 14 15 6 16 16 7 12 7 8 14 13 3 18 5 5 4 7 18 3 19 3 13 9 4 3 4 20 8 3 5 15 13 3 19 19 16 8 5 20 8 6 16 19 17 5 10 6 10 10 6 15 11 5 4 18 6 14 12 14 10 11 16 13 10 18 13 4 19 14 5 11 14 13 20 16 3 9 8 13 10 17 15 9 15 18 9 13 8 20 10 6 5 3 12 3 10 20 3 17 9 13 11 19 6 17 11 11 3 20 13 5 18 12 4 20 11 15 18 10 13 5 4 17 9 10 12 9 9 20 20 7 20 15 12 14 15 19 13 7 9 18 4 10 3 12 18 13 6 6 4 9 3 20 10 16 17 6 4 14 5 5 3 7 10 8 5 20 3 10 17 7 18 11 18 8 5 7 13 20 3 18 12 3 12 6 4 15 11 13 6 20 12 14 15 3 3 9 4 12 6 6 8 9 15 10 12 11 14 8 16 9 19 15 12 7 4 10 15 4 14 10 19 18 18 11 14 6 16 16 5 4 4 15 18 19 3 5 11 14 13 11 7 18 20 20 14 14 9 11 16 18 13 6 8 18 13 17 3 18 19 6 14 12 4 9 13 10 18
1 8 2
273 105
1 7 2
235 68
1 14 2
74 405
1 8 2
631 698
1 15 2
686 499
1 2 2
379 792
1 9 2
148 39
1 10 2
109 548
1 6 2
242 338
1 4 2
328 189
1 9 2
411 27
1 2 2
103 597
1 7 2
717 53
1 10 2
760 88
1 7 2
417 501
1 14 2
676 761
1 12 2
424 455
1 5 2
58 264
1 15 2
250 216
1 12 2
677 271
1 12 2
343 719
1 4 2
116 544
1 2 2
170 796
1 5 2
355 128
1 15 2
263 143
1 3 2
283 548
1 15 2
3 163
1 7 2
679 45
1 5 2
11 507
1 13 2
247 767
1 14 2
780 43
1 9 2
502 23
1 6 2
711 502
1 11 2
346 584
1 2 2
519 70
1 15 2
394 564
1 2 2
672 470
1 12 2
324 296
1 14 2
269 472
1 8 2
710 681
1 10 2
505 199
1 9 2
692 287
1 4 2
205 33
1 14 2
557 569
1 3 2
151 253
1 15 2
174 797
1 15 2
234 715
1 12 2
762 271
1 5 2
311 714
1 4 2
232 777
1 4 2
300 17
1 5 2
40 744
1 3 2
313 392
1 2 2
423 468
1 4 2
210 371
1 12 2
188 397
1 8 2
461 503
1 13 2
633 395
1 9 2
382 552
1 9 2
686 623
1 15 2
502 737
1 15 2
636 704
1 7 2
567 720
1 3 2
740 706
1 13 2
378 178
1 7 2
230 240
1 11 2
348 555
1 9 2
515 421
1 11 2
774 418
1 5 2
271 732
1 13 2
404 32
1 13 2
155 740
1 13 2
9 407
1 8 2
387 683
1 5 2
199 160
1 2 2
597 36
1 14 2
463 794
1 9 2
136 163
1 2 2
131 85
1 10 2
280 456
1 10 2
396 571
1 2 2
627 171
1 8 2
128 582
1 3 2
461 608
1 15 2
569 187
1 14 2
193 502
1 12 2
321 764
1 6 2
466 788
1 7 2
215 240
1 10 2
571 543
1 8 2
186 95
1 5 2
317 405
1 8 2
252 661
1 3 2
595 607
1 15 2
602 750
1 12 2
117 292
1 4 2
746 376
1 15 2
662 334
1 3 2
51 422
1 13 2
91 45
1 7 2
582 377
1 11 2
496 73
1 11 2
484 61
1 2 2
195 349
1 5 2
497 95
1 6 2
91 767
1 3 2
565 437
1 4 2
371 763
1 13 2
134 206
1 8 2
501 377
1 9 2
185 516
1 13 2
537 166
1 3 2
498 156
1 3 2
186 214
1 11 2
411 796
1 15 2
588 59
1 3 2
706 688
1 10 2
757 118
1 9 2
469 244
1 3 2
455 657
1 6 2
697 747
1 7 2
441 751
1 2 2
53 771
1 15 2
788 302
1 3 2
641 440
1 10 2
293 337
1 13 2
17 747
1 5 2
533 514
1 11 2
618 640
1 12 2
441 323
1 5 2
523 469
1 11 2
132 582
1 5 2
216 219
1 4 2
505 286
1 11 2
355 383
1 4 2
686 770
1 9 2
463 596
1 10 2
156 402
1 6 2
428 274
1 7 2
47 458
1 15 2
269 713
1 5 2
231 610
1 15 2
157 63
1 2 2
606 95
1 2 2
704 717
1 7 2
386 274
1 8 2
724 745
1 5 2
465 427
1 5 2
58 235
1 10 2
531 167
1 6 2
567 530
1 10 2
662 564
1 11 2
750 386
1 15 2
546 287
1 12 2
727 189
1 9 2
658 119
1 14 2
2 603
1 7 2
490 166
1 9 2
567 334
1 9 2
427 239
1 15 2
223 397
1 7 2
347 333
1 2 2
560 217
1 4 2
364 239
1 3 2
190 760
1 9 2
101 186
1 14 2
110 557
1 12 2
82 762
1 13 2
743 755
1 4 2
582 505
1 15 2
187 634
1 12 2
689 558
1 12 2
444 166
1 4 2
676 403
1 11 2
287 333
1 8 2
99 638
1 4 2
363 455
1 14 2
465 60
1 12 2
638 99
1 15 2
383 39
1 9 2
384 581
1 5 2
276 226
1 8 2
366 283
1 13 2
170 539
1 14 2
487 56
1 14 2
610 312
1 3 2
290 438
1 10 2
189 130
1 14 2
444 716
1 11 2
152 255
1 9 2
386 719
1 6 2
77 438
1 3 2
505 397
1 12 2
130 771
1 4 2
686 147
1 11 2
139 558
1 14 2
40 262
1 12 2
604 686
1 14 2
435 398
1 10 2
712 417
1 10 2
623 708
1 3 2
333 278
1 10 2
656 789
1 8 2
432 288
1 12 2
670 177
1 14 2
416 501
1 9 2
332 465
1 15 2
259 171
1 10 2
656 272
1 8 2
748 385
1 10 2
689 360
1 6 2
506 324
1 13 2
520 120
1 9 2
383 442
1 10 2
120 138
1 9 2
162 656
1 7 2
466 395
1 8 2
562 282
1 11 2
414 178
1 6 2
109 224
1 8 2
277 434
1 13 2
387 400
1 5 2
541 81
1 11 2
644 562
1 14 2
153 583
1 6 2
661 431
1 15 2
137 645
1 13 2
428 513
1 8 2
508 141
1 6 2
0 345
1 15 2
661 737
1 8 2
202 662
1 7 2
710 42
1 6 2
100 262
1 13 2
325 699
1 3 2
301 532
1 11 2
492 507
1 10 2
296 281
1 7 2
94 118
1 2 2
253 375
1 3 2
720 133
1 12 2
566 719
1 7 2
361 708
1 12 2
330 67
1 8 2
414 398
1 4 2
443 60
1 12 2
625 691
1 2 2
84 323
1 12 2
249 721
1 3 2
189 303
1 9 2
329 250
1 11 2
308 250
1 3 2
632 664
1 6 2
200 496
1 10 2
154 67
1 11 2
168 249
1 10 2
631 664
1 10 2
728 463
1 10 2
360 626
1 13 2
437 66
1 3 2
359 566
1 8 2
338 291
1 10 2
694 288
1 6 2
392 394
1 5 2
506 251
1 2 2
259 51
1 9 2
752 447
1 9 2
277 365
1 5 2
728 613
1 8 2
258 50
1 6 2
291 634
1 2 2
528 568
1 10 2
149 669
1 13 2
91 8
1 9 2
708 454
1 12 2
382 347
1 3 2
191 143
1 13 2
183 57
1 10 2
339 744
1 12 2
575 687
1 2 2
624 42
1 13 2
212 620
1 3 2
410 657
1 2 2
242 766
1 3 2
237 94
1 7 2
213 73
1 6 2
307 46
1 11 2
373 365
1 10 2
707 245
1 12 2
738 751
1 2 2
195 338
1 8 2
2 131
1 5 2
456 330
1 8 2
359 55
1 4 2
33 72
1 9 2
208 421
1 15 2
263 688
1 9 2
313 455
1 8 2
628 734
1 7 2
290 405
1 12 2
410 621
1 6 2
251 728
1 13 2
242 102
1 8 2
682 62
1 5 2
543 757
1 3 2
501 532
1 15 2
111 688
1 5 2
365 512
1 4 2
771 438
1 6 2
86 19
1 2 2
349 258
1 6 2
98 578
1 14 2
40 628
1 6 2
125 391
1 9 2
187 313
1 7 2
50 46
1 4 2
475 680
1 6 2
266 53
1 6 2
206 183
1 10 2
268 606
1 2 2
788 323
1 5 2
415 725
1 7 2
64 501
1 5 2
532 229
1 10 2
578 181
1 8 2
578 474
1 4 2
719 120
1 3 2
332 456
1 3 2
100 177
1 10 2
266 704
1 2 2
557 775
1 14 2
739 181
1 12 2
326 783
1 11 2
85 297
1 8 2
487 739
1 6 2
210 132
1 9 2
748 277
1 9 2
579 314
1 14 2
700 638
1 6 2
80 107
1 14 2
675 333
1 14 2
376 668
1 6 2
400 402
1 4 2
43 445
1 5 2
396 201
1 5 2
763 601
1 10 2
202 221
1 5 2
157 579
1 6 2
131 625
1 5 2
173 764
1 13 2
67 603
1 6 2
20 166
1 14 2
647 37
1 2 2
497 51
1 3 2
369 214
1 15 2
244 156
1 3 2
190 376
1 5 2
517 66
1 3 2
295 426
1 6 2
342 229
1 7 2
355 231
1 8 2
639 103
1 8 2
315 715
1 9 2
56 792
1 6 2
635 615
1 11 2
562 242
1 14 2
498 572
1 5 2
184 493
1 8 2
48 299
1 4 2
678 39
1 3 2
553 445
1 6 2
61 240
1 8 2
386 204
1 11 2
353 383
1 4 2
19 630
1 15 2
269 791
1 5 2
291 489
1 9 2
51 739
1 9 2
312 231
1 2 2
605 532
1 15 2
725 462
1 6 2
94 365
1 3 2
437 45
1 8 2
426 499
1 3 2
779 680
1 14 2
481 763
1 8 2
516 728
1 14 2
54 349
1 10 2
454 364
1 5 2
47 440
1 4 2
303 678
1 5 2
327 774
1 8 2
97 178
1 14 2
729 314
1 15 2
431 79
1 8 2
35 715
1 5 2
720 354
1 9 2
630 391
1 3 2
377 678
1 4 2
299 176
1 4 2
486 256
1 7 2
387 348
1 7 2
528 558
1 2 2
624 590
1 10 2
725 688
1 5 2
251 42
1 5 2
708 718
1 9 2
133 267
1 11 2
181 502
1 13 2
320 91
1 10 2
250 562
1 14 2
524 593
1 3 2
522 696
1 12 2
782 142
1 11 2
473 709
1 10 2
196 137
1 11 2
245 458
1 12 2
272 92
1 13 2
74 252
1 9 2
650 27
1 8 2
323 798
1 6 2
257 495
1 6 2
26 362
1 6 2
542 14
1 8 2
594 432
1 8 2
475 591
1 6 2
338 528
1 2 2
542 440
1 12 2
376 31
1 12 2
496 724
1 11 2
504 440
1 7 2
70 193
1 5 2
673 448
1 8 2
255 157
1 15 2
750 255
1 3 2
355 331
1 15 2
140 253
1 7 2
50 309
1 13 2
287 773
1 4 2
188 644
1 15 2
739 13
1 8 2
492 398
1 4 2
148 466
1 12 2
688 112
1 6 2
763 694
1 3 2
301 193
1 10 2
391 644
1 15 2
684 735
1 15 2
341 775
1 12 2
32 389
1 9 2
123 102
1 12 2
560 248
1 6 2
606 710
1 11 2
57 659
1 7 2
680 142
1 9 2
76 237
1 11 2
653 246
1 10 2
164 542
1 8 2
488 523
1 6 2
241 679
1 11 2
539 127
1 9 2
413 510
1 7 2
674 740
1 11 2
309 154
1 15 2
34 483
1 6 2
645 610
1 15 2
541 197
1 15 2
294 77
1 5 2
558 230
1 10 2
382 26
1 12 2
659 246
1 11 2
300 188
1 8 2
688 368
1 9 2
458 562
1 11 2
193 113
1 10 2
768 444
1 2 2
24 548
1 13 2
28 772
1 14 2
687 151
1 10 2
527 41
1 11 2
343 104
1 12 2
379 523
1 14 2
18 523
1 4 2
597 142
1 8 2
312 108
1 8 2
602 776
1 6 2
584 757
1 13 2
45 487
1 15 2
596 407
1 10 2
104 142
1 12 2
472 389
1 8 2
553 61
1 8 2
423 684
1 2 2
63 258
1 9 2
565 798
1 11 2
713 212
1 6 2
555 28
1 15 2
725 591
1 14 2
596 637
1 6 2
742 623
1 5 2
263 129
1 11 2
348 790
1 3 2
713 529
1 2 2
534 335
1 4 2
597 19
1 4 2
359 502
1 15 2
277 417
1 4 2
350 606
1 7 2
663 689
1 14 2
142 730
1 15 2
409 156
1 5 2
448 327
1 11 2
311 92
1 15 2
545 258
1 8 2
632 464
1 10 2
404 130
1 10 2
440 514
1 14 2
571 513
1 12 2
342 752
1 5 2
395 734
1 6 2
710 604
1 11 2
562 450
1 6 2
268 155
1 3 2
493 58
1 3 2
217 341
1 13 2
161 133
1 9 2
139 597
1 3 2
268 461
1 15 2
535 658
1 2 2
733 88
1 8 2
283 85
1 8 2
432 642
1 11 2
111 27
1 13 2
754 291
1 10 2
157 747
1 10 2
413 524
1 15 2
647 373
1 10 2
53 212
1 7 2
415 374
1 10 2
778 625
1 4 2
783 736
1 10 2
63 580
1 15 2
567 479
1 3 2
188 299
1 13 2
668 434
1 5 2
390 132
1 5 2
376 674
1 12 2
498 741
1 2 2
34 92
1 8 2
234 606
1 4 2
533 491
1 10 2
363 432
1 8 2
470 642
1 13 2
384 709
1 12 2
697 688
1 4 2
57 306
1 4 2
430 306
1 4 2
430 289
1 14 2
729 130
1 12 2
794 759
1 5 2
640 419
1 8 2
339 254
1 14 2
666 554
1 12 2
201 479
1 14 2
26 294
1 6 2
454 128
1 3 2
488 415
1 4 2
59 580
1 13 2
393 626
1 5 2
506 91
1 2 2
385 239
1 7 2
693 145
1 15 2
470 786
1 4 2
395 652
1 2 2
214 187
1 7 2
312 407
1 6 2
38 75
1 8 2
550 798
1 5 2
489 357
1 4 2
10 632
1 11 2
323 9
1 2 2
517 211
1 13 2
538 303
1 3 2
38 494
1 15 2
690 640
1 2 2
323 632
1 5 2
56 587
1 3 2
242 372
1 10 2
760 553
1 4 2
350 18
1 7 2
716 308
1 7 2
747 10
1 13 2
542 250
1 7 2
537 491
1 4 2
794 47
1 7 2
303 379
1 3 2
782 352
1 8 2
538 239
1 13 2
82 445
1 6 2
164 80
1 6 2
53 351
1 5 2
206 377
1 9 2
221 339
1 2 2
683 270
1 11 2
137 445
1 6 2
70 748
1 9 2
254 571
1 2 2
609 74
1 2 2
444 375
1 13 2
797 355
1 3 2
642 702
1 9 2
408 441
1 15 2
16 94
1 10 2
427 34
1 11 2
464 191
1 10 2
324 285
1 4 2
410 656
1 9 2
264 41
1 8 2
48 748
1 5 2
726 549
1 8 2
518 651
1 10 2
593 557
1 2 2
205 318
1 5 2
769 278
1 4 2
364 134
1 11 2
648 323
1 9 2
618 416
1 14 2
116 475
1 14 2
440 703
1 12 2
53 488
1 12 2
441 669
1 8 2
206 693
1 9 2
319 59
1 7 2
561 70
1 2 2
516 664
1 2 2
55 199
1 8 2
665 276
1 9 2
777 703
1 5 2
201 659
1 2 2
248 340
1 15 2
717 310
1 8 2
74 213
1 6 2
158 697
1 11 2
458 480
1 13 2
456 422
1 13 2
727 408
1 13 2
667 348
1 15 2
3 542
1 12 2
415 405
1 8 2
476 261
1 8 2
484 618
1 2 2
156 287
1 4 2
703 198
1 10 2
660 473
1 5 2
744 222
1 11 2
171 602
1 9 2
553 387
1 14 2
577 322
1 2 2
714 383
1 14 2
537 442
1 4 2
757 211
1 3 2
279 713
1 4 2
422 755
1 5 2
521 486
1 13 2
335 239
1 12 2
760 134
1 11 2
640 176
1 6 2
250 97
1 10 2
783 341
1 4 2
516 129
1 5 2
718 557
1 2 2
473 735
1 10 2
573 603
1 13 2
596 559
1 5 2
653 321
1 11 2
712 592
1 11 2
563 129
1 8 2
15 90
1 12 2
790 215
1 14 2
721 124
1 14 2
377 650
1 3 2
385 585
1 13 2
42 588
1 9 2
667 594
1 11 2
189 480
1 11 2
183 656
1 5 2
597 764
1 11 2
700 749
1 2 2
610 324
1 3 2
48 380
1 15 2
445 593
1 14 2
33 336
1 13 2
527 699
1 10 2
475 369
1 10 2
606 498
1 6 2
463 119
1 7 2
632 557
1 15 2
159 765
1 7 2
777 24
1 8 2
677 594
1 14 2
539 413
1 15 2
538 205
1 7 2
785 473
1 8 2
595 698
1 14 2
65 717
1 3 2
720 102
1 14 2
337 478
1 11 2
63 49
1 10 2
665 572
1 2 2
272 568
1 13 2
443 723
1 5 2
385 346
1 6 2
170 450
1 15 2
95 250
1 13 2
782 516
1 3 2
458 684
1 7 2
407 241
1 15 2
100 524
1 5 2
783 591
1 3 2
318 548
1 12 2
337 270
1 3 2
145 586
1 6 2
702 649
1 8 2
767 546
1 2 2
573 416
1 3 2
762 767
1 9 2
767 697
1 14 2
761 271
1 14 2
681 459
1 2 2
107 526
1 6 2
128 275
1 11 2
640 297
1 7 2
280 721
1 9 2
347 296
1 8 2
30 446
1 5 2
54 567
1 15 2
105 202
1 13 2
424 272
1 6 2
79 798
1 12 2
165 448
1 6 2
462 638
1 12 2
439 151
1 10 2
22 455
1 4 2
358 688
1 5 2
127 467
1 14 2
41 217
1 6 2
292 190
1 11 2
348 596
1 5 2
501 503
1 6 2
120 132
1 8 2
509 83
1 14 2
222 429
1 10 2
212 563
1 2 2
481 791
1 9 2
430 3
1 7 2
464 626
1 7 2
708 447
1 14 2
703 11
1 14 2
456 232
1 5 2
455 571
1 9 2
271 475
1 15 2
561 347
1 11 2
493 363
1 5 2
667 612
1 5 2
448 104
1 15 2
276 192
1 10 2
702 216
1 13 2
263 539
1 13 2
29 319
1 14 2
679 317
1 2 2
123 744
1 5 2
83 483
1 4 2
576 780
1 8 2
430 134
1 15 2
211 58
1 6 2
639 291
1 7 2
133 396
1 5 2
263 141
1 12 2
195 650
1 10 2
549 592
1 10 2
76 448
1 10 2
741 106
1 15 2
592 432
1 8 2
569 108
1 12 2
646 408
1 9 2
513 218
1 8 2
350 214
1 5 2
267 424
1 12 2
29 59
1 8 2
137 231
1 11 2
173 370
1 9 2
795 469
1 5 2
200 243
1 8 2
708 370
1 11 2
227 498
1 8 2
99 485
1 7 2
582 447
1 15 2
249 283
1 6 2
456 295
1 13 2
206 327
1 8 2
441 515
1 2 2
466 348
1 15 2
323 725
1 7 2
717 543
1 3 2
69 55
1 14 2
470 37
1 11 2
299 417
1 12 2
605 162
1 8 2
137 443
1 5 2
37 135
1 9 2
73 645
1 12 2
412 489
1 2 2
677 369
1 9 2
341 161
1 15 2
227 238
1 2 2
98 274
1 13 2
748 228
1 5 2
652 90
1 6 2
329 129
1 2 2
335 445
1 8 2
611 245
1 11 2
286 327
1 4 2
90 537
1 15 2
121 317
1 12 2
164 128
1 13 2
21 709
1 5 2
521 786
1 15 2
111 380
1 15 2
577 202
1 6 2
590 93
1 9 2
637 542
1 12 2
617 636
1 15 2
234 565
1 11 2
747 717
1 11 2
114 395
1 10 2
50 54
1 14 2
395 334
1 6 2
288 298
1 15 2
202 562
1 12 2
260 519
1 12 2
423 186
1 9 2
218 355
1 4 2
546 328
1 14 2
272 43
1 12 2
10 706
1 13 2
571 428
1 8 2
491 745
1 10 2
454 559
1 5 2
416 636
1 11 2
359 536
1 12 2
220 369
1 5 2
480 695
1 8 2
129 395
1 12 2
105 134
1 12 2
283 32
1 13 2
694 343
1 14 2
620 366
1 14 2
576 426
1 2 2
540 636
1 3 2
222 106
1 14 2
327 788
1 11 2
98 165
1 3 2
631 677
1 5 2
548 228
1 14 2
510 194
1 14 2
729 125
1 5 2
65 723
1 6 2
409 364
1 10 2
685 216
1 13 2
783 764
1 2 2
144 287
1 10 2
164 751
1 2 2
260 369
1 6 2
14 244
1 11 2
734 125
1 13 2
46 303
1 12 2
96 248
1 4 2
38 317
1 12 2
398 595
1 9 2
475 292
1 12 2
374 216
1 13 2
29 171
1 6 2
791 324
1 7 2
710 31
1 11 2
85 132
1 12 2
770 91
1 13 2
522 90
1 11 2
496 728
1 14 2
400 699
1 3 2
267 585
1 5 2
149 461
1 4 2
24 528
1 4 2
680 531
1 7 2
496 662
1 14 2
767 698
1 3 2
275 751
1 10 2
104 58
1 15 2
166 237
1 13 2
377 439
1 15 2
670 757
1 15 2
285 681
1 9 2
250 563
1 13 2
5 246
1 15 2
8 391
1 7 2
468 406
1 8 2
521 511
1 6 2
600 544
1 15 2
722 243
1 15 2
499 324
1 6 2
204 608
1 9 2
246 546
1 11 2
237 64
1 6 2
744 479
1 2 2
327 58
1 15 2
721 106
1 11 2
290 383
1 7 2
87 34
1 9 2
458 382
1 4 2
371 5
1 3 2
713 200
1 7 2
586 219
1 14 2
651 185
1 3 2
100 351
1 4 2
153 355
1 4 2
597 414
1 12 2
747 81
1 7 2
633 617
1 4 2
444 298
1 13 2
175 231
1 15 2
493 170
1 4 2
507 320
1 10 2
62 305
1 13 2
274 429
1 10 2
240 385
1 4 2
29 77
1 8 2
511 697
1 10 2
405 450
1 3 2
119 352
1 8 2
416 760
1 4 2
91 134
1 9 2
624 278
1 7 2
420 683
1 13 2
441 500
1 12 2
69 684
1 5 2
486 591
1 6 2
792 707
1 15 2
613 757
1 9 2
702 783
1 14 2
664 353
1 12 2
490 164
1 9 2
718 385
1 6 2
193 545
1 9 2
793 183
1 4 2
229 773
1 4 2
682 732
1 9 2
276 216
1 15 2
40 269
1 5 2
705 87
1 10 2
762 794
1 8 2
481 597
1 7 2
210 704
1 8 2
147 141
1 14 2
343 633
1 11 2
239 622
1 10 2
422 443
1 6 2
34 189
1 3 2
37 190
1 14 2
782 655
1 5 2
365 544
1 14 2
289 222
1 13 2
390 694
1 8 2
69 38
1 15 2
432 34
1 9 2
37 20
1 8 2
78 516
1 11 2
506 212
1 3 2
314 296
1 7 2
400 140
1 13 2
258 335
1 2 2
178 601
1 3 2
439 641
1 14 2
604 700
1 4 2
711 724
1 15 2
723 647
1 9 2
685 664
1 5 2
705 638
1 5 2
557 445
1 13 2
312 632
1 7 2
516 242
1 5 2
445 136
1 13 2
26 454
1 6 2
793 512
1 14 2
760 213
1 3 2
20 790
1 6 2
211 254
1 9 2
733 60
1 15 2
301 206
1 2 2
733 747
1 12 2
358 613
1 2 2
345 622
1 4 2
392 371
1 14 2
254 98
1 14 2
798 23
1 4 2
26 796
1 14 2
206 21
1 15 2
628 46
1 10 2
575 569
1 2 2
147 235
1 15 2
318 508
1 10 2
287 696
1 11 2
2 233
1 2 2
192 653
1 13 2
424 476
1 13 2
412 588
1 13 2
182 518
1 6 2
186 134
1 3 2
534 398
1 13 2
440 351
1 15 2
600 534
1 10 2
652 126
1 11 2
343 791
1 7 2
636 286
1 5 2
326 355
1 15 2
775 438
1 3 2
88 659
1 15 2
605 333
1 7 2
199 784
1 3 2
571 21
1 8 2
320 537
1 7 2
699 791
1 3 2
179 149
1 12 2
63 274
1 11 2
254 636
1 4 2
275 147
1 3 2
113 549
1 15 2
700 314
1 13 2
754 743
1 4 2
79 213
1 14 2
395 56
1 10 2
56 173
1 13 2
387 21
1 5 2
501 568
1 4 2
257 357
1 2 2
461 422
1 10 2
454 543
1 15 2
34 300
1 4 2
221 24
1 12 2
129 489
1 5 2
709 17
1 13 2
48 677
1 9 2
254 176
1 11 2
17 755
1 6 2
753 371
1 10 2
756 736
1 2 2
245 383
1 5 2
207 706
1 11 2
521 588
1 2 2
577 389
1 2 2
720 274
1 11 2
169 491
1 13 2
689 774
1 8 2
166 383
1 8 2
382 379
1 2 2
225 561
1 7 2
303 363
1 6 2
266 26
1 12 2
323 291
1 15 2
40 562
1 8 2
29 54
1 5 2
670 358
1 14 2
715 20
1 9 2
129 688
1 5 2
589 363
1 12 2
149 303
1 15 2
202 670
1 9 2
729 248
1 3 2
77 9
1 15 2
17 443
1 10 2
585 303
1 13 2
143 203
1 6 2
795 333
1 6 2
705 447
1 9 2
100 148
1 2 2
184 455
1 2 2
267 36
1 6 2
688 261
1 13 2
787 319
1 11 2
705 158
1 12 2
257 73
1 11 2
552 783
1 10 2
458 371
1 9 2
623 300
1 14 2
741 371
1 7 2
296 775
1 14 2
596 185
1 15 2
406 668
1 9 2
666 733
1 6 2
784 776
1 3 2
675 496
1 11 2
767 251
1 15 2
758 473
1 12 2
657 468
1 10 2
788 384
1 10 2
269 514
1 11 2
374 86
1 8 2
748 203
1 9 2
780 476
1 2 2
563 560
1 9 2
599 127
1 15 2
240 1
1 14 2
16 762
1 4 2
526 306
1 11 2
44 576
1 11 2
339 548
1 13 2
283 628
1 11 2
421 780
1 13 2
648 462
1 7 2
546 46
1 14 2
362 485
1 13 2
468 141
1 14 2
262 217
1 10 2
614 561
1 5 2
646 134
1 5 2
340 520
1 5 2
139 559
1 8 2
545 345
1 5 2
233 451
1 15 2
434 102
1 7 2
140 327
1 9 2
88 557
1 5 2
63 769
1 4 2
710 234
1 10 2
363 448
1 10 2
421 647
1 15 2
761 135
1 5 2
670 498
1 13 2
244 116
1 11 2
755 82
1 12 2
412 171
1 13 2
121 204
1 5 2
121 750
1 3 2
414 5
1 3 2
779 281
1 9 2
125 618
1 5 2
605 257
1 15 2
627 728
1 13 2
292 625
1 4 2
382 666
1 13 2
725 155
1 14 2
335 155
1 7 2
294 759
1 3 2
422 409
1 4 2
479 351
1 5 2
512 93
1 3 2
549 340
1 14 2
683 631
1 14 2
303 671
1 6 2
593 660
1 7 2
392 400
1 12 2
269 537
1 15 2
299 1
1 15 2
29 546
1 10 2
710 728
1 13 2
573 588
1 6 2
402 311
1 14 2
324 403
1 5 2
715 582
1 8 2
78 325
1 8 2
637 148
1 13 2
46 254
1 15 2
639 424
1 14 2
90 6
1 11 2
448 578
1 5 2
624 95
1 5 2
208 127
1 9 2
266 40
1 3 2
581 300
1 7 2
736 273
1 9 2
268 579
1 9 2
333 3
1 12 2
562 480
1 2 2
181 348
1 13 2
152 521
1 14 2
162 240
1 12 2
250 527
1 14 2
240 263
1 2 2
224 755
1 2 2
433 375
1 6 2
242 189
1 7 2
653 154
1 14 2
275 439
1 13 2
64 617
1 14 2
285 514
1 15 2
504 363
1 8 2
521 576
1 8 2
576 303
1 12 2
155 305
1 14 2
775 597
1 6 2
358 91
1 4 2
632 34
1 7 2
799 457
1 8 2
27 523
1 13 2
583 340
1 4 2
427 269
1 13 2
111 369
1 15 2
780 710
1 5 2
514 124
1 2 2
475 524
1 14 2
706 160
1 2 2
480 284
1 8 2
14 735
1 2 2
127 688
1 13 2
656 293
1 14 2
65 732
1 13 2
138 124
1 4 2
227 226
1 5 2
217 694
1 15 2
723 65
1 15 2
405 306
1 15 2
111 622
1 11 2
503 465
1 2 2
176 100
1 9 2
663 207
1 5 2
684 153
1 8 2
520 408
1 2 2
428 244
1 13 2
357 202
1 11 2
639 257
1 2 2
205 612
1 8 2
255 607
1 7 2
751 375
1 15 2
477 25
1 5 2
246 300
1 5 2
723 136
1 12 2
134 223
1 2 2
290 500
1 11 2
796 577
1 10 2
319 530
1 10 2
707 494
1 7 2
717 294
1 2 2
433 764
1 2 2
610 255
1 15 2
443 20
1 14 2
653 792
1 5 2
476 430
1 15 2
13 119
1 11 2
197 789
1 4 2
144 311
1 4 2
250 402
1 4 2
245 289
1 6 2
432 426
1 7 2
403 473
1 14 2
53 322
1 11 2
125 163
1 5 2
636 294
1 13 2
441 665
1 7 2
768 733
1 15 2
146 222
1 11 2
709 140
1 12 2
390 211
1 11 2
17 503
1 11 2
624 204
1 13 2
348 795
1 11 2
565 584
1 13 2
664 379
1 4 2
75 654
1 8 2
574 87
1 5 2
97 188
1 15 2
287 418
1 3 2
639 682
1 3 2
236 357
1 6 2
128 763
1 15 2
136 257
1 2 2
261 253
1 8 2
629 396
1 9 2
478 321
1 14 2
654 656
1 11 2
158 495
1 11 2
315 569
1 14 2
193 447
1 9 2
609 716
1 12 2
409 712
1 11 2
446 717
1 14 2
239 135
1 8 2
721 709
1 12 2
311 509
1 10 2
456 498
1 2 2
634 556
1 10 2
669 22
1 14 2
723 401
1 11 2
688 419
1 14 2
674 484
1 15 2
600 22
1 12 2
381 103
1 4 2
573 667
1 12 2
408 331
1 11 2
52 135
1 14 2
176 702
1 10 2
190 602
1 3 2
262 561
1 2 2
131 450
1 12 2
81 738
1 7 2
403 131
1 5 2
241 714
1 8 2
536 512
1 13 2
796 425
1 13 2
270 246
1 11 2
611 121
1 2 2
178 603
1 15 2
495 61
1 13 2
50 619
1 8 2
529 505
1 13 2
320 494
1 8 2
442 118
1 7 2
158 639
1 8 2
474 182
1 14 2
765 179
1 13 2
616 287
1 14 2
163 228
1 7 2
239 765
1 11 2
262 496
1 11 2
502 347
1 4 2
362 74
1 8 2
678 392
1 2 2
132 128
1 13 2
107 472
1 7 2
262 227
1 15 2
414 666
1 15 2
483 709
1 9 2
658 351
1 12 2
270 697
1 10 2
18 284
1 5 2
335 703
1 11 2
244 74
1 6 2
507 91
1 11 2
231 608
1 14 2
556 323
1 6 2
791 775
1 3 2
485 691
1 5 2
149 651
1 12 2
372 742
1 12 2
143 688
1 13 2
169 246
1 3 2
211 317
1 11 2
2 179
1 7 2
260 491
1 13 2
158 16
1 4 2
170 622
1 7 2
493 560
1 8 2
214 439
1 5 2
254 417
1 9 2
796 424
1 6 2
209 147
1 15 2
197 437
1 12 2
146 419
1 5 2
229 2
1 12 2
649 284
1 5 2
204 351
1 4 2
266 743
1 6 2
46 328
1 10 2
299 266
1 5 2
252 206
1 2 2
734 592
1 10 2
684 119
1 6 2
705 118
1 8 2
503 651
1 3 2
514 716
1 5 2
212 630
1 5 2
102 260
1 4 2
2 749
1 12 2
728 146
1 14 2
509 768
1 6 2
243 51
1 10 2
236 358
1 13 2
440 140
1 5 2
417 42
1 14 2
206 470
1 10 2
88 490
1 6 2
562 471
1 8 2
488 774
1 4 2
160 86
1 3 2
742 723
1 10 2
150 190
1 8 2
712 486
1 8 2
303 425
1 14 2
599 691
1 13 2
749 18
1 14 2
345 750
1 12 2
363 597
1 10 2
708 42
1 2 2
494 637
1 15 2
509 240
1 5 2
570 273
1 7 2
727 212
1 9 2
684 689
1 5 2
185 606
1 14 2
47 86
1 2 2
94 710
1 2 2
278 239
1 2 2
505 537
1 11 2
198 698
1 13 2
95 125
1 13 2
756 223
1 3 2
52 753
1 6 2
447 249
1 13 2
372 220
1 4 2
542 120
1 5 2
157 495
1 13 2
586 93
1 11 2
618 750
1 5 2
183 790
1 9 2
625 465
1 4 2
751 197
1 5 2
639 592
1 2 2
209 116
1 9 2
491 629
1 5 2
408 162
1 2 2
756 243
1 11 2
523 10
1 4 2
577 159
1 15 2
755 25
1 5 2
704 202
1 3 2
521 305
1 13 2
511 364
1 4 2
750 409
1 15 2
211 247
1 8 2
448 323
1 4 2
174 225
1 6 2
82 302
1 15 2
244 648
1 15 2
280 507
1 6 2
389 315
1 11 2
639 34
1 7 2
179 128
1 5 2
671 388
1 13 2
557 34
1 11 2
572 449
1 14 2
69 369
1 12 2
197 561
1 15 2
113 730
1 7 2
465 790
1 15 2
443 112
1 6 2
781 793
1 10 2
145 167
1 7 2
51 593
1 8 2
154 531
1 3 2
222 694
1 11 2
526 777
1 2 2
432 757
1 9 2
482 587
1 11 2
436 248
1 14 2
4 67
1 12 2
795 740
1 2 2
56 202
1 15 2
397 481
1 13 2
596 639
1 9 2
568 420
1 13 2
175 759
1 8 2
306 133
1 6 2
109 483
1 11 2
505 486
1 6 2
758 196
1 7 2
385 620
1 6 2
328 400
1 5 2
693 450
1 9 2
614 398
1 14 2
486 746
1 5 2
444 88
1 13 2
66 501
1 12 2
781 321
1 5 2
621 101
1 6 2
508 584
1 5 2
104 336
1 9 2
587 112
1 6 2
140 24
1 5 2
574 351
1 3 2
293 126
1 10 2
275 358
1 5 2
122 799
1 7 2
309 633
1 4 2
574 468
1 14 2
25 79
1 8 2
499 418
1 2 2
653 762
1 8 2
500 314
1 8 2
168 718
1 12 2
7 299
1 4 2
309 678
1 9 2
195 661
1 5 2
331 684
1 7 2
314 670
1 10 2
115 438
1 14 2
483 156
1 11 2
198 720
1 6 2
107 305
1 15 2
787 74
1 7 2
165 348
1 6 2
3 311
1 8 2
670 81
1 15 2
685 662
1 14 2
380 317
1 2 2
142 3
1 14 2
626 288
1 9 2
42 661
1 12 2
380 295
1 11 2
227 280
1 6 2
236 291
1 5 2
220 129
1 4 2
415 762
1 3 2
8 365
1 14 2
287 61
1 11 2
450 173
1 8 2
778 551
1 15 2
414 340
1 6 2
417 663
1 2 2
537 100
1 13 2
3 654
1 10 2
250 214
1 2 2
765 396
1 13 2
612 782
1 9 2
708 123
1 10 2
444 718
1 2 2
134 190
1 2 2
498 49
1 14 2
761 455
1 11 2
296 381
1 10 2
441 79
1 13 2
364 327
1 7 2
551 692
1 7 2
415 375
1 11 2
140 570
1 11 2
557 51
1 4 2
269 651
1 6 2
101 79
1 5 2
746 129
1 13 2
160 421
1 14 2
420 2
1 13 2
664 769
1 5 2
385 602
1 5 2
103 646
1 13 2
491 760
1 5 2
760 400
1 8 2
224 217
1 11 2
451 87
1 4 2
469 633
1 5 2
102 570
1 5 2
582 131
1 12 2
324 187
1 14 2
616 643
1 2 2
545 2
1 5 2
683 793
1 7 2
148 779
1 5 2
671 487
1 10 2
149 458
1 11 2
68 11
1 7 2
705 741
1 6 2
485 671
1 13 2
193 473
1 10 2
676 312
1 7 2
445 616
1 9 2
281 661
1 8 2
629 567
1 2 2
254 420
1 5 2
674 438
1 8 2
24 266
1 15 2
94 26
1 2 2
740 194
1 7 2
544 333
1 14 2
597 637
1 3 2
417 465
1 14 2
278 646
1 11 2
481 535
1 14 2
757 219
1 14 2
440 542
1 13 2
539 528
1 14 2
81 481
1 3 2
570 24
1 5 2
513 231
1 7 2
488 562
1 8 2
582 247
1 2 2
513 25
1 10 2
514 406
1 4 2
149 230
1 2 2
139 208
1 6 2
720 14
1 8 2
409 746
1 4 2
193 46
1 14 2
92 189
1 8 2
14 471
1 12 2
131 644
1 8 2
564 560
1 11 2
72 640
1 6 2
724 567
1 6 2
749 247
1 6 2
294 330
1 7 2
30 302
1 12 2
635 319
1 6 2
693 102
1 13 2
18 750
1 6 2
677 8
1 11 2
299 511
1 4 2
650 431
1 13 2
505 673
1 11 2
473 649
1 10 2
73 613
1 13 2
25 440
1 7 2
591 363
1 7 2
402 154
1 15 2
647 785
1 9 2
522 45
1 8 2
223 594
1 5 2
222 751
1 6 2
323 370
1 4 2
8 791
1 5 2
324 98
1 10 2
403 614
1 3 2
144 81
1 4 2
23 150
1 13 2
39 558
1 14 2
747 494
1 12 2
589 259
1 13 2
686 507
1 11 2
409 258
1 3 2
138 239
1 3 2
94 719
1 7 2
702 187
1 2 2
38 409
1 8 2
657 435
1 10 2
230 552
1 6 2
708 84
1 11 2
760 434
1 11 2
64 547
1 11 2
325 426
1 6 2
661 588
1 3 2
335 289
1 15 2
280 641
1 13 2
0 309
1 15 2
282 708
1 15 2
617 596
1 5 2
741 122
1 12 2
319 66
1 15 2
697 453
1 6 2
672 617
1 13 2
178 292
1 7 2
328 414
1 8 2
618 370
1 2 2
659 576
1 15 2
51 64
1 11 2
247 743
1 15 2
332 634
1 10 2
625 376
1 15 2
521 641
1 15 2
519 114
1 13 2
654 219
1 8 2
745 536
1 11 2
740 244
1 8 2
229 121
1 14 2
670 541
1 13 2
591 269
1 6 2
10 454
1 9 2
85 221
1 15 2
661 467
1 8 2
527 327
1 14 2
337 755
1 15 2
762 641
1 6 2
711 361
1 7 2
389 243
1 2 2
242 135
1 9 2
775 287
1 5 2
52 308
1 11 2
82 327
1 8 2
323 349
1 8 2
570 447
1 7 2
380 17
1 4 2
439 781
1 11 2
738 287
1 6 2
269 741
1 14 2
202 493
1 7 2
786 644
1 14 2
645 394
1 4 2
379 691
1 8 2
408 609
1 12 2
279 743
1 13 2
179 230
1 15 2
532 233
1 5 2
23 521
1 11 2
700 242
1 11 2
686 376
1 3 2
580 74
1 15 2
357 227
1 13 2
543 347
1 4 2
160 718
1 4 2
62 0
1 9 2
357 30
1 9 2
377 65
1 9 2
470 551
1 9 2
520 413
1 2 2
220 165
1 15 2
664 718
1 2 2
601 123
1 4 2
120 654
1 15 2
127 349
1 13 2
429 467
1 15 2
88 642
1 14 2
536 11
1 12 2
139 740
1 3 2
299 115
1 5 2
271 756
1 15 2
175 117
1 3 2
322 316
1 8 2
703 458
1 9 2
418 380
1 11 2
338 654
1 2 2
329 774
1 6 2
625 443
1 12 2
382 636
1 3 2
633 302
1 8 2
661 72
1 2 2
290 421
1 3 2
456 799
1 10 2
396 794
1 14 2
360 573
1 15 2
436 21
1 10 2
154 264
1 3 2
516 263
1 15 2
393 284
1 3 2
608 671
1 2 2
105 132
1 5 2
179 466
1 13 2
397 254
1 2 2
223 262
1 9 2
272 424
1 9 2
185 498
1 8 2
260 334
1 7 2
265 655
1 12 2
304 464
1 4 2
282 404
1 7 2
499 523
1 4 2
724 352
1 4 2
760 577
1 8 2
285 400
1 6 2
694 750
1 13 2
443 246
1 2 2
84 724
1 14 2
759 113
1 7 2
171 695
1 10 2
48 486
1 5 2
172 191
1 9 2
275 270
1 4 2
128 539
1 14 2
434 432
1 6 2
464 664
1 10 2
173 564
1 13 2
12 694
1 5 2
29 424
1 9 2
282 191
1 15 2
387 575
1 4 2
225 639
1 6 2
515 535
1 13 2
260 786
1 15 2
163 521
1 14 2
394 506
1 6 2
783 237
1 14 2
431 301
1 8 2
355 467
1 2 2
479 762
1 4 2
36 603
1 15 2
455 144
1 10 2
528 712
1 8 2
656 215
1 12 2
198 654
1 12 2
377 626
1 8 2
749 645
1 7 2
751 420
1 7 2
678 533
1 5 2
558 48
1 9 2
434 82
1 7 2
486 569
1 10 2
93 316
1 2 2
77 589
1 12 2
521 444
1 7 2
315 327
1 3 2
180 111
1 9 2
563 454
1 14 2
770 477
1 3 2
219 637
1 6 2
455 552
1 10 2
641 294
1 2 2
648 517
1 3 2
473 89
1 2 2
431 396
1 9 2
769 677
1 3 2
395 758
1 4 2
488 757
1 14 2
769 385
1 5 2
690 432
1 9 2
10 603
1 15 2
169 799
1 12 2
390 397
1 8 2
566 672
1 7 2
744 357
1 12 2
450 488
1 6 2
219 553
1 7 2
696 334
1 4 2
284 452
1 11 2
551 294
1 6 2
339 583
1 7 2
594 634
1 12 2
2 13
1 7 2
29 793
1 8 2
655 115
1 4 2
668 71
1 10 2
275 224
1 10 2
416 668
1 9 2
11 237
1 6 2
203 714
1 15 2
458 394
1 15 2
359 704
1 15 2
133 466
1 11 2
112 5
1 4 2
700 687
1 13 2
677 535
1 4 2
139 234
1 5 2
511 442
1 3 2
208 175
1 7 2
2 132
1 5 2
562 13
1 2 2
39 682
1 13 2
372 639
1 15 2
475 523
1 4 2
131 758
1 12 2
646 161
1 6 2
543 518
1 2 2
770 678
1 4 2
571 20
1 10 2
672 506
1 11 2
61 411
1 8 2
156 58
1 12 2
14 122
1 4 2
560 191
1 9 2
81 548
1 6 2
781 531
1 7 2
330 21
1 3 2
689 0
1 7 2
179 698
1 9 2
773 3
1 6 2
183 61
1 7 2
357 739
1 13 2
668 554
1 7 2
488 167
1 9 2
560 451
1 2 2
194 532
1 7 2
588 333
1 6 2
598 569
1 11 2
82 709
1 4 2
728 109
1 6 2
63 548
1 6 2
341 308
1 8 2
196 71
1 5 2
501 223
1 11 2
215 687
1 7 2
568 149
1 11 2
484 538
1 5 2
786 398
1 10 2
710 313
1 10 2
411 744
1 8 2
60 538
1 6 2
174 224
1 9 2
688 130
1 8 2
663 655
1 4 2
691 455
1 14 2
514 376
1 4 2
484 507
1 7 2
585 669
1 10 2
781 480
1 12 2
391 610
1 4 2
510 380
1 6 2
604 393
1 6 2
151 776
1 7 2
552 399
1 2 2
615 367
1 15 2
787 651
1 15 2
581 318
1 9 2
265 666
1 7 2
282 443
1 14 2
699 384
1 6 2
600 567
1 15 2
508 9
1 2 2
515 465
1 13 2
411 579
1 8 2
50 6
1 8 2
620 753
1 11 2
789 712
1 8 2
624 265
1 4 2
301 325
1 11 2
492 764
1 14 2
305 233
1 15 2
460 0
1 14 2
459 738
1 10 2
306 268
1 7 2
307 269
1 7 2
127 767
1 2 2
176 214
1 5 2
266 502
1 11 2
261 474
1 13 2
283 175
1 13 2
439 760
1 8 2
218 331
1 11 2
142 82
1 8 2
25 67
1 10 2
655 516
1 7 2
185 599
1 5 2
661 179
1 5 2
611 369
1 8 2
719 276
1 6 2
160 321
1 6 2
101 188
1 9 2
524 482
1 14 2
131 408
1 3 2
680 405
1 2 2
321 669
1 2 2
355 121
1 11 2
61 754
1 5 2
617 459
1 2 2
419 233
1 8 2
668 21
1 11 2
70 74
1 7 2
488 426
1 5 2
59 112
1 12 2
456 207
1 14 2
644 3
1 14 2
639 211
1 13 2
281 599
1 13 2
96 104
1 10 2
585 138
1 13 2
517 485
1 3 2
171 356
1 5 2
53 18
1 9 2
427 199
1 11 2
47 303
1 15 2
250 118
1 6 2
555 55
1 13 2
504 491
1 7 2
666 374
1 6 2
748 159
1 9 2
597 259
1 4 2
65 302
1 12 2
522 651
1 3 2
752 277
1 10 2
68 54
1 6 2
133 450
1 7 2
133 441
1 11 2
310 416
1 2 2
358 117
1 4 2
265 502
1 8 2
689 286
1 4 2
365 313
1 2 2
486 74
1 3 2
14 765
1 2 2
468 716
1 14 2
753 577
1 2 2
36 656
1 15 2
678 266
1 11 2
137 113
1 14 2
402 262
1 15 2
113 571
1 2 2
237 414
1 12 2
270 229
1 3 2
54 754
1 10 2
410 350
1 5 2
163 393
1 7 2
216 322
1 13 2
642 548
1 12 2
711 688
1 12 2
605 44
1 7 2
454 506
1 5 2
535 597
1 4 2
758 446
1 15 2
167 419
1 4 2
247 663
1 12 2
300 366
1 2 2
273 554
1 14 2
613 165
1 5 2
250 691
1 8 2
561 116
1 2 2
126 785
1 13 2
74 797
1 13 2
421 781
1 15 2
152 306
1 15 2
132 467
1 3 2
2 502
1 8 2
714 663
1 12 2
234 777
1 5 2
20 192
1 9 2
634 207
1 8 2
760 8
1 12 2
682 214
1 7 2
474 338
1 9 2
383 95
1 14 2
169 313
1 13 2
782 752
1 2 2
437 322
1 13 2
610 413
1 10 2
562 35
1 9 2
408 271
1 8 2
585 719
1 5 2
120 640
1 15 2
3 166
1 12 2
773 406
1 3 2
48 356
1 13 2
353 129
1 5 2
427 238
1 8 2
301 157
1 4 2
140 504
1 14 2
400 312
1 2 2
54 128
1 3 2
73 44
1 3 2
287 789
1 5 2
758 479
1 5 2
725 357
1 12 2
655 496
1 13 2
493 52
1 12 2
352 510
1 14 2
470 751
1 10 2
633 334
1 9 2
31 697
1 9 2
353 367
1 2 2
356 88
1 4 2
94 462
1 4 2
484 51
1 2 2
338 39
1 11 2
481 493
1 6 2
77 495
1 15 2
602 592
1 11 2
204 756
1 7 2
35 163
1 13 2
278 610
1 14 2
297 662
1 12 2
722 341
1 12 2
381 711
1 14 2
612 69
1 13 2
767 287
1 9 2
366 664
1 4 2
332 733
1 15 2
750 485
1 15 2
225 410
1 7 2
575 315
1 15 2
257 192
1 6 2
352 586
1 15 2
76 289
1 15 2
223 578
1 14 2
183 645
1 3 2
768 544
1 13 2
430 751
1 9 2
109 317
1 12 2
145 54
1 12 2
517 94
1 9 2
563 300
1 10 2
248 130
1 15 2
400 208
1 10 2
81 706
1 9 2
124 776
1 2 2
689 323
1 6 2
182 484
1 3 2
654 393
1 3 2
660 27
1 3 2
732 292
1 6 2
48 284
1 11 2
447 28
1 5 2
515 68
1 13 2
631 259
1 8 2
589 144
1 10 2
545 752
1 8 2
459 592
1 11 2
106 142
1 13 2
53 28
1 2 2
272 692
1 4 2
464 221
1 12 2
794 278
1 4 2
245 733
1 6 2
505 186
1 5 2
722 583
1 15 2
43 515
1 6 2
73 219
1 11 2
5 640
1 7 2
131 790
1 4 2
166 447
1 3 2
318 782
1 7 2
113 404
1 7 2
88 680
1 9 2
657 720
1 10 2
137 413
1 6 2
559 23
1 6 2
419 536
1 7 2
240 422
1 9 2
493 141
1 4 2
785 686
1 2 2
162 407
1 14 2
715 572
1 14 2
268 742
1 11 2
741 199
1 3 2
86 357
1 9 2
473 622
1 9 2
172 761
1 15 2
197 393
1 14 2
109 684
1 7 2
415 2
1 11 2
703 569
1 11 2
109 466
1 7 2
498 230
1 13 2
347 523
1 3 2
109 508
1 5 2
316 216
1 2 2
138 197
1 15 2
97 174
1 9 2
798 51
1 7 2
479 189
1 8 2
746 558
1 15 2
512 567
1 4 2
724 1
1 8 2
390 303
1 15 2
788 69
1 8 2
226 143
1 14 2
565 407
1 14 2
596 26
1 15 2
86 781
1 6 2
434 370
1 10 2
508 497
1 6 2
413 124
1 4 2
719 27
1 9 2
125 375
1 9 2
308 750
1 8 2
72 424
1 7 2
633 261
1 8 2
258 419
1 9 2
324 102
1 15 2
711 567
1 2 2
89 738
1 9 2
502 349
1 15 2
247 283
1 8 2
142 139
1 10 2
340 610
1 15 2
121 68
1 11 2
86 737
1 6 2
385 325
1 10 2
125 795
1 4 2
168 448
1 11 2
682 11
1 9 2
614 710
1 9 2
298 798
1 6 2
424 172
1 5 2
166 792
1 8 2
599 741
1 13 2
124 529
1 15 2
395 548
1 15 2
274 606
1 11 2
680 189
1 4 2
345 222
1 10 2
24 435
1 3 2
795 598
1 4 2
273 561
1 6 2
745 405
1 14 2
616 30
1 2 2
753 446
1 5 2
522 783
1 7 2
262 182
1 7 2
765 626
1 9 2
645 114
1 13 2
363 680
1 3 2
255 154
1 3 2
204 545
1 12 2
207 652
1 15 2
137 426
1 2 2
713 493
1 8 2
615 151
1 5 2
44 116
1 10 2
19 524
1 14 2
746 442
1 5 2
519 423
1 10 2
615 654
1 10 2
230 165
1 15 2
688 262
1 13 2
317 706
1 2 2
280 115
1 9 2
611 186
1 11 2
201 693
1 12 2
537 782
1 14 2
479 176
1 13 2
97 750
1 3 2
567 150
1 2 2
83 262
1 4 2
155 96
1 6 2
536 382
1 7 2
6 522
1 4 2
454 766
1 11 2
389 753
1 4 2
366 783
1 2 2
254 591
1 12 2
3 496
1 5 2
222 374
1 12 2
97 731
1 13 2
586 538
1 13 2
96 451
1 13 2
694 192
1 2 2
763 489
1 4 2
542 107
1 8 2
487 316
1 11 2
214 547
1 7 2
344 65
1 3 2
86 460
1 11 2
40 120
1 3 2
404 644
1 13 2
733 431
1 15 2
341 498
1 4 2
9 506
1 14 2
716 141
1 3 2
197 210
1 11 2
675 149
1 14 2
499 498
1 15 2
148 489
1 14 2
108 317
1 10 2
633 696
1 13 2
98 207
1 11 2
436 661
1 12 2
685 306
1 13 2
106 121
1 8 2
11 417
1 6 2
351 640
1 9 2
316 156
1 14 2
47 15
1 3 2
548 20
1 3 2
669 88
1 9 2
452 404
1 9 2
468 112
1 3 2
583 460
1 14 2
145 612
1 5 2
466 344
1 4 2
210 335
1 11 2
723 693
1 14 2
654 163
1 5 2
314 262
1 9 2
311 180
1 14 2
195 13
1 13 2
565 747
1 4 2
52 600
1 10 2
520 693
1 4 2
264 675
1 7 2
116 197
1 8 2
679 84
1 13 2
219 213
1 8 2
482 274
1 5 2
295 271
1 14 2
200 535
1 14 2
570 95
1 3 2
799 689
1 8 2
566 69
1 4 2
284 740
1 6 2
81 774
1 15 2
438 255
1 11 2
791 659
1 11 2
347 463
1 3 2
301 593
1 11 2
713 175
1 13 2
783 598
1 14 2
562 219
1 2 2
697 51
1 10 2
182 538
1 6 2
246 555
1 7 2
732 552
1 13 2
142 230
1 12 2
524 51
1 5 2
572 306
1 13 2
135 407
1 15 2
419 790
1 5 2
440 228
1 8 2
747 336
1 7 2
250 29
1 6 2
703 100
1 10 2
275 21
1 2 2
120 422
1 12 2
388 591
1 2 2
796 259
1 15 2
685 497
1 12 2
710 411
1 7 2
791 548
1 13 2
766 385
1 5 2
100 744
1 15 2
261 330
1 7 2
140 67
1 7 2
677 581
1 14 2
137 38
1 8 2
751 682
1 11 2
247 520
1 14 2
119 473
1 14 2
330 765
1 14 2
245 666
1 15 2
355 181
1 15 2
770 137
1 15 2
513 335
1 5 2
40 683
1 5 2
434 513
1 14 2
393 655
1 8 2
540 796
1 3 2
796 615
1 6 2
317 284
1 5 2
520 144
1 12 2
77 211
1 12 2
649 783
1 6 2
158 642
1 8 2
409 6
1 3 2
756 566
1 6 2
380 649
1 10 2
258 455
1 14 2
165 438
1 2 2
461 481
1 13 2
753 449
1 13 2
527 217
1 2 2
136 128
1 3 2
359 85
1 12 2
710 118
1 6 2
761 699
1 9 2
485 618
1 15 2
318 671
1 12 2
230 726
1 7 2
524 61
1 15 2
324 630
1 3 2
685 382
1 13 2
181 295
1 10 2
91 479
1 13 2
754 489
1 3 2
193 253
1 11 2
462 420
1 13 2
233 362
1 11 2
448 723
1 9 2
753 189
1 11 2
619 672
1 6 2
241 579
1 5 2
321 140
1 15 2
599 252
1 15 2
364 377
1 7 2
366 20
1 4 2
213 617
1 6 2
80 439
1 4 2
35 516
1 6 2
586 419
1 14 2
408 374
1 6 2
500 506
1 9 2
345 707
1 10 2
705 523
1 7 2
731 4
1 3 2
183 290
1 13 2
751 575
1 13 2
104 113
1 12 2
107 774
1 8 2
111 535
1 10 2
440 550
1 3 2
91 392
1 3 2
310 194
1 8 2
14 71
1 2 2
484 720
1 14 2
647 310
1 12 2
793 267
1 13 2
270 11
1 8 2
256 46
1 10 2
432 495
1 3 2
89 21
1 9 2
356 721
1 10 2
452 267
1 2 2
704 332
1 9 2
720 300
1 14 2
268 577
1 4 2
677 750
1 12 2
34 293
1 3 2
25 586
1 6 2
383 596
1 9 2
318 424
1 13 2
162 729
1 10 2
201 443
1 9 2
439 462
1 13 2
203 135
1 7 2
683 261
1 12 2
512 596
1 11 2
260 750
1 7 2
647 46
1 9 2
255 743
1 7 2
550 399
1 5 2
715 342
1 5 2
512 190
1 6 2
723 579
1 14 2
545 455
1 6 2
520 779
1 8 2
312 594
1 3 2
40 391
1 9 2
110 111
1 12 2
193 505
1 2 2
6 481
1 11 2
152 616
1 2 2
257 524
1 11 2
700 389
1 14 2
496 556
1 14 2
456 219
1 13 2
776 274
1 5 2
24 90
1 13 2
190 524
1 5 2
612 236
1 3 2
322 390
1 6 2
796 702
1 12 2
126 521
1 5 2
324 9
1 6 2
289 676
1 5 2
626 459
1 10 2
477 626
1 9 2
647 650
1 7 2
648 374
1 4 2
367 575
1 4 2
523 607
1 6 2
536 39
1 13 2
717 505
1 14 2
63 586
1 5 2
528 389
1 13 2
788 380
1 15 2
283 226
1 6 2
282 667
1 11 2
520 46
1 8 2
61 111
1 4 2
336 433
1 11 2
283 785
1 14 2
736 31
1 11 2
371 764
1 11 2
555 780
1 4 2
252 308
1 2 2
161 557
1 12 2
349 242
1 11 2
103 516
1 14 2
181 692
1 10 2
789 394
1 7 2
227 182
1 9 2
529 431
1 13 2
500 664
1 8 2
276 143
1 9 2
692 573
1 14 2
737 653
1 5 2
39 380
1 14 2
344 641
1 3 2
669 359
1 5 2
37 10
1 15 2
791 575
1 15 2
277 165
1 6 2
771 377
1 10 2
317 622
1 4 2
230 16
1 4 2
775 623
1 3 2
416 125
1 11 2
507 256
1 11 2
384 537
1 2 2
333 264
1 7 2
75 548
1 3 2
192 136
1 15 2
756 745
1 12 2
512 295
1 4 2
738 25
1 15 2
329 589
1 10 2
674 669
1 13 2
505 443
1 13 2
525 699
1 15 2
233 329
1 13 2
25 0
1 12 2
401 160
1 15 2
579 586
1 2 2
342 161
1 12 2
529 686
1 2 2
575 614
1 5 2
9 521
1 5 2
694 645
1 11 2
308 682
1 13 2
363 221
1 13 2
620 694
1 7 2
693 339
1 11 2
720 648
1 3 2
584 44
1 3 2
675 787
1 7 2
636 632
1 4 2
335 306
1 13 2
693 395
1 12 2
720 33
1 9 2
722 20
1 4 2
551 664
1 10 2
476 400
1 3 2
74 614
1 2 2
342 799
1 5 2
52 98
1 2 2
429 13
1 11 2
288 790
1 2 2
538 237
1 2 2
398 331
1 13 2
746 94
1 12 2
795 584
1 2 2
340 287
1 13 2
429 29
1 9 2
659 580
1 13 2
542 733
1 4 2
83 118
1 7 2
353 114
1 15 2
32 215
1 10 2
757 483
1 10 2
143 317
1 13 2
529 516
1 5 2
359 487
1 13 2
774 770
1 9 2
327 101
1 15 2
629 259
1 12 2
574 763
1 11 2
443 318
1 10 2
444 461
1 14 2
433 53
1 13 2
198 115
1 7 2
58 561
1 9 2
296 599
1 13 2
77 277
1 8 2
177 240
1 9 2
229 263
1 11 2
515 369
1 15 2
61 358
1 11 2
202 722
1 11 2
633 600
1 5 2
703 506
1 10 2
560 379
1 13 2
194 618
1 14 2
460 432
1 7 2
403 39
1 9 2
746 550
1 12 2
233 337
1 7 2
433 162
1 8 2
78 211
1 7 2
747 350
1 8 2
668 244
1 4 2
84 610
1 13 2
657 516
1 13 2
538 129
1 11 2
642 558
1 7 2
96 705
1 10 2
491 252
1 2 2
302 196
1 9 2
132 637
1 3 2
658 649
1 11 2
227 274
1 15 2
507 246
1 10 2
662 405
1 14 2
288 428
1 12 2
742 642
1 15 2
65 739
1 12 2
552 41
1 11 2
788 95
1 6 2
422 8
1 12 2
183 106
1 12 2
716 323
1 2 2
195 20
1 7 2
183 53
1 3 2
742 683
1 6 2
179 677
1 12 2
589 280
1 13 2
448 430
1 2 2
639 392
1 7 2
727 670
1 6 2
731 692
1 8 2
16 118
1 8 2
713 742
1 7 2
796 786
1 14 2
750 513
1 10 2
119 573
1 14 2
600 143
1 6 2
420 192
1 9 2
676 171
1 8 2
121 647
1 9 2
635 669
1 14 2
689 356
1 7 2
147 497
1 12 2
510 796
1 12 2
202 416
1 4 2
28 565
1 6 2
374 462
1 2 2
308 791
1 13 2
477 53
1 3 2
219 4
1 11 2
405 202
1 13 2
112 337
1 3 2
30 436
1 11 2
520 269
1 3 2
32 115
1 15 2
299 775
1 3 2
10 716
1 15 2
192 599
1 5 2
556 216
1 2 2
134 499
1 6 2
394 403
1 5 2
518 713
1 8 2
298 398
1 2 2
158 10
1 3 2
49 201
1 10 2
418 517
1 15 2
223 381
1 11 2
556 344
1 14 2
199 684
1 15 2
182 754
1 4 2
60 574
1 14 2
286 655
1 14 2
372 494
1 11 2
212 159
1 12 2
92 73
1 8 2
329 786
1 7 2
241 585
1 7 2
652 287
1 3 2
492 706
1 2 2
716 117
1 10 2
406 52
1 10 2
287 744
1 12 2
183 633
1 2 2
506 24
1 12 2
463 672
1 9 2
132 692
1 2 2
333 161
1 4 2
294 112
1 2 2
719 208
1 10 2
577 376
1 13 2
187 566
1 5 2
605 412
1 7 2
157 347
1 12 2
748 570
1 13 2
380 194
1 4 2
720 683
1 11 2
300 748
1 9 2
226 77
1 8 2
94 753
1 8 2
340 789
1 4 2
400 88
1 13 2
349 619
1 10 2
16 538
1 11 2
491 147
1 14 2
585 444
1 10 2
746 385
1 12 2
769 718
1 6 2
459 476
1 15 2
165 455
1 12 2
716 158
1 10 2
706 264
1 9 2
669 367
1 4 2
731 598
1 6 2
532 72
1 2 2
618 315
1 2 2
384 635
1 15 2
42 96
1 13 2
31 190
1 13 2
281 291
1 6 2
528 192
1 4 2
341 484
1 10 2
569 445
1 14 2
57 154
1 15 2
63 789
1 7 2
442 196
1 6 2
487 764
1 12 2
503 59
1 13 2
387 245
1 6 2
570 108
1 11 2
385 130
1 3 2
296 30
1 2 2
412 291
1 12 2
794 608
1 5 2
635 267
1 10 2
28 666
1 3 2
628 448
1 11 2
382 679
1 15 2
18 653
1 12 2
605 778
1 6 2
447 229
1 7 2
16 447
1 10 2
492 451
1 11 2
259 507
1 14 2
459 12
1 8 2
423 361
1 9 2
463 764
1 5 2
146 627
1 6 2
737 115
1 9 2
127 792
1 14 2
238 128
1 15 2
206 679
1 7 2
432 647
1 11 2
614 343
1 9 2
694 519
1 5 2
373 180
1 6 2
503 792
1 8 2
691 366
1 11 2
210 525
1 8 2
201 101
1 8 2
693 418
1 8 2
299 622
1 15 2
754 636
1 4 2
247 81
1 10 2
650 552
1 12 2
732 397
1 2 2
596 300
1 14 2
519 558
1 13 2
150 642
1 7 2
532 248
1 5 2
54 20
1 4 2
22 348
1 2 2
64 278
1 13 2
144 50
1 13 2
300 568
1 5 2
476 206
1 11 2
125 493
1 5 2
511 611
1 6 2
655 183
1 5 2
691 495
1 3 2
219 425
1 8 2
172 145
1 8 2
771 461
1 13 2
774 331
1 3 2
634 175
1 11 2
187 342
1 5 2
159 128
1 9 2
486 471
1 14 2
681 310
1 13 2
760 510
1 6 2
42 128
1 8 2
200 86
1 5 2
424 73
1 3 2
178 262
1 14 2
774 791
1 10 2
94 248
1 8 2
337 522
1 11 2
759 584
1 10 2
359 387
1 2 2
448 769
1 15 2
14 218
1 7 2
349 359
1 10 2
567 111
1 11 2
752 413
1 3 2
183 191
1 13 2
789 319
1 9 2
287 654
1 14 2
610 517
1 6 2
754 467
1 14 2
638 313
1 4 2
471 431
1 14 2
32 226
1 10 2
730 737
1 14 2
143 796
1 4 2
217 383
1 15 2
501 41
1 7 2
56 163
1 4 2
770 560
1 14 2
99 642
1 6 2
0 766
1 7 2
766 333
1 14 2
169 595
1 2 2
571 348
1 8 2
230 97
1 5 2
754 352
1 5 2
549 768
1 5 2
221 138
1 7 2
197 151
1 3 2
521 95
1 15 2
67 150
1 2 2
244 321
1 12 2
651 780
1 5 2
237 111
1 13 2
636 523
1 9 2
370 81
1 10 2
297 163
1 10 2
644 722
1 13 2
246 153
1 6 2
646 669
1 15 2
108 216
1 4 2
617 215
1 11 2
665 316
1 14 2
711 167
1 8 2
210 72
1 9 2
641 600
1 2 2
557 30
1 13 2
653 168
1 11 2
456 21
1 4 2
322 129
1 9 2
713 21
1 2 2
583 409
1 6 2
3 353
1 7 2
594 512
1 5 2
184 140
1 4 2
203 737
1 2 2
523 526
1 10 2
136 599
1 14 2
319 527
1 3 2
689 333
1 5 2
5 666
1 12 2
188 365
1 2 2
619 81
1 11 2
749 339
1 15 2
344 626
1 8 2
609 642
1 8 2
669 330
1 3 2
637 764
1 2 2
382 209
1 15 2
102 67
1 12 2
114 182
1 9 2
688 75
1 15 2
443 260
1 10 2
566 596
1 10 2
346 205
1 5 2
214 108
1 15 2
605 36
1 13 2
356 383
1 13 2
43 121
1 8 2
128 369
1 4 2
364 781
1 10 2
330 198
1 11 2
786 783
1 14 2
643 456
1 11 2
387 250
1 7 2
210 685
1 12 2
451 792
1 9 2
268 451
1 4 2
755 750
1 3 2
618 494
1 8 2
767 141
1 8 2
306 664
1 9 2
573 320
1 6 2
736 258
1 11 2
556 568
1 5 2
709 695
1 13 2
83 336
1 13 2
454 351
1 12 2
398 330
1 4 2
150 397
1 10 2
307 745
1 12 2
515 436
1 4 2
424 258
1 5 2
272 339
1 13 2
511 85
1 7 2
625 399
1 6 2
254 178
1 8 2
179 703
1 9 2
778 217
1 12 2
218 604
1 10 2
371 387
1 15 2
149 761
1 4 2
323 386
1 9 2
525 797
1 12 2
28 148
1 15 2
76 443
1 12 2
619 687
1 4 2
98 196
1 2 2
413 320
1 4 2
316 243
1 9 2
460 546
1 7 2
790 390
1 10 2
476 197
1 7 2
391 475
1 9 2
699 425
1 15 2
620 72
1 7 2
339 326
1 6 2
463 547
1 7 2
229 126
1 6 2
630 347
1 4 2
568 397
1 5 2
28 343
1 13 2
262 8
1 10 2
567 72
1 15 2
424 381
1 12 2
681 694
1 11 2
185 276
1 14 2
264 784
1 11 2
770 5
1 3 2
100 311
1 6 2
134 726
1 5 2
722 452
1 7 2
23 605
1 12 2
59 551
1 10 2
620 167
1 5 2
174 428
1 15 2
601 215
1 3 2
205 683
1 7 2
239 763
1 11 2
8 570
1 3 2
505 76
1 13 2
64 733
1 15 2
204 239
1 13 2
476 108
1 12 2
733 418
1 10 2
71 201
1 12 2
563 271
1 8 2
132 390
1 4 2
63 496
1 13 2
676 190
1 6 2
77 783
1 7 2
405 445
1 12 2
789 74
1 11 2
230 258
1 3 2
233 420
1 10 2
412 477
1 4 2
390 68
1 13 2
357 196
1 7 2
76 713
1 14 2
711 464
1 14 2
528 155
1 13 2
302 487
1 11 2
760 739
1 5 2
42 222
1 15 2
327 418
1 4 2
348 288
1 7 2
446 209
1 6 2
659 722
1 15 2
256 497
1 13 2
87 435
1 12 2
169 337
1 14 2
627 145
1 5 2
286 689
1 10 2
84 129
1 4 2
555 237
1 8 2
644 752
1 10 2
692 517
1 2 2
29 347
1 7 2
82 529
1 4 2
573 724
1 7 2
573 148
1 14 2
518 653
1 2 2
119 504
1 8 2
429 307
1 15 2
338 733
1 12 2
220 708
1 13 2
159 0
1 7 2
221 486
1 6 2
769 208
1 11 2
645 333
1 6 2
569 709
1 3 2
596 14
1 10 2
162 26
1 11 2
466 39
1 11 2
662 782
1 7 2
671 518
1 9 2
555 724
1 14 2
523 582
1 8 2
534 394
1 7 2
741 174
1 4 2
337 391
1 7 2
314 729
1 2 2
426 227
1 14 2
630 247
1 13 2
561 754
1 14 2
145 206
1 9 2
195 792
1 9 2
457 298
1 15 2
213 220
1 5 2
485 205
1 2 2
680 505
1 7 2
194 101
1 2 2
260 97
1 10 2
461 87
1 13 2
293 507
1 8 2
629 782
1 11 2
72 180
1 11 2
540 130
1 9 2
305 730
1 14 2
417 601
1 13 2
10 387
1 14 2
101 407
1 9 2
501 356
1 12 2
62 378
1 13 2
135 43
1 3 2
634 253
1 5 2
353 475
1 10 2
142 441
1 10 2
548 111
1 11 2
596 268
1 13 2
732 500
1 14 2
798 18
1 15 2
407 716
1 10 2
784 700
1 4 2
371 649
1 7 2
647 612
1 6 2
586 493
1 6 2
448 319
1 10 2
370 378
1 13 2
51 639
1 10 2
151 2
1 11 2
265 155
1 3 2
437 620
1 4 2
484 626
1 6 2
747 410
1 11 2
418 559
1 7 2
92 33
1 4 2
160 424
1 5 2
171 401
1 2 2
7 47
1 12 2
32 335
1 7 2
375 734
1 10 2
300 212
1 12 2
288 776
1 10 2
533 380
1 9 2
17 95
1 6 2
283 477
1 11 2
275 152
1 11 2
474 38
1 10 2
401 353
1 14 2
789 267
1 2 2
709 654
1 5 2
64 355
1 10 2
666 520
1 14 2
337 68
1 11 2
484 502
1 3 2
544 600
1 7 2
626 707
1 6 2
225 556
1 14 2
587 150
1 8 2
303 434
1 2 2
727 739
1 3 2
45 177
1 3 2
472 712
1 5 2
762 228
1 4 2
623 760
1 5 2
321 165
1 3 2
364 798
1 9 2
421 434
1 4 2
508 74
1 3 2
479 379
1 9 2
391 490
1 11 2
260 118
1 3 2
332 646
1 10 2
617 387
1 11 2
441 302
1 5 2
333 178
1 11 2
514 290
1 3 2
414 577
1 6 2
377 73
1 10 2
93 782
1 12 2
149 709
1 11 2
454 41
1 6 2
793 747
1 15 2
6 697
1 8 2
356 741
1 14 2
756 109
1 4 2
407 754
1 10 2
702 754
1 15 2
253 354
1 13 2
646 660
1 14 2
49 606
1 12 2
166 757
1 14 2
701 279
1 4 2
250 715
1 15 2
796 338
1 11 2
343 480
1 10 2
94 687
1 15 2
451 521
1 12 2
52 725
1 8 2
791 285
1 3 2
754 125
1 3 2
654 485
1 10 2
783 365
1 14 2
409 49
1 4 2
30 609
1 13 2
651 413
1 10 2
126 292
1 2 2
365 406
1 14 2
702 524
1 12 2
424 383
1 7 2
615 389
1 15 2
93 166
1 10 2
467 610
1 15 2
411 158
1 4 2
303 0
1 12 2
580 333
1 12 2
102 717
1 4 2
74 105
1 12 2
777 601
1 10 2
104 527
1 12 2
490 151
1 11 2
308 355
1 5 2
750 646
1 2 2
208 40
1 6 2
317 150
1 6 2
94 265
1 5 2
536 703
1 10 2
388 671
1 4 2
667 674
1 4 2
238 793
1 4 2
161 167
1 13 2
540 389
1 11 2
107 189
1 2 2
449 529
1 6 2
566 717
1 3 2
416 535
1 7 2
424 305
1 6 2
106 654
1 8 2
119 628
1 11 2
193 142
1 13 2
472 192
1 13 2
228 119
1 11 2
565 662
1 6 2
45 87
1 14 2
120 440
1 6 2
768 385
1 11 2
125 32
1 14 2
534 226
1 12 2
753 318
1 13 2
764 303
1 8 2
483 723
1 5 2
667 775
1 10 2
43 45
1 8 2
56 68
1 7 2
494 787
1 12 2
359 348
1 9 2
271 74
1 14 2
692 641
1 2 2
518 98
1 4 2
72 385
1 5 2
613 254
1 2 2
85 504
1 2 2
602 153
1 7 2
19 765
1 6 2
21 760
1 8 2
664 623
1 9 2
313 761
1 10 2
438 218
1 15 2
364 432
1 6 2
703 190
1 3 2
766 29
1 8 2
700 650
1 9 2
617 716
1 3 2
720 546
1 7 2
602 42
1 2 2
372 132
1 11 2
627 465
1 9 2
629 227
1 5 2
113 57
1 15 2
218 186
1 11 2
350 232
1 10 2
776 505
1 8 2
364 218
1 9 2
746 248
1 9 2
143 1
1 15 2
597 31
1 4 2
372 162
1 7 2
39 186
1 11 2
609 20
1 4 2
736 187
1 10 2
182 656
1 5 2
86 409
1 9 2
101 89
1 7 2
446 110
1 13 2
228 538
1 5 2
43 738
1 11 2
509 260
1 5 2
125 724
1 8 2
154 547
1 2 2
428 599
1 2 2
112 143
1 4 2
149 216
1 8 2
471 333
1 3 2
412 528
1 10 2
444 641
1 5 2
213 358
1 13 2
116 10
1 10 2
658 471
1 3 2
796 313
1 14 2
330 346
1 6 2
267 145
1 15 2
330 391
1 11 2
752 719
1 9 2
751 48
1 6 2
286 636
1 10 2
352 343
1 13 2
127 314
1 9 2
173 129
1 3 2
623 391
1 8 2
532 754
1 12 2
589 260
1 12 2
647 166
1 8 2
202 505
1 11 2
471 409
1 9 2
249 95
1 2 2
182 246
1 12 2
597 49
1 15 2
83 502
1 3 2
98 62
1 14 2
108 420
1 8 2
204 103
1 15 2
48 60
1 5 2
561 233
1 8 2
420 637
1 6 2
23 558
1 4 2
473 526
1 14 2
749 639
1 6 2
49 128
1 8 2
744 612
1 12 2
507 465
1 11 2
330 799
1 8 2
322 620
1 8 2
763 333
1 9 2
639 474
1 6 2
121 152
1 8 2
516 37
1 10 2
228 456
1 6 2
252 585
1 6 2
267 557
1 15 2
214 40
1 15 2
348 329
1 3 2
336 693
1 11 2
506 405
1 15 2
701 767
1 14 2
13 528
1 2 2
585 450
1 8 2
93 375
1 6 2
268 663
1 9 2
399 268
1 12 2
543 590
1 9 2
39 743
1 14 2
354 39
1 10 2
326 408
1 8 2
166 425
1 12 2
143 119
1 10 2
469 233
1 10 2
728 394
1 3 2
166 176
1 12 2
355 369
1 2 2
631 360
1 4 2
68 626
1 8 2
667 795
1 4 2
740 264
1 4 2
474 602
1 8 2
586 654
1 14 2
505 314
1 10 2
744 227
1 9 2
288 455
1 11 2
442 74
1 7 2
622 533
1 9 2
440 784
1 8 2
318 202
1 13 2
113 147
1 6 2
674 641
1 7 2
579 783
1 9 2
273 195
1 2 2
388 718
1 6 2
95 532
1 15 2
275 417
1 12 2
133 13
1 5 2
423 493
1 14 2
601 785
1 14 2
708 526
1 10 2
300 160
1 10 2
557 211
1 6 2
480 355
1 15 2
297 592
1 14 2
167 684
1 4 2
644 640
1 3 2
398 213
1 8 2
501 667
1 5 2
592 558
1 10 2
406 79
1 7 2
132 418
1 2 2
94 602
1 9 2
387 218
1 7 2
128 338
1 12 2
528 144
1 2 2
345 350
1 5 2
13 496
1 9 2
431 419
1 14 2
450 274
1 14 2
252 41
1 9 2
570 380
1 6 2
181 681
1 9 2
204 588
1 12 2
643 444
1 2 2
458 635
1 6 2
11 626
1 9 2
3 368
1 12 2
796 428
1 4 2
582 689
1 13 2
746 473
1 15 2
335 364
1 4 2
350 514
1 3 2
228 681
1 11 2
621 163
1 14 2
151 736
1 9 2
610 37
1 8 2
377 764
1 15 2
324 347
1 12 2
652 611
1 4 2
256 373
1 7 2
190 454
1 5 2
507 369
1 11 2
509 473
1 11 2
285 234
1 12 2
484 614
1 14 2
332 459
1 4 2
390 794
1 9 2
224 768
1 9 2
559 376
1 10 2
593 354
1 8 2
127 760
1 3 2
627 683
1 11 2
510 669
1 2 2
462 122
1 8 2
102 348
1 4 2
144 489
1 3 2
214 122
1 9 2
98 605
1 3 2
681 477
1 8 2
441 520
1 2 2
337 134
1 8 2
101 489
1 5 2
258 141
1 5 2
228 782
1 10 2
403 423
1 6 2
335 298
1 15 2
624 439
1 13 2
554 488
1 13 2
600 314
1 3 2
561 208
1 2 2
457 219
1 7 2
428 201
1 11 2
617 730
1 4 2
436 183
1 3 2
458 790
1 14 2
535 548
1 7 2
652 666
1 7 2
0 721
1 10 2
2 647
1 13 2
535 52
1 12 2
663 161
1 15 2
732 285
1 3 2
253 33
1 12 2
311 15
1 12 2
610 11
1 10 2
38 616
1 5 2
446 118
1 15 2
786 56
1 14 2
9 110
1 5 2
159 705
1 13 2
135 588
1 6 2
449 221
1 14 2
223 695
1 12 2
590 417
1 3 2
522 509
1 7 2
574 703
1 10 2
374 15
1 2 2
127 114
1 11 2
706 624
1 4 2
474 715
1 15 2
602 326
1 7 2
772 188
1 9 2
412 315
1 12 2
510 456
1 11 2
258 607
1 6 2
615 634
1 8 2
633 188
1 13 2
32 444
1 5 2
251 789
1 6 2
36 625
1 10 2
243 760
1 15 2
261 525
1 13 2
787 243
1 2 2
314 585
1 9 2
433 587
1 14 2
515 300
1 2 2
654 442
1 3 2
429 719
1 12 2
371 583
1 6 2
35 311
1 2 2
65 664
1 11 2
234 460
1 13 2
644 390
1 5 2
683 468
1 12 2
685 96
1 4 2
745 788
1 10 2
214 47
1 9 2
712 336
1 7 2
744 786
1 11 2
434 559
1 10 2
746 187
1 14 2
174 390
1 6 2
574 311
1 7 2
85 34
1 5 2
339 351
1 13 2
773 753
1 8 2
690 6
1 7 2
343 767
1 14 2
794 521
1 12 2
35 194
1 2 2
619 463
1 15 2
738 297
1 12 2
272 754
1 14 2
59 243
1 12 2
619 9
1 10 2
258 295
1 8 2
523 34
1 10 2
272 74
1 12 2
505 87
1 15 2
765 116
1 5 2
671 472
1 7 2
234 54
1 5 2
187 395
1 7 2
0 584
1 10 2
589 718
1 13 2
711 656
1 14 2
284 666
1 14 2
454 747
1 12 2
72 524
1 14 2
147 69
1 3 2
84 361
1 7 2
758 442
1 13 2
658 31
1 7 2
403 601
1 8 2
548 368
1 5 2
194 470
1 7 2
3 555
1 15 2
18 380
1 3 2
642 49
1 10 2
697 348
1 6 2
627 463
1 6 2
678 153
1 12 2
640 158
1 11 2
507 393
1 5 2
616 210
1 10 2
148 286
1 10 2
40 275
1 4 2
15 51
1 2 2
135 101
1 14 2
563 3
1 4 2
195 204
1 10 2
346 399
1 9 2
460 556
1 2 2
234 465
1 14 2
418 792
1 15 2
268 354
1 14 2
796 469
1 8 2
597 705
1 13 2
45 436
1 15 2
13 536
1 5 2
474 526
1 10 2
564 125
1 14 2
746 137
1 15 2
119 447
1 4 2
158 85
1 8 2
506 228
1 5 2
507 696
1 7 2
685 606
1 11 2
57 62
1 4 2
404 634
1 7 2
210 635
1 12 2
775 99
1 10 2
505 306
1 7 2
702 34
1 8 2
779 456
1 8 2
681 175
1 13 2
551 645
1 12 2
375 198
1 7 2
137 222
1 2 2
496 271
1 2 2
219 167
1 3 2
250 438
1 10 2
666 63
1 2 2
466 353
1 2 2
697 778
1 6 2
131 360
1 7 2
200 616
1 13 2
425 22
1 7 2
528 216
1 2 2
464 717
1 10 2
599 414
1 15 2
4 233
1 10 2
740 317
1 9 2
458 215
1 2 2
306 670
1 5 2
754 492
1 13 2
65 753
1 6 2
631 762
1 6 2
16 788
1 5 2
482 687
1 10 2
782 209
1 12 2
451 56
1 4 2
441 220
1 9 2
366 216
1 12 2
388 15
1 7 2
755 164
1 12 2
87 422
1 5 2
364 87
1 3 2
214 7
1 7 2
247 454
1 13 2
195 568
1 5 2
765 135
1 13 2
492 161
1 7 2
621 110
1 14 2
394 172
1 11 2
453 776
1 6 2
567 493
1 2 2
58 278
1 13 2
81 569
1 9 2
290 446
1 14 2
381 773
1 13 2
279 629
1 15 2
86 799
1 15 2
33 312
1 8 2
138 129
1 14 2
535 701
1 6 2
582 590
1 15 2
323 498
1 3 2
329 304
1 4 2
328 663
1 7 2
357 163
1 4 2
169 70
1 14 2
120 47
1 15 2
753 759
1 8 2
479 720
1 15 2
456 604
1 4 2
734 654
1 4 2
607 745
1 14 2
406 671
1 4 2
374 225
1 5 2
794 316
1 2 2
324 482
1 11 2
407 762
1 6 2
768 315
1 6 2
352 107
1 10 2
749 518
1 12 2
645 467
1 12 2
789 280
1 6 2
105 712
1 9 2
329 599
1 13 2
469 586
1 5 2
799 151
1 8 2
424 627
1 2 2
659 189
1 10 2
574 108
1 7 2
134 45
1 5 2
441 130
1 10 2
66 14
1 12 2
301 72
1 9 2
326 676
1 9 2
682 488
1 7 2
511 747
1 12 2
752 303
1 10 2
591 465
1 11 2
745 254
1 6 2
235 199
1 8 2
307 215
1 6 2
753 655
1 8 2
769 252
1 2 2
435 85
1 13 2
543 391
1 9 2
341 133
1 14 2
646 420
1 2 2
64 240
1 8 2
771 489
1 4 2
550 155
1 6 2
647 51
1 9 2
753 391
1 13 2
704 267
1 6 2
729 155
1 9 2
695 40
1 15 2
654 797
1 2 2
597 76
1 3 2
613 141
1 12 2
308 254
1 10 2
40 381
1 7 2
388 454
1 13 2
516 553
1 12 2
37 470
1 5 2
381 661
1 12 2
335 228
1 12 2
776 290
1 11 2
22 203
1 6 2
23 406
1 15 2
590 44
1 2 2
339 660
1 10 2
269 660
1 9 2
471 158
1 15 2
55 272
1 7 2
607 599
1 11 2
719 393
1 14 2
635 465
1 13 2
398 254
1 2 2
696 729
1 15 2
713 227
1 11 2
699 749
1 12 2
788 176
1 3 2
40 135
1 15 2
237 757
1 11 2
497 117
1 4 2
694 633
1 14 2
248 410
1 6 2
194 353
1 6 2
304 239
1 6 2
655 459
1 9 2
712 769
1 14 2
409 263
1 8 2
336 639
1 6 2
743 24
1 5 2
683 144
1 4 2
171 320
1 7 2
281 588
1 9 2
201 792
1 15 2
609 225
1 15 2
743 132
1 7 2
166 252
1 12 2
208 131
1 6 2
444 145
1 6 2
744 582
1 14 2
565 322
1 6 2
490 425
1 6 2
657 183
1 4 2
243 361
1 6 2
776 170
1 3 2
283 713
1 9 2
607 628
1 11 2
97 285
1 14 2
29 496
1 14 2
189 232
1 14 2
374 622
1 15 2
27 168
1 14 2
318 584
1 5 2
201 16
1 3 2
443 120
1 3 2
208 139
1 11 2
628 147
1 3 2
712 8
1 2 2
760 744
1 10 2
695 477
1 5 2
583 29
1 10 2
541 155
1 6 2
13 485
1 10 2
172 113
1 8 2
524 553
1 12 2
574 768
1 6 2
174 47
1 6 2
792 449
1 11 2
242 565
1 12 2
342 442
1 12 2
704 666
1 13 2
681 462
1 15 2
463 154
1 13 2
419 211
1 3 2
778 283
1 14 2
480 73
1 2 2
206 33
1 14 2
553 298
1 5 2
171 106
1 15 2
492 281
1 7 2
132 741
1 4 2
303 200
1 13 2
776 174
1 14 2
780 304
1 11 2
743 183
1 5 2
338 497
1 3 2
420 285
1 5 2
540 285
1 4 2
765 407
1 4 2
515 581
1 2 2
690 266
1 3 2
288 689
1 9 2
35 32
1 10 2
147 429
1 12 2
354 374
1 12 2
345 524
1 2 2
675 708
1 13 2
109 737
1 10 2
672 327
1 6 2
679 431
1 2 2
556 569
1 8 2
38 495
1 11 2
649 313
1 15 2
30 238
1 2 2
567 462
1 12 2
773 126
1 4 2
57 726
1 5 2
571 474
1 7 2
262 371
1 3 2
524 251
1 3 2
718 265
1 12 2
133 32
1 15 2
706 0
1 10 2
471 598
1 4 2
459 768
1 9 2
189 496
1 11 2
118 315
1 5 2
11 206
1 5 2
451 340
1 2 2
232 277
1 2 2
738 713
1 4 2
181 472
1 2 2
26 265
1 15 2
748 588
1 13 2
698 274
1 9 2
79 573
1 9 2
219 25
1 12 2
361 434
1 8 2
152 621
1 7 2
106 620
1 7 2
211 620
1 4 2
388 287
1 9 2
49 30
1 15 2
129 460
1 12 2
595 80
1 7 2
84 750
1 11 2
313 712
1 12 2
407 255
1 11 2
662 392
1 3 2
718 114
1 13 2
236 590
1 5 2
523 666
1 10 2
598 512
1 14 2
383 708
1 15 2
113 196
1 12 2
730 692
1 5 2
416 531
1 14 2
273 354
1 10 2
74 364
1 7 2
209 325
1 7 2
755 473
1 13 2
631 446
1 9 2
269 72
1 14 2
46 36
1 12 2
331 342
1 10 2
253 20
1 10 2
387 123
1 7 2
738 53
1 13 2
196 31
1 8 2
406 149
1 14 2
146 125
1 12 2
145 336
1 12 2
247 575
1 5 2
44 133
1 5 2
213 93
1 15 2
216 672
1 7 2
603 481
1 6 2
556 389
1 8 2
761 6
1 14 2
586 109
1 9 2
792 608
1 8 2
503 591
1 2 2
475 352
1 12 2
629 749
1 13 2
443 261
1 5 2
499 137
1 9 2
520 155
1 13 2
152 105
1 8 2
340 202
1 5 2
135 301
1 5 2
168 558
1 10 2
221 125
1 7 2
428 613
1 9 2
40 169
1 7 2
314 426
1 7 2
185 224
1 4 2
419 784
1 6 2
232 422
1 13 2
300 475
1 5 2
361 571
1 4 2
743 83
1 14 2
53 94
1 3 2
528 560
1 14 2
714 221
1 12 2
784 239
1 10 2
155 408
1 14 2
398 482
1 3 2
665 53
1 10 2
757 435
1 3 2
650 116
1 13 2
201 347
1 4 2
163 172
1 11 2
434 269
1 5 2
120 577
1 11 2
452 63
1 10 2
545 17
1 9 2
740 198
1 6 2
120 457
1 12 2
441 142
1 9 2
304 475
1 4 2
613 504
1 4 2
41 644
1 4 2
246 788
1 9 2
369 461
1 4 2
554 309
1 7 2
746 360
1 2 2
243 201
1 15 2
63 753
1 7 2
330 511
1 11 2
732 392
1 12 2
42 432
1 12 2
589 257
1 13 2
539 301
1 12 2
637 52
1 14 2
245 44
1 10 2
397 111
1 4 2
429 426
1 11 2
24 307
1 13 2
365 562
1 13 2
725 594
1 5 2
284 360
1 13 2
415 488
1 10 2
697 624
1 12 2
13 599
1 11 2
600 126
1 14 2
269 498
1 9 2
246 178
1 11 2
783 346
1 12 2
33 716
1 4 2
222 40
1 9 2
649 7
1 4 2
384 101
1 4 2
548 279
1 5 2
745 497
1 14 2
213 57
1 13 2
705 557
1 10 2
142 85
1 10 2
767 417
1 4 2
92 314
1 2 2
341 188
1 5 2
442 376
1 11 2
407 88
1 11 2
203 21
1 12 2
663 712
1 4 2
492 756
1 9 2
616 727
1 6 2
721 105
1 7 2
688 683
1 11 2
429 495
1 3 2
651 506
1 14 2
755 554
1 7 2
125 568
1 4 2
519 356
1 12 2
499 458
1 2 2
368 767
1 3 2
71 4
1 8 2
90 298
1 3 2
705 316
1 10 2
220 490
1 13 2
444 746
1 4 2
340 280
1 9 2
273 161
1 10 2
586 144
1 6 2
332 593
1 13 2
172 580
1 10 2
648 1
1 2 2
299 3
1 10 2
644 681
1 8 2
786 47
1 9 2
678 45
1 2 2
433 108
1 9 2
252 132
1 6 2
620 760
1 4 2
239 282
1 3 2
426 170
1 2 2
344 601
1 2 2
799 148
1 6 2
504 471
1 11 2
659 452
1 4 2
563 782
1 5 2
56 108
1 13 2
552 749
1 7 2
735 307
1 12 2
269 301
1 2 2
682 131
1 13 2
450 177
1 5 2
540 70
1 5 2
671 424
1 2 2
704 15
1 11 2
551 703
1 12 2
297 703
1 6 2
336 599
1 7 2
721 39
1 4 2
519 290
1 14 2
435 219
1 8 2
457 524
1 14 2
0 715
1 7 2
604 420
1 4 2
614 302
1 4 2
780 404
1 10 2
355 665
1 5 2
251 616
1 9 2
15 558
1 11 2
329 128
1 7 2
197 626
1 12 2
511 740
1 3 2
253 656
1 10 2
327 686
1 12 2
246 80
1 7 2
492 555
1 11 2
389 74
1 10 2
95 31
1 5 2
493 595
1 8 2
498 526
1 4 2
705 560
1 14 2
139 80
1 2 2
29 411
1 7 2
741 209
1 2 2
306 327
1 5 2
771 217
1 6 2
105 277
1 4 2
416 431
1 4 2
168 109
1 12 2
676 693
1 6 2
472 248
1 6 2
779 730
1 9 2
258 172
1 14 2
539 227
1 12 2
17 754
1 7 2
740 112
1 3 2
669 205
1 10 2
19 375
1 13 2
121 561
1 12 2
373 160
1 10 2
0 169
1 11 2
266 398
1 13 2
446 64
1 13 2
370 194
1 13 2
514 246
1 10 2
358 503
1 11 2
472 531
1 7 2
170 200
1 3 2
475 398
1 6 2
11 343
1 12 2
737 615
1 8 2
167 223
1 9 2
509 485
1 11 2
325 569
1 10 2
515 370
1 4 2
248 579
1 12 2
721 196
1 7 2
782 203
1 10 2
491 543
1 7 2
472 771
1 7 2
423 208
1 10 2
24 130
1 7 2
71 36
1 15 2
130 676
1 10 2
515 677
1 12 2
308 95
1 8 2
716 152
1 14 2
618 423
1 10 2
570 655
1 6 2
727 596
1 2 2
414 753
1 11 2
299 700
1 6 2
742 219
1 12 2
372 390
1 12 2
498 105
1 11 2
732 398
1 10 2
69 343
1 8 2
0 254
1 5 2
560 678
1 6 2
20 279
1 14 2
428 773
1 3 2
672 28
1 13 2
250 519
1 9 2
301 607
1 13 2
133 621
1 9 2
538 732
1 7 2
505 409
1 8 2
128 78
1 14 2
410 296
1 3 2
400 607
1 15 2
112 531
1 5 2
580 402
1 6 2
685 5
1 12 2
449 603
1 5 2
726 771
1 10 2
86 508
1 9 2
247 669
1 10 2
31 98
1 2 2
131 166
1 3 2
56 567
1 13 2
799 440
1 2 2
495 561
1 4 2
671 657
1 8 2
155 212
1 4 2
278 412
1 7 2
485 387
1 10 2
376 259
1 4 2
542 463
1 13 2
113 35
1 7 2
650 129
1 11 2
448 95
1 4 2
249 475
1 13 2
667 402
1 7 2
534 125
1 4 2
199 677
1 6 2
588 270
1 12 2
524 776
1 6 2
470 359
1 2 2
493 713
1 8 2
444 427
1 14 2
104 640
1 9 2
492 581
1 4 2
364 517
1 4 2
627 451
1 14 2
333 395
1 11 2
449 563
1 13 2
67 66
1 2 2
330 229
1 7 2
567 658
1 2 2
8 617
1 14 2
705 192
1 9 2
137 417
1 13 2
168 57
1 4 2
654 650
1 8 2
677 696
1 10 2
585 438
1 8 2
551 601
1 8 2
722 176
1 9 2
122 230
1 8 2
643 429
1 11 2
249 494
1 7 2
485 251
1 15 2
471 628
1 4 2
790 593
1 7 2
795 152
1 3 2
437 380
1 8 2
303 44
1 12 2
717 268
1 11 2
444 401
1 11 2
397 577
1 5 2
253 385
1 13 2
781 533
1 10 2
681 670
1 8 2
31 605
1 8 2
198 22
1 13 2
59 742
1 7 2
363 559
1 2 2
743 458
1 9 2
93 593
1 9 2
351 386
1 11 2
169 676
1 11 2
721 290
1 2 2
201 576
1 15 2
319 390
1 2 2
186 547
1 4 2
418 232
1 6 2
174 512
1 2 2
242 277
1 15 2
567 124
1 6 2
777 196
1 14 2
775 725
1 5 2
217 585
1 5 2
320 505
1 3 2
666 324
1 11 2
516 663
1 12 2
292 535
1 5 2
358 584
1 3 2
282 148
1 10 2
324 648
1 11 2
297 788
1 4 2
46 587
1 10 2
689 102
1 3 2
335 229
1 8 2
479 164
1 5 2
675 45
1 3 2
189 40
1 10 2
572 408
1 9 2
737 591
1 14 2
65 135
1 8 2
375 354
1 13 2
70 634
1 11 2
732 489
1 15 2
136 70
1 2 2
291 600
1 11 2
366 411
1 13 2
573 751
1 5 2
46 795
1 12 2
182 619
1 9 2
610 774
1 8 2
201 675
1 13 2
83 20
1 9 2
384 605
1 10 2
533 668
1 7 2
453 740
1 3 2
729 646
1 2 2
537 622
1 11 2
697 760
1 10 2
456 571
1 11 2
258 764
1 10 2
309 163
1 14 2
185 761
1 12 2
352 657
1 3 2
762 256
1 4 2
496 531
1 11 2
277 73
1 12 2
231 597
1 4 2
587 498
1 7 2
304 180
1 13 2
417 251
1 15 2
778 761
1 6 2
540 672
1 4 2
258 759
1 10 2
684 658
1 2 2
428 53
1 15 2
485 560
1 14 2
30 773
1 10 2
34 241
1 15 2
520 67
1 10 2
379 82
1 15 2
53 285
1 10 2
397 413
1 15 2
674 111
1 15 2
392 7
1 7 2
279 130
1 13 2
512 788
1 5 2
638 23
1 3 2
734 397
1 9 2
91 368
1 13 2
316 223
1 13 2
739 327
1 8 2
675 289
1 8 2
553 759
1 4 2
20 115
1 8 2
646 120
1 11 2
256 181
1 4 2
170 782
1 3 2
413 187
1 10 2
197 665
1 9 2
429 400
1 12 2
106 391
1 5 2
165 59
1 15 2
394 308
1 8 2
583 600
1 3 2
356 731
1 11 2
769 307
1 15 2
448 295
1 11 2
665 240
1 14 2
427 644
1 8 2
605 54
1 13 2
551 572
1 4 2
73 114
1 12 2
126 353
1 11 2
275 772
1 10 2
463 79
1 13 2
335 346
1 5 2
503 11
1 7 2
613 258
1 4 2
206 332
1 7 2
306 575
1 13 2
85 247
1 10 2
481 142
1 10 2
220 221
1 13 2
329 412
1 9 2
524 770
1 8 2
348 283
1 12 2
395 147
1 10 2
586 337
1 11 2
783 796
1 9 2
328 174
1 5 2
617 394
1 12 2
669 770
1 7 2
396 737
1 8 2
388 155
1 10 2
686 102
1 15 2
348 690
1 13 2
166 583
1 4 2
586 737
1 8 2
298 124
1 6 2
449 9
1 8 2
661 9
1 11 2
546 554
1 10 2
687 69
1 4 2
352 316
1 14 2
658 604
1 8 2
64 420
1 9 2
368 226
1 4 2
740 545
1 13 2
653 636
1 9 2
460 713
1 7 2
5 439
1 9 2
784 149
1 4 2
473 358
1 14 2
0 698
1 2 2
619 145
1 2 2
224 575
1 8 2
539 297
1 13 2
723 298
1 3 2
143 591
1 15 2
368 61
1 10 2
347 159
1 10 2
618 461
1 8 2
155 523
1 11 2
657 654
1 11 2
755 624
1 7 2
10 87
1 12 2
457 417
1 5 2
689 157
1 10 2
91 75
1 4 2
245 725
1 7 2
128 666
1 11 2
491 304
1 2 2
695 186
1 2 2
796 742
1 13 2
749 581
1 4 2
374 445
1 9 2
218 143
1 7 2
252 61
1 13 2
398 134
1 11 2
319 272
1 8 2
157 500
1 13 2
51 210
1 4 2
407 470
1 12 2
148 619
1 8 2
582 33
1 7 2
497 135
1 10 2
223 771
1 4 2
59 399
1 7 2
756 513
1 10 2
216 461
1 8 2
703 498
1 7 2
59 699
1 11 2
695 672
1 3 2
22 707
1 12 2
471 209
1 3 2
559 278
1 14 2
486 100
1 10 2
126 405
1 2 2
380 544
1 4 2
768 198
1 12 2
361 439
1 4 2
360 251
1 10 2
177 627
1 11 2
673 84
1 13 2
232 165
1 5 2
783 640
1 12 2
793 548
1 11 2
323 537
1 13 2
529 263
1 4 2
182 729
1 5 2
242 285
1 6 2
177 565
1 10 2
292 397
1 5 2
176 753
1 13 2
50 540
1 11 2
486 531
1 3 2
350 272
1 14 2
379 721
1 3 2
289 629
1 11 2
192 725
1 10 2
104 206
1 10 2
600 373
1 10 2
712 618
1 15 2
433 516
1 10 2
341 598
1 12 2
263 450
1 4 2
653 617
1 2 2
511 655
1 6 2
718 537
1 5 2
252 765
1 3 2
638 197
1 10 2
510 408
1 10 2
560 362
1 8 2
121 670
1 6 2
498 698
1 3 2
670 547
1 12 2
696 764
1 15 2
638 584
1 9 2
688 83
1 12 2
142 251
1 10 2
174 669
1 10 2
599 65
1 4 2
420 165
1 6 2
338 60
1 14 2
57 793
1 5 2
176 533
1 9 2
243 713
1 12 2
349 545
1 15 2
342 728
1 13 2
191 111
1 3 2
530 710
1 6 2
508 680
1 10 2
186 170
1 15 2
503 125
1 2 2
75 652
1 9 2
580 607
1 12 2
440 617
1 7 2
751 693
1 5 2
600 775
1 15 2
567 196
1 15 2
58 146
1 8 2
180 44
1 5 2
386 59
1 14 2
468 715
1 13 2
371 771
1 2 2
238 53
1 10 2
320 268
1 11 2
194 323
1 6 2
304 633
1 8 2
523 664
1 15 2
415 301
1 10 2
166 404
1 2 2
534 451
1 11 2
248 537
1 6 2
421 408
1 6 2
96 181
1 12 2
127 623
1 3 2
162 605
1 2 2
563 390
1 4 2
487 460
1 7 2
766 488
1 3 2
430 585
1 12 2
14 414
1 11 2
387 1
1 2 2
638 24
1 14 2
706 716
1 4 2
372 712
1 6 2
192 45
1 4 2
91 145
1 7 2
735 217
1 5 2
47 187
1 3 2
76 493
1 15 2
389 784
1 13 2
491 367
1 9 2
99 53
1 9 2
496 372
1 8 2
410 653
1 14 2
148 563
1 5 2
39 508
1 8 2
262 11
1 3 2
118 702
1 15 2
674 515
1 14 2
526 785
1 13 2
40 374
1 12 2
745 290
1 3 2
752 780
1 10 2
765 136
1 10 2
771 272
1 3 2
437 783
1 6 2
215 342
1 7 2
178 159
1 3 2
774 214
1 8 2
393 704
1 13 2
508 230
1 8 2
536 571
1 12 2
242 250
1 7 2
276 297
1 9 2
188 776
1 3 2
626 735
1 4 2
162 663
1 6 2
678 782
1 8 2
238 689
1 9 2
47 720
1 3 2
723 106
1 10 2
641 119
1 13 2
492 405
1 9 2
321 660
1 7 2
119 442
1 7 2
12 296
1 7 2
86 663
1 5 2
552 678
1 7 2
453 703
1 5 2
375 319
1 5 2
197 538
1 2 2
0 675
1 14 2
246 654
1 5 2
114 171
1 7 2
143 241
1 11 2
611 695
1 7 2
361 338
1 2 2
9 194
1 14 2
337 541
1 4 2
149 77
1 4 2
171 41
1 10 2
694 42
1 6 2
749 144
1 15 2
44 719
1 15 2
276 437
1 12 2
480 451
1 2 2
704 557
1 3 2
252 772
1 15 2
577 307
1 4 2
716 112
1 14 2
759 503
1 10 2
721 78
1 2 2
745 566
1 7 2
101 724
1 6 2
667 195
1 3 2
209 224
1 9 2
713 523
1 8 2
708 118
1 11 2
645 694
1 2 2
313 431
1 14 2
196 61
1 6 2
59 100
1 11 2
600 655
1 5 2
646 786
1 12 2
278 440
1 11 2
695 635
1 7 2
755 498
1 10 2
277 24
1 2 2
288 359
1 7 2
227 286
1 2 2
306 397
1 7 2
467 312
1 13 2
346 373
1 8 2
106 59
1 14 2
249 101
1 13 2
608 290
1 14 2
462 318
1 14 2
417 693
1 12 2
210 323
1 14 2
310 171
1 5 2
741 82
1 13 2
270 618
1 11 2
563 694
1 9 2
142 774
1 13 2
188 271
1 10 2
765 673
1 8 2
63 553
1 12 2
216 453
1 15 2
716 397
1 5 2
106 368
1 11 2
120 320
1 7 2
606 434
1 11 2
456 275
1 9 2
401 227
1 15 2
321 29
1 5 2
616 676
1 4 2
760 787
1 10 2
385 608
1 8 2
778 647
1 13 2
534 407
1 13 2
730 13
1 2 2
296 559
1 4 2
534 138
1 3 2
157 292
1 11 2
593 399
1 3 2
476 210
1 13 2
424 331
1 3 2
637 13
1 6 2
398 387
1 15 2
104 366
1 11 2
353 579
1 6 2
289 596
1 7 2
728 353
1 14 2
776 18
1 2 2
22 389
1 4 2
528 458
1 5 2
697 494
1 13 2
556 536
1 4 2
309 143
1 5 2
718 657
1 10 2
96 317
1 15 2
276 39
1 13 2
418 788
1 13 2
117 779
1 5 2
78 33
1 8 2
559 582
1 5 2
550 707
1 5 2
752 196
1 5 2
627 768
1 11 2
323 250
1 8 2
673 116
1 11 2
279 783
1 13 2
653 35
1 14 2
519 405
1 13 2
286 784
1 15 2
482 646
1 12 2
353 73
1 11 2
618 127
1 8 2
390 291
1 8 2
44 777
1 4 2
551 323
1 11 2
379 589
1 5 2
467 179
1 2 2
677 342
1 7 2
181 303
1 2 2
441 417
1 12 2
261 320
1 11 2
280 720
1 9 2
187 512
1 11 2
140 305
1 14 2
326 34
1 14 2
493 290
1 13 2
455 187
1 12 2
49 389
1 7 2
33 125
1 14 2
707 572
1 7 2
258 646
1 5 2
781 441
1 5 2
518 380
1 7 2
359 501
1 11 2
685 650
1 3 2
741 309
1 3 2
26 771
1 13 2
262 61
1 9 2
462 162
1 5 2
789 731
1 11 2
253 756
1 4 2
62 86
1 6 2
72 93
1 5 2
130 709
1 4 2
605 280
1 14 2
223 668
1 9 2
304 520
1 6 2
592 424
1 4 2
235 657
1 6 2
787 376
1 9 2
438 231
1 12 2
80 185
1 11 2
307 379
1 11 2
555 532
1 10 2
365 518
1 14 2
676 495
1 14 2
473 648
1 5 2
82 89
1 12 2
183 762
1 15 2
361 600
1 11 2
0 627
1 8 2
282 783
1 11 2
288 358
1 15 2
217 561
1 11 2
182 24
1 3 2
245 593
1 13 2
673 549
1 5 2
88 685
1 13 2
49 107
1 6 2
414 776
1 13 2
781 713
1 11 2
455 475
1 12 2
8 601
1 14 2
489 511
1 15 2
676 99
1 15 2
430 10
1 13 2
52 593
1 6 2
774 594
1 8 2
728 710
1 11 2
291 305
1 13 2
429 253
1 3 2
725 1
1 7 2
781 271
1 14 2
599 540
1 11 2
26 766
1 9 2
570 489
1 12 2
630 798
1 7 2
382 298
1 6 2
755 180
1 14 2
262 241
1 5 2
133 530
1 13 2
49 218
1 12 2
463 698
1 13 2
643 112
1 2 2
519 530
1 6 2
672 170
1 6 2
453 163
1 3 2
3 737
1 11 2
41 148
1 7 2
361 300
1 9 2
631 263
1 12 2
251 105
1 3 2
397 672
1 13 2
553 206
1 4 2
98 336
1 4 2
697 269
1 11 2
23 343
1 7 2
740 284
1 3 2
560 395
1 2 2
738 199
1 10 2
183 548
1 4 2
505 27
1 2 2
636 772
1 11 2
274 678
1 13 2
625 289
1 8 2
262 317
1 14 2
111 266
1 11 2
205 565
1 5 2
69 50
1 6 2
681 112
1 7 2
52 418
1 5 2
610 710
1 14 2
468 780
1 2 2
658 527
1 8 2
2 327
1 13 2
673 685
1 5 2
558 729
1 15 2
373 348
1 5 2
289 459
1 2 2
578 56
1 13 2
164 523
1 14 2
301 454
1 4 2
656 387
1 4 2
605 2
1 5 2
328 542
1 7 2
759 249
1 11 2
352 367
1 12 2
727 594
1 15 2
417 49
1 11 2
764 308
1 5 2
147 654
1 7 2
105 308
1 11 2
609 534
1 2 2
503 345
1 12 2
188 95
1 8 2
60 65
1 13 2
634 80
1 7 2
315 661
1 9 2
605 388
1 5 2
658 305
1 7 2
514 114
1 3 2
669 220
1 13 2
196 25
1 15 2
45 454
1 5 2
131 445
1 7 2
329 489
1 7 2
544 428
1 3 2
258 763
1 4 2
550 695
1 3 2
525 565
1 15 2
198 779
1 12 2
216 264
1 5 2
171 708
1 12 2
793 334
1 11 2
512 448
1 13 2
250 198
1 2 2
228 475
1 4 2
329 762
1 7 2
703 743
1 8 2
206 407
1 14 2
721 649
1 15 2
142 708
1 4 2
481 217
1 4 2
366 786
1 10 2
447 342
1 7 2
474 688
1 9 2
712 76
1 12 2
388 1
1 14 2
221 36
1 14 2
378 717
1 11 2
649 364
1 14 2
229 405
1 10 2
708 410
1 9 2
596 195
1 2 2
540 567
1 10 2
258 35
1 7 2
288 488
1 10 2
486 12
1 4 2
535 660
1 8 2
643 268
1 4 2
545 32
1 7 2
562 136
1 10 2
643 298
1 5 2
737 54
1 10 2
291 59
1 11 2
741 345
1 4 2
359 13
1 14 2
790 28
1 8 2
298 791
1 15 2
578 784
1 5 2
238 631
1 9 2
215 88
1 4 2
442 218
1 4 2
511 514
1 11 2
40 365
1 6 2
664 400
1 2 2
152 305
1 12 2
108 724
1 4 2
788 294
1 13 2
248 244
1 15 2
312 797
1 12 2
573 492
1 4 2
708 610
1 13 2
355 256
1 3 2
769 76
1 5 2
706 704
1 12 2
718 544
1 12 2
661 125
1 3 2
653 263
1 9 2
725 602
1 13 2
505 717
1 11 2
464 764
1 4 2
515 415
1 6 2
225 280
1 5 2
458 474
1 5 2
570 786
1 13 2
633 793
1 5 2
395 697
1 4 2
320 722
1 5 2
341 553
1 12 2
294 347
1 3 2
580 797
1 4 2
217 192
1 7 2
315 432
1 11 2
410 255
1 12 2
430 635
1 3 2
188 493
1 11 2
9 689
1 10 2
291 727
1 12 2
231 79
1 9 2
458 489
1 3 2
235 224
1 6 2
328 444
1 7 2
57 120
1 9 2
256 720
1 12 2
288 330
1 6 2
654 54
1 13 2
786 332
1 12 2
555 487
1 9 2
178 715
1 4 2
737 280
1 14 2
134 311
1 14 2
79 346
1 2 2
168 82
1 8 2
356 394
1 11 2
80 280
1 3 2
579 624
1 12 2
779 580
1 11 2
625 569
1 3 2
133 59
1 7 2
520 276
1 4 2
471 244
1 6 2
353 79
1 11 2
29 188
1 10 2
209 239
1 13 2
645 726
1 9 2
420 742
1 10 2
490 149
1 3 2
209 526
1 8 2
545 424
1 4 2
240 65
1 3 2
693 116
1 15 2
200 327
1 15 2
217 54
1 5 2
377 536
1 10 2
307 1
1 6 2
741 773
1 10 2
644 520
1 2 2
466 156
1 14 2
183 537
1 7 2
478 588
1 13 2
333 154
1 5 2
431 246
1 3 2
723 142
1 7 2
314 781
1 4 2
301 799
1 13 2
410 147
1 7 2
55 568
1 3 2
707 696
1 2 2
768 214
1 11 2
539 9
1 8 2
602 81
1 6 2
12 330
1 5 2
35 230
1 12 2
330 713
1 7 2
759 650
1 8 2
340 518
1 6 2
62 428
1 11 2
338 713
1 10 2
547 765
1 3 2
429 701
1 8 2
517 20
1 14 2
5 118
1 13 2
356 181
1 8 2
740 148
1 7 2
225 329
1 8 2
691 760
1 5 2
713 246
1 7 2
507 326
1 7 2
505 32
1 9 2
643 194
1 13 2
676 374
1 4 2
729 118
1 18 2
613 737
1 30 2
492 329
1 16 2
435 674
1 22 2
637 127
1 26 2
595 318
1 4 2
720 182
1 30 2
19 392
1 20 2
536 513
1 26 2
625 400
1 24 2
87 582
1 6 2
296 72
1 26 2
47 342
1 20 2
230 443
1 28 2
124 339
1 6 2
384 549
1 14 2
21 711
1 22 2
757 359
1 6 2
751 229
1 20 2
554 415
1 24 2
187 796
