800 4787 2400
20 6 25 15 16 8 23 6 22 22 11 16 6 21 15 14 16 11 5 25 21 23 16 13 16 21 16 12 23 12 25 25 16 22 9 12 16 9 20 12 25 10 12 21 7 5 21 22 17 13 5 22 13 25 23 19 15 15 17 18 25 9 11 14 10 6 8 14 14 6 15 20 12 21 17 5 10 23 10 7 14 16 16 10 15 5 19 16 17 12 5 19 13 6 20 21 6 8 6 20 9 13 22 6 5 23 7 7 10 22 6 8 5 24 13 11 14 19 22 24 21 15 14 25 12 24 15 18 5 23 14 16 22 16 21 12 6 20 10 6 14 20 12 5 6 18 13 16 17 24 5 25 16 21 23 20 9 25 8 21 5 12 9 13 7 24 15 15 23 5 5 5 9 10 6 13 21 11 21 5 23 21 24 17 9 16 6 24 19 6 24 18 13 23 13 25 22 5 17 18 15 22 18 20 9 18 18 9 5 17 7 6 14 14 13 11 5 22 16 20 17 25 24 24 25 25 22 25 5 25 21 10 15 17 21 6 21 25 7 8 25 5 14 9 8 11 19 22 12 5 21 9 8 19 17 9 18 19 10 16 17 23 23 5 25 15 19 12 24 6 23 9 12 24 13 22 15 15 7 25 14 14 21 11 8 17 12 21 19 12 18 11 15 20 21 25 5 16 25 13 12 15 13 24 23 9 12 11 18 8 15 13 22 8 15 12 22 13 24 18 16 12 8 23 9 17 17 16 10 12 9 10 7 16 19 17 21 21 21 8 7 17 24 16 7 7 10 8 14 15 11 13 16 15 10 9 17 18 14 24 17 7 20 25 20 24 24 15 9 11 20 7 21 18 7 14 13 5 16 15 6 15 23 17 22 16 24 14 8 13 7 13 8 25 12 10 6 15 12 11 13 5 14 17 20 16 10 10 9 16 11 15 7 11 25 14 14 9 8 10 9 23 19 14 8 12 12 18 7 19 16 18 19 13 21 15 23 8 25 9 10 13 17 22 22 10 5 8 9 6 14 6 10 12 12 19 14 21 17 23 12 13 5 9 10 16 23 10 22 14 9 6 23 21 18 15 25 5 14 18 6 23 14 22 15 25 6 24 5 25 16 7 19 11 16 16 15 16 7 11 25 17 19 13 16 22 10 22 6 20 25 5 24 8 15 20 9 13 22 16 25 24 15 6 21 15 12 25 25 21 25 18 14 20 9 17 23 25 17 17 15 17 8 7 18 7 15 15 24 25 22 12 9 21 5 14 8 20 13 12 23 23 7 11 7 17 20 12 7 16 13 11 10 13 15 19 13 24 23 11 15 6 14 18 24 14 20 13 10 8 13 24 6 20 23 7 19 8 21 8 12 8 23 24 24 5 23 11 6 25 18 10 9 21 12 18 22 11 19 7 7 7 19 13 7 24 16 9 21 15 16 15 8 22 7 14 14 5 18 13 11 10 16 10 21 7 23 16 17 21 24 13 6 25 22 10 5 5 12 17 9 24 6 13 20 10 8 19 20 10 13 13 16 6 15 25 25 15 19 9 17 22 5 20 15 8 21 16 21 8 22 14 25 6 16 13 21 12 16 9 5 17 6 6 16 9 14 10 24 22 10 21 20 12 6 24 9 24 24 21 13 12 7 21 17 11 10 9 13 19 10 23 25 24 10 13 11 12 13 8 21 14 15 21 6 15 17 8 9 16 18 8 8 19 17 16 20 6 8 23 18 8 14 18 25 12 20 14 13 16 9 15 24 6 25 25 7 12 21 6 22 18 23 10 23 23 11 21 18 9 17 20 6 11 25 18 12 17 22 17
3 13 4 6 12 9 20 19 9 6 15 3 16 11 20 6 12 9 14 11 12 11 11 13 7 6 15 18 19 4 17 7 11 11 19 17 17 20 8 3 17 4 9 14 7 17 15 3 14 4 18 18 16 20 10 11 9 4 13 14 14 19 14 17 12 11 12 9 9 19 16 10 9 13 7 11 3 8 11 19 9 19 6 8 6 10 4 9 10 6 17 3 12 9 16 3 15 6 19 8 10 7 9 8 14 15 17 17 9 9 13 5 6 13 9 16 6 14 16 9 14 14 7 4 5 10 15 4 4 6 11 17 20 13 7 8 15 19 12 13 15 14 18 13 19 4 16 9 8 12 3 17 14 12 4 5 9 20 18 12 14 11 3 8 16 10 8 20 4 17 6 3 19 17 3 3 8 11 19 12 18 8 19 19 9 8 15 7 5 6 18 11 17 7 9 4 8 18 7 20 18 6 4 13 16 14 13 14 5 17 5 6 3 3 8 16 20 18 3 15 11 4 7 15 9 3 16 9 8 14 14 17 14 18 6 11 14 11 7 19 12 14 17 10 17 8 3 12 11 5 14 20 8 10 20 17 17 16 12 15 11 8 11 13 6 11 17 11 18 11 5 5 13 17 8 19 5 15 20 18 7 7 19 17 12 13 19 13 11 16 19 20 19 16 6 6 18 3 11 12 16 6 16 14 6 11 4 12 14 8 14 8 10 9 9 3 4 7 4 11 13 13 4 12 15 20 18 12 13 3 13 8 3 10 18 10 16 18 17 7 6 3 4 17 8 5 10 5 13 4 13 19 13 12 9 3 9 15 6 16 19 6 7 20 3 20 3 13 11 18 8 3 16 19 7 9 8 8 9 18 17 5 20 6 13 14 8 14 17 6 16 10 4 18 19 3 11 15 11 20 6 12 10 19 19 17 11 5 16 7 5 12 15 3 7 19 13 16 13 20 18 19 13 15 20 19 20 15 4 8 9 20 8 17 20 17 5 17 7 17 13 3 10 8 13 17 5 4 17 15 14 12 8 6 19 12 4 16 14 20 9 9 5 12 7 17 16 10 9 5 7 19 13 16 15 6 10 5 18 11 3 4 5 4 16 4 11 6 18 15 20 6 9 19 9 10 19 8 18 10 10 15 15 8 18 18 13 6 14 13 10 18 18 6 17 11 10 12 8 6 16 17 17 18 20 7 3 15 9 15 13 16 17 14 19 9 7 7 12 12 6 3 7 12 11 15 11 7 5 19 18 13 16 17 11 11 17 8 10 14 4 20 4 4 17 13 9 16 3 6 7 9 17 20 17 9 10 5 14 11 11 12 19 12 10 8 15 12 12 19 5 15 3 11 6 10 11 4 11 17 5 19 6 11 19 19 6 3 16 11 11 17 6 16 9 5 11 5 16 19 12 8 18 5 16 8 10 8 3 7 13 13 17 11 7 5 20 9 17 18 10 7 10 6 17 19 3 19 13 14 8 11 12 11 7 14 9 8 14 18 8 6 4 5 15 4 9 19 18 12 11 7 3 7 9 12 6 9 14 17 9 7 17 13 11 4 11 6 14 20 3 20 4 13 6 4 7 4 14 17 3 4 15 13 9 9 19 11 17 8 20 19 13 3 16 6 5 6 8 10 17 18 7 13 16 12 16 16 4 5 4 18 10 14 11 3 4 6 7 14 16 12 16 5 15 14 16 4 12 7 6 12 11 19 9 10 10 7 11 11 5 17 12 7 8 12 3 7 19 12 7 8 3 11 4 6 7 5 7 12 17 20 13 17 10 13 19 16 18 3 7 6 17 4 16 19 16 5 12 3
1 14 2
639 85
1 15 2
630 443
1 6 2
773 231
1 11 2
3 683
1 12 2
215 602
1 5 2
387 330
1 13 2
277 366
1 9 2
156 677
1 7 2
99 105
1 12 2
57 701
1 15 2
599 119
1 3 2
554 470
1 7 2
220 126
1 10 2
501 706
1 13 2
476 712
1 10 2
522 66
1 12 2
387 292
1 5 2
754 476
1 13 2
304 767
1 9 2
287 701
1 6 2
422 366
1 12 2
281 715
1 9 2
180 685
1 12 2
600 67
1 3 2
235 57
1 6 2
515 223
1 9 2
462 368
1 7 2
394 489
1 9 2
346 182
1 8 2
308 221
1 6 2
277 615
1 13 2
173 512
1 7 2
499 75
1 9 2
789 383
1 5 2
37 149
1 6 2
171 234
1 4 2
393 697
1 4 2
725 482
1 11 2
61 423
1 9 2
7 435
1 7 2
260 228
1 2 2
626 250
1 6 2
393 639
1 8 2
540 356
1 12 2
715 88
1 10 2
111 273
1 2 2
162 735
1 7 2
191 234
1 13 2
468 610
1 7 2
6 78
1 12 2
327 108
1 9 2
633 318
1 11 2
780 36
1 4 2
360 780
1 6 2
181 520
1 7 2
506 592
1 7 2
781 56
1 5 2
657 354
1 6 2
609 742
1 3 2
105 109
1 11 2
415 85
1 7 2
250 46
1 2 2
201 71
1 8 2
387 411
1 7 2
207 320
1 3 2
381 284
1 3 2
285 571
1 15 2
599 675
1 5 2
180 450
1 14 2
300 784
1 2 2
86 214
1 12 2
59 763
1 11 2
132 400
1 13 2
315 323
1 12 2
342 36
1 4 2
11 738
1 7 2
183 356
1 13 2
654 365
1 12 2
536 75
1 4 2
335 180
1 13 2
387 6
1 11 2
773 505
1 10 2
35 102
1 4 2
95 679
1 2 2
693 138
1 2 2
27 228
1 11 2
465 432
1 12 2
329 356
1 12 2
58 736
1 9 2
328 492
1 3 2
281 166
1 7 2
332 537
1 10 2
595 123
1 6 2
103 141
1 8 2
587 757
1 7 2
542 746
1 2 2
614 170
1 10 2
63 295
1 2 2
747 14
1 15 2
295 538
1 5 2
632 461
1 7 2
521 155
1 12 2
717 391
1 10 2
386 481
1 2 2
295 214
1 15 2
568 41
1 9 2
702 623
1 12 2
545 355
1 12 2
397 146
1 11 2
247 112
1 14 2
32 429
1 7 2
367 480
1 8 2
418 89
1 10 2
211 779
1 10 2
89 265
1 6 2
21 789
1 13 2
619 299
1 9 2
438 318
1 3 2
113 735
1 12 2
424 501
1 12 2
555 488
1 5 2
584 723
1 14 2
641 533
1 7 2
323 735
1 7 2
342 772
1 3 2
104 165
1 13 2
577 748
1 9 2
204 794
1 2 2
307 217
1 3 2
464 337
1 2 2
330 271
1 12 2
493 306
1 14 2
761 436
1 12 2
163 328
1 7 2
19 21
1 15 2
216 223
1 13 2
522 723
1 5 2
147 180
1 7 2
131 130
1 5 2
134 590
1 8 2
133 81
1 15 2
774 785
1 12 2
508 178
1 4 2
363 34
1 2 2
755 518
1 6 2
686 33
1 4 2
557 506
1 12 2
337 185
1 15 2
768 769
1 14 2
30 720
1 10 2
243 52
1 3 2
288 436
1 6 2
635 307
1 2 2
74 774
1 8 2
570 450
1 7 2
583 590
1 7 2
284 613
1 7 2
214 696
1 5 2
729 37
1 13 2
688 344
1 15 2
752 480
1 7 2
140 309
1 4 2
689 359
1 8 2
337 650
1 3 2
684 266
1 15 2
307 220
1 10 2
81 33
1 3 2
209 638
1 6 2
401 358
1 11 2
69 12
1 6 2
696 235
1 15 2
360 614
1 3 2
190 31
1 4 2
162 336
1 6 2
272 376
1 11 2
346 114
1 15 2
358 734
1 9 2
29 95
1 15 2
598 477
1 12 2
399 762
1 9 2
376 580
1 9 2
624 471
1 5 2
294 440
1 2 2
726 340
1 10 2
250 63
1 8 2
312 193
1 6 2
762 330
1 12 2
104 761
1 3 2
715 348
1 9 2
646 505
1 11 2
490 712
1 13 2
204 583
1 3 2
475 799
1 10 2
502 706
1 9 2
613 317
1 12 2
612 726
1 5 2
662 212
1 14 2
752 206
1 9 2
549 51
1 4 2
536 387
1 5 2
519 369
1 10 2
67 649
1 14 2
85 363
1 14 2
96 764
1 7 2
710 689
1 7 2
528 558
1 3 2
754 382
1 5 2
467 637
1 8 2
604 375
1 15 2
562 194
1 2 2
589 103
1 9 2
591 184
1 9 2
537 75
1 5 2
415 169
1 12 2
25 183
1 14 2
387 334
1 5 2
430 373
1 11 2
80 212
1 6 2
207 305
1 14 2
149 530
1 12 2
269 505
1 6 2
221 562
1 15 2
616 25
1 12 2
281 774
1 14 2
138 17
1 3 2
454 547
1 3 2
744 389
1 5 2
741 705
1 15 2
625 685
1 11 2
378 397
1 2 2
782 193
1 10 2
64 485
1 10 2
568 44
1 15 2
537 731
1 10 2
255 697
1 9 2
45 751
1 11 2
776 671
1 10 2
175 53
1 14 2
368 253
1 7 2
611 37
1 4 2
485 689
1 7 2
231 361
1 9 2
167 281
1 4 2
396 380
1 4 2
561 384
1 13 2
773 612
1 13 2
599 118
1 8 2
472 34
1 15 2
22 680
1 11 2
654 109
1 12 2
391 69
1 9 2
214 431
1 3 2
497 280
1 10 2
603 10
1 8 2
514 746
1 8 2
265 67
1 5 2
119 153
1 11 2
122 247
1 7 2
488 208
1 4 2
479 579
1 8 2
200 50
1 13 2
227 237
1 8 2
341 552
1 15 2
293 34
1 13 2
328 320
1 9 2
351 779
1 12 2
502 278
1 6 2
742 550
1 14 2
765 339
1 9 2
486 310
1 4 2
555 729
1 5 2
614 723
1 6 2
284 120
1 5 2
492 205
1 4 2
486 672
1 10 2
677 333
1 9 2
704 493
1 2 2
326 227
1 12 2
93 161
1 5 2
286 388
1 13 2
3 398
1 8 2
378 415
1 10 2
740 659
1 13 2
54 541
1 2 2
792 457
1 4 2
427 506
1 10 2
425 709
1 15 2
88 313
1 15 2
298 680
1 8 2
549 497
1 5 2
228 450
1 3 2
333 443
1 10 2
338 669
1 6 2
77 765
1 6 2
61 107
1 11 2
266 346
1 2 2
211 85
1 3 2
114 480
1 12 2
206 633
1 2 2
433 287
1 3 2
345 224
1 15 2
685 153
1 10 2
213 644
1 8 2
469 653
1 6 2
737 408
1 2 2
584 378
1 7 2
167 759
1 14 2
736 11
1 8 2
733 428
1 12 2
286 494
1 13 2
569 499
1 13 2
565 333
1 10 2
287 590
1 7 2
166 437
1 11 2
538 386
1 6 2
335 111
1 13 2
33 519
1 11 2
102 427
1 7 2
379 682
1 8 2
692 330
1 6 2
507 505
1 4 2
444 52
1 13 2
340 500
1 13 2
638 257
1 10 2
454 445
1 12 2
635 300
1 11 2
148 259
1 2 2
334 105
1 6 2
155 628
1 9 2
636 779
1 11 2
683 547
1 5 2
35 448
1 3 2
37 406
1 11 2
587 310
1 12 2
109 38
1 12 2
652 383
1 14 2
752 260
1 7 2
36 761
1 9 2
646 348
1 9 2
223 444
1 3 2
66 243
1 5 2
148 211
1 11 2
284 735
1 12 2
663 515
1 8 2
292 649
1 9 2
558 463
1 2 2
116 156
1 5 2
711 796
1 14 2
796 761
1 11 2
176 375
1 3 2
331 408
1 3 2
211 302
1 10 2
453 668
1 6 2
99 728
1 3 2
401 302
1 12 2
446 49
1 9 2
634 469
1 4 2
483 436
1 5 2
102 738
1 11 2
123 797
1 4 2
490 706
1 12 2
57 261
1 9 2
211 513
1 5 2
373 85
1 9 2
457 347
1 2 2
19 772
1 7 2
138 339
1 12 2
627 115
1 15 2
788 24
1 13 2
81 62
1 7 2
84 670
1 7 2
513 796
1 5 2
687 383
1 10 2
353 592
1 13 2
576 361
1 2 2
698 212
1 2 2
454 788
1 4 2
699 26
1 5 2
571 270
1 3 2
140 250
1 9 2
747 555
1 5 2
178 107
1 15 2
526 30
1 4 2
526 9
1 15 2
560 649
1 4 2
390 361
1 11 2
688 721
1 2 2
252 228
1 5 2
750 203
1 12 2
731 692
1 12 2
34 749
1 2 2
208 74
1 5 2
662 266
1 11 2
139 408
1 8 2
285 689
1 3 2
239 60
1 11 2
783 450
1 7 2
52 116
1 3 2
515 339
1 6 2
797 651
1 8 2
12 163
1 6 2
699 670
1 2 2
90 159
1 14 2
341 239
1 3 2
198 497
1 6 2
518 422
1 12 2
603 782
1 4 2
720 586
1 6 2
572 211
1 7 2
111 142
1 3 2
326 188
1 7 2
681 579
1 15 2
545 672
1 8 2
176 638
1 12 2
321 337
1 12 2
276 266
1 12 2
582 143
1 4 2
336 778
1 14 2
387 273
1 13 2
792 120
1 10 2
76 237
1 13 2
365 273
1 9 2
174 492
1 4 2
513 317
1 10 2
142 568
1 5 2
575 643
1 7 2
64 598
1 5 2
498 733
1 15 2
630 552
1 6 2
489 234
1 9 2
651 7
1 6 2
663 300
1 12 2
722 391
1 10 2
736 312
1 11 2
247 627
1 15 2
410 110
1 14 2
111 465
1 7 2
799 322
1 10 2
36 7
1 14 2
706 174
1 3 2
544 459
1 11 2
189 374
1 3 2
90 549
1 11 2
702 595
1 13 2
221 488
1 15 2
680 535
1 9 2
84 482
1 2 2
645 169
1 3 2
610 535
1 9 2
361 138
1 3 2
418 554
1 4 2
751 515
1 6 2
478 52
1 10 2
550 796
1 7 2
711 44
1 9 2
205 124
1 7 2
797 561
1 7 2
335 378
1 5 2
110 59
1 11 2
261 323
1 8 2
516 256
1 2 2
503 603
1 10 2
616 156
1 10 2
718 508
1 3 2
70 621
1 15 2
678 399
1 14 2
293 553
1 5 2
739 280
1 11 2
739 14
1 6 2
138 95
1 3 2
290 703
1 8 2
541 248
1 4 2
337 225
1 2 2
182 48
1 7 2
414 98
1 8 2
757 551
1 8 2
394 246
1 8 2
279 799
1 3 2
167 661
1 3 2
157 633
1 5 2
481 373
1 4 2
657 94
1 14 2
402 527
1 5 2
227 548
1 12 2
648 113
1 6 2
52 525
1 11 2
117 604
1 6 2
746 232
1 12 2
508 548
1 5 2
382 752
1 9 2
451 496
1 6 2
393 104
1 3 2
762 617
1 13 2
283 115
1 5 2
734 792
1 7 2
219 197
1 8 2
773 630
1 4 2
0 563
1 3 2
245 515
1 14 2
157 669
1 5 2
201 650
1 11 2
119 499
1 4 2
332 62
1 4 2
94 73
1 13 2
225 474
1 9 2
427 444
1 14 2
257 793
1 10 2
745 781
1 10 2
83 713
1 6 2
682 289
1 13 2
583 479
1 13 2
751 734
1 2 2
389 21
1 15 2
773 605
1 8 2
686 44
1 12 2
607 559
1 6 2
289 69
1 3 2
67 644
1 8 2
706 329
1 4 2
585 448
1 14 2
333 348
1 3 2
455 659
1 6 2
625 400
1 3 2
25 316
1 2 2
371 683
1 5 2
546 462
1 10 2
405 606
1 4 2
192 206
1 12 2
656 89
1 10 2
24 628
1 14 2
562 320
1 15 2
457 576
1 11 2
133 66
1 13 2
166 350
1 4 2
749 389
1 3 2
251 152
1 13 2
695 160
1 9 2
616 415
1 10 2
419 573
1 15 2
178 483
1 15 2
720 622
1 2 2
663 402
1 7 2
448 479
1 3 2
191 304
1 9 2
15 215
1 14 2
594 750
1 2 2
550 658
1 2 2
432 621
1 13 2
785 259
1 6 2
281 317
1 5 2
509 630
1 2 2
578 135
1 8 2
48 219
1 12 2
472 414
1 11 2
608 659
1 14 2
96 649
1 12 2
301 644
1 6 2
447 277
1 10 2
731 671
1 3 2
22 665
1 12 2
527 704
1 2 2
703 173
1 8 2
117 218
1 5 2
255 718
1 4 2
585 361
1 2 2
566 728
1 5 2
309 122
1 4 2
291 713
1 14 2
148 669
1 13 2
192 221
1 13 2
336 182
1 4 2
506 329
1 15 2
765 475
1 7 2
612 239
1 8 2
456 82
1 9 2
74 155
1 15 2
763 626
1 3 2
102 440
1 12 2
624 787
1 13 2
27 677
1 8 2
656 639
1 13 2
625 131
1 9 2
699 497
1 13 2
409 118
1 6 2
759 791
1 12 2
584 46
1 9 2
676 474
1 6 2
194 26
1 12 2
598 662
1 9 2
127 392
1 13 2
322 431
1 8 2
616 52
1 3 2
362 209
1 7 2
128 644
1 6 2
497 430
1 15 2
262 508
1 2 2
400 446
1 5 2
18 798
1 12 2
77 550
1 4 2
756 612
1 7 2
759 417
1 10 2
554 772
1 15 2
789 171
1 11 2
57 268
1 10 2
782 590
1 2 2
202 148
1 6 2
317 629
1 5 2
772 223
1 15 2
18 58
1 15 2
151 173
1 4 2
490 268
1 6 2
630 393
1 2 2
75 194
1 4 2
411 309
1 12 2
626 629
1 12 2
212 669
1 5 2
648 396
1 11 2
37 706
1 5 2
375 211
1 14 2
344 232
1 12 2
15 458
1 10 2
596 565
1 13 2
452 769
1 14 2
418 542
1 3 2
543 467
1 3 2
82 374
1 11 2
499 646
1 9 2
602 665
1 12 2
367 152
1 7 2
575 758
1 13 2
494 35
1 10 2
632 264
1 5 2
348 258
1 11 2
73 202
1 4 2
710 796
1 3 2
248 74
1 13 2
477 197
1 13 2
132 63
1 6 2
67 239
1 13 2
646 146
1 8 2
114 264
1 4 2
575 540
1 9 2
704 738
1 7 2
190 477
1 6 2
513 729
1 4 2
203 342
1 10 2
311 743
1 6 2
82 496
1 7 2
121 199
1 7 2
309 464
1 8 2
459 193
1 3 2
214 487
1 15 2
772 755
1 4 2
787 254
1 7 2
409 597
1 15 2
58 519
1 9 2
232 16
1 5 2
472 234
1 11 2
506 378
1 13 2
528 34
1 6 2
44 760
1 10 2
795 672
1 15 2
724 133
1 15 2
544 493
1 6 2
523 436
1 5 2
447 138
1 3 2
490 423
1 8 2
523 345
1 5 2
505 646
1 11 2
22 197
1 14 2
168 25
1 13 2
673 156
1 8 2
348 3
1 9 2
572 642
1 12 2
726 711
1 3 2
328 106
1 12 2
177 61
1 4 2
172 538
1 12 2
109 790
1 13 2
6 488
1 10 2
725 497
1 7 2
594 525
1 8 2
394 418
1 7 2
693 608
1 11 2
701 383
1 6 2
732 305
1 14 2
541 488
1 4 2
210 453
1 11 2
606 92
1 8 2
203 143
1 12 2
685 768
1 5 2
536 202
1 14 2
167 478
1 5 2
631 182
1 6 2
623 648
1 4 2
546 505
1 4 2
739 338
1 7 2
546 559
1 4 2
591 404
1 10 2
245 380
1 4 2
687 761
1 15 2
628 528
1 5 2
17 571
1 7 2
340 496
1 6 2
247 791
1 8 2
380 640
1 6 2
251 658
1 7 2
283 643
1 5 2
144 190
1 9 2
327 284
1 12 2
608 513
1 15 2
198 406
1 2 2
289 634
1 7 2
708 379
1 7 2
777 633
1 8 2
331 708
1 12 2
412 428
1 13 2
675 29
1 13 2
312 143
1 14 2
113 237
1 14 2
495 383
1 15 2
313 704
1 15 2
365 704
1 11 2
517 286
1 15 2
9 529
1 14 2
714 384
1 11 2
26 66
1 6 2
595 37
1 2 2
573 774
1 10 2
431 763
1 4 2
743 331
1 9 2
424 691
1 5 2
712 519
1 3 2
188 530
1 4 2
502 671
1 7 2
337 151
1 8 2
716 482
1 12 2
683 97
1 13 2
638 330
1 12 2
351 105
1 9 2
171 193
1 2 2
48 304
1 14 2
710 788
1 13 2
148 278
1 9 2
492 542
1 4 2
401 308
1 2 2
578 16
1 3 2
39 724
1 4 2
221 319
1 3 2
303 676
1 5 2
386 24
1 7 2
484 469
1 2 2
503 635
1 15 2
21 578
1 6 2
319 754
1 4 2
568 134
1 11 2
242 32
1 6 2
144 360
1 8 2
346 792
1 3 2
379 610
1 6 2
553 603
1 11 2
171 238
1 2 2
294 436
1 11 2
332 69
1 9 2
714 315
1 8 2
208 118
1 12 2
308 331
1 4 2
138 341
1 12 2
537 35
1 11 2
573 360
1 6 2
699 726
1 13 2
693 717
1 6 2
632 240
1 7 2
84 646
1 7 2
159 511
1 12 2
204 688
1 10 2
664 376
1 3 2
709 771
1 7 2
26 306
1 5 2
251 239
1 8 2
437 526
1 15 2
86 660
1 7 2
622 377
1 12 2
768 384
1 14 2
170 458
1 15 2
107 256
1 7 2
675 496
1 6 2
518 600
1 5 2
172 580
1 7 2
379 87
1 9 2
413 386
1 3 2
618 186
1 10 2
510 438
1 2 2
363 26
1 8 2
391 758
1 9 2
399 579
1 5 2
416 160
1 12 2
55 318
1 5 2
169 120
1 8 2
280 293
1 7 2
714 312
1 7 2
497 491
1 8 2
347 175
1 2 2
384 656
1 15 2
758 511
1 7 2
430 99
1 10 2
661 251
1 10 2
727 449
1 8 2
794 227
1 9 2
6 683
1 15 2
560 19
1 15 2
137 199
1 9 2
379 671
1 4 2
56 331
1 3 2
338 332
1 6 2
24 240
1 5 2
795 482
1 13 2
365 680
1 2 2
430 303
1 13 2
336 553
1 12 2
756 131
1 2 2
111 439
1 14 2
691 631
1 6 2
324 162
1 15 2
483 300
1 13 2
580 773
1 10 2
137 83
1 5 2
588 212
1 7 2
43 233
1 9 2
503 24
1 3 2
787 349
1 15 2
380 486
1 2 2
108 144
1 8 2
280 569
1 11 2
734 624
1 8 2
490 284
1 14 2
597 531
1 11 2
781 172
1 3 2
393 165
1 3 2
240 145
1 12 2
609 414
1 3 2
717 757
1 3 2
746 198
1 12 2
266 342
1 4 2
775 344
1 2 2
584 523
1 13 2
234 97
1 13 2
495 403
1 5 2
433 252
1 6 2
434 423
1 4 2
772 645
1 2 2
170 179
1 4 2
16 229
1 13 2
257 607
1 5 2
195 89
1 6 2
120 169
1 3 2
540 415
1 9 2
553 587
1 9 2
175 61
1 11 2
22 281
1 10 2
185 303
1 10 2
97 603
1 13 2
337 786
1 6 2
726 515
1 2 2
69 424
1 5 2
670 392
1 7 2
42 321
1 14 2
691 407
1 14 2
400 585
1 13 2
541 110
1 11 2
327 48
1 10 2
196 733
1 7 2
737 616
1 14 2
513 147
1 3 2
285 57
1 11 2
788 635
1 12 2
400 144
1 14 2
425 465
1 8 2
80 506
1 6 2
144 376
1 2 2
301 376
1 3 2
585 8
1 9 2
659 654
1 9 2
584 35
1 5 2
105 543
1 6 2
198 147
1 6 2
68 203
1 6 2
83 259
1 3 2
651 165
1 6 2
796 510
1 12 2
535 723
1 12 2
230 640
1 7 2
711 516
1 9 2
479 495
1 8 2
388 95
1 15 2
181 370
1 13 2
236 571
1 6 2
433 369
1 7 2
201 690
1 15 2
147 209
1 8 2
127 559
1 13 2
213 756
1 14 2
197 777
1 10 2
394 716
1 9 2
670 348
1 11 2
423 679
1 10 2
174 360
1 6 2
646 791
1 5 2
18 184
1 4 2
363 12
1 9 2
93 777
1 12 2
618 233
1 2 2
461 103
1 15 2
256 385
1 6 2
134 258
1 5 2
379 339
1 14 2
707 140
1 13 2
700 548
1 7 2
455 793
1 6 2
553 64
1 9 2
96 177
1 12 2
776 501
1 5 2
11 454
1 3 2
93 756
1 6 2
145 552
1 6 2
206 5
1 9 2
547 621
1 8 2
284 742
1 10 2
225 115
1 11 2
674 275
1 12 2
709 765
1 10 2
473 595
1 8 2
277 587
1 14 2
704 1
1 6 2
280 620
1 12 2
774 568
1 9 2
149 652
1 13 2
541 655
1 10 2
395 762
1 5 2
569 29
1 6 2
247 500
1 8 2
405 675
1 12 2
324 234
1 12 2
509 792
1 8 2
451 100
1 8 2
637 559
1 15 2
212 218
1 15 2
744 313
1 3 2
427 571
1 9 2
31 50
1 2 2
422 783
1 2 2
761 585
1 4 2
512 125
1 6 2
697 343
1 5 2
706 423
1 2 2
460 347
1 15 2
574 608
1 2 2
251 112
1 14 2
473 432
1 14 2
223 476
1 11 2
746 275
1 14 2
138 559
1 14 2
661 474
1 3 2
645 588
1 8 2
334 624
1 12 2
411 311
1 6 2
576 579
1 2 2
791 666
1 2 2
10 557
1 6 2
416 149
1 12 2
172 413
1 8 2
341 16
1 12 2
675 169
1 8 2
587 265
1 14 2
167 116
1 13 2
358 267
1 14 2
40 281
1 3 2
720 417
1 15 2
478 447
1 8 2
623 253
1 8 2
771 770
1 8 2
376 346
1 2 2
763 227
1 14 2
747 180
1 3 2
461 514
1 13 2
717 630
1 11 2
618 721
1 6 2
40 138
1 12 2
83 24
1 8 2
713 327
1 8 2
708 507
1 6 2
203 318
1 2 2
319 501
1 8 2
210 464
1 6 2
606 26
1 3 2
250 458
1 13 2
237 246
1 12 2
707 335
1 7 2
82 247
1 2 2
774 659
1 12 2
467 629
1 4 2
734 160
1 7 2
201 445
1 5 2
563 259
1 9 2
87 796
1 14 2
207 740
1 11 2
286 756
1 12 2
509 416
1 5 2
500 734
1 15 2
207 543
1 2 2
84 135
1 10 2
569 293
1 11 2
494 433
1 9 2
257 732
1 9 2
51 651
1 9 2
390 751
1 7 2
36 796
1 2 2
244 410
1 12 2
182 732
1 4 2
550 597
1 14 2
619 268
1 8 2
246 645
1 10 2
429 1
1 13 2
721 517
1 11 2
37 260
1 5 2
263 647
1 7 2
197 615
1 11 2
395 702
1 8 2
28 448
1 11 2
154 403
1 10 2
209 662
1 14 2
296 724
1 10 2
369 793
1 9 2
147 162
1 2 2
789 364
1 15 2
726 200
1 6 2
184 673
1 11 2
118 688
1 14 2
444 621
1 11 2
696 616
1 5 2
368 582
1 10 2
602 636
1 3 2
693 420
1 6 2
337 234
1 15 2
551 648
1 6 2
205 497
1 8 2
117 409
1 8 2
595 610
1 15 2
687 478
1 2 2
743 787
1 7 2
307 229
1 2 2
10 378
1 5 2
783 263
1 4 2
701 487
1 6 2
386 701
1 13 2
156 707
1 4 2
514 664
1 12 2
415 578
1 5 2
547 305
1 9 2
665 400
1 2 2
594 521
1 3 2
27 755
1 8 2
724 491
1 6 2
486 319
1 14 2
310 218
1 10 2
53 633
1 10 2
84 198
1 14 2
224 722
1 7 2
635 346
1 12 2
785 118
1 13 2
544 347
1 4 2
787 602
1 7 2
738 536
1 11 2
544 9
1 14 2
696 141
1 9 2
193 353
1 7 2
286 357
1 2 2
76 368
1 15 2
248 389
1 15 2
609 25
1 13 2
141 60
1 8 2
68 793
1 8 2
200 416
1 5 2
539 28
1 4 2
287 700
1 2 2
70 246
1 2 2
261 580
1 8 2
783 629
1 15 2
49 151
1 11 2
638 119
1 7 2
396 256
1 14 2
626 335
1 7 2
680 512
1 7 2
592 97
1 11 2
408 660
1 5 2
262 668
1 2 2
345 601
1 12 2
642 735
1 9 2
298 115
1 2 2
572 571
1 15 2
706 510
1 14 2
586 709
1 12 2
10 490
1 6 2
736 793
1 13 2
102 583
1 15 2
48 22
1 2 2
17 78
1 9 2
175 463
1 8 2
231 318
1 5 2
340 714
1 4 2
631 51
1 8 2
157 640
1 7 2
380 323
1 8 2
73 717
1 9 2
348 636
1 14 2
333 545
1 10 2
700 720
1 11 2
446 50
1 11 2
92 282
1 9 2
210 194
1 4 2
539 319
1 15 2
527 538
1 9 2
205 138
1 4 2
203 325
1 3 2
321 118
1 3 2
679 622
1 9 2
97 99
1 9 2
403 345
1 10 2
35 608
1 4 2
619 265
1 10 2
124 163
1 7 2
707 238
1 11 2
631 591
1 9 2
234 29
1 8 2
637 640
1 14 2
306 126
1 10 2
531 542
1 7 2
707 647
1 2 2
681 345
1 7 2
526 11
1 11 2
627 146
1 12 2
756 426
1 4 2
100 51
1 7 2
586 193
1 13 2
27 460
1 4 2
686 712
1 13 2
294 523
1 4 2
725 254
1 12 2
293 628
1 6 2
389 111
1 10 2
224 385
1 12 2
105 121
1 8 2
5 549
1 2 2
740 347
1 10 2
126 519
1 13 2
77 43
1 10 2
762 584
1 5 2
708 137
1 13 2
515 671
1 3 2
478 239
1 13 2
395 250
1 2 2
442 14
1 7 2
132 649
1 13 2
430 143
1 4 2
151 658
1 4 2
355 306
1 14 2
397 689
1 2 2
529 622
1 2 2
170 449
1 15 2
131 124
1 13 2
576 425
1 10 2
340 156
1 6 2
700 479
1 4 2
418 656
1 10 2
770 117
1 11 2
570 535
1 13 2
592 553
1 13 2
180 716
1 6 2
389 514
1 5 2
324 676
1 8 2
300 788
1 15 2
71 96
1 15 2
198 787
1 10 2
645 126
1 8 2
92 289
1 4 2
777 372
1 3 2
373 529
1 13 2
194 243
1 5 2
53 501
1 14 2
128 276
1 6 2
716 542
1 6 2
257 737
1 3 2
735 799
1 12 2
61 216
1 5 2
712 302
1 6 2
430 383
1 9 2
24 226
1 5 2
278 730
1 6 2
738 376
1 2 2
670 639
1 15 2
376 282
1 2 2
239 383
1 11 2
539 93
1 8 2
196 349
1 7 2
509 578
1 15 2
646 422
1 6 2
72 658
1 5 2
237 214
1 13 2
675 64
1 10 2
677 671
1 3 2
566 553
1 9 2
714 267
1 2 2
649 337
1 15 2
541 160
1 7 2
124 123
1 6 2
204 578
1 12 2
582 742
1 13 2
601 641
1 8 2
322 137
1 15 2
454 639
1 15 2
665 280
1 14 2
526 674
1 4 2
254 362
1 10 2
630 126
1 15 2
503 722
1 9 2
44 77
1 14 2
88 687
1 13 2
616 688
1 6 2
703 533
1 14 2
457 234
1 14 2
689 433
1 14 2
598 242
1 6 2
320 531
1 8 2
704 449
1 2 2
789 214
1 13 2
764 405
1 13 2
165 695
1 15 2
637 543
1 13 2
427 60
1 5 2
525 429
1 2 2
510 297
1 4 2
461 247
1 4 2
37 341
1 4 2
598 488
1 11 2
297 302
1 4 2
107 496
1 12 2
696 574
1 13 2
307 593
1 2 2
330 51
1 14 2
712 158
1 6 2
460 103
1 9 2
390 110
1 2 2
195 228
1 13 2
151 559
1 11 2
204 269
1 11 2
645 415
1 7 2
380 301
1 12 2
561 226
1 11 2
414 469
1 2 2
129 724
1 5 2
531 585
1 8 2
364 105
1 10 2
456 546
1 14 2
121 83
1 3 2
356 669
1 10 2
449 495
1 6 2
350 385
1 9 2
491 598
1 5 2
550 334
1 10 2
560 685
1 8 2
230 786
1 7 2
469 496
1 11 2
723 227
1 3 2
181 112
1 12 2
451 705
1 2 2
93 750
1 5 2
652 189
1 14 2
233 272
1 15 2
69 583
1 3 2
255 289
1 5 2
154 537
1 6 2
279 162
1 4 2
140 347
1 11 2
225 195
1 12 2
381 274
1 6 2
743 708
1 13 2
528 240
1 10 2
445 714
1 6 2
415 373
1 3 2
600 51
1 11 2
147 196
1 7 2
211 137
1 5 2
546 182
1 15 2
169 717
1 9 2
295 711
1 7 2
514 186
1 10 2
728 431
1 4 2
656 592
1 3 2
798 583
1 8 2
414 502
1 15 2
638 712
1 2 2
181 429
1 7 2
536 573
1 10 2
181 709
1 5 2
188 720
1 4 2
588 713
1 5 2
356 390
1 8 2
318 258
1 4 2
683 86
1 9 2
169 559
1 8 2
579 221
1 7 2
244 540
1 12 2
395 281
1 6 2
407 781
1 4 2
678 478
1 3 2
515 735
1 11 2
667 551
1 11 2
381 780
1 3 2
316 453
1 14 2
207 103
1 14 2
337 329
1 9 2
622 334
1 12 2
237 757
1 15 2
147 405
1 11 2
196 385
1 10 2
253 132
1 5 2
251 781
1 14 2
795 338
1 3 2
29 389
1 9 2
687 24
1 9 2
480 266
1 11 2
87 520
1 13 2
417 263
1 9 2
405 701
1 13 2
462 479
1 13 2
509 521
1 10 2
709 64
1 8 2
12 612
1 14 2
296 341
1 3 2
532 345
1 8 2
39 760
1 3 2
291 771
1 11 2
430 224
1 11 2
374 255
1 14 2
755 195
1 10 2
261 560
1 2 2
52 665
1 12 2
322 495
1 6 2
89 780
1 8 2
370 434
1 12 2
313 122
1 13 2
204 395
1 2 2
655 39
1 5 2
119 776
1 15 2
220 786
1 2 2
213 87
1 7 2
719 350
1 11 2
308 155
1 10 2
588 221
1 12 2
669 407
1 3 2
621 593
1 9 2
774 567
1 8 2
210 388
1 14 2
166 361
1 6 2
377 491
1 2 2
602 249
1 8 2
460 661
1 12 2
407 80
1 3 2
546 45
1 9 2
512 267
1 10 2
259 25
1 7 2
59 171
1 8 2
199 247
1 6 2
508 787
1 4 2
210 481
1 6 2
674 35
1 11 2
589 270
1 13 2
668 528
1 14 2
102 297
1 13 2
268 172
1 14 2
680 278
1 5 2
641 639
1 11 2
154 559
1 11 2
429 501
1 6 2
204 535
1 6 2
35 727
1 8 2
448 409
1 13 2
731 33
1 2 2
770 359
1 8 2
270 377
1 6 2
396 303
1 2 2
524 274
1 13 2
168 523
1 7 2
121 95
1 4 2
709 450
1 8 2
259 574
1 2 2
14 794
1 15 2
632 305
1 12 2
201 89
1 15 2
48 634
1 4 2
37 755
1 13 2
698 406
1 15 2
240 763
1 10 2
714 240
1 12 2
400 467
1 12 2
663 790
1 9 2
242 247
1 12 2
748 124
1 10 2
36 360
1 13 2
299 742
1 12 2
411 632
1 13 2
682 771
1 11 2
267 73
1 7 2
213 496
1 3 2
268 543
1 3 2
471 407
1 12 2
699 677
1 12 2
283 318
1 10 2
735 396
1 11 2
572 296
1 4 2
300 400
1 11 2
4 307
1 12 2
612 578
1 15 2
488 48
1 2 2
647 646
1 14 2
584 559
1 13 2
349 49
1 11 2
67 283
1 2 2
404 786
1 8 2
196 232
1 5 2
317 183
1 6 2
781 436
1 2 2
331 628
1 15 2
497 75
1 7 2
170 411
1 9 2
445 120
1 4 2
414 652
1 9 2
413 367
1 10 2
49 175
1 2 2
690 417
1 8 2
697 83
1 10 2
600 369
1 9 2
58 227
1 12 2
664 11
1 6 2
569 584
1 2 2
323 787
1 3 2
533 450
1 15 2
655 618
1 10 2
244 151
1 12 2
198 101
1 15 2
229 127
1 13 2
625 354
1 8 2
153 262
1 15 2
752 336
1 3 2
539 75
1 7 2
221 757
1 4 2
436 265
1 6 2
746 312
1 14 2
38 680
1 14 2
524 441
1 2 2
277 421
1 3 2
137 638
1 12 2
568 615
1 6 2
227 726
1 7 2
672 374
1 5 2
783 428
1 6 2
243 392
1 15 2
307 525
1 8 2
220 306
1 2 2
156 523
1 9 2
21 735
1 3 2
742 458
1 4 2
717 639
1 4 2
553 116
1 3 2
523 118
1 2 2
357 358
1 9 2
251 143
1 9 2
213 705
1 3 2
192 54
1 6 2
690 474
1 7 2
745 442
1 10 2
604 221
1 9 2
547 226
1 4 2
621 156
1 7 2
182 53
1 7 2
269 764
1 10 2
19 460
1 15 2
22 428
1 2 2
773 179
1 2 2
777 14
1 13 2
797 604
1 9 2
628 243
1 4 2
360 36
1 12 2
215 493
1 10 2
619 647
1 9 2
385 389
1 7 2
130 626
1 11 2
83 249
1 7 2
403 650
1 9 2
566 618
1 4 2
320 595
1 7 2
265 655
1 5 2
67 147
1 5 2
769 168
1 6 2
789 733
1 4 2
592 428
1 2 2
520 176
1 9 2
554 190
1 12 2
649 721
1 8 2
462 15
1 13 2
2 626
1 8 2
592 463
1 8 2
523 120
1 13 2
361 278
1 10 2
692 465
1 3 2
521 340
1 10 2
362 184
1 7 2
484 663
1 15 2
651 324
1 11 2
234 335
1 6 2
179 440
1 13 2
137 55
1 2 2
232 345
1 11 2
368 438
1 14 2
531 619
1 9 2
109 69
1 2 2
552 787
1 6 2
55 434
1 15 2
788 234
1 3 2
91 432
1 5 2
469 465
1 15 2
681 765
1 8 2
558 663
1 8 2
627 232
1 10 2
6 208
1 9 2
544 100
1 3 2
273 711
1 7 2
566 670
1 9 2
196 380
1 8 2
421 794
1 4 2
694 751
1 13 2
487 423
1 10 2
396 605
1 14 2
667 99
1 10 2
21 463
1 6 2
432 379
1 15 2
37 670
1 2 2
272 500
1 5 2
498 660
1 4 2
374 733
1 11 2
484 468
1 13 2
793 502
1 5 2
197 245
1 14 2
487 63
1 9 2
398 564
1 14 2
384 570
1 5 2
605 662
1 10 2
149 596
1 8 2
136 764
1 12 2
553 598
1 2 2
613 133
1 9 2
746 731
1 2 2
664 147
1 13 2
556 211
1 7 2
75 326
1 3 2
434 525
1 14 2
744 776
1 15 2
300 387
1 3 2
157 738
1 13 2
729 121
1 14 2
489 77
1 3 2
591 80
1 4 2
191 736
1 11 2
122 632
1 2 2
623 744
1 13 2
356 670
1 9 2
593 84
1 13 2
550 707
1 6 2
163 480
1 9 2
158 256
1 14 2
495 153
1 14 2
31 492
1 13 2
506 595
1 3 2
18 510
1 13 2
51 382
1 10 2
429 654
1 8 2
351 678
1 14 2
409 495
1 14 2
735 46
1 2 2
109 778
1 2 2
107 402
1 12 2
449 214
1 10 2
730 138
1 13 2
365 565
1 10 2
582 393
1 4 2
430 680
1 9 2
388 670
1 15 2
131 663
1 7 2
224 530
1 8 2
456 350
1 11 2
702 45
1 15 2
30 762
1 15 2
413 551
1 15 2
40 724
1 6 2
713 552
1 8 2
659 126
1 4 2
567 784
1 10 2
329 799
1 6 2
118 471
1 8 2
539 13
1 4 2
784 428
1 5 2
411 780
1 13 2
365 213
1 3 2
279 362
1 10 2
129 202
1 13 2
339 242
1 9 2
475 576
1 4 2
8 758
1 4 2
289 123
1 10 2
376 51
1 15 2
314 683
1 7 2
227 786
1 13 2
455 6
1 13 2
702 168
1 12 2
571 173
1 13 2
702 48
1 4 2
770 608
1 3 2
226 751
1 10 2
72 352
1 15 2
409 241
1 15 2
588 380
1 3 2
502 565
1 4 2
705 385
1 2 2
476 766
1 5 2
638 525
1 9 2
387 457
1 14 2
156 579
1 4 2
130 609
1 14 2
634 255
1 2 2
157 388
1 8 2
412 335
1 10 2
259 493
1 3 2
60 460
1 6 2
333 202
1 13 2
483 707
1 2 2
164 553
1 6 2
357 312
1 11 2
597 250
1 13 2
312 47
1 12 2
180 680
1 6 2
82 504
1 8 2
362 354
1 7 2
252 724
1 15 2
334 6
1 8 2
594 759
1 14 2
718 703
1 13 2
5 404
1 8 2
614 164
1 5 2
391 695
1 8 2
266 438
1 11 2
343 270
1 5 2
724 77
1 10 2
631 481
1 7 2
705 776
1 2 2
440 630
1 14 2
470 112
1 15 2
58 239
1 2 2
670 762
1 14 2
505 668
1 10 2
300 586
1 5 2
472 192
1 15 2
199 773
1 11 2
186 220
1 10 2
535 557
1 12 2
1 667
1 11 2
79 790
1 15 2
391 377
1 15 2
0 230
1 6 2
291 161
1 13 2
763 691
1 10 2
658 153
1 6 2
165 317
1 11 2
63 155
1 9 2
504 8
1 14 2
797 796
1 8 2
630 468
1 14 2
755 607
1 9 2
87 531
1 8 2
313 415
1 14 2
789 325
1 6 2
413 86
1 9 2
242 301
1 11 2
386 566
1 11 2
560 159
1 5 2
231 192
1 7 2
463 526
1 10 2
605 774
1 12 2
24 11
1 2 2
764 314
1 3 2
314 419
1 8 2
313 718
1 15 2
281 283
1 9 2
697 720
1 12 2
700 526
1 14 2
165 637
1 14 2
511 370
1 11 2
219 361
1 2 2
356 561
1 15 2
683 204
1 6 2
440 640
1 5 2
732 15
1 6 2
770 406
1 9 2
216 308
1 3 2
718 298
1 15 2
162 765
1 10 2
268 97
1 7 2
322 226
1 2 2
679 454
1 13 2
373 5
1 11 2
31 709
1 9 2
20 89
1 5 2
605 617
1 12 2
372 358
1 15 2
332 520
1 8 2
201 628
1 12 2
666 6
1 12 2
181 209
1 7 2
139 656
1 10 2
718 506
1 10 2
787 142
1 3 2
682 240
1 7 2
206 124
1 6 2
717 246
1 4 2
326 336
1 4 2
782 361
1 11 2
129 31
1 3 2
483 33
1 13 2
175 565
1 7 2
681 193
1 13 2
1 373
1 13 2
704 38
1 2 2
308 196
1 2 2
349 599
1 13 2
567 196
1 10 2
502 20
1 11 2
374 568
1 14 2
589 341
1 14 2
495 111
1 12 2
441 72
1 9 2
246 172
1 6 2
12 170
1 15 2
470 599
1 3 2
77 206
1 2 2
141 681
1 11 2
390 96
1 12 2
461 336
1 5 2
278 195
1 6 2
604 731
1 10 2
20 673
1 2 2
55 443
1 8 2
742 351
1 4 2
122 614
1 14 2
438 215
1 10 2
397 320
1 3 2
791 407
1 10 2
1 330
1 13 2
133 36
1 4 2
363 385
1 13 2
523 532
1 14 2
492 40
1 6 2
756 326
1 14 2
191 793
1 3 2
102 698
1 7 2
644 746
1 10 2
730 113
1 4 2
760 484
1 3 2
52 179
1 14 2
406 429
1 9 2
436 470
1 3 2
459 210
1 3 2
247 603
1 3 2
778 445
1 7 2
477 504
1 7 2
693 629
1 4 2
243 120
1 14 2
158 595
1 5 2
698 789
1 4 2
34 190
1 11 2
631 312
1 11 2
526 772
1 4 2
196 572
1 11 2
602 421
1 13 2
633 797
1 14 2
306 431
1 12 2
659 335
1 12 2
536 43
1 7 2
211 632
1 8 2
427 453
1 4 2
160 272
1 13 2
222 392
1 4 2
497 121
1 12 2
713 496
1 4 2
625 46
1 15 2
222 521
1 13 2
165 294
1 4 2
767 220
1 10 2
146 290
1 10 2
218 638
1 12 2
674 601
1 14 2
688 796
1 15 2
245 303
1 4 2
319 72
1 12 2
282 728
1 3 2
350 182
1 4 2
689 699
1 11 2
466 716
1 3 2
128 391
1 7 2
448 429
1 4 2
168 552
1 14 2
648 234
1 9 2
654 634
1 13 2
329 558
1 13 2
268 571
1 12 2
663 777
1 4 2
321 529
1 6 2
713 432
1 10 2
699 573
1 15 2
57 15
1 11 2
221 641
1 6 2
165 496
1 3 2
790 208
1 6 2
643 542
1 13 2
772 652
1 9 2
615 237
1 6 2
149 58
1 10 2
130 762
1 14 2
504 496
1 15 2
385 122
1 8 2
50 656
1 6 2
782 446
1 7 2
537 202
1 2 2
109 215
1 11 2
145 547
1 11 2
330 638
1 10 2
43 47
1 10 2
28 84
1 8 2
90 709
1 6 2
762 236
1 14 2
783 347
1 8 2
565 80
1 6 2
742 278
1 6 2
736 775
1 14 2
536 551
1 7 2
589 201
1 5 2
632 394
1 10 2
291 705
1 12 2
322 143
1 4 2
176 662
1 13 2
664 573
1 6 2
533 118
1 14 2
361 172
1 2 2
59 106
1 9 2
778 359
1 11 2
702 648
1 8 2
116 779
1 2 2
554 790
1 3 2
275 30
1 12 2
488 399
1 8 2
27 109
1 3 2
257 757
1 11 2
212 58
1 8 2
146 150
1 5 2
518 273
1 5 2
426 187
1 14 2
202 219
1 12 2
759 294
1 12 2
789 235
1 8 2
734 129
1 15 2
315 293
1 7 2
467 205
1 15 2
768 345
1 4 2
598 283
1 11 2
425 696
1 14 2
699 146
1 11 2
507 317
1 12 2
344 602
1 6 2
249 462
1 3 2
350 87
1 2 2
215 315
1 12 2
289 582
1 14 2
230 23
1 12 2
78 708
1 10 2
534 312
1 5 2
579 389
1 7 2
609 78
1 4 2
344 312
1 4 2
326 259
1 15 2
247 714
1 11 2
350 225
1 2 2
125 158
1 6 2
544 93
1 4 2
564 402
1 8 2
672 292
1 12 2
257 695
1 14 2
254 367
1 15 2
174 649
1 5 2
655 582
1 13 2
584 161
1 13 2
680 227
1 6 2
27 587
1 11 2
500 50
1 10 2
672 513
1 5 2
636 536
1 2 2
459 278
1 14 2
799 202
1 12 2
477 736
1 4 2
371 493
1 8 2
594 583
1 11 2
98 2
1 8 2
614 179
1 5 2
706 564
1 15 2
789 35
1 14 2
672 119
1 11 2
253 361
1 6 2
497 400
1 9 2
785 781
1 2 2
633 732
1 7 2
76 362
1 14 2
161 455
1 4 2
663 505
1 2 2
556 282
1 9 2
604 130
1 14 2
301 652
1 11 2
62 653
1 9 2
134 469
1 12 2
212 704
1 13 2
206 593
1 8 2
124 461
1 5 2
439 111
1 3 2
732 726
1 3 2
466 402
1 12 2
574 203
1 6 2
368 625
1 7 2
82 609
1 13 2
97 579
1 2 2
3 154
1 5 2
107 440
1 13 2
548 13
1 14 2
466 113
1 5 2
191 402
1 14 2
786 637
1 10 2
383 621
1 3 2
496 591
1 4 2
564 575
1 6 2
470 556
1 4 2
705 363
1 5 2
331 742
1 4 2
255 387
1 11 2
779 177
1 11 2
485 259
1 9 2
371 284
1 6 2
509 684
1 13 2
139 419
1 3 2
434 477
1 3 2
290 484
1 12 2
199 179
1 13 2
180 258
1 6 2
211 292
1 8 2
388 675
1 4 2
466 505
1 14 2
693 719
1 15 2
728 299
1 8 2
679 214
1 11 2
582 177
1 7 2
562 514
1 4 2
409 350
1 8 2
303 733
1 15 2
185 16
1 7 2
68 38
1 4 2
366 386
1 14 2
417 661
1 4 2
433 221
1 7 2
657 105
1 8 2
714 600
1 11 2
88 378
1 6 2
372 355
1 13 2
296 631
1 7 2
454 8
1 2 2
131 441
1 5 2
111 565
1 6 2
204 335
1 15 2
220 630
1 12 2
165 54
1 5 2
367 200
1 14 2
334 465
1 4 2
350 769
1 15 2
181 415
1 5 2
353 788
1 5 2
603 305
1 13 2
162 130
1 12 2
770 314
1 9 2
650 509
1 11 2
140 67
1 15 2
767 158
1 3 2
235 158
1 3 2
614 568
1 15 2
30 322
1 3 2
151 556
1 5 2
524 676
1 4 2
495 727
1 11 2
164 462
1 9 2
167 55
1 3 2
121 558
1 12 2
98 26
1 7 2
496 446
1 7 2
726 729
1 3 2
387 85
1 3 2
385 621
1 5 2
442 693
1 14 2
787 366
1 8 2
741 161
1 11 2
17 132
1 15 2
148 488
1 2 2
712 634
1 11 2
677 165
1 5 2
554 783
1 11 2
270 759
1 5 2
20 379
1 7 2
38 540
1 6 2
137 413
1 15 2
372 732
1 14 2
786 88
1 3 2
588 178
1 6 2
637 369
1 12 2
509 162
1 8 2
116 335
1 11 2
137 492
1 8 2
454 799
1 2 2
113 602
1 5 2
519 159
1 13 2
685 417
1 4 2
188 534
1 4 2
719 652
1 2 2
414 233
1 3 2
88 652
1 14 2
788 673
1 4 2
641 286
1 13 2
174 31
1 2 2
329 672
1 10 2
52 496
1 4 2
74 508
1 8 2
87 625
1 15 2
329 310
1 8 2
720 418
1 6 2
53 466
1 11 2
660 520
1 5 2
317 646
1 8 2
86 16
1 11 2
764 640
1 5 2
217 365
1 12 2
679 529
1 15 2
788 439
1 14 2
735 32
1 5 2
37 769
1 8 2
527 479
1 2 2
470 254
1 10 2
297 423
1 2 2
354 113
1 3 2
588 792
1 2 2
482 222
1 2 2
60 137
1 14 2
51 358
1 2 2
19 603
1 7 2
496 268
1 13 2
685 50
1 11 2
283 427
1 6 2
293 396
1 2 2
288 757
1 4 2
489 324
1 9 2
691 54
1 4 2
490 753
1 15 2
181 97
1 9 2
743 62
1 15 2
146 303
1 2 2
566 270
1 15 2
740 115
1 4 2
442 722
1 2 2
170 476
1 3 2
267 222
1 3 2
544 630
1 15 2
576 38
1 10 2
237 127
1 15 2
367 638
1 9 2
677 366
1 3 2
304 12
1 2 2
353 48
1 8 2
183 730
1 14 2
327 601
1 9 2
199 486
1 13 2
380 331
1 8 2
138 276
1 9 2
184 355
1 12 2
631 374
1 12 2
417 740
1 3 2
732 301
1 8 2
675 241
1 15 2
560 629
1 11 2
600 789
1 10 2
321 17
1 12 2
747 673
1 5 2
499 587
1 10 2
477 505
1 15 2
197 15
1 7 2
511 48
1 8 2
55 411
1 3 2
535 428
1 8 2
74 478
1 3 2
216 85
1 10 2
71 200
1 14 2
346 675
1 4 2
367 726
1 13 2
178 670
1 4 2
684 237
1 10 2
94 656
1 9 2
59 137
1 2 2
460 197
1 10 2
534 279
1 3 2
79 218
1 8 2
736 193
1 6 2
158 293
1 4 2
688 146
1 15 2
499 764
1 5 2
342 758
1 5 2
377 131
1 11 2
268 251
1 14 2
562 379
1 3 2
574 479
1 6 2
222 683
1 11 2
338 251
1 6 2
442 58
1 2 2
19 591
1 9 2
60 144
1 9 2
147 295
1 2 2
302 27
1 7 2
457 326
1 11 2
733 476
1 5 2
706 233
1 5 2
626 724
1 8 2
144 453
1 6 2
626 471
1 14 2
570 213
1 10 2
436 273
1 13 2
582 743
1 10 2
757 644
1 14 2
130 153
1 5 2
181 154
1 13 2
43 109
1 4 2
265 247
1 5 2
351 324
1 12 2
415 662
1 2 2
708 769
1 6 2
206 521
1 9 2
295 765
1 13 2
308 172
1 10 2
389 100
1 4 2
319 741
1 6 2
363 98
1 8 2
606 510
1 7 2
139 489
1 7 2
696 615
1 5 2
573 208
1 15 2
533 371
1 6 2
17 222
1 11 2
112 244
1 5 2
685 678
1 6 2
401 492
1 12 2
449 519
1 7 2
36 378
1 14 2
169 783
1 4 2
354 626
1 7 2
417 790
1 7 2
734 275
1 2 2
707 638
1 5 2
13 586
1 15 2
160 473
1 6 2
706 97
1 7 2
218 256
1 8 2
190 604
1 6 2
214 88
1 12 2
543 3
1 4 2
152 652
1 8 2
115 127
1 13 2
631 431
1 6 2
89 563
1 8 2
708 531
1 5 2
311 325
1 8 2
176 543
1 5 2
719 509
1 10 2
676 455
1 9 2
397 290
1 5 2
591 187
1 4 2
701 412
1 14 2
186 681
1 11 2
370 617
1 9 2
255 436
1 12 2
77 671
1 13 2
407 288
1 12 2
590 478
1 14 2
509 481
1 8 2
68 740
1 4 2
688 277
1 11 2
700 112
1 6 2
46 448
1 12 2
146 18
1 13 2
326 156
1 5 2
639 580
1 12 2
123 68
1 15 2
8 119
1 5 2
444 272
1 6 2
170 94
1 14 2
4 650
1 3 2
363 341
1 9 2
353 399
1 6 2
507 746
1 13 2
780 151
1 2 2
163 15
1 12 2
628 310
1 8 2
144 335
1 7 2
439 703
1 14 2
690 521
1 11 2
793 67
1 6 2
603 788
1 14 2
230 298
1 5 2
659 701
1 13 2
140 233
1 15 2
348 752
1 15 2
717 646
1 2 2
738 59
1 3 2
98 484
1 2 2
496 673
1 14 2
583 244
1 4 2
245 133
1 5 2
675 201
1 2 2
84 411
1 2 2
586 377
1 6 2
792 705
1 5 2
651 687
1 4 2
741 104
1 14 2
321 644
1 8 2
174 121
1 3 2
369 37
1 15 2
418 17
1 3 2
701 292
1 3 2
599 692
1 6 2
358 796
1 15 2
271 200
1 10 2
778 464
1 11 2
497 556
1 4 2
477 366
1 3 2
598 482
1 7 2
618 427
1 3 2
465 378
1 2 2
582 333
1 5 2
574 194
1 12 2
574 152
1 13 2
123 489
1 9 2
609 756
1 6 2
346 578
1 7 2
658 547
1 6 2
546 53
1 7 2
1 307
1 14 2
99 771
1 15 2
247 642
1 11 2
680 602
1 7 2
68 529
1 11 2
287 108
1 9 2
701 250
1 14 2
368 371
1 3 2
113 537
1 10 2
477 399
1 4 2
590 660
1 5 2
122 19
1 8 2
434 104
1 5 2
656 204
1 8 2
647 212
1 11 2
511 36
1 4 2
320 2
1 5 2
228 181
1 7 2
271 607
1 11 2
736 687
1 4 2
674 698
1 5 2
20 778
1 7 2
578 270
1 15 2
77 710
1 12 2
120 503
1 7 2
278 385
1 7 2
759 10
1 11 2
452 469
1 11 2
202 370
1 7 2
420 377
1 6 2
72 564
1 15 2
753 88
1 8 2
42 118
1 5 2
70 304
1 3 2
246 205
1 15 2
145 590
1 8 2
612 22
1 13 2
432 10
1 9 2
168 370
1 7 2
378 15
1 6 2
556 82
1 5 2
386 587
1 3 2
74 37
1 14 2
123 678
1 13 2
458 623
1 4 2
77 696
1 2 2
774 348
1 8 2
576 553
1 2 2
88 4
1 12 2
118 277
1 6 2
226 64
1 6 2
658 424
1 12 2
236 709
1 2 2
744 98
1 10 2
331 509
1 12 2
48 58
1 12 2
781 482
1 7 2
171 796
1 2 2
381 439
1 7 2
482 155
1 8 2
223 761
1 12 2
411 202
1 10 2
591 319
1 13 2
494 722
1 8 2
630 640
1 8 2
86 782
1 14 2
15 357
1 11 2
230 404
1 7 2
192 93
1 5 2
392 200
1 3 2
26 491
1 8 2
446 447
1 5 2
456 307
1 4 2
357 209
1 9 2
16 262
1 13 2
596 217
1 9 2
282 104
1 13 2
106 712
1 6 2
664 229
1 12 2
92 331
1 7 2
183 798
1 3 2
254 469
1 8 2
657 112
1 8 2
2 363
1 13 2
797 754
1 14 2
245 206
1 5 2
268 505
1 5 2
365 619
1 4 2
214 70
1 10 2
562 405
1 5 2
798 243
1 8 2
778 481
1 8 2
260 687
1 10 2
3 582
1 13 2
340 403
1 7 2
715 530
1 9 2
218 158
1 15 2
349 589
1 9 2
218 283
1 11 2
593 388
1 2 2
355 738
1 6 2
49 324
1 11 2
139 318
1 12 2
474 261
1 9 2
310 791
1 11 2
396 226
1 2 2
363 505
1 11 2
38 19
1 8 2
780 661
1 8 2
147 503
1 13 2
506 459
1 8 2
80 459
1 12 2
627 463
1 2 2
615 115
1 6 2
758 92
1 11 2
359 88
1 7 2
599 755
1 11 2
277 687
1 6 2
723 142
1 15 2
590 503
1 11 2
361 548
1 13 2
251 23
1 2 2
465 174
1 3 2
651 481
1 8 2
474 247
1 12 2
334 797
1 13 2
68 130
1 8 2
24 109
1 14 2
738 650
1 7 2
307 372
1 7 2
754 118
1 10 2
483 555
1 7 2
126 298
1 14 2
424 589
1 14 2
28 31
1 15 2
196 236
1 9 2
567 547
1 12 2
434 609
1 9 2
408 103
1 13 2
469 287
1 4 2
9 485
1 7 2
497 265
1 4 2
51 137
1 10 2
711 454
1 14 2
702 163
1 4 2
761 207
1 6 2
151 697
1 7 2
263 492
1 11 2
468 716
1 11 2
134 257
1 4 2
466 194
1 6 2
32 136
1 9 2
690 324
1 5 2
498 784
1 7 2
339 66
1 11 2
86 657
1 13 2
300 564
1 3 2
102 342
1 2 2
302 410
1 5 2
233 750
1 11 2
46 61
1 13 2
616 431
1 15 2
702 476
1 9 2
129 419
1 7 2
148 440
1 10 2
265 594
1 2 2
201 76
1 3 2
246 132
1 2 2
557 603
1 14 2
513 113
1 4 2
83 621
1 10 2
256 93
1 6 2
202 560
1 5 2
598 649
1 7 2
565 655
1 14 2
326 702
1 10 2
725 59
1 15 2
424 711
1 7 2
622 494
1 4 2
653 712
1 8 2
82 524
1 6 2
261 504
1 7 2
367 731
1 15 2
579 698
1 15 2
173 664
1 5 2
130 449
1 3 2
372 172
1 2 2
157 124
1 4 2
302 220
1 13 2
179 113
1 12 2
109 416
1 7 2
356 264
1 13 2
746 413
1 10 2
181 670
1 13 2
146 60
1 4 2
58 406
1 7 2
599 193
1 4 2
193 498
1 13 2
673 432
1 8 2
37 486
1 10 2
46 787
1 5 2
1 743
1 10 2
96 793
1 11 2
308 192
1 14 2
381 330
1 3 2
575 774
1 7 2
681 489
1 8 2
250 119
1 3 2
657 399
1 6 2
671 505
1 15 2
349 88
1 10 2
306 600
1 14 2
80 270
1 11 2
741 710
1 6 2
486 86
1 4 2
618 775
1 14 2
562 750
1 6 2
558 778
1 11 2
179 153
1 12 2
341 268
1 12 2
215 448
1 15 2
327 182
1 15 2
753 686
1 9 2
107 753
1 2 2
357 104
1 13 2
88 261
1 8 2
765 246
1 4 2
162 153
1 12 2
702 429
1 11 2
297 455
1 15 2
586 10
1 7 2
55 493
1 10 2
190 42
1 5 2
42 620
1 6 2
210 358
1 13 2
156 512
1 6 2
767 424
1 12 2
574 104
1 8 2
218 531
1 4 2
551 21
1 8 2
117 413
1 8 2
619 732
1 15 2
556 447
1 12 2
674 597
1 4 2
6 336
1 5 2
581 638
1 11 2
86 755
1 12 2
489 186
1 8 2
694 412
1 12 2
445 674
1 14 2
712 261
1 5 2
133 0
1 9 2
598 9
1 5 2
635 170
1 12 2
375 322
1 3 2
67 209
1 11 2
362 18
1 4 2
56 0
1 2 2
551 799
1 5 2
567 275
1 11 2
543 194
1 3 2
183 72
1 9 2
256 412
1 15 2
24 159
1 9 2
491 780
1 13 2
241 545
1 9 2
519 11
1 12 2
417 192
1 6 2
587 203
1 11 2
647 482
1 8 2
101 205
1 11 2
796 662
1 15 2
530 520
1 2 2
444 573
1 10 2
310 268
1 11 2
678 686
1 12 2
5 314
1 5 2
553 799
1 14 2
208 213
1 13 2
576 565
1 7 2
31 671
1 12 2
580 374
1 12 2
108 58
1 2 2
288 572
1 3 2
606 484
1 12 2
592 691
1 14 2
445 209
1 8 2
690 195
1 13 2
24 513
1 4 2
5 205
1 12 2
238 525
1 8 2
419 331
1 10 2
175 67
1 11 2
719 239
1 5 2
554 209
1 4 2
565 544
1 8 2
766 56
1 11 2
583 468
1 2 2
579 395
1 7 2
145 581
1 15 2
141 767
1 8 2
718 652
1 4 2
476 22
1 12 2
28 198
1 7 2
495 302
1 6 2
87 797
1 6 2
623 434
1 11 2
601 760
1 7 2
498 28
1 7 2
593 747
1 8 2
72 439
1 8 2
7 494
1 4 2
221 212
1 15 2
558 619
1 12 2
20 355
1 2 2
274 538
1 7 2
22 165
1 8 2
443 47
1 8 2
787 556
1 10 2
379 5
1 10 2
477 276
1 2 2
462 384
1 6 2
637 26
1 12 2
165 84
1 2 2
479 300
1 8 2
484 558
1 11 2
484 760
1 2 2
549 86
1 8 2
57 571
1 3 2
784 254
1 3 2
231 696
1 12 2
461 278
1 6 2
145 153
1 6 2
278 372
1 15 2
246 758
1 11 2
32 68
1 14 2
375 441
1 2 2
612 369
1 2 2
598 582
1 7 2
422 683
1 3 2
684 336
1 10 2
337 775
1 7 2
99 407
1 5 2
626 66
1 7 2
456 230
1 10 2
563 113
1 8 2
145 706
1 15 2
522 523
1 10 2
643 737
1 11 2
479 794
1 12 2
777 25
1 4 2
434 276
1 15 2
185 354
1 8 2
109 279
1 9 2
100 312
1 3 2
350 634
1 5 2
127 288
1 11 2
68 476
1 12 2
767 41
1 6 2
44 159
1 2 2
377 140
1 3 2
365 592
1 3 2
794 489
1 6 2
361 151
1 6 2
381 719
1 6 2
320 182
1 9 2
663 126
1 7 2
453 574
1 2 2
441 57
1 3 2
100 103
1 7 2
654 742
1 4 2
425 638
1 2 2
180 143
1 10 2
266 294
1 8 2
653 333
1 3 2
308 620
1 3 2
207 577
1 10 2
228 551
1 9 2
100 208
1 2 2
786 565
1 3 2
201 632
1 5 2
602 484
1 8 2
433 82
1 4 2
524 390
1 11 2
362 733
1 14 2
758 785
1 13 2
409 516
1 10 2
614 794
1 5 2
28 667
1 2 2
616 181
1 2 2
75 319
1 9 2
143 628
1 15 2
298 497
1 12 2
380 373
1 10 2
770 462
1 9 2
500 230
1 4 2
57 749
1 15 2
133 378
1 3 2
474 670
1 4 2
60 442
1 14 2
522 505
1 11 2
605 746
1 5 2
657 327
1 7 2
226 122
1 6 2
539 444
1 5 2
612 262
1 4 2
268 39
1 6 2
296 114
1 15 2
465 689
1 11 2
150 279
1 6 2
778 792
1 10 2
683 774
1 10 2
205 621
1 15 2
659 314
1 3 2
399 232
1 8 2
508 691
1 9 2
217 130
1 4 2
346 149
1 10 2
615 367
1 5 2
422 160
1 9 2
188 585
1 4 2
605 101
1 15 2
219 601
1 2 2
629 294
1 2 2
496 662
1 3 2
540 667
1 3 2
606 618
1 13 2
744 435
1 9 2
341 630
1 11 2
381 164
1 2 2
307 298
1 10 2
184 445
1 11 2
424 112
1 10 2
113 331
1 13 2
752 265
1 6 2
510 530
1 7 2
277 161
1 2 2
652 345
1 4 2
472 39
1 10 2
559 641
1 6 2
34 714
1 2 2
61 336
1 2 2
208 613
1 3 2
290 548
1 14 2
647 596
1 3 2
209 26
1 10 2
176 66
1 2 2
642 555
1 14 2
225 666
1 4 2
361 618
1 8 2
403 724
1 6 2
444 564
1 15 2
768 499
1 2 2
617 583
1 6 2
171 544
1 3 2
219 86
1 4 2
27 360
1 7 2
567 538
1 11 2
492 97
1 13 2
668 657
1 4 2
16 355
1 15 2
565 154
1 5 2
116 254
1 15 2
561 648
1 13 2
49 515
1 6 2
105 338
1 3 2
736 788
1 3 2
277 296
1 10 2
310 76
1 6 2
256 697
1 11 2
361 704
1 11 2
580 488
1 8 2
683 725
1 9 2
274 364
1 11 2
317 53
1 9 2
22 538
1 15 2
546 191
1 15 2
654 87
1 9 2
138 356
1 6 2
72 452
1 10 2
614 182
1 10 2
237 122
1 2 2
799 310
1 15 2
178 55
1 8 2
99 57
1 10 2
81 483
1 14 2
163 771
1 4 2
150 527
1 14 2
546 177
1 11 2
514 522
1 15 2
39 763
1 15 2
198 131
1 6 2
783 134
1 5 2
698 413
1 3 2
219 518
1 11 2
701 605
1 8 2
417 530
1 5 2
619 261
1 13 2
281 245
1 12 2
668 720
1 15 2
718 675
1 4 2
776 234
1 4 2
65 447
1 15 2
402 515
1 4 2
456 289
1 10 2
246 138
1 8 2
367 78
1 3 2
356 387
1 4 2
159 124
1 6 2
172 402
1 10 2
402 385
1 3 2
9 560
1 3 2
769 79
1 12 2
10 322
1 4 2
359 421
1 13 2
526 532
1 4 2
251 56
1 3 2
177 701
1 7 2
723 332
1 3 2
58 218
1 15 2
102 123
1 2 2
737 448
1 8 2
505 239
1 12 2
548 56
1 15 2
255 480
1 2 2
138 575
1 10 2
551 645
1 15 2
20 582
1 5 2
699 358
1 14 2
456 297
1 7 2
569 469
1 5 2
461 0
1 15 2
148 201
1 15 2
528 293
1 4 2
572 193
1 3 2
342 734
1 13 2
563 682
1 7 2
704 411
1 14 2
160 768
1 9 2
665 653
1 13 2
311 593
1 8 2
634 305
1 11 2
739 588
1 13 2
511 736
1 4 2
344 193
1 5 2
426 767
1 6 2
301 327
1 5 2
431 520
1 3 2
786 713
1 14 2
283 746
1 4 2
311 346
1 12 2
281 694
1 3 2
761 484
1 10 2
649 34
1 15 2
285 781
1 8 2
493 592
1 8 2
783 146
1 5 2
275 108
1 5 2
490 602
1 6 2
287 105
1 8 2
776 173
1 5 2
250 321
1 8 2
519 608
1 11 2
136 503
1 5 2
577 168
1 11 2
621 118
1 2 2
263 745
1 13 2
570 691
1 8 2
151 382
1 7 2
38 311
1 7 2
203 531
1 8 2
519 601
1 9 2
507 735
1 13 2
201 639
1 11 2
726 228
1 10 2
712 236
1 15 2
598 28
1 10 2
541 125
1 12 2
219 499
1 15 2
80 221
1 2 2
490 232
1 4 2
474 300
1 5 2
614 706
1 13 2
42 374
1 2 2
20 749
1 2 2
618 660
1 7 2
318 172
1 3 2
289 121
1 4 2
39 583
1 6 2
631 174
1 13 2
186 124
1 10 2
439 420
1 14 2
439 130
1 6 2
773 760
1 5 2
128 466
1 3 2
275 459
1 8 2
750 687
1 6 2
623 184
1 4 2
652 365
1 5 2
495 607
1 10 2
245 489
1 15 2
67 551
1 2 2
247 116
1 11 2
353 643
1 6 2
604 671
1 3 2
243 774
1 6 2
84 491
1 12 2
118 130
1 2 2
159 239
1 10 2
117 99
1 14 2
334 475
1 14 2
301 313
1 2 2
415 91
1 4 2
762 454
1 5 2
653 163
1 3 2
120 282
1 7 2
502 328
1 13 2
600 386
1 10 2
539 603
1 15 2
594 702
1 7 2
421 214
1 4 2
34 269
1 11 2
785 577
1 10 2
97 386
1 9 2
73 197
1 14 2
553 69
1 12 2
117 378
1 3 2
378 579
1 11 2
423 259
1 9 2
719 71
1 6 2
2 400
1 9 2
634 8
1 9 2
92 754
1 3 2
545 697
1 7 2
201 375
1 5 2
264 321
1 7 2
320 681
1 8 2
287 447
1 8 2
345 309
1 11 2
330 178
1 7 2
664 482
1 12 2
401 271
1 14 2
2 96
1 14 2
306 523
1 7 2
311 131
1 12 2
603 75
1 10 2
102 411
1 13 2
405 342
1 7 2
31 232
1 10 2
712 494
1 12 2
249 52
1 11 2
503 330
1 15 2
85 649
1 14 2
133 586
1 12 2
180 211
1 14 2
615 143
1 15 2
652 33
1 4 2
755 203
1 7 2
269 246
1 3 2
749 715
1 12 2
626 591
1 2 2
693 441
1 7 2
454 716
1 2 2
376 319
1 8 2
659 612
1 2 2
365 551
1 14 2
37 674
1 14 2
575 747
1 4 2
169 461
1 10 2
199 645
1 9 2
98 488
1 7 2
177 736
1 6 2
78 262
1 13 2
779 356
1 12 2
500 613
1 5 2
681 551
1 6 2
111 207
1 11 2
540 743
1 13 2
362 553
1 5 2
418 799
1 5 2
235 470
1 12 2
542 268
1 2 2
692 208
1 5 2
283 243
1 15 2
325 359
1 7 2
348 161
1 3 2
741 426
1 8 2
554 324
1 12 2
712 734
1 3 2
215 173
1 15 2
776 411
1 3 2
461 570
1 12 2
89 409
1 12 2
161 331
1 14 2
163 773
1 13 2
304 579
1 13 2
501 108
1 4 2
302 198
1 9 2
106 580
1 14 2
676 699
1 5 2
713 191
1 12 2
406 81
1 2 2
635 450
1 8 2
48 178
1 8 2
428 237
1 4 2
799 351
1 2 2
702 257
1 3 2
166 207
1 10 2
272 10
1 12 2
711 442
1 13 2
395 135
1 13 2
297 136
1 5 2
724 459
1 4 2
297 443
1 10 2
577 723
1 13 2
382 43
1 10 2
703 358
1 2 2
6 472
1 6 2
164 576
1 2 2
12 675
1 8 2
788 62
1 2 2
157 755
1 4 2
175 513
1 7 2
706 453
1 7 2
388 795
1 10 2
268 418
1 5 2
464 696
1 2 2
501 169
1 10 2
702 356
1 13 2
779 648
1 3 2
269 103
1 9 2
407 402
1 7 2
546 71
1 15 2
561 18
1 13 2
23 730
1 2 2
186 325
1 12 2
428 591
1 5 2
460 264
1 12 2
693 179
1 14 2
448 417
1 13 2
235 414
1 15 2
12 579
1 2 2
304 5
1 8 2
54 195
1 10 2
152 121
1 14 2
583 403
1 15 2
290 741
1 3 2
658 335
1 15 2
425 3
1 11 2
4 3
1 2 2
89 326
1 8 2
356 36
1 2 2
389 764
1 3 2
586 770
1 15 2
758 346
1 14 2
114 647
1 9 2
405 378
1 14 2
743 736
1 10 2
663 712
1 12 2
434 669
1 3 2
673 756
1 11 2
174 349
1 11 2
210 352
1 9 2
522 77
1 12 2
103 518
1 10 2
87 735
1 8 2
348 473
1 12 2
63 507
1 11 2
734 515
1 14 2
718 380
1 2 2
159 426
1 6 2
295 257
1 8 2
733 247
1 15 2
302 310
1 9 2
34 721
1 6 2
55 473
1 2 2
462 646
1 3 2
589 53
1 4 2
250 701
1 7 2
263 293
1 4 2
384 33
1 5 2
696 188
1 3 2
159 507
1 15 2
761 315
1 9 2
322 68
1 6 2
555 94
1 12 2
10 477
1 10 2
60 1
1 3 2
40 387
1 2 2
435 105
1 10 2
132 421
1 9 2
758 732
1 5 2
375 511
1 11 2
294 591
1 10 2
518 80
1 10 2
25 531
1 10 2
717 437
1 2 2
368 101
1 7 2
451 266
1 3 2
425 484
1 6 2
624 10
1 15 2
359 478
1 12 2
336 780
1 5 2
400 792
1 8 2
495 261
1 9 2
770 673
1 15 2
263 504
1 3 2
644 432
1 2 2
640 392
1 8 2
337 697
1 14 2
508 27
1 5 2
253 36
1 13 2
197 495
1 3 2
384 395
1 8 2
475 227
1 6 2
497 276
1 9 2
774 653
1 12 2
130 758
1 13 2
514 360
1 6 2
73 703
1 13 2
565 579
1 7 2
707 74
1 3 2
101 481
1 13 2
152 115
1 4 2
149 642
1 7 2
797 410
1 7 2
546 222
1 12 2
124 457
1 13 2
445 175
1 15 2
769 95
1 3 2
437 587
1 14 2
204 149
1 6 2
100 273
1 11 2
226 714
1 14 2
751 227
1 9 2
210 161
1 11 2
601 668
1 5 2
545 414
1 12 2
18 683
1 12 2
650 454
1 3 2
791 266
1 7 2
573 293
1 5 2
623 166
1 13 2
206 111
1 7 2
398 454
1 8 2
63 519
1 3 2
530 340
1 4 2
362 515
1 10 2
409 153
1 6 2
410 517
1 15 2
741 661
1 2 2
177 25
1 7 2
601 353
1 7 2
427 697
1 3 2
475 623
1 8 2
472 470
1 4 2
58 443
1 8 2
603 554
1 2 2
136 511
1 15 2
390 673
1 7 2
506 638
1 11 2
496 738
1 8 2
260 88
1 2 2
470 338
1 14 2
506 541
1 2 2
700 576
1 3 2
410 254
1 6 2
243 162
1 6 2
341 666
1 15 2
311 452
1 6 2
25 743
1 10 2
546 656
1 9 2
269 468
1 11 2
344 244
1 3 2
340 718
1 2 2
259 379
1 4 2
544 596
1 2 2
166 108
1 9 2
240 305
1 8 2
118 700
1 11 2
59 503
1 12 2
219 636
1 10 2
550 155
1 9 2
293 459
1 15 2
515 330
1 13 2
157 7
1 10 2
492 379
1 12 2
242 560
1 8 2
731 146
1 6 2
349 84
1 4 2
412 736
1 5 2
237 86
1 14 2
337 481
1 4 2
586 555
1 6 2
150 583
1 14 2
301 261
1 15 2
254 619
1 4 2
485 185
1 14 2
397 525
1 10 2
617 710
1 2 2
128 533
1 10 2
584 348
1 13 2
327 600
1 9 2
654 643
1 2 2
332 384
1 9 2
316 508
1 8 2
645 782
1 6 2
451 245
1 7 2
205 359
1 9 2
794 607
1 15 2
620 580
1 2 2
152 734
1 10 2
421 570
1 5 2
559 237
1 9 2
299 744
1 6 2
312 309
1 2 2
370 791
1 14 2
608 390
1 14 2
619 111
1 5 2
531 160
1 6 2
233 302
1 11 2
553 255
1 8 2
313 422
1 5 2
507 152
1 13 2
438 173
1 11 2
799 75
1 6 2
168 670
1 10 2
328 601
1 12 2
209 203
1 12 2
435 389
1 14 2
702 12
1 11 2
337 372
1 11 2
637 253
1 10 2
260 467
1 14 2
551 132
1 12 2
725 71
1 2 2
687 779
1 9 2
477 301
1 3 2
311 284
1 15 2
707 128
1 13 2
782 398
1 2 2
725 182
1 6 2
627 363
1 4 2
274 571
1 14 2
782 229
1 4 2
457 93
1 15 2
789 212
1 5 2
67 573
1 15 2
500 603
1 12 2
333 708
1 7 2
492 777
1 8 2
43 56
1 15 2
67 278
1 6 2
147 95
1 6 2
510 201
1 4 2
702 190
1 6 2
512 181
1 6 2
409 378
1 6 2
208 706
1 6 2
74 653
1 11 2
82 298
1 14 2
730 413
1 11 2
497 392
1 14 2
443 769
1 10 2
795 175
1 10 2
218 680
1 14 2
573 347
1 12 2
246 333
1 9 2
288 193
1 15 2
386 230
1 13 2
157 665
1 13 2
155 756
1 5 2
413 395
1 6 2
688 567
1 12 2
460 283
1 15 2
506 509
1 5 2
503 386
1 13 2
498 94
1 5 2
48 733
1 6 2
787 700
1 3 2
393 39
1 10 2
450 347
1 3 2
322 194
1 14 2
256 787
1 5 2
528 749
1 5 2
135 199
1 7 2
333 154
1 5 2
268 297
1 9 2
776 103
1 7 2
549 272
1 8 2
498 468
1 8 2
797 98
1 12 2
159 617
1 5 2
732 192
1 6 2
458 777
1 4 2
572 482
1 8 2
629 556
1 12 2
143 221
1 3 2
33 403
1 11 2
553 485
1 14 2
492 242
1 13 2
25 232
1 4 2
669 697
1 9 2
14 41
1 5 2
147 230
1 10 2
201 247
1 5 2
119 268
1 13 2
769 278
1 2 2
189 562
1 3 2
771 529
1 8 2
619 484
1 9 2
625 640
1 6 2
688 228
1 3 2
595 670
1 6 2
602 1
1 4 2
60 288
1 12 2
770 148
1 15 2
239 0
1 15 2
373 350
1 15 2
134 7
1 5 2
278 365
1 12 2
798 282
1 15 2
117 451
1 8 2
183 698
1 13 2
173 706
1 12 2
182 407
1 11 2
470 530
1 5 2
537 290
1 3 2
324 718
1 9 2
710 456
1 5 2
665 654
1 5 2
489 479
1 15 2
16 446
1 10 2
111 404
1 9 2
726 736
1 13 2
297 414
1 11 2
534 702
1 9 2
744 427
1 10 2
145 235
1 6 2
625 301
1 6 2
623 235
1 13 2
35 61
1 7 2
595 66
1 11 2
14 225
1 9 2
578 474
1 12 2
193 60
1 3 2
269 465
1 13 2
5 745
1 5 2
495 591
1 14 2
108 598
1 4 2
330 753
1 8 2
586 566
1 6 2
9 766
1 4 2
189 776
1 3 2
159 445
1 5 2
106 193
1 10 2
434 372
1 10 2
475 207
1 14 2
151 2
1 4 2
723 108
1 5 2
455 365
1 2 2
69 140
1 11 2
754 255
1 6 2
591 89
1 14 2
235 135
1 9 2
537 560
1 12 2
429 343
1 12 2
753 778
1 10 2
53 334
1 12 2
466 652
1 2 2
31 393
1 12 2
784 642
1 15 2
565 84
1 14 2
457 496
1 4 2
126 407
1 3 2
63 394
1 9 2
183 193
1 4 2
484 451
1 2 2
146 782
1 7 2
148 131
1 11 2
350 787
1 6 2
598 472
1 5 2
760 654
1 7 2
261 2
1 6 2
17 722
1 15 2
285 523
1 7 2
627 264
1 5 2
690 51
1 2 2
530 181
1 6 2
782 397
1 15 2
641 603
1 4 2
558 44
1 10 2
302 179
1 10 2
337 137
1 7 2
428 420
1 6 2
263 665
1 13 2
553 181
1 13 2
50 642
1 14 2
321 271
1 14 2
716 785
1 13 2
48 675
1 15 2
70 531
1 11 2
11 346
1 10 2
556 228
1 13 2
58 765
1 12 2
214 191
1 7 2
528 564
1 10 2
559 715
1 10 2
45 400
1 15 2
601 754
1 8 2
88 478
1 9 2
501 399
1 7 2
479 748
1 11 2
528 294
1 9 2
674 394
1 8 2
144 744
1 4 2
533 38
1 4 2
758 727
1 6 2
621 177
1 5 2
19 527
1 11 2
183 671
1 10 2
489 566
1 9 2
411 235
1 6 2
584 451
1 7 2
340 357
1 7 2
291 72
1 10 2
511 113
1 15 2
11 678
1 10 2
110 569
1 12 2
679 231
1 9 2
596 633
1 5 2
311 491
1 13 2
628 777
1 7 2
608 728
1 3 2
774 166
1 8 2
643 29
1 2 2
772 657
1 8 2
562 694
1 3 2
595 313
1 10 2
290 80
1 15 2
185 395
1 8 2
263 610
1 13 2
139 347
1 15 2
632 338
1 4 2
174 653
1 4 2
196 666
1 11 2
499 89
1 13 2
551 162
1 15 2
216 726
1 4 2
601 36
1 7 2
115 331
1 14 2
613 709
1 5 2
109 161
1 7 2
678 726
1 7 2
152 167
1 9 2
715 137
1 4 2
704 219
1 9 2
375 62
1 14 2
659 0
1 3 2
353 709
1 2 2
530 665
1 13 2
84 487
1 14 2
646 377
1 5 2
258 509
1 15 2
416 267
1 2 2
748 102
1 12 2
726 307
1 14 2
282 733
1 7 2
315 534
1 4 2
127 362
1 12 2
588 328
1 12 2
233 672
1 13 2
74 753
1 10 2
211 71
1 15 2
657 90
1 12 2
632 573
1 7 2
286 696
1 12 2
642 427
1 5 2
551 540
1 13 2
754 121
1 6 2
685 193
1 6 2
439 390
1 12 2
506 273
1 8 2
260 2
1 7 2
354 11
1 13 2
190 780
1 10 2
539 216
1 5 2
148 277
1 11 2
789 308
1 15 2
609 777
1 7 2
688 489
1 4 2
607 488
1 14 2
693 224
1 5 2
561 526
1 8 2
646 662
1 11 2
489 541
1 9 2
8 138
1 4 2
476 660
1 12 2
535 369
1 6 2
456 657
1 5 2
654 176
1 7 2
266 51
1 5 2
586 292
1 8 2
604 615
1 11 2
660 300
1 2 2
712 630
1 2 2
92 525
1 5 2
346 71
1 12 2
765 641
1 10 2
705 140
1 9 2
575 204
1 8 2
325 441
1 14 2
49 665
1 2 2
341 237
1 11 2
600 236
1 14 2
137 434
1 3 2
21 313
1 5 2
130 632
1 13 2
601 359
1 11 2
276 274
1 7 2
329 429
1 2 2
598 89
1 12 2
55 675
1 5 2
108 428
1 11 2
40 593
1 7 2
536 174
1 15 2
535 242
1 13 2
243 261
1 11 2
394 93
1 4 2
141 340
1 10 2
774 670
1 6 2
412 657
1 2 2
325 477
1 14 2
91 665
1 5 2
608 283
1 7 2
368 636
1 11 2
771 464
1 2 2
760 51
1 14 2
688 214
1 10 2
28 701
1 10 2
721 243
1 14 2
767 196
1 5 2
751 55
1 7 2
605 265
1 14 2
21 22
1 5 2
339 555
1 14 2
729 521
1 15 2
637 754
1 8 2
364 426
1 11 2
240 222
1 2 2
399 356
1 14 2
380 677
1 13 2
455 463
1 14 2
645 105
1 6 2
583 459
1 13 2
426 368
1 15 2
251 258
1 8 2
550 177
1 3 2
115 429
1 7 2
792 598
1 11 2
750 533
1 4 2
87 401
1 11 2
325 347
1 12 2
31 379
1 5 2
93 235
1 11 2
666 4
1 4 2
402 130
1 12 2
345 156
1 10 2
749 9
1 2 2
308 772
1 10 2
90 366
1 11 2
503 404
1 10 2
713 166
1 10 2
260 463
1 10 2
697 77
1 5 2
382 787
1 8 2
557 743
1 11 2
38 335
1 12 2
567 385
1 3 2
714 442
1 13 2
45 236
1 4 2
167 332
1 10 2
427 237
1 6 2
388 284
1 3 2
598 156
1 6 2
123 308
1 8 2
214 163
1 14 2
43 694
1 3 2
210 626
1 2 2
145 387
1 15 2
393 682
1 11 2
411 299
1 13 2
613 443
1 5 2
214 365
1 8 2
378 245
1 7 2
242 624
1 11 2
423 59
1 6 2
684 164
1 6 2
225 218
1 14 2
393 795
1 6 2
292 296
1 2 2
389 757
1 13 2
487 122
1 2 2
96 792
1 6 2
437 355
1 13 2
592 0
1 9 2
423 500
1 4 2
511 268
1 3 2
648 437
1 2 2
776 383
1 10 2
614 749
1 3 2
539 306
1 4 2
452 99
1 10 2
741 43
1 6 2
301 617
1 15 2
722 743
1 6 2
479 369
1 2 2
144 633
1 8 2
24 98
1 13 2
187 0
1 8 2
174 693
1 9 2
282 197
1 5 2
147 56
1 8 2
403 665
1 8 2
385 584
1 8 2
393 643
1 15 2
244 77
1 13 2
496 595
1 2 2
388 737
1 14 2
440 114
1 12 2
599 65
1 3 2
42 397
1 7 2
243 43
1 15 2
730 299
1 10 2
573 791
1 6 2
480 30
1 9 2
163 340
1 12 2
129 761
1 15 2
602 16
1 7 2
566 193
1 3 2
571 274
1 12 2
458 746
1 10 2
643 526
1 3 2
72 727
1 13 2
177 482
1 14 2
738 372
1 13 2
732 78
1 5 2
796 506
1 13 2
399 584
1 4 2
119 743
1 12 2
546 331
1 3 2
386 526
1 4 2
618 452
1 8 2
695 638
1 8 2
354 606
1 7 2
451 438
1 9 2
191 236
1 2 2
271 647
1 13 2
729 289
1 4 2
121 750
1 10 2
718 339
1 11 2
582 660
1 12 2
88 495
1 7 2
668 139
1 5 2
462 92
1 13 2
575 67
1 6 2
674 376
1 7 2
79 673
1 3 2
545 201
1 10 2
425 616
1 6 2
3 382
1 8 2
178 218
1 2 2
324 509
1 11 2
747 548
1 4 2
117 358
1 15 2
779 680
1 6 2
497 312
1 5 2
575 377
1 13 2
161 555
1 11 2
330 361
1 2 2
343 160
1 13 2
96 180
1 9 2
317 68
1 7 2
176 652
1 10 2
10 773
1 4 2
476 281
1 5 2
708 746
1 2 2
127 374
1 10 2
688 109
1 5 2
468 598
1 3 2
71 737
1 15 2
13 5
1 3 2
225 78
1 13 2
162 517
1 14 2
337 359
1 15 2
422 548
1 5 2
195 98
1 10 2
574 576
1 15 2
84 92
1 7 2
445 341
1 3 2
566 398
1 2 2
6 389
1 2 2
377 551
1 11 2
150 721
1 3 2
114 628
1 11 2
117 722
1 13 2
476 737
1 10 2
629 184
1 14 2
452 628
1 7 2
562 612
1 2 2
492 36
1 15 2
179 412
1 8 2
218 91
1 10 2
291 790
1 2 2
695 642
1 12 2
596 623
1 15 2
458 787
1 14 2
322 218
1 15 2
525 335
1 5 2
478 346
1 9 2
789 220
1 12 2
676 197
1 5 2
629 466
1 4 2
581 764
1 3 2
651 83
1 9 2
382 524
1 14 2
684 105
1 8 2
46 608
1 3 2
634 418
1 6 2
125 453
1 5 2
243 6
1 2 2
253 55
1 8 2
296 562
1 2 2
668 405
1 7 2
599 12
1 15 2
278 732
1 3 2
340 24
1 2 2
717 752
1 8 2
390 518
1 13 2
260 605
1 2 2
438 379
1 15 2
375 460
1 7 2
256 761
1 13 2
501 325
1 11 2
180 378
1 3 2
618 722
1 8 2
241 716
1 12 2
607 520
1 9 2
777 635
1 9 2
192 60
1 10 2
487 35
1 5 2
282 669
1 7 2
715 792
1 5 2
3 667
1 6 2
346 297
1 10 2
668 147
1 9 2
339 103
1 6 2
69 99
1 8 2
430 470
1 9 2
192 263
1 9 2
433 4
1 2 2
257 176
1 13 2
513 502
1 4 2
532 603
1 14 2
446 794
1 10 2
536 432
1 12 2
461 623
1 10 2
703 364
1 10 2
208 283
1 7 2
664 682
1 11 2
280 709
1 15 2
600 702
1 11 2
130 600
1 15 2
5 470
1 6 2
690 254
1 3 2
592 242
1 5 2
120 748
1 10 2
711 110
1 12 2
407 32
1 11 2
373 782
1 14 2
730 385
1 6 2
754 702
1 11 2
76 668
1 14 2
63 265
1 5 2
320 308
1 3 2
680 98
1 15 2
144 733
1 13 2
720 152
1 6 2
588 770
1 4 2
542 65
1 10 2
685 456
1 14 2
430 389
1 9 2
382 81
1 10 2
674 408
1 6 2
394 626
1 7 2
617 698
1 12 2
218 155
1 4 2
194 560
1 7 2
102 785
1 6 2
649 63
1 10 2
217 534
1 11 2
551 314
1 8 2
296 149
1 9 2
115 457
1 7 2
763 492
1 5 2
296 75
1 4 2
787 582
1 4 2
712 2
1 13 2
16 483
1 7 2
597 389
1 14 2
110 242
1 8 2
265 516
1 8 2
397 670
1 15 2
376 56
1 8 2
73 645
1 9 2
223 134
1 11 2
724 144
1 2 2
600 218
1 6 2
99 667
1 15 2
429 707
1 7 2
240 269
1 12 2
756 281
1 15 2
490 342
1 10 2
657 148
1 3 2
174 667
1 2 2
703 115
1 9 2
198 440
1 2 2
746 455
1 3 2
152 690
1 15 2
522 393
1 4 2
430 395
1 15 2
150 11
1 9 2
167 265
1 5 2
513 61
1 14 2
627 251
1 3 2
418 649
1 4 2
208 31
1 8 2
798 520
1 10 2
463 239
1 7 2
581 786
1 13 2
30 135
1 13 2
598 583
1 15 2
271 792
1 15 2
671 686
1 2 2
581 542
1 6 2
718 586
1 7 2
584 119
1 8 2
515 133
1 14 2
222 218
1 6 2
688 309
1 7 2
286 455
1 9 2
742 308
1 8 2
264 422
1 7 2
682 153
1 2 2
441 31
1 10 2
721 135
1 5 2
464 574
1 2 2
698 794
1 12 2
565 527
1 11 2
284 42
1 7 2
440 106
1 5 2
207 794
1 6 2
77 566
1 4 2
208 266
1 3 2
760 764
1 15 2
629 550
1 13 2
504 490
1 4 2
118 31
1 13 2
236 351
1 15 2
709 533
1 9 2
757 516
1 9 2
251 179
1 2 2
74 436
1 14 2
29 308
1 4 2
673 165
1 10 2
151 254
1 14 2
380 583
1 13 2
659 591
1 2 2
64 492
1 8 2
575 143
1 5 2
799 155
1 6 2
498 653
1 14 2
343 293
1 3 2
280 321
1 15 2
77 517
1 5 2
183 314
1 13 2
171 783
1 10 2
196 298
1 8 2
719 50
1 10 2
569 768
1 7 2
784 233
1 5 2
115 759
1 4 2
607 373
1 7 2
154 405
1 14 2
306 522
1 14 2
115 590
1 10 2
140 475
1 11 2
304 481
1 3 2
26 63
1 9 2
711 268
1 4 2
678 794
1 14 2
410 408
1 7 2
15 767
1 11 2
451 522
1 2 2
561 616
1 10 2
323 291
1 6 2
144 405
1 13 2
525 632
1 14 2
309 678
1 2 2
386 659
1 7 2
720 501
1 14 2
54 44
1 8 2
135 163
1 5 2
281 395
1 5 2
597 656
1 8 2
372 476
1 8 2
691 276
1 8 2
725 502
1 6 2
658 275
1 14 2
159 112
1 3 2
523 275
1 8 2
80 86
1 9 2
73 742
1 9 2
556 419
1 10 2
530 395
1 8 2
539 172
1 10 2
700 257
1 3 2
166 14
1 10 2
251 113
1 11 2
100 758
1 10 2
179 223
1 7 2
461 456
1 7 2
764 338
1 15 2
753 542
1 3 2
141 534
1 10 2
328 632
1 4 2
228 605
1 7 2
275 658
1 14 2
517 209
1 6 2
439 574
1 14 2
93 602
1 14 2
249 698
1 5 2
93 693
1 15 2
600 259
1 8 2
527 575
1 6 2
678 150
1 9 2
129 204
1 14 2
52 385
1 15 2
429 362
1 10 2
18 229
1 14 2
342 662
1 5 2
490 536
1 11 2
351 556
1 7 2
584 733
1 6 2
532 469
1 3 2
412 513
1 5 2
145 647
1 6 2
727 100
1 3 2
606 532
1 6 2
305 781
1 9 2
236 675
1 2 2
581 623
1 13 2
685 502
1 12 2
28 618
1 3 2
387 556
1 13 2
7 421
1 13 2
329 366
1 11 2
119 98
1 7 2
307 187
1 13 2
550 263
1 4 2
253 431
1 14 2
423 112
1 4 2
12 445
1 15 2
748 762
1 3 2
127 200
1 8 2
216 267
1 7 2
783 67
1 13 2
702 94
1 11 2
213 168
1 2 2
60 251
1 5 2
779 635
1 2 2
597 488
1 12 2
292 370
1 14 2
641 513
1 15 2
134 570
1 2 2
354 478
1 9 2
100 711
1 6 2
706 322
1 11 2
740 439
1 4 2
409 161
1 2 2
741 388
1 4 2
776 130
1 4 2
590 393
1 13 2
253 359
1 7 2
555 649
1 4 2
473 220
1 6 2
383 237
1 9 2
722 438
1 5 2
789 261
1 4 2
162 776
1 5 2
662 450
1 14 2
656 90
1 9 2
533 723
1 3 2
508 563
1 8 2
759 651
1 8 2
174 454
1 9 2
106 755
1 7 2
272 236
1 12 2
188 21
1 7 2
716 451
1 8 2
60 179
1 9 2
663 633
1 8 2
178 271
1 4 2
43 241
1 7 2
142 68
1 14 2
543 540
1 13 2
137 272
1 11 2
225 549
1 14 2
674 161
1 6 2
443 263
1 10 2
278 86
1 8 2
458 340
1 13 2
598 160
1 9 2
137 95
1 3 2
234 498
1 5 2
244 359
1 13 2
614 729
1 11 2
171 705
1 9 2
586 78
1 11 2
236 126
1 14 2
552 702
1 4 2
132 285
1 9 2
128 214
1 2 2
658 558
1 3 2
445 633
1 13 2
124 586
1 2 2
440 467
1 5 2
715 546
1 13 2
489 11
1 12 2
223 436
1 11 2
0 60
1 9 2
544 72
1 5 2
312 64
1 11 2
20 773
1 9 2
460 10
1 6 2
369 579
1 8 2
272 168
1 13 2
655 48
1 5 2
354 456
1 3 2
376 52
1 10 2
343 348
1 15 2
234 264
1 7 2
773 300
1 2 2
369 787
1 7 2
589 492
1 2 2
591 743
1 6 2
620 752
1 10 2
239 365
1 14 2
627 738
1 15 2
53 153
1 12 2
423 161
1 7 2
376 49
1 4 2
711 195
1 4 2
464 239
1 3 2
168 446
1 3 2
66 411
1 15 2
618 441
1 7 2
222 442
1 4 2
292 105
1 7 2
485 327
1 11 2
211 274
1 9 2
713 699
1 14 2
449 24
1 7 2
543 450
1 9 2
260 505
1 7 2
349 446
1 13 2
82 643
1 3 2
396 164
1 6 2
524 740
1 13 2
25 629
1 15 2
467 149
1 7 2
761 245
1 14 2
434 656
1 8 2
242 559
1 10 2
254 756
1 13 2
307 417
1 14 2
380 153
1 9 2
314 437
1 4 2
416 244
1 2 2
739 482
1 9 2
689 682
1 3 2
473 472
1 7 2
598 647
1 10 2
234 124
1 8 2
759 228
1 5 2
460 28
1 3 2
38 231
1 10 2
278 230
1 5 2
12 362
1 8 2
313 574
1 12 2
251 756
1 13 2
799 391
1 10 2
494 39
1 7 2
205 40
1 15 2
235 367
1 8 2
40 672
1 11 2
477 257
1 15 2
529 137
1 4 2
736 128
1 6 2
480 122
1 9 2
290 601
1 4 2
250 35
1 3 2
349 155
1 8 2
412 703
1 7 2
790 147
1 3 2
620 332
1 6 2
374 121
1 12 2
483 57
1 11 2
678 494
1 13 2
438 3
1 7 2
345 279
1 4 2
789 724
1 5 2
13 587
1 7 2
364 106
1 6 2
388 26
1 13 2
620 133
1 11 2
207 165
1 6 2
124 463
1 7 2
128 535
1 6 2
57 461
1 6 2
562 727
1 14 2
129 112
1 15 2
271 420
1 7 2
386 29
1 9 2
552 383
1 6 2
455 785
1 3 2
318 60
1 5 2
331 366
1 12 2
40 533
1 12 2
444 35
1 11 2
290 793
1 10 2
722 323
1 6 2
380 47
1 6 2
393 161
1 3 2
790 7
1 10 2
279 242
1 13 2
118 398
1 10 2
625 612
1 14 2
227 694
1 4 2
140 600
1 5 2
743 185
1 4 2
246 292
1 12 2
735 617
1 6 2
578 390
1 14 2
631 597
1 8 2
663 710
1 4 2
369 466
1 4 2
236 669
1 10 2
688 66
1 6 2
349 106
1 12 2
627 162
1 9 2
728 574
1 5 2
426 22
1 6 2
234 347
1 8 2
303 777
1 4 2
57 703
1 6 2
433 50
1 13 2
177 121
1 7 2
568 179
1 2 2
155 658
1 13 2
439 149
1 6 2
334 522
1 8 2
509 627
1 4 2
197 156
1 15 2
19 459
1 7 2
428 219
1 2 2
737 488
1 13 2
648 631
1 3 2
765 221
1 5 2
480 407
1 9 2
152 234
1 5 2
462 32
1 11 2
383 349
1 7 2
179 204
1 2 2
366 328
1 15 2
507 359
1 6 2
294 504
1 6 2
434 752
1 7 2
745 748
1 14 2
328 254
1 7 2
732 464
1 4 2
190 756
1 7 2
309 541
1 14 2
123 547
1 10 2
635 722
1 4 2
638 424
1 11 2
142 245
1 15 2
11 208
1 12 2
536 108
1 4 2
565 131
1 7 2
797 374
1 15 2
604 564
1 10 2
726 561
1 11 2
520 252
1 11 2
321 272
1 9 2
24 450
1 3 2
714 300
1 3 2
575 90
1 15 2
339 606
1 4 2
744 178
1 7 2
258 94
1 14 2
155 435
1 11 2
95 150
1 6 2
620 262
1 3 2
696 794
1 8 2
94 678
1 8 2
759 712
1 3 2
546 571
1 10 2
437 321
1 3 2
600 119
1 4 2
163 580
1 12 2
316 419
1 3 2
122 82
1 8 2
660 611
1 5 2
121 405
1 8 2
489 19
1 12 2
405 780
1 14 2
290 771
1 3 2
416 369
1 12 2
68 354
1 4 2
682 100
1 15 2
299 505
1 8 2
740 435
1 15 2
706 769
1 4 2
728 154
1 2 2
485 157
1 6 2
725 9
1 11 2
509 432
1 4 2
762 539
1 15 2
678 91
1 10 2
222 338
1 11 2
94 236
1 3 2
55 616
1 8 2
552 180
1 13 2
682 196
1 4 2
213 671
1 9 2
104 11
1 11 2
442 16
1 5 2
364 638
1 7 2
530 44
1 15 2
473 764
1 6 2
612 442
1 5 2
681 494
1 3 2
350 642
1 9 2
746 122
1 8 2
707 542
1 10 2
283 749
1 14 2
280 110
1 15 2
16 41
1 2 2
501 579
1 11 2
377 210
1 12 2
464 397
1 5 2
765 60
1 3 2
338 204
1 13 2
474 618
1 15 2
358 250
1 13 2
142 753
1 4 2
654 118
1 10 2
108 33
1 3 2
202 291
1 15 2
27 474
1 2 2
787 58
1 6 2
612 55
1 5 2
71 428
1 5 2
619 784
1 12 2
440 183
1 12 2
753 483
1 12 2
435 642
1 6 2
720 778
1 9 2
206 158
1 3 2
312 540
1 12 2
496 182
1 7 2
479 431
1 13 2
397 751
1 5 2
525 35
1 9 2
166 628
1 7 2
168 583
1 3 2
112 71
1 6 2
609 441
1 10 2
456 485
1 7 2
549 11
1 2 2
462 354
1 15 2
73 607
1 8 2
455 339
1 11 2
333 290
1 10 2
513 100
1 4 2
641 28
1 2 2
52 602
1 12 2
410 168
1 13 2
218 261
1 4 2
263 486
1 12 2
385 46
1 14 2
78 543
1 3 2
24 643
1 10 2
766 147
1 10 2
502 304
1 9 2
452 510
1 6 2
729 795
1 10 2
331 418
1 5 2
302 725
1 9 2
66 514
1 8 2
716 375
1 6 2
155 665
1 10 2
380 691
1 3 2
70 616
1 3 2
379 174
1 11 2
133 704
1 5 2
393 653
1 4 2
518 681
1 10 2
216 798
1 13 2
368 415
1 9 2
460 693
1 8 2
446 122
1 4 2
771 86
1 11 2
272 220
1 11 2
725 215
1 2 2
447 232
1 5 2
339 501
1 7 2
521 634
1 3 2
241 558
1 13 2
490 57
1 9 2
482 401
1 11 2
738 499
1 14 2
394 25
1 14 2
59 254
1 9 2
663 797
1 13 2
783 328
1 4 2
63 0
1 3 2
145 323
1 13 2
248 524
1 4 2
354 247
1 9 2
218 85
1 11 2
652 224
1 9 2
300 500
1 3 2
756 299
1 7 2
529 113
1 7 2
516 424
1 14 2
507 776
1 9 2
141 585
1 5 2
785 799
1 10 2
628 447
1 15 2
650 39
1 6 2
544 107
1 10 2
159 508
1 12 2
65 278
1 5 2
254 263
1 9 2
82 690
1 14 2
181 287
1 14 2
629 123
1 13 2
30 302
1 2 2
139 351
1 10 2
647 664
1 13 2
165 245
1 12 2
704 127
1 10 2
433 785
1 3 2
22 575
1 2 2
446 591
1 7 2
9 354
1 8 2
128 746
1 11 2
214 203
1 12 2
272 581
1 2 2
509 90
1 13 2
330 264
1 7 2
336 465
1 3 2
312 658
1 11 2
82 512
1 13 2
140 181
1 8 2
450 791
1 5 2
794 139
1 14 2
717 400
1 8 2
644 791
1 15 2
564 180
1 13 2
715 221
1 3 2
134 229
1 12 2
595 637
1 3 2
99 405
1 10 2
142 296
1 4 2
509 631
1 13 2
767 382
1 9 2
497 163
1 9 2
322 293
1 3 2
785 621
1 14 2
566 235
1 8 2
371 522
1 2 2
346 327
1 13 2
632 426
1 5 2
501 467
1 11 2
603 778
1 14 2
142 539
1 15 2
789 29
1 12 2
199 704
1 8 2
578 212
1 5 2
516 412
1 14 2
14 259
1 15 2
556 608
1 12 2
773 31
1 11 2
176 665
1 9 2
666 795
1 8 2
369 21
1 14 2
296 168
1 5 2
321 349
1 9 2
791 133
1 6 2
531 179
1 4 2
689 598
1 4 2
86 171
1 2 2
655 425
1 14 2
228 731
1 3 2
61 512
1 12 2
405 296
1 10 2
395 148
1 13 2
291 545
1 15 2
740 489
1 15 2
392 546
1 13 2
228 728
1 5 2
218 157
1 8 2
155 595
1 13 2
144 468
1 2 2
718 655
1 11 2
136 152
1 14 2
504 482
1 5 2
727 222
1 11 2
52 600
1 12 2
668 665
1 6 2
129 90
1 9 2
413 122
1 2 2
192 516
1 15 2
183 110
1 2 2
178 187
1 15 2
3 100
1 13 2
345 123
1 7 2
176 202
1 3 2
289 53
1 13 2
261 271
1 11 2
392 276
1 2 2
584 454
1 3 2
93 451
1 7 2
738 196
1 5 2
200 498
1 5 2
448 392
1 9 2
115 229
1 8 2
241 743
1 4 2
757 578
1 12 2
400 740
1 12 2
116 299
1 11 2
421 756
1 2 2
550 757
1 7 2
339 361
1 10 2
553 344
1 15 2
135 240
1 5 2
687 702
1 10 2
631 242
1 6 2
447 362
1 4 2
709 132
1 6 2
336 738
1 10 2
488 312
1 9 2
697 518
1 5 2
271 267
1 10 2
27 108
1 13 2
442 110
1 8 2
155 745
1 7 2
114 585
1 3 2
757 222
1 3 2
557 236
1 12 2
13 376
1 8 2
683 647
1 9 2
508 51
1 4 2
711 715
1 11 2
5 28
1 7 2
753 510
1 6 2
576 333
1 6 2
738 469
1 8 2
194 3
1 6 2
147 378
1 7 2
765 773
1 13 2
753 682
1 9 2
700 645
1 10 2
706 465
1 13 2
591 127
1 2 2
318 444
1 11 2
451 560
1 13 2
745 391
1 4 2
300 548
1 15 2
49 635
1 6 2
223 786
1 2 2
32 65
1 5 2
622 50
1 14 2
465 773
1 11 2
291 329
1 12 2
71 465
1 11 2
111 276
1 6 2
760 495
1 5 2
360 296
1 15 2
202 16
1 8 2
9 480
1 3 2
607 718
1 12 2
610 32
1 5 2
592 165
1 12 2
590 793
1 8 2
574 79
1 4 2
225 718
1 11 2
366 624
1 15 2
615 473
1 15 2
719 791
1 6 2
208 561
1 7 2
568 249
1 10 2
327 788
1 15 2
158 550
1 15 2
487 519
1 9 2
597 80
1 6 2
463 436
1 4 2
332 787
1 13 2
102 348
1 14 2
239 600
1 5 2
547 203
1 15 2
375 367
1 3 2
341 94
1 5 2
376 149
1 6 2
520 296
1 2 2
754 651
1 5 2
469 681
1 8 2
539 607
1 2 2
730 91
1 10 2
260 755
1 15 2
88 679
1 6 2
599 379
1 12 2
238 556
1 12 2
105 166
1 14 2
544 735
1 12 2
150 57
1 8 2
343 669
1 7 2
6 143
1 3 2
339 196
1 14 2
662 20
1 10 2
331 116
1 9 2
776 594
1 3 2
565 575
1 2 2
135 180
1 5 2
474 326
1 8 2
181 605
1 13 2
149 718
1 12 2
274 670
1 9 2
267 653
1 5 2
613 185
1 11 2
59 684
1 5 2
375 317
1 3 2
626 46
1 6 2
114 334
1 9 2
781 778
1 10 2
376 497
1 11 2
249 271
1 2 2
414 87
1 7 2
321 324
1 13 2
571 456
1 5 2
633 4
1 8 2
661 43
1 14 2
42 261
1 15 2
58 361
1 10 2
346 106
1 2 2
471 495
1 11 2
712 265
1 11 2
538 62
1 15 2
519 426
1 4 2
751 474
1 5 2
681 589
1 2 2
113 404
1 3 2
27 491
1 3 2
313 324
1 5 2
383 373
1 12 2
520 247
1 5 2
397 532
1 9 2
703 56
1 4 2
373 133
1 11 2
369 789
1 11 2
580 763
1 10 2
395 485
1 12 2
55 404
1 5 2
485 398
1 4 2
573 63
1 11 2
188 487
1 13 2
402 319
1 2 2
376 397
1 12 2
437 758
1 7 2
6 289
1 2 2
238 276
1 5 2
472 665
1 7 2
170 173
1 5 2
435 91
1 6 2
56 31
1 11 2
71 343
1 5 2
163 482
1 14 2
316 283
1 15 2
226 172
1 6 2
11 239
1 8 2
460 274
1 14 2
755 37
1 2 2
364 567
1 12 2
722 503
1 7 2
659 154
1 5 2
79 309
1 10 2
297 510
1 6 2
252 260
1 9 2
303 237
1 13 2
101 390
1 7 2
122 416
1 4 2
85 77
1 8 2
406 349
1 11 2
42 617
1 2 2
252 635
1 15 2
90 403
1 12 2
489 266
1 6 2
746 78
1 3 2
3 96
1 13 2
58 538
1 15 2
295 237
1 7 2
505 547
1 2 2
766 113
1 5 2
128 544
1 13 2
549 87
1 14 2
209 244
1 8 2
577 507
1 14 2
507 604
1 6 2
579 152
1 12 2
445 136
1 4 2
119 521
1 14 2
58 39
1 4 2
651 321
1 8 2
307 724
1 12 2
783 780
1 15 2
337 37
1 4 2
669 618
1 7 2
33 612
1 13 2
674 794
1 2 2
233 694
1 6 2
343 257
1 3 2
210 394
1 15 2
288 93
1 14 2
456 558
1 6 2
79 20
1 2 2
332 793
1 3 2
487 407
1 12 2
748 672
1 6 2
381 40
1 6 2
26 285
1 5 2
743 406
1 11 2
645 727
1 5 2
211 490
1 11 2
285 246
1 13 2
292 27
1 12 2
13 146
1 10 2
591 509
1 14 2
563 384
1 9 2
382 27
1 6 2
443 560
1 7 2
519 579
1 7 2
170 651
1 8 2
527 632
1 2 2
659 785
1 8 2
195 702
1 10 2
92 564
1 2 2
8 528
1 4 2
38 120
1 15 2
520 219
1 12 2
356 725
1 3 2
66 132
1 7 2
294 419
1 2 2
342 81
1 2 2
282 780
1 15 2
547 674
1 6 2
368 411
1 15 2
57 300
1 7 2
140 66
1 6 2
566 312
1 12 2
1 567
1 11 2
490 4
1 6 2
710 792
1 10 2
481 276
1 4 2
679 455
1 3 2
282 151
1 11 2
764 643
1 2 2
584 420
1 14 2
451 107
1 6 2
345 571
1 8 2
199 221
1 4 2
798 684
1 11 2
408 357
1 13 2
419 701
1 15 2
264 614
1 4 2
164 535
1 2 2
452 661
1 4 2
445 86
1 14 2
41 719
1 10 2
344 648
1 6 2
155 312
1 3 2
411 793
1 5 2
632 725
1 6 2
640 473
1 4 2
13 552
1 2 2
146 600
1 13 2
511 459
1 9 2
398 39
1 3 2
189 670
1 7 2
441 727
1 14 2
70 302
1 10 2
525 293
1 12 2
193 207
1 3 2
603 513
1 15 2
124 224
1 13 2
330 371
1 4 2
189 208
1 13 2
618 172
1 11 2
335 550
1 9 2
188 176
1 6 2
218 713
1 7 2
199 310
1 3 2
785 431
1 9 2
673 154
1 3 2
452 705
1 11 2
256 442
1 10 2
81 744
1 8 2
222 598
1 14 2
138 684
1 6 2
548 86
1 15 2
365 202
1 15 2
512 420
1 15 2
161 664
1 9 2
26 73
1 15 2
262 170
1 12 2
129 665
1 15 2
393 607
1 11 2
493 685
1 11 2
181 298
1 6 2
317 493
1 8 2
344 599
1 2 2
549 585
1 9 2
61 4
1 13 2
595 222
1 2 2
68 709
1 8 2
185 157
1 2 2
393 301
1 3 2
47 787
1 2 2
643 22
1 8 2
147 123
1 12 2
316 32
1 8 2
129 33
1 8 2
143 185
1 4 2
728 372
1 8 2
65 437
1 9 2
608 15
1 2 2
424 787
1 2 2
71 328
1 6 2
438 342
1 12 2
765 275
1 9 2
95 643
1 12 2
141 660
1 12 2
730 755
1 5 2
419 526
1 6 2
201 153
1 9 2
618 735
1 9 2
624 470
1 12 2
283 699
1 5 2
510 124
1 15 2
155 499
1 7 2
592 102
1 9 2
525 735
1 10 2
389 535
1 10 2
404 139
1 9 2
381 19
1 2 2
475 444
1 6 2
564 227
1 7 2
443 744
1 10 2
781 244
1 6 2
727 707
1 5 2
736 290
1 12 2
92 679
1 12 2
581 479
1 12 2
495 689
1 5 2
199 92
1 8 2
215 502
1 14 2
629 166
1 9 2
128 346
1 5 2
286 26
1 12 2
416 188
1 7 2
385 203
1 7 2
742 448
1 2 2
728 707
1 2 2
299 748
1 6 2
527 410
1 4 2
123 702
1 2 2
284 84
1 9 2
241 575
1 4 2
254 561
1 12 2
271 84
1 6 2
307 176
1 2 2
456 775
1 12 2
178 154
1 18 2
375 216
1 14 2
685 539
1 6 2
76 620
1 20 2
713 43
1 30 2
168 252
1 8 2
145 771
1 24 2
657 386
1 22 2
677 513
1 8 2
562 368
1 24 2
547 222
1 8 2
507 526
1 22 2
418 724
