800 4780 2400
21 25 18 14 17 9 13 24 19 9 7 19 22 7 14 13 25 8 14 20 20 11 14 18 16 21 14 15 12 22 23 6 18 25 9 10 21 9 18 19 5 9 14 21 9 6 12 12 6 9 25 13 19 25 18 21 10 5 16 24 6 18 7 9 20 25 21 18 19 14 13 14 20 16 8 22 12 10 9 25 8 5 18 14 7 14 24 19 12 15 16 23 21 10 25 9 16 22 5 18 24 10 16 6 25 18 20 6 22 15 8 24 16 18 24 25 7 19 12 19 5 16 7 7 23 9 24 25 17 10 21 21 14 17 15 5 5 14 9 12 18 9 9 10 12 14 19 13 20 13 12 21 16 20 19 24 23 7 14 22 10 22 7 10 6 6 15 6 25 23 25 13 6 18 7 11 13 9 7 15 10 21 9 13 6 22 9 16 20 18 15 8 14 5 15 17 8 21 7 18 21 13 6 21 23 11 20 16 20 25 24 15 11 15 14 24 6 21 5 22 18 5 12 23 10 20 6 15 8 9 9 23 22 8 16 9 9 9 15 13 19 23 12 21 14 18 7 13 9 18 21 18 11 9 15 17 21 12 21 7 10 5 23 16 18 22 25 16 20 5 6 12 9 15 10 22 17 21 17 13 6 14 22 6 25 18 22 16 25 9 24 22 16 5 5 16 23 18 13 15 20 9 5 19 22 10 17 10 24 16 21 14 14 12 23 24 12 23 9 15 5 16 7 14 6 12 24 16 12 5 7 14 17 8 15 22 6 25 24 8 13 16 11 11 11 11 9 11 16 14 12 10 9 24 10 22 6 14 15 17 17 5 15 22 5 11 22 18 17 7 21 12 22 18 25 17 7 23 19 23 24 5 10 6 9 7 16 25 17 17 15 20 18 15 18 14 13 11 21 5 9 25 11 21 24 14 15 10 17 17 15 11 16 6 19 17 23 13 24 23 18 9 17 20 10 24 23 19 17 8 11 12 8 10 11 20 20 20 19 11 12 17 11 11 23 10 14 15 16 19 6 20 18 17 23 6 10 9 9 23 21 10 25 7 11 10 7 20 6 18 21 13 9 15 20 6 10 10 13 14 19 12 12 15 6 17 10 12 23 20 7 24 6 14 14 8 10 19 8 12 16 20 21 19 19 9 18 21 16 14 25 15 14 19 21 25 5 23 16 10 20 7 14 25 25 22 15 25 22 17 19 8 12 7 25 20 19 17 23 15 15 21 9 17 22 18 15 19 10 8 22 12 19 17 13 12 24 5 14 20 9 11 6 5 6 13 20 18 15 22 8 25 25 24 8 22 25 6 13 15 11 9 7 16 12 15 9 15 17 15 10 25 23 21 19 15 17 14 8 11 21 22 20 19 9 22 6 12 8 12 21 11 16 21 23 22 14 7 12 10 19 19 13 25 7 9 12 9 7 22 7 12 21 11 19 19 23 5 23 13 21 9 14 24 17 12 9 12 25 10 13 12 16 9 6 22 25 22 6 20 25 12 21 5 19 22 22 8 22 5 24 12 22 13 24 5 22 19 15 13 10 5 6 22 23 7 21 11 21 13 23 23 5 23 5 6 10 22 13 6 14 6 23 8 17 11 18 21 17 24 17 15 22 24 25 9 21 7 24 20 7 20 6 24 22 21 8 11 22 22 9 7 19 10 22 10 11 13 18 10 17 8 7 25 7 8 12 9 11 9 6 23 17 6 9 10 5 12 22 15 5 17 14 13 19 17 23 21 6 16 13 10 9 7 21 22 8 12 16 21 25 21 10 17 23 23 11 19 19 9 14 7 10 19 6 8 5 11 17 19
3 5 11 13 9 16 8 9 4 15 4 10 7 17 18 8 15 14 20 17 19 9 15 15 7 16 4 9 11 4 14 8 6 20 9 8 10 17 7 7 18 8 8 16 11 10 16 13 4 3 9 19 14 15 7 13 9 18 17 12 9 19 7 6 3 13 7 4 6 6 14 5 7 10 9 4 3 8 6 11 4 20 4 5 12 9 14 18 4 19 5 8 15 8 6 20 3 13 11 11 17 17 19 20 13 7 9 8 4 3 14 11 6 11 14 11 11 12 7 8 11 5 19 15 5 7 20 6 6 15 8 8 3 11 19 3 4 10 16 8 12 16 16 10 13 13 3 5 7 14 10 4 4 6 12 19 6 3 9 11 6 16 14 19 14 11 16 9 15 5 12 5 10 11 16 7 16 20 15 4 7 5 4 16 14 14 13 9 20 10 8 8 11 7 18 11 4 13 17 20 20 16 18 4 14 9 20 6 19 7 12 6 20 20 6 17 13 18 14 9 16 12 7 5 5 9 20 13 18 3 14 8 15 15 19 12 5 17 16 13 8 11 5 8 20 12 12 9 19 14 20 10 14 3 10 8 9 5 7 7 16 13 9 8 7 9 9 18 6 18 10 17 12 8 7 15 10 19 4 13 15 13 5 11 20 17 6 5 11 14 20 5 6 12 17 20 11 18 12 17 19 4 3 16 16 18 20 16 17 20 19 10 4 4 14 3 3 14 10 9 6 18 6 6 9 10 12 8 6 18 8 8 16 6 19 6 18 13 11 6 16 4 10 4 6 7 19 15 8 11 15 13 6 4 17 4 20 19 3 20 10 13 12 10 8 3 3 18 9 14 8 17 11 8 4 12 20 10 19 4 4 3 7 13 7 20 10 8 19 5 11 17 3 10 17 18 18 17 8 13 17 19 17 10 3 12 13 3 7 13 9 12 19 16 13 17 3 8 5 3 5 3 5 9 13 20 17 16 19 8 5 5 10 11 5 16 16 7 8 11 14 4 5 4 11 8 7 9 6 3 8 19 9 11 10 3 15 13 7 6 18 7 18 15 14 10 5 10 12 8 16 15 20 5 16 14 13 10 14 18 5 6 15 3 3 6 14 3 19 14 10 3 19 20 9 16 17 6 9 7 4 8 9 20 19 14 13 11 7 14 8 11 12 9 16 11 6 3 18 6 13 3 8 9 12 12 11 14 14 6 9 13 3 20 7 19 13 11 16 3 13 17 15 12 11 14 9 14 12 17 12 16 7 13 3 19 10 15 20 3 12 14 5 4 11 12 15 13 18 20 11 4 6 20 4 10 13 16 7 8 7 4 13 20 20 7 13 9 6 14 17 19 12 9 18 17 12 7 17 20 11 3 19 8 10 6 13 8 4 6 13 15 15 4 5 14 14 6 12 9 19 13 9 7 13 20 11 20 3 11 8 12 12 4 6 14 10 8 20 17 3 16 3 5 19 15 16 5 13 3 11 9 11 13 16 14 9 17 12 18 8 7 6 13 11 10 10 7 19 6 10 6 12 17 19 7 12 12 13 3 4 13 11 7 8 16 8 11 7 7 10 6 16 15 20 5 16 20 4 13 10 11 11 4 12 4 11 7 14 3 17 16 17 13 16 4 6 14 5 3 14 11 4 14 5 5 13 19 8 7 15 12 19 6 14 13 12 16 9 14 11 20 15 6 12 8 4 19 4 10 19 16 10 20 8 18 15 3 7 5 5 3 17 4 20 5 4 16 6 10 9 16 8 15 4 18 12 4 14 11 12 6 18 6 4 9 19 18 8 4 13 17 4 18 16 15 6 14 12 13
1 7 2
438 507
1 10 2
480 711
1 14 2
758 716
1 3 2
600 776
1 4 2
291 415
1 13 2
409 462
1 4 2
331 713
1 10 2
298 284
1 4 2
59 346
1 12 2
310 534
1 4 2
108 141
1 3 2
603 263
1 8 2
737 159
1 9 2
441 292
1 15 2
397 6
1 9 2
2 283
1 2 2
323 677
1 5 2
753 276
1 5 2
780 766
1 9 2
465 781
1 7 2
767 504
1 12 2
338 235
1 13 2
261 514
1 10 2
543 60
1 3 2
502 486
1 10 2
777 540
1 8 2
350 772
1 14 2
56 420
1 6 2
495 681
1 2 2
331 504
1 8 2
614 4
1 4 2
586 393
1 5 2
624 604
1 14 2
215 789
1 3 2
389 486
1 8 2
769 127
1 8 2
344 374
1 2 2
239 37
1 11 2
235 108
1 4 2
307 384
1 13 2
791 130
1 3 2
312 458
1 3 2
619 89
1 3 2
604 125
1 4 2
114 187
1 14 2
159 387
1 12 2
772 138
1 2 2
239 577
1 11 2
332 227
1 9 2
111 797
1 15 2
267 272
1 8 2
590 288
1 8 2
491 337
1 5 2
366 571
1 4 2
681 403
1 8 2
509 141
1 14 2
444 169
1 15 2
484 647
1 3 2
172 343
1 2 2
321 577
1 10 2
794 306
1 11 2
317 59
1 6 2
147 351
1 9 2
379 514
1 9 2
437 597
1 7 2
588 511
1 2 2
705 306
1 13 2
205 551
1 10 2
295 313
1 11 2
706 136
1 8 2
657 754
1 3 2
55 378
1 8 2
666 460
1 7 2
663 306
1 14 2
86 572
1 13 2
765 599
1 4 2
239 649
1 13 2
148 228
1 14 2
724 549
1 6 2
614 561
1 14 2
98 163
1 8 2
27 182
1 6 2
119 605
1 4 2
357 64
1 11 2
572 555
1 15 2
124 253
1 2 2
594 198
1 14 2
512 258
1 6 2
101 648
1 9 2
646 497
1 4 2
347 7
1 6 2
165 437
1 7 2
378 93
1 10 2
656 72
1 7 2
316 511
1 4 2
727 367
1 6 2
385 508
1 5 2
121 282
1 15 2
215 607
1 9 2
303 107
1 9 2
562 498
1 12 2
679 650
1 10 2
210 709
1 12 2
107 621
1 2 2
595 474
1 2 2
141 798
1 8 2
604 46
1 10 2
794 297
1 12 2
369 395
1 11 2
606 63
1 13 2
445 313
1 14 2
191 341
1 3 2
217 331
1 2 2
683 263
1 15 2
383 666
1 11 2
61 510
1 3 2
760 125
1 7 2
25 233
1 11 2
95 494
1 15 2
240 762
1 7 2
774 720
1 10 2
120 766
1 8 2
646 420
1 3 2
549 110
1 4 2
124 754
1 2 2
754 404
1 15 2
184 619
1 12 2
533 20
1 3 2
203 51
1 8 2
317 679
1 11 2
543 268
1 15 2
474 680
1 13 2
650 362
1 4 2
346 375
1 4 2
290 140
1 12 2
664 750
1 3 2
106 527
1 15 2
601 174
1 15 2
780 640
1 15 2
588 675
1 12 2
793 770
1 8 2
579 293
1 7 2
798 100
1 10 2
602 553
1 11 2
585 453
1 4 2
798 77
1 7 2
533 643
1 2 2
145 229
1 2 2
423 472
1 3 2
421 669
1 13 2
406 195
1 11 2
226 494
1 11 2
300 711
1 6 2
159 46
1 8 2
194 357
1 8 2
89 474
1 13 2
168 593
1 6 2
482 671
1 7 2
294 737
1 4 2
415 528
1 12 2
761 638
1 7 2
795 132
1 3 2
597 456
1 11 2
63 637
1 7 2
410 99
1 8 2
435 367
1 2 2
83 145
1 5 2
360 607
1 11 2
717 197
1 6 2
352 692
1 2 2
561 746
1 7 2
181 646
1 14 2
759 397
1 9 2
523 545
1 7 2
303 252
1 8 2
699 772
1 4 2
7 726
1 13 2
799 384
1 14 2
208 225
1 11 2
229 77
1 14 2
275 2
1 15 2
37 726
1 9 2
323 247
1 6 2
522 305
1 3 2
728 76
1 3 2
258 549
1 12 2
174 604
1 15 2
281 349
1 14 2
373 356
1 11 2
83 781
1 4 2
589 160
1 4 2
389 361
1 5 2
619 484
1 13 2
493 18
1 6 2
656 171
1 5 2
570 46
1 2 2
291 245
1 15 2
322 606
1 4 2
797 435
1 5 2
294 19
1 11 2
760 270
1 6 2
290 71
1 11 2
550 20
1 5 2
24 10
1 9 2
659 343
1 5 2
690 731
1 13 2
775 278
1 6 2
340 772
1 15 2
394 260
1 13 2
342 719
1 10 2
704 342
1 6 2
228 94
1 5 2
109 582
1 3 2
213 679
1 9 2
738 486
1 14 2
412 528
1 3 2
720 417
1 9 2
429 9
1 5 2
203 157
1 6 2
411 782
1 11 2
381 523
1 2 2
734 507
1 10 2
583 551
1 7 2
700 409
1 4 2
455 586
1 2 2
512 621
1 10 2
627 576
1 6 2
481 289
1 7 2
514 329
1 7 2
353 652
1 4 2
633 289
1 2 2
223 286
1 13 2
577 110
1 11 2
495 774
1 3 2
594 46
1 15 2
254 731
1 4 2
175 304
1 7 2
390 134
1 4 2
43 246
1 15 2
1 786
1 13 2
258 2
1 10 2
212 153
1 3 2
468 381
1 3 2
197 752
1 14 2
114 658
1 4 2
359 714
1 14 2
75 190
1 14 2
328 683
1 7 2
706 744
1 7 2
586 271
1 4 2
697 122
1 3 2
430 82
1 14 2
713 55
1 6 2
21 670
1 13 2
176 209
1 7 2
340 32
1 5 2
653 735
1 5 2
82 570
1 14 2
488 184
1 14 2
423 706
1 14 2
410 219
1 9 2
549 330
1 9 2
192 191
1 7 2
477 243
1 6 2
403 769
1 5 2
242 552
1 14 2
504 215
1 2 2
57 130
1 3 2
661 49
1 15 2
398 518
1 2 2
551 763
1 7 2
96 722
1 14 2
131 156
1 12 2
775 375
1 7 2
42 419
1 7 2
304 105
1 9 2
675 561
1 11 2
774 263
1 12 2
389 717
1 11 2
525 751
1 4 2
320 595
1 10 2
214 499
1 10 2
623 43
1 9 2
740 240
1 2 2
469 61
1 10 2
264 507
1 11 2
105 545
1 2 2
233 120
1 4 2
226 345
1 9 2
71 779
1 13 2
395 477
1 4 2
733 493
1 14 2
252 99
1 12 2
140 72
1 12 2
677 739
1 3 2
627 208
1 14 2
475 393
1 7 2
299 715
1 13 2
582 683
1 13 2
631 149
1 6 2
292 550
1 14 2
179 478
1 8 2
392 225
1 12 2
294 375
1 6 2
181 525
1 9 2
544 427
1 11 2
67 498
1 11 2
69 479
1 15 2
728 68
1 7 2
799 413
1 14 2
76 84
1 3 2
31 104
1 4 2
362 488
1 9 2
799 234
1 3 2
655 444
1 3 2
738 621
1 9 2
778 530
1 8 2
620 660
1 9 2
203 3
1 15 2
10 378
1 5 2
143 525
1 4 2
133 438
1 3 2
676 338
1 11 2
373 587
1 11 2
401 371
1 12 2
166 787
1 15 2
147 287
1 3 2
536 317
1 3 2
130 673
1 3 2
689 426
1 11 2
276 174
1 10 2
544 547
1 4 2
66 555
1 8 2
738 691
1 11 2
339 150
1 13 2
592 500
1 12 2
736 172
1 3 2
186 746
1 6 2
341 635
1 10 2
303 772
1 6 2
596 248
1 15 2
170 735
1 6 2
208 103
1 3 2
584 441
1 5 2
177 395
1 3 2
249 409
1 7 2
501 211
1 6 2
30 363
1 14 2
520 78
1 11 2
737 248
1 11 2
375 180
1 2 2
607 565
1 11 2
303 171
1 3 2
275 670
1 15 2
98 682
1 13 2
5 429
1 2 2
679 289
1 13 2
583 229
1 8 2
229 340
1 9 2
603 785
1 14 2
88 636
1 8 2
441 721
1 7 2
778 463
1 10 2
435 790
1 6 2
142 53
1 2 2
561 425
1 3 2
514 754
1 11 2
452 212
1 2 2
342 619
1 10 2
747 224
1 11 2
248 280
1 10 2
414 343
1 2 2
686 49
1 9 2
255 248
1 3 2
394 437
1 9 2
424 450
1 9 2
217 775
1 8 2
784 88
1 8 2
665 545
1 14 2
172 160
1 8 2
509 212
1 12 2
661 744
1 11 2
466 122
1 13 2
403 34
1 3 2
133 92
1 3 2
630 707
1 5 2
207 630
1 13 2
614 392
1 7 2
349 734
1 3 2
79 480
1 7 2
270 742
1 14 2
652 0
1 6 2
379 176
1 12 2
6 613
1 8 2
612 382
1 2 2
394 514
1 13 2
68 578
1 11 2
346 29
1 13 2
771 320
1 10 2
123 20
1 14 2
707 422
1 4 2
499 98
1 11 2
362 633
1 15 2
572 9
1 12 2
781 665
1 8 2
44 516
1 7 2
341 144
1 9 2
501 462
1 12 2
571 545
1 14 2
429 246
1 5 2
354 93
1 5 2
421 548
1 7 2
701 556
1 8 2
555 355
1 10 2
169 701
1 5 2
714 77
1 11 2
373 62
1 7 2
419 431
1 7 2
734 108
1 8 2
381 377
1 11 2
313 211
1 7 2
665 616
1 13 2
293 359
1 8 2
473 624
1 3 2
179 344
1 10 2
241 188
1 13 2
672 678
1 9 2
659 691
1 2 2
625 677
1 14 2
715 430
1 2 2
315 652
1 10 2
243 672
1 5 2
539 591
1 10 2
20 24
1 4 2
434 182
1 8 2
275 795
1 5 2
518 114
1 3 2
171 314
1 14 2
17 317
1 4 2
230 731
1 3 2
578 683
1 15 2
61 266
1 10 2
725 233
1 9 2
673 248
1 13 2
663 45
1 6 2
395 793
1 5 2
515 474
1 11 2
53 376
1 5 2
141 8
1 15 2
34 746
1 8 2
184 106
1 7 2
125 234
1 5 2
768 320
1 8 2
393 462
1 5 2
74 0
1 14 2
128 164
1 6 2
406 709
1 13 2
578 214
1 12 2
634 354
1 12 2
311 559
1 3 2
403 228
1 3 2
167 188
1 14 2
54 377
1 11 2
173 269
1 8 2
139 317
1 6 2
176 457
1 5 2
322 705
1 10 2
333 682
1 4 2
789 317
1 5 2
241 251
1 15 2
535 753
1 2 2
353 83
1 10 2
530 127
1 3 2
657 306
1 10 2
365 27
1 15 2
754 336
1 13 2
277 408
1 13 2
47 66
1 15 2
712 703
1 14 2
749 210
1 7 2
372 665
1 12 2
293 337
1 13 2
730 250
1 11 2
232 349
1 3 2
346 656
1 6 2
743 346
1 12 2
312 105
1 14 2
286 432
1 11 2
282 103
1 15 2
191 733
1 12 2
234 213
1 11 2
711 411
1 15 2
792 664
1 4 2
522 748
1 5 2
420 588
1 3 2
375 372
1 11 2
679 388
1 11 2
556 14
1 5 2
199 70
1 13 2
541 501
1 3 2
605 738
1 7 2
478 689
1 8 2
292 793
1 8 2
180 752
1 15 2
387 264
1 11 2
47 123
1 15 2
467 320
1 15 2
650 128
1 2 2
609 391
1 10 2
39 620
1 7 2
560 496
1 13 2
587 401
1 2 2
123 325
1 6 2
295 332
1 15 2
76 305
1 12 2
412 142
1 13 2
73 27
1 4 2
787 567
1 3 2
294 73
1 4 2
518 596
1 8 2
39 343
1 6 2
335 218
1 10 2
218 182
1 13 2
450 152
1 12 2
357 557
1 8 2
508 562
1 10 2
495 92
1 9 2
576 129
1 6 2
157 96
1 4 2
577 2
1 13 2
550 653
1 5 2
742 745
1 8 2
268 155
1 2 2
580 549
1 3 2
201 211
1 13 2
536 130
1 5 2
741 286
1 3 2
610 58
1 13 2
280 538
1 7 2
472 525
1 5 2
726 655
1 3 2
643 779
1 13 2
461 677
1 6 2
458 186
1 7 2
777 163
1 11 2
203 662
1 9 2
217 667
1 2 2
469 379
1 11 2
227 402
1 3 2
576 22
1 2 2
675 511
1 9 2
751 636
1 12 2
712 342
1 10 2
489 768
1 2 2
436 400
1 13 2
557 334
1 3 2
508 113
1 12 2
449 635
1 14 2
240 564
1 5 2
386 626
1 13 2
409 398
1 15 2
247 635
1 5 2
785 378
1 5 2
456 420
1 14 2
688 137
1 11 2
136 706
1 4 2
27 62
1 8 2
622 529
1 8 2
137 203
1 8 2
614 177
1 4 2
784 378
1 10 2
496 540
1 11 2
728 286
1 11 2
529 232
1 14 2
147 401
1 6 2
50 519
1 7 2
22 769
1 7 2
445 280
1 10 2
739 326
1 13 2
45 93
1 10 2
780 181
1 7 2
59 183
1 11 2
669 796
1 8 2
642 498
1 13 2
793 315
1 11 2
391 747
1 8 2
182 325
1 3 2
204 504
1 8 2
631 489
1 11 2
306 247
1 10 2
44 350
1 8 2
464 345
1 4 2
344 41
1 7 2
27 460
1 8 2
626 439
1 13 2
628 511
1 3 2
647 123
1 12 2
726 143
1 12 2
208 43
1 2 2
530 165
1 2 2
774 380
1 2 2
439 68
1 9 2
4 390
1 11 2
761 433
1 2 2
152 673
1 7 2
104 381
1 11 2
620 180
1 4 2
406 719
1 3 2
43 381
1 8 2
104 398
1 14 2
780 509
1 11 2
347 161
1 10 2
456 641
1 9 2
681 384
1 6 2
653 408
1 8 2
305 122
1 11 2
636 659
1 14 2
671 500
1 6 2
113 22
1 12 2
791 96
1 10 2
487 64
1 11 2
5 1
1 8 2
483 568
1 14 2
737 676
1 2 2
365 42
1 7 2
663 402
1 11 2
233 688
1 3 2
733 577
1 3 2
104 160
1 9 2
61 678
1 11 2
696 644
1 11 2
72 615
1 7 2
346 724
1 2 2
650 532
1 12 2
512 61
1 9 2
87 347
1 13 2
96 304
1 2 2
215 446
1 4 2
633 137
1 10 2
33 651
1 12 2
657 667
1 8 2
137 190
1 7 2
269 538
1 3 2
588 52
1 2 2
75 629
1 9 2
258 361
1 3 2
414 633
1 13 2
543 516
1 6 2
734 253
1 7 2
74 491
1 8 2
175 421
1 6 2
510 45
1 15 2
774 377
1 9 2
260 662
1 8 2
296 292
1 4 2
80 708
1 7 2
29 718
1 6 2
448 135
1 6 2
134 230
1 3 2
374 249
1 2 2
511 364
1 7 2
208 68
1 8 2
162 315
1 3 2
268 655
1 15 2
636 366
1 13 2
617 744
1 15 2
125 293
1 15 2
161 271
1 13 2
689 656
1 9 2
348 408
1 5 2
342 110
1 11 2
743 213
1 7 2
773 216
1 3 2
332 550
1 7 2
328 8
1 11 2
434 443
1 6 2
46 481
1 12 2
363 303
1 7 2
756 437
1 5 2
760 708
1 12 2
552 635
1 15 2
475 248
1 13 2
328 493
1 2 2
417 504
1 9 2
317 360
1 11 2
430 149
1 15 2
479 70
1 7 2
344 101
1 7 2
219 387
1 11 2
216 568
1 14 2
191 232
1 4 2
48 430
1 8 2
588 730
1 11 2
540 75
1 12 2
253 10
1 15 2
210 4
1 11 2
122 53
1 13 2
676 376
1 11 2
64 266
1 8 2
300 272
1 15 2
715 49
1 15 2
220 523
1 15 2
406 472
1 4 2
525 738
1 11 2
512 323
1 6 2
208 399
1 3 2
75 333
1 5 2
584 508
1 3 2
291 350
1 9 2
574 359
1 15 2
137 486
1 10 2
590 357
1 10 2
101 589
1 4 2
261 61
1 14 2
103 366
1 15 2
185 632
1 10 2
540 497
1 12 2
49 638
1 12 2
550 599
1 13 2
91 110
1 8 2
211 182
1 11 2
337 138
1 7 2
250 567
1 7 2
743 524
1 8 2
213 66
1 9 2
386 20
1 8 2
513 254
1 4 2
492 529
1 6 2
612 528
1 8 2
493 677
1 11 2
34 169
1 9 2
197 572
1 13 2
792 766
1 10 2
271 711
1 10 2
20 162
1 8 2
413 676
1 3 2
399 506
1 5 2
564 22
1 8 2
98 224
1 3 2
446 310
1 9 2
100 487
1 3 2
216 144
1 2 2
16 440
1 8 2
30 518
1 12 2
785 664
1 11 2
0 348
1 13 2
690 373
1 15 2
12 386
1 13 2
577 606
1 11 2
667 478
1 9 2
428 198
1 15 2
582 191
1 3 2
664 511
1 2 2
468 53
1 7 2
9 297
1 5 2
8 54
1 7 2
10 523
1 9 2
541 23
1 6 2
315 80
1 10 2
483 462
1 14 2
556 716
1 13 2
743 401
1 5 2
433 239
1 8 2
762 494
1 4 2
56 639
1 4 2
272 608
1 13 2
7 779
1 10 2
357 666
1 7 2
590 516
1 12 2
393 149
1 4 2
81 618
1 4 2
688 485
1 9 2
774 41
1 7 2
475 731
1 15 2
507 748
1 14 2
651 591
1 2 2
645 689
1 5 2
440 160
1 3 2
701 653
1 5 2
524 19
1 12 2
202 161
1 11 2
756 9
1 7 2
474 90
1 15 2
239 106
1 12 2
590 118
1 2 2
642 561
1 11 2
519 623
1 6 2
576 695
1 9 2
418 246
1 6 2
694 220
1 5 2
798 285
1 12 2
397 625
1 8 2
798 572
1 13 2
647 12
1 10 2
332 265
1 11 2
402 462
1 14 2
594 348
1 7 2
393 775
1 12 2
247 113
1 9 2
304 409
1 7 2
115 495
1 14 2
365 596
1 5 2
579 689
1 7 2
61 247
1 9 2
776 339
1 12 2
58 172
1 11 2
82 256
1 8 2
516 695
1 15 2
561 575
1 3 2
27 96
1 8 2
612 597
1 11 2
113 52
1 11 2
477 354
1 13 2
444 634
1 10 2
192 103
1 2 2
468 664
1 13 2
86 299
1 9 2
493 705
1 3 2
542 448
1 3 2
652 58
1 15 2
259 789
1 3 2
226 447
1 7 2
589 486
1 5 2
579 539
1 4 2
234 402
1 5 2
597 95
1 3 2
400 534
1 3 2
261 218
1 4 2
116 307
1 3 2
314 429
1 10 2
402 96
1 3 2
115 129
1 6 2
278 377
1 12 2
184 695
1 4 2
435 727
1 9 2
450 571
1 12 2
661 39
1 2 2
598 673
1 12 2
298 548
1 8 2
732 316
1 11 2
339 422
1 11 2
225 213
1 6 2
27 620
1 5 2
639 681
1 7 2
51 327
1 8 2
147 500
1 6 2
469 706
1 14 2
118 235
1 3 2
353 687
1 15 2
729 735
1 10 2
367 695
1 14 2
243 251
1 7 2
690 77
1 13 2
780 398
1 6 2
259 788
1 14 2
559 241
1 14 2
333 780
1 12 2
147 422
1 5 2
566 214
1 4 2
7 48
1 10 2
303 95
1 4 2
428 110
1 12 2
361 481
1 2 2
508 104
1 12 2
729 88
1 15 2
127 468
1 2 2
189 454
1 4 2
211 20
1 6 2
216 659
1 8 2
384 654
1 4 2
747 764
1 6 2
482 198
1 4 2
600 689
1 5 2
605 462
1 3 2
164 100
1 15 2
406 360
1 11 2
498 446
1 8 2
661 553
1 15 2
316 286
1 4 2
609 792
1 10 2
18 157
1 15 2
155 260
1 15 2
164 712
1 6 2
276 153
1 15 2
225 32
1 8 2
672 168
1 8 2
20 414
1 8 2
565 603
1 6 2
433 162
1 8 2
594 458
1 13 2
13 556
1 10 2
27 86
1 14 2
527 497
1 4 2
253 606
1 5 2
106 422
1 7 2
318 712
1 2 2
664 500
1 4 2
383 755
1 2 2
534 20
1 4 2
403 191
1 8 2
480 670
1 10 2
28 381
1 3 2
37 158
1 13 2
361 292
1 5 2
707 709
1 14 2
440 695
1 5 2
51 141
1 9 2
749 474
1 15 2
331 403
1 7 2
716 43
1 5 2
204 521
1 9 2
180 598
1 10 2
496 651
1 2 2
273 504
1 11 2
597 308
1 6 2
371 264
1 10 2
759 692
1 4 2
53 766
1 2 2
601 409
1 6 2
346 684
1 8 2
297 562
1 7 2
346 179
1 15 2
82 446
1 13 2
675 536
1 15 2
178 114
1 4 2
547 337
1 10 2
788 539
1 9 2
441 455
1 11 2
161 665
1 4 2
713 309
1 8 2
550 344
1 7 2
230 496
1 5 2
591 629
1 8 2
598 609
1 12 2
158 761
1 2 2
279 17
1 6 2
493 567
1 9 2
25 19
1 14 2
546 462
1 8 2
405 3
1 14 2
331 132
1 10 2
610 339
1 9 2
324 414
1 10 2
733 302
1 10 2
249 66
1 2 2
629 561
1 5 2
432 208
1 14 2
692 255
1 12 2
692 43
1 3 2
771 700
1 11 2
77 196
1 14 2
763 607
1 7 2
240 584
1 4 2
374 36
1 7 2
493 176
1 4 2
92 624
1 15 2
689 669
1 8 2
57 43
1 15 2
386 204
1 4 2
4 166
1 14 2
403 760
1 10 2
762 107
1 12 2
248 495
1 8 2
279 323
1 7 2
30 445
1 10 2
41 546
1 9 2
491 312
1 6 2
360 634
1 15 2
493 784
1 11 2
301 437
1 10 2
492 556
1 10 2
758 170
1 3 2
202 739
1 11 2
190 198
1 10 2
230 761
1 8 2
352 228
1 13 2
53 493
1 4 2
378 306
1 2 2
63 469
1 12 2
371 28
1 9 2
485 257
1 7 2
337 33
1 12 2
63 774
1 15 2
701 486
1 15 2
520 126
1 9 2
736 30
1 8 2
82 521
1 14 2
787 355
1 12 2
198 660
1 14 2
463 422
1 3 2
529 732
1 14 2
104 530
1 12 2
128 415
1 4 2
644 147
1 11 2
427 773
1 15 2
320 239
1 6 2
461 408
1 12 2
610 286
1 2 2
566 180
1 6 2
1 61
1 12 2
277 646
1 12 2
293 407
1 15 2
11 744
1 10 2
795 568
1 10 2
329 553
1 14 2
670 560
1 7 2
736 448
1 3 2
374 97
1 5 2
59 732
1 15 2
627 706
1 7 2
271 90
1 15 2
66 706
1 7 2
680 251
1 11 2
790 396
1 2 2
72 308
1 5 2
525 161
1 15 2
313 39
1 7 2
69 592
1 9 2
513 479
1 13 2
50 106
1 3 2
473 78
1 9 2
601 53
1 11 2
726 480
1 7 2
322 411
1 8 2
140 238
1 3 2
356 435
1 8 2
383 354
1 7 2
324 525
1 15 2
764 712
1 14 2
724 366
1 11 2
244 414
1 8 2
794 660
1 6 2
270 105
1 14 2
159 440
1 7 2
3 42
1 3 2
403 771
1 12 2
177 33
1 5 2
760 174
1 3 2
247 349
1 11 2
84 49
1 7 2
91 768
1 3 2
736 268
1 5 2
333 504
1 3 2
185 382
1 15 2
96 59
1 10 2
704 277
1 15 2
566 507
1 10 2
761 48
1 6 2
424 79
1 10 2
130 403
1 6 2
213 248
1 12 2
448 399
1 7 2
7 631
1 14 2
208 280
1 11 2
718 412
1 7 2
41 738
1 13 2
214 515
1 4 2
747 67
1 8 2
629 236
1 3 2
718 699
1 5 2
284 744
1 5 2
399 769
1 9 2
264 138
1 2 2
385 732
1 6 2
257 134
1 5 2
459 467
1 4 2
181 48
1 5 2
549 140
1 10 2
620 113
1 8 2
287 757
1 15 2
501 108
1 9 2
227 763
1 6 2
546 779
1 7 2
763 611
1 6 2
108 40
1 6 2
298 285
1 2 2
104 757
1 10 2
788 320
1 9 2
153 294
1 5 2
250 271
1 2 2
258 637
1 5 2
381 100
1 4 2
313 462
1 6 2
317 286
1 5 2
263 292
1 5 2
440 644
1 9 2
349 20
1 15 2
524 509
1 8 2
469 150
1 12 2
67 294
1 2 2
704 39
1 6 2
460 75
1 13 2
258 711
1 6 2
162 475
1 6 2
484 401
1 13 2
335 417
1 13 2
636 592
1 15 2
13 466
1 2 2
570 747
1 3 2
458 75
1 6 2
351 253
1 6 2
690 171
1 14 2
301 798
1 11 2
667 276
1 11 2
34 369
1 5 2
55 262
1 9 2
79 462
1 2 2
731 32
1 3 2
318 23
1 7 2
69 114
1 7 2
215 573
1 2 2
94 394
1 4 2
658 486
1 12 2
363 97
1 12 2
527 748
1 8 2
784 309
1 12 2
715 739
1 3 2
709 761
1 8 2
699 225
1 6 2
252 78
1 2 2
731 542
1 11 2
464 469
1 3 2
527 611
1 2 2
314 389
1 6 2
779 227
1 3 2
116 546
1 13 2
542 701
1 3 2
424 796
1 5 2
615 643
1 15 2
696 104
1 10 2
729 27
1 12 2
274 336
1 14 2
18 188
1 14 2
264 153
1 15 2
532 569
1 12 2
67 56
1 10 2
550 385
1 11 2
637 521
1 13 2
46 529
1 10 2
340 416
1 3 2
407 774
1 3 2
240 454
1 5 2
570 237
1 9 2
229 671
1 2 2
716 357
1 14 2
220 512
1 10 2
780 657
1 2 2
725 584
1 14 2
559 31
1 14 2
146 352
1 13 2
758 671
1 8 2
159 395
1 4 2
708 465
1 13 2
116 407
1 4 2
271 438
1 9 2
659 482
1 15 2
180 684
1 14 2
677 797
1 6 2
259 134
1 3 2
651 380
1 15 2
372 339
1 4 2
137 106
1 15 2
126 230
1 8 2
674 376
1 4 2
152 530
1 9 2
281 640
1 6 2
254 404
1 7 2
386 364
1 2 2
0 303
1 15 2
687 309
1 6 2
560 141
1 10 2
662 234
1 8 2
772 538
1 5 2
690 249
1 6 2
708 588
1 15 2
738 355
1 8 2
18 67
1 5 2
673 764
1 10 2
329 493
1 5 2
792 619
1 3 2
694 663
1 3 2
637 328
1 9 2
196 451
1 13 2
244 112
1 2 2
35 198
1 11 2
3 54
1 4 2
139 271
1 11 2
403 663
1 3 2
159 590
1 3 2
169 185
1 10 2
24 737
1 7 2
461 613
1 3 2
760 215
1 14 2
765 187
1 6 2
290 366
1 10 2
697 797
1 4 2
261 346
1 6 2
611 375
1 3 2
200 18
1 2 2
400 407
1 9 2
262 5
1 12 2
719 357
1 10 2
778 312
1 10 2
568 681
1 5 2
272 226
1 14 2
194 14
1 9 2
372 116
1 14 2
539 100
1 12 2
181 151
1 13 2
154 237
1 10 2
796 708
1 9 2
470 6
1 10 2
750 512
1 13 2
464 326
1 7 2
164 245
1 12 2
742 392
1 15 2
678 541
1 14 2
434 547
1 2 2
56 734
1 12 2
434 274
1 15 2
578 401
1 10 2
9 176
1 9 2
413 470
1 14 2
575 318
1 13 2
611 657
1 4 2
769 1
1 3 2
320 705
1 9 2
369 269
1 14 2
347 149
1 12 2
415 771
1 15 2
199 637
1 3 2
288 82
1 5 2
95 665
1 3 2
219 94
1 7 2
438 296
1 7 2
633 740
1 3 2
698 463
1 2 2
225 354
1 8 2
798 367
1 9 2
766 314
1 15 2
452 332
1 10 2
370 431
1 2 2
628 135
1 11 2
225 436
1 9 2
318 613
1 5 2
777 743
1 10 2
209 64
1 7 2
456 56
1 5 2
455 186
1 4 2
582 444
1 12 2
183 257
1 8 2
391 529
1 3 2
490 115
1 13 2
504 716
1 10 2
321 673
1 10 2
520 80
1 14 2
281 15
1 15 2
497 79
1 13 2
376 626
1 12 2
137 560
1 2 2
768 616
1 9 2
553 78
1 2 2
58 620
1 9 2
276 728
1 12 2
685 482
1 15 2
407 676
1 13 2
431 705
1 10 2
555 357
1 14 2
620 19
1 3 2
148 766
1 4 2
180 639
1 14 2
506 134
1 13 2
441 488
1 9 2
495 7
1 12 2
672 61
1 2 2
394 449
1 11 2
770 772
1 2 2
494 569
1 9 2
716 34
1 5 2
75 142
1 7 2
471 607
1 8 2
85 311
1 9 2
572 638
1 3 2
130 743
1 6 2
598 32
1 9 2
584 134
1 2 2
390 554
1 15 2
530 368
1 12 2
312 535
1 5 2
431 371
1 10 2
348 59
1 3 2
273 239
1 3 2
444 440
1 11 2
119 59
1 2 2
432 27
1 2 2
601 236
1 2 2
301 135
1 6 2
78 273
1 10 2
22 510
1 4 2
324 299
1 6 2
620 636
1 3 2
58 350
1 3 2
487 48
1 11 2
544 289
1 12 2
435 746
1 6 2
380 102
1 12 2
596 511
1 2 2
48 306
1 8 2
540 632
1 4 2
475 759
1 6 2
79 338
1 5 2
683 66
1 15 2
65 189
1 2 2
218 94
1 14 2
635 401
1 2 2
390 90
1 6 2
252 633
1 10 2
304 514
1 14 2
407 607
1 12 2
501 757
1 4 2
500 181
1 13 2
224 539
1 12 2
273 534
1 11 2
59 644
1 15 2
669 313
1 9 2
16 326
1 8 2
47 316
1 4 2
539 122
1 13 2
119 496
1 15 2
247 336
1 2 2
375 341
1 6 2
85 379
1 5 2
345 443
1 10 2
62 285
1 5 2
545 785
1 3 2
234 416
1 3 2
210 274
1 3 2
418 575
1 7 2
149 481
1 7 2
354 490
1 2 2
450 641
1 6 2
56 685
1 6 2
360 572
1 10 2
789 362
1 2 2
362 24
1 8 2
532 539
1 9 2
582 349
1 14 2
366 483
1 15 2
640 548
1 10 2
113 276
1 5 2
728 7
1 10 2
158 536
1 10 2
735 526
1 12 2
347 505
1 8 2
345 750
1 2 2
124 221
1 6 2
411 228
1 5 2
551 135
1 13 2
357 469
1 9 2
763 755
1 2 2
34 113
1 4 2
665 315
1 5 2
252 392
1 6 2
142 758
1 5 2
789 326
1 14 2
138 474
1 9 2
173 360
1 6 2
351 466
1 14 2
279 696
1 9 2
43 774
1 3 2
327 80
1 7 2
213 689
1 8 2
381 449
1 2 2
274 497
1 12 2
144 68
1 8 2
89 785
1 12 2
147 266
1 11 2
447 304
1 12 2
273 443
1 9 2
250 141
1 10 2
681 446
1 11 2
516 779
1 4 2
194 547
1 12 2
787 773
1 15 2
346 74
1 10 2
478 688
1 11 2
103 312
1 11 2
343 206
1 3 2
153 576
1 14 2
518 706
1 9 2
285 315
1 5 2
10 338
1 15 2
550 484
1 3 2
629 781
1 14 2
366 563
1 11 2
634 636
1 5 2
75 430
1 6 2
213 20
1 12 2
61 163
1 14 2
22 335
1 12 2
406 583
1 3 2
638 516
1 3 2
66 615
1 10 2
345 399
1 4 2
472 283
1 15 2
593 366
1 13 2
725 697
1 14 2
260 396
1 13 2
568 549
1 11 2
29 630
1 12 2
360 749
1 8 2
612 615
1 5 2
254 600
1 10 2
488 579
1 2 2
425 238
1 5 2
50 719
1 7 2
18 9
1 7 2
551 155
1 14 2
669 418
1 4 2
29 346
1 8 2
575 430
1 13 2
319 81
1 2 2
362 580
1 2 2
701 414
1 7 2
56 522
1 5 2
80 715
1 11 2
770 639
1 3 2
222 512
1 15 2
678 35
1 13 2
306 387
1 15 2
626 530
1 9 2
95 332
1 7 2
466 572
1 7 2
191 490
1 6 2
644 404
1 4 2
515 442
1 7 2
183 240
1 13 2
594 429
1 2 2
761 559
1 9 2
13 799
1 8 2
439 183
1 13 2
576 474
1 5 2
4 489
1 7 2
589 523
1 12 2
740 182
1 2 2
105 602
1 14 2
524 655
1 14 2
581 49
1 5 2
441 173
1 9 2
166 111
1 15 2
91 179
1 2 2
88 211
1 2 2
754 355
1 5 2
500 288
1 15 2
233 571
1 2 2
697 634
1 5 2
670 751
1 14 2
463 140
1 14 2
711 398
1 6 2
139 457
1 6 2
487 11
1 7 2
707 541
1 8 2
336 677
1 2 2
140 43
1 3 2
390 788
1 11 2
487 350
1 4 2
623 507
1 14 2
488 328
1 5 2
366 733
1 7 2
411 632
1 15 2
450 166
1 7 2
410 233
1 9 2
116 388
1 6 2
219 212
1 10 2
421 58
1 14 2
739 245
1 10 2
149 709
1 5 2
573 287
1 15 2
785 129
1 10 2
393 374
1 14 2
308 612
1 6 2
620 734
1 4 2
719 788
1 10 2
348 171
1 3 2
183 778
1 8 2
525 532
1 6 2
327 374
1 7 2
300 61
1 14 2
590 474
1 10 2
652 111
1 3 2
390 38
1 5 2
368 518
1 15 2
612 250
1 2 2
586 344
1 13 2
103 754
1 8 2
157 755
1 4 2
286 110
1 4 2
446 752
1 15 2
117 340
1 9 2
772 732
1 7 2
710 379
1 12 2
748 746
1 4 2
451 751
1 11 2
385 259
1 4 2
403 671
1 5 2
471 620
1 2 2
766 221
1 3 2
472 436
1 14 2
136 187
1 11 2
421 797
1 7 2
32 85
1 15 2
154 389
1 9 2
595 190
1 15 2
27 506
1 5 2
643 736
1 14 2
641 197
1 12 2
225 679
1 5 2
254 601
1 7 2
577 671
1 2 2
669 556
1 8 2
443 616
1 8 2
142 250
1 14 2
362 178
1 3 2
404 191
1 2 2
39 517
1 14 2
500 605
1 15 2
604 116
1 5 2
160 311
1 4 2
247 642
1 13 2
250 296
1 3 2
644 687
1 15 2
699 399
1 4 2
101 396
1 9 2
187 502
1 14 2
284 795
1 14 2
82 113
1 8 2
145 140
1 6 2
143 793
1 15 2
607 301
1 5 2
575 201
1 13 2
369 3
1 9 2
443 568
1 14 2
82 453
1 8 2
605 123
1 15 2
550 33
1 12 2
324 403
1 7 2
601 118
1 4 2
349 680
1 11 2
442 160
1 15 2
561 785
1 11 2
365 797
1 3 2
484 451
1 9 2
746 582
1 9 2
297 221
1 7 2
372 666
1 10 2
626 360
1 13 2
659 21
1 14 2
99 290
1 2 2
589 381
1 10 2
628 670
1 13 2
362 235
1 12 2
529 150
1 10 2
612 671
1 3 2
486 584
1 12 2
277 30
1 2 2
179 775
1 4 2
630 467
1 14 2
94 64
1 5 2
439 33
1 4 2
36 711
1 6 2
670 360
1 7 2
617 37
1 3 2
469 28
1 12 2
645 377
1 8 2
506 334
1 13 2
483 318
1 6 2
595 361
1 11 2
308 431
1 2 2
402 643
1 4 2
155 489
1 8 2
210 689
1 9 2
264 320
1 11 2
709 786
1 6 2
465 716
1 5 2
666 712
1 6 2
119 57
1 11 2
774 112
1 3 2
136 775
1 4 2
128 596
1 8 2
491 652
1 14 2
215 38
1 5 2
738 461
1 13 2
374 731
1 4 2
753 379
1 10 2
399 403
1 4 2
369 421
1 2 2
744 630
1 9 2
141 79
1 5 2
713 633
1 9 2
578 207
1 3 2
160 128
1 13 2
148 151
1 12 2
302 23
1 5 2
105 737
1 13 2
264 208
1 6 2
367 587
1 12 2
358 118
1 3 2
574 551
1 10 2
233 51
1 7 2
558 757
1 14 2
305 797
1 4 2
588 401
1 6 2
574 256
1 11 2
518 215
1 8 2
594 707
1 3 2
90 327
1 8 2
667 225
1 6 2
626 435
1 13 2
247 569
1 7 2
696 250
1 15 2
365 14
1 9 2
276 369
1 8 2
78 517
1 11 2
204 329
1 13 2
62 652
1 3 2
418 329
1 3 2
300 510
1 8 2
279 740
1 9 2
261 656
1 14 2
213 45
1 2 2
546 513
1 6 2
472 771
1 12 2
319 22
1 14 2
551 625
1 9 2
165 402
1 8 2
396 169
1 11 2
429 6
1 8 2
103 44
1 15 2
134 164
1 14 2
205 658
1 2 2
220 679
1 10 2
291 772
1 9 2
421 187
1 4 2
416 260
1 10 2
339 209
1 9 2
728 612
1 2 2
202 118
1 12 2
634 332
1 7 2
608 767
1 7 2
262 240
1 13 2
725 707
1 10 2
235 262
1 11 2
466 227
1 10 2
627 740
1 3 2
336 756
1 12 2
236 539
1 8 2
645 769
1 3 2
555 729
1 4 2
80 240
1 10 2
651 48
1 2 2
235 12
1 9 2
26 732
1 10 2
794 97
1 4 2
752 429
1 10 2
154 568
1 3 2
18 361
1 7 2
748 418
1 12 2
193 337
1 3 2
459 189
1 6 2
651 623
1 10 2
477 115
1 15 2
379 41
1 3 2
78 449
1 5 2
79 750
1 10 2
594 342
1 9 2
88 98
1 9 2
325 761
1 13 2
728 509
1 6 2
465 657
1 12 2
416 375
1 10 2
788 517
1 13 2
492 588
1 9 2
586 430
1 2 2
265 159
1 13 2
534 232
1 4 2
795 359
1 7 2
207 343
1 2 2
411 203
1 2 2
558 319
1 7 2
93 70
1 7 2
292 702
1 8 2
88 411
1 2 2
222 75
1 7 2
234 766
1 15 2
466 698
1 3 2
556 111
1 2 2
760 340
1 3 2
634 75
1 6 2
713 679
1 10 2
299 39
1 7 2
457 475
1 10 2
2 346
1 12 2
10 418
1 9 2
703 125
1 8 2
772 22
1 5 2
259 488
1 15 2
131 433
1 6 2
468 256
1 8 2
784 607
1 4 2
687 324
1 9 2
378 604
1 15 2
215 515
1 3 2
253 720
1 6 2
658 148
1 15 2
639 434
1 14 2
326 180
1 9 2
586 560
1 14 2
502 4
1 12 2
398 180
1 11 2
643 30
1 14 2
14 700
1 3 2
415 547
1 6 2
308 418
1 10 2
392 252
1 13 2
133 642
1 13 2
797 149
1 6 2
335 474
1 7 2
366 193
1 5 2
734 284
1 2 2
624 55
1 6 2
320 94
1 12 2
426 144
1 6 2
506 519
1 2 2
450 101
1 9 2
173 723
1 3 2
208 577
1 5 2
601 428
1 5 2
730 46
1 5 2
358 576
1 8 2
331 189
1 6 2
490 788
1 7 2
688 363
1 6 2
156 311
1 6 2
532 401
1 10 2
289 276
1 15 2
670 709
1 4 2
325 617
1 11 2
467 777
1 10 2
259 614
1 8 2
583 4
1 12 2
721 294
1 10 2
757 162
1 12 2
84 542
1 4 2
491 467
1 4 2
178 110
1 15 2
547 331
1 7 2
718 462
1 6 2
590 207
1 3 2
425 64
1 15 2
604 60
1 4 2
434 525
1 11 2
513 490
1 14 2
625 146
1 14 2
317 282
1 6 2
130 636
1 2 2
675 440
1 2 2
460 65
1 5 2
517 354
1 9 2
126 790
1 12 2
398 636
1 6 2
679 24
1 6 2
487 480
1 7 2
313 6
1 4 2
541 460
1 9 2
714 391
1 4 2
115 796
1 11 2
451 257
1 15 2
538 494
1 15 2
170 561
1 3 2
467 99
1 15 2
419 636
1 7 2
175 607
1 11 2
563 271
1 12 2
515 351
1 11 2
255 137
1 7 2
318 267
1 10 2
154 680
1 8 2
761 43
1 15 2
392 75
1 7 2
487 780
1 7 2
246 533
1 8 2
372 36
1 14 2
708 281
1 5 2
570 374
1 13 2
142 45
1 8 2
466 266
1 3 2
127 189
1 3 2
79 790
1 7 2
285 255
1 15 2
271 547
1 8 2
580 26
1 4 2
254 672
1 14 2
573 686
1 4 2
480 88
1 5 2
217 767
1 10 2
768 784
1 9 2
477 613
1 8 2
715 774
1 4 2
113 606
1 15 2
682 753
1 6 2
116 574
1 12 2
502 447
1 5 2
596 65
1 11 2
431 174
1 8 2
249 166
1 15 2
347 46
1 3 2
378 779
1 10 2
17 641
1 3 2
703 90
1 2 2
692 709
1 4 2
454 661
1 13 2
180 415
1 4 2
103 405
1 10 2
556 354
1 15 2
389 649
1 7 2
693 337
1 10 2
429 318
1 4 2
387 467
1 4 2
394 226
1 13 2
628 653
1 12 2
777 246
1 14 2
706 190
1 5 2
194 129
1 8 2
233 372
1 9 2
359 633
1 4 2
273 81
1 12 2
276 376
1 2 2
98 777
1 4 2
220 665
1 11 2
1 320
1 2 2
116 684
1 2 2
483 510
1 3 2
435 553
1 2 2
6 22
1 4 2
748 673
1 5 2
591 520
1 13 2
513 613
1 15 2
361 255
1 9 2
250 163
1 11 2
420 394
1 7 2
754 64
1 12 2
372 238
1 2 2
573 758
1 8 2
141 419
1 15 2
663 243
1 5 2
42 350
1 12 2
106 7
1 5 2
98 756
1 4 2
27 347
1 7 2
587 705
1 15 2
82 248
1 8 2
714 279
1 14 2
295 49
1 12 2
387 94
1 6 2
567 32
1 11 2
671 534
1 10 2
647 638
1 8 2
429 281
1 12 2
723 317
1 11 2
224 796
1 14 2
645 565
1 4 2
260 312
1 14 2
639 245
1 13 2
610 575
1 4 2
536 43
1 2 2
682 223
1 8 2
107 713
1 2 2
351 765
1 7 2
741 293
1 13 2
412 552
1 13 2
498 721
1 7 2
118 635
1 14 2
5 770
1 10 2
455 375
1 8 2
143 641
1 10 2
265 521
1 15 2
483 109
1 9 2
377 387
1 2 2
453 514
1 13 2
419 647
1 13 2
353 223
1 12 2
611 188
1 13 2
520 130
1 12 2
480 304
1 8 2
301 674
1 15 2
769 34
1 13 2
325 730
1 2 2
194 497
1 6 2
411 738
1 4 2
486 241
1 6 2
286 250
1 4 2
763 28
1 12 2
427 431
1 5 2
304 249
1 2 2
170 445
1 6 2
379 712
1 4 2
238 327
1 2 2
524 27
1 4 2
229 512
1 4 2
300 564
1 13 2
414 28
1 11 2
572 40
1 4 2
243 568
1 10 2
521 549
1 8 2
358 150
1 11 2
117 563
1 14 2
325 677
1 2 2
543 235
1 9 2
414 220
1 2 2
144 36
1 6 2
602 346
1 6 2
778 457
1 10 2
446 778
1 8 2
59 556
1 7 2
411 351
1 15 2
745 571
1 14 2
476 175
1 2 2
497 331
1 13 2
127 159
1 9 2
748 464
1 3 2
132 406
1 15 2
113 761
1 2 2
465 122
1 9 2
523 556
1 6 2
258 641
1 2 2
186 273
1 2 2
514 450
1 11 2
776 227
1 3 2
449 452
1 3 2
214 733
1 2 2
70 691
1 13 2
437 653
1 13 2
227 193
1 11 2
302 5
1 8 2
753 797
1 7 2
393 68
1 11 2
694 258
1 10 2
294 532
1 2 2
148 89
1 12 2
353 114
1 2 2
507 793
1 14 2
87 509
1 15 2
612 492
1 14 2
630 502
1 4 2
709 509
1 12 2
129 35
1 7 2
714 740
1 11 2
242 671
1 15 2
507 455
1 8 2
154 118
1 11 2
613 520
1 2 2
328 319
1 9 2
781 269
1 7 2
258 84
1 6 2
149 99
1 14 2
536 434
1 13 2
606 693
1 3 2
260 588
1 8 2
88 404
1 9 2
204 573
1 15 2
266 707
1 2 2
538 755
1 14 2
669 114
1 9 2
611 477
1 5 2
101 707
1 12 2
572 151
1 9 2
763 356
1 3 2
296 118
1 14 2
31 574
1 13 2
769 294
1 9 2
406 656
1 7 2
161 774
1 8 2
442 770
1 13 2
667 593
1 11 2
56 642
1 10 2
656 240
1 6 2
70 761
1 11 2
551 537
1 15 2
173 623
1 4 2
348 761
1 14 2
717 116
1 8 2
781 582
1 9 2
110 209
1 4 2
493 749
1 2 2
497 552
1 4 2
676 711
1 15 2
285 163
1 4 2
626 546
1 10 2
590 396
1 13 2
280 493
1 6 2
798 269
1 8 2
57 751
1 14 2
386 494
1 9 2
424 242
1 14 2
234 79
1 10 2
43 486
1 13 2
550 46
1 15 2
199 256
1 6 2
306 243
1 15 2
386 267
1 4 2
516 146
1 10 2
265 705
1 5 2
218 689
1 13 2
493 492
1 7 2
654 755
1 9 2
533 540
1 14 2
70 29
1 6 2
355 714
1 5 2
699 26
1 4 2
445 296
1 9 2
750 151
1 7 2
180 391
1 3 2
557 495
1 10 2
465 791
1 8 2
7 442
1 12 2
30 370
1 13 2
172 316
1 9 2
199 259
1 12 2
261 165
1 15 2
641 229
1 4 2
122 647
1 5 2
720 328
1 14 2
149 769
1 10 2
272 392
1 11 2
542 494
1 14 2
734 770
1 13 2
209 144
1 6 2
354 211
1 7 2
179 752
1 11 2
378 446
1 13 2
534 189
1 3 2
276 577
1 2 2
769 14
1 4 2
715 53
1 13 2
57 135
1 11 2
244 292
1 13 2
134 41
1 9 2
610 283
1 12 2
621 709
1 2 2
73 723
1 6 2
768 307
1 9 2
734 443
1 14 2
155 588
1 7 2
322 592
1 4 2
498 370
1 7 2
610 359
1 4 2
165 102
1 5 2
586 435
1 15 2
680 127
1 7 2
236 269
1 2 2
548 652
1 13 2
672 299
1 6 2
280 633
1 3 2
380 251
1 15 2
167 186
1 11 2
208 127
1 13 2
284 645
1 9 2
460 253
1 15 2
316 22
1 2 2
430 557
1 6 2
99 741
1 8 2
445 316
1 6 2
526 219
1 8 2
737 427
1 14 2
312 778
1 9 2
506 734
1 10 2
187 258
1 15 2
633 388
1 14 2
99 773
1 5 2
283 690
1 2 2
155 314
1 12 2
71 538
1 9 2
603 292
1 10 2
736 226
1 5 2
438 465
1 7 2
102 193
1 3 2
624 62
1 10 2
224 470
1 4 2
158 593
1 7 2
223 98
1 8 2
95 595
1 15 2
422 291
1 11 2
595 532
1 2 2
127 275
1 10 2
271 421
1 9 2
457 30
1 2 2
690 368
1 3 2
187 529
1 2 2
611 130
1 10 2
225 144
1 5 2
557 32
1 2 2
167 108
1 6 2
534 724
1 10 2
205 61
1 7 2
401 374
1 6 2
588 82
1 14 2
683 422
1 7 2
295 12
1 2 2
750 645
1 5 2
544 678
1 3 2
343 156
1 11 2
684 35
1 5 2
428 103
1 14 2
719 270
1 15 2
433 771
1 6 2
347 400
1 6 2
422 793
1 12 2
248 683
1 14 2
636 578
1 11 2
65 613
1 5 2
307 32
1 4 2
658 25
1 12 2
86 149
1 9 2
514 776
1 12 2
501 610
1 11 2
239 750
1 3 2
413 301
1 10 2
696 313
1 7 2
78 348
1 9 2
705 567
1 5 2
304 740
1 2 2
402 163
1 9 2
508 554
1 13 2
413 171
1 12 2
496 52
1 13 2
108 559
1 5 2
127 601
1 3 2
389 14
1 4 2
739 737
1 15 2
211 649
1 14 2
82 212
1 12 2
187 222
1 5 2
608 165
1 6 2
55 164
1 12 2
617 140
1 5 2
321 511
1 15 2
462 217
1 3 2
119 259
1 4 2
596 75
1 10 2
387 479
1 12 2
563 310
1 8 2
534 486
1 2 2
405 355
1 6 2
296 593
1 11 2
159 221
1 8 2
101 18
1 5 2
414 388
1 14 2
615 215
1 2 2
570 281
1 13 2
395 284
1 12 2
609 330
1 5 2
745 171
1 7 2
585 6
1 5 2
100 600
1 5 2
87 264
1 2 2
636 529
1 5 2
396 512
1 12 2
441 689
1 15 2
403 212
1 8 2
156 386
1 15 2
526 59
1 12 2
586 630
1 14 2
281 63
1 7 2
231 350
1 5 2
763 275
1 7 2
411 796
1 10 2
602 463
1 9 2
750 84
1 13 2
777 733
1 2 2
630 663
1 8 2
319 100
1 14 2
188 235
1 5 2
552 601
1 10 2
173 328
1 9 2
321 178
1 10 2
656 713
1 4 2
664 408
1 13 2
557 69
1 4 2
158 540
1 8 2
444 509
1 3 2
297 518
1 7 2
278 496
1 7 2
402 38
1 2 2
481 172
1 2 2
35 767
1 6 2
551 445
1 5 2
606 32
1 12 2
280 637
1 9 2
114 242
1 2 2
659 513
1 12 2
585 711
1 5 2
224 167
1 9 2
493 761
1 11 2
168 550
1 8 2
433 109
1 9 2
342 789
1 2 2
795 327
1 2 2
350 98
1 13 2
777 266
1 3 2
213 262
1 2 2
462 634
1 10 2
523 157
1 7 2
258 285
1 14 2
508 458
1 15 2
289 633
1 12 2
520 165
1 9 2
400 777
1 7 2
433 54
1 2 2
727 111
1 5 2
325 304
1 9 2
147 213
1 11 2
79 604
1 5 2
1 246
1 13 2
748 474
1 14 2
727 55
1 8 2
251 343
1 2 2
341 241
1 4 2
315 96
1 3 2
141 372
1 3 2
684 731
1 3 2
621 662
1 6 2
605 647
1 11 2
411 229
1 8 2
273 21
1 14 2
733 473
1 15 2
623 253
1 15 2
327 519
1 14 2
397 105
1 14 2
124 414
1 5 2
672 83
1 12 2
305 787
1 3 2
161 328
1 5 2
518 374
1 3 2
41 471
1 6 2
541 431
1 12 2
674 130
1 6 2
342 229
1 8 2
4 792
1 5 2
650 788
1 6 2
540 32
1 13 2
308 741
1 7 2
86 159
1 5 2
44 325
1 14 2
89 114
1 13 2
731 713
1 8 2
332 66
1 6 2
39 236
1 12 2
374 354
1 7 2
477 758
1 6 2
195 315
1 7 2
131 673
1 11 2
670 371
1 6 2
633 74
1 9 2
551 1
1 5 2
610 42
1 8 2
592 73
1 6 2
75 610
1 14 2
239 349
1 12 2
359 234
1 14 2
378 162
1 8 2
284 2
1 14 2
290 270
1 8 2
367 297
1 12 2
463 254
1 5 2
21 52
1 15 2
53 148
1 14 2
197 510
1 7 2
284 270
1 13 2
700 616
1 7 2
323 348
1 5 2
683 412
1 4 2
229 619
1 2 2
132 103
1 6 2
546 188
1 4 2
562 133
1 10 2
31 479
1 14 2
410 282
1 8 2
658 3
1 11 2
696 98
1 2 2
256 531
1 9 2
594 695
1 6 2
195 653
1 6 2
50 670
1 2 2
456 668
1 8 2
300 283
1 15 2
8 742
1 9 2
178 183
1 9 2
13 388
1 14 2
721 407
1 15 2
461 324
1 11 2
203 537
1 10 2
502 582
1 4 2
322 755
1 10 2
533 169
1 2 2
506 249
1 8 2
777 710
1 15 2
560 56
1 7 2
713 683
1 11 2
557 109
1 14 2
32 786
1 10 2
637 330
1 2 2
296 629
1 15 2
155 26
1 6 2
385 751
1 15 2
136 19
1 4 2
665 141
1 5 2
663 460
1 3 2
181 140
1 10 2
439 311
1 2 2
589 683
1 6 2
549 60
1 15 2
705 734
1 6 2
788 297
1 4 2
95 488
1 10 2
690 581
1 8 2
262 122
1 13 2
687 140
1 12 2
295 212
1 6 2
313 310
1 9 2
762 769
1 7 2
8 406
1 10 2
702 66
1 11 2
67 439
1 4 2
612 201
1 3 2
312 396
1 15 2
213 283
1 8 2
313 219
1 14 2
172 377
1 4 2
333 81
1 10 2
97 521
1 12 2
277 216
1 4 2
261 797
1 4 2
347 338
1 7 2
636 133
1 4 2
556 297
1 5 2
150 253
1 13 2
541 416
1 3 2
83 136
1 14 2
446 567
1 8 2
613 10
1 7 2
195 222
1 2 2
527 725
1 5 2
137 278
1 2 2
556 558
1 6 2
21 281
1 13 2
404 414
1 7 2
464 364
1 3 2
472 299
1 7 2
751 431
1 11 2
121 209
1 12 2
68 488
1 13 2
585 115
1 13 2
535 568
1 8 2
77 114
1 3 2
239 764
1 11 2
561 597
1 2 2
689 583
1 10 2
725 340
1 4 2
719 510
1 9 2
492 257
1 2 2
360 431
1 13 2
461 119
1 14 2
299 666
1 5 2
677 600
1 8 2
245 63
1 6 2
732 725
1 6 2
637 514
1 14 2
54 159
1 9 2
507 659
1 3 2
202 152
1 3 2
116 230
1 4 2
127 36
1 12 2
528 40
1 14 2
118 526
1 10 2
714 652
1 8 2
158 752
1 10 2
1 570
1 10 2
666 362
1 5 2
520 504
1 10 2
547 266
1 3 2
212 688
1 6 2
167 232
1 2 2
671 786
1 8 2
403 707
1 3 2
506 555
1 8 2
437 668
1 11 2
162 340
1 8 2
647 645
1 10 2
189 704
1 9 2
384 221
1 12 2
70 45
1 3 2
657 691
1 3 2
78 75
1 15 2
74 118
1 10 2
254 770
1 10 2
366 55
1 10 2
466 235
1 11 2
30 593
1 10 2
262 612
1 15 2
371 525
1 12 2
323 197
1 11 2
166 179
1 6 2
396 554
1 7 2
772 425
1 5 2
636 276
1 10 2
556 177
1 11 2
492 726
1 10 2
592 322
1 11 2
292 386
1 12 2
759 67
1 7 2
28 66
1 6 2
20 716
1 4 2
684 222
1 3 2
658 181
1 13 2
431 383
1 4 2
498 545
1 15 2
295 188
1 13 2
173 592
1 13 2
161 222
1 2 2
656 778
1 13 2
276 20
1 8 2
589 290
1 6 2
773 1
1 15 2
765 526
1 3 2
162 331
1 8 2
689 291
1 14 2
406 365
1 11 2
73 358
1 15 2
429 28
1 7 2
223 251
1 9 2
8 389
1 3 2
691 321
1 10 2
741 272
1 8 2
449 528
1 12 2
374 41
1 5 2
697 388
1 9 2
307 177
1 5 2
612 168
1 12 2
20 68
1 13 2
600 579
1 15 2
520 343
1 6 2
785 306
1 7 2
788 278
1 14 2
265 205
1 9 2
546 593
1 9 2
55 634
1 8 2
74 179
1 11 2
301 777
1 8 2
530 47
1 15 2
510 79
1 12 2
257 468
1 8 2
52 177
1 2 2
520 595
1 13 2
494 155
1 9 2
606 301
1 9 2
590 691
1 9 2
731 406
1 6 2
348 540
1 15 2
644 707
1 6 2
547 592
1 12 2
131 640
1 6 2
370 618
1 13 2
105 206
1 5 2
595 449
1 5 2
446 721
1 12 2
58 702
1 5 2
607 375
1 4 2
73 692
1 14 2
16 241
1 8 2
80 424
1 2 2
86 56
1 15 2
6 406
1 12 2
662 561
1 2 2
272 218
1 7 2
662 736
1 5 2
103 218
1 12 2
589 520
1 15 2
107 26
1 3 2
624 424
1 14 2
461 4
1 14 2
358 788
1 8 2
196 152
1 9 2
166 181
1 14 2
332 606
1 10 2
615 331
1 2 2
250 140
1 11 2
205 363
1 10 2
521 294
1 14 2
795 618
1 10 2
577 446
1 15 2
74 59
1 13 2
673 746
1 8 2
514 528
1 3 2
555 334
1 13 2
233 623
1 3 2
144 783
1 14 2
430 357
1 3 2
705 211
1 5 2
15 68
1 3 2
210 43
1 12 2
59 53
1 10 2
129 688
1 2 2
776 362
1 14 2
292 475
1 10 2
57 402
1 6 2
543 269
1 10 2
110 532
1 2 2
355 67
1 11 2
566 150
1 9 2
778 293
1 13 2
361 429
1 2 2
189 283
1 12 2
734 572
1 4 2
39 76
1 11 2
650 286
1 6 2
479 628
1 2 2
504 366
1 15 2
716 176
1 15 2
73 196
1 8 2
697 213
1 8 2
383 8
1 7 2
396 442
1 6 2
781 652
1 5 2
698 164
1 3 2
362 614
1 7 2
27 486
1 8 2
316 360
1 8 2
770 317
1 10 2
91 114
1 11 2
728 584
1 8 2
757 446
1 14 2
656 295
1 2 2
105 604
1 14 2
32 631
1 7 2
93 100
1 4 2
389 514
1 14 2
746 73
1 4 2
11 240
1 14 2
575 273
1 12 2
75 368
1 14 2
189 338
1 7 2
549 797
1 3 2
61 287
1 11 2
99 617
1 10 2
796 543
1 12 2
501 410
1 15 2
453 547
1 13 2
167 275
1 12 2
314 17
1 7 2
361 253
1 13 2
423 407
1 12 2
455 491
1 14 2
595 692
1 4 2
436 510
1 7 2
502 18
1 5 2
15 579
1 6 2
328 583
1 4 2
93 303
1 15 2
260 717
1 9 2
126 429
1 12 2
748 670
1 10 2
732 260
1 14 2
540 681
1 8 2
556 271
1 14 2
257 75
1 10 2
187 323
1 5 2
313 218
1 5 2
423 418
1 7 2
628 204
1 9 2
495 590
1 6 2
170 291
1 15 2
360 194
1 13 2
729 19
1 2 2
651 3
1 13 2
660 791
1 13 2
49 241
1 4 2
736 522
1 13 2
715 33
1 4 2
704 43
1 14 2
171 490
1 3 2
475 520
1 3 2
257 306
1 7 2
22 352
1 5 2
626 735
1 7 2
606 605
1 13 2
512 661
1 4 2
743 421
1 14 2
785 717
1 8 2
177 415
1 14 2
27 430
1 6 2
741 645
1 13 2
562 622
1 13 2
688 693
1 5 2
331 95
1 13 2
472 88
1 6 2
718 439
1 12 2
564 742
1 15 2
777 683
1 3 2
369 206
1 10 2
128 173
1 3 2
158 6
1 4 2
555 32
1 12 2
453 678
1 10 2
646 457
1 15 2
772 706
1 6 2
726 375
1 12 2
762 80
1 7 2
742 5
1 8 2
289 718
1 8 2
373 659
1 2 2
314 786
1 5 2
341 257
1 10 2
111 513
1 14 2
60 382
1 14 2
652 515
1 13 2
357 654
1 10 2
580 185
1 11 2
321 643
1 11 2
395 103
1 14 2
46 411
1 10 2
101 563
1 15 2
767 393
1 11 2
62 526
1 11 2
402 44
1 3 2
210 311
1 13 2
399 199
1 5 2
727 454
1 2 2
487 556
1 13 2
483 82
1 15 2
146 424
1 13 2
523 52
1 13 2
598 302
1 14 2
681 601
1 13 2
600 82
1 5 2
256 151
1 3 2
278 370
1 5 2
443 290
1 8 2
332 121
1 8 2
267 685
1 12 2
66 528
1 12 2
430 568
1 9 2
723 429
1 4 2
582 3
1 9 2
13 38
1 4 2
519 119
1 15 2
98 418
1 12 2
285 248
1 10 2
143 773
1 3 2
412 529
1 8 2
162 680
1 13 2
581 676
1 12 2
692 333
1 8 2
644 359
1 3 2
729 542
1 12 2
591 416
1 15 2
742 747
1 9 2
748 669
1 8 2
514 289
1 12 2
347 461
1 7 2
578 716
1 7 2
554 382
1 4 2
645 206
1 11 2
500 473
1 11 2
599 208
1 9 2
402 99
1 14 2
373 253
1 15 2
107 14
1 9 2
617 693
1 9 2
602 68
1 9 2
775 201
1 7 2
355 5
1 3 2
311 43
1 5 2
314 242
1 9 2
263 495
1 5 2
681 281
1 3 2
514 554
1 3 2
403 784
1 12 2
423 646
1 3 2
705 187
1 15 2
147 446
1 6 2
110 287
1 11 2
195 328
1 13 2
85 186
1 14 2
324 1
1 12 2
439 178
1 11 2
725 711
1 13 2
353 577
1 8 2
231 550
1 8 2
186 702
1 13 2
280 667
1 3 2
525 44
1 15 2
135 336
1 12 2
323 739
1 7 2
615 766
1 14 2
196 531
1 14 2
390 702
1 12 2
36 92
1 5 2
513 132
1 6 2
171 248
1 5 2
641 643
1 7 2
245 455
1 9 2
71 592
1 5 2
282 189
1 5 2
278 456
1 13 2
787 402
1 15 2
87 493
1 13 2
685 440
1 8 2
680 611
1 9 2
504 114
1 6 2
14 665
1 11 2
616 357
1 3 2
591 300
1 11 2
371 398
1 2 2
196 113
1 10 2
513 143
1 11 2
191 281
1 3 2
51 347
1 8 2
636 19
1 5 2
372 598
1 13 2
636 215
1 2 2
700 266
1 12 2
53 677
1 13 2
307 444
1 4 2
128 212
1 8 2
239 545
1 10 2
771 463
1 3 2
563 248
1 10 2
539 216
1 6 2
166 679
1 4 2
611 364
1 7 2
601 448
1 4 2
423 599
1 3 2
455 657
1 5 2
513 379
1 13 2
701 266
1 5 2
722 345
1 7 2
91 293
1 15 2
271 525
1 10 2
728 83
1 4 2
315 759
1 9 2
430 255
1 14 2
22 92
1 11 2
556 459
1 14 2
307 485
1 15 2
489 173
1 11 2
625 287
1 3 2
39 314
1 13 2
612 329
1 4 2
149 435
1 9 2
209 8
1 8 2
406 461
1 9 2
202 225
1 9 2
107 683
1 12 2
714 632
1 10 2
480 502
1 10 2
560 270
1 8 2
708 238
1 5 2
151 216
1 6 2
221 224
1 13 2
73 711
1 4 2
62 595
1 9 2
733 662
1 3 2
451 266
1 2 2
775 655
1 14 2
406 534
1 10 2
25 760
1 9 2
495 660
1 2 2
233 455
1 11 2
503 146
1 14 2
636 686
1 5 2
51 84
1 3 2
24 132
1 10 2
574 795
1 12 2
568 760
1 5 2
215 217
1 7 2
87 111
1 5 2
752 213
1 2 2
738 154
1 13 2
666 708
1 9 2
182 599
1 6 2
168 280
1 15 2
703 635
1 8 2
228 97
1 9 2
362 648
1 9 2
688 582
1 6 2
447 394
1 14 2
351 392
1 10 2
412 409
1 3 2
616 182
1 13 2
77 327
1 14 2
238 540
1 4 2
327 171
1 15 2
61 514
1 8 2
402 623
1 10 2
348 580
1 12 2
672 175
1 7 2
506 239
1 11 2
22 234
1 6 2
502 43
1 7 2
339 564
1 13 2
464 649
1 4 2
278 341
1 11 2
733 660
1 4 2
114 620
1 6 2
177 361
1 13 2
323 172
1 2 2
500 531
1 3 2
657 52
1 6 2
522 256
1 10 2
151 575
1 5 2
669 452
1 11 2
272 259
1 10 2
465 43
1 6 2
284 219
1 4 2
92 261
1 7 2
779 372
1 3 2
236 799
1 10 2
559 82
1 3 2
521 334
1 7 2
203 658
1 8 2
264 625
1 2 2
72 744
1 4 2
292 643
1 12 2
588 126
1 8 2
187 220
1 11 2
471 457
1 9 2
610 769
1 10 2
520 489
1 7 2
486 319
1 5 2
755 781
1 15 2
547 385
1 12 2
21 492
1 3 2
362 23
1 4 2
613 32
1 2 2
458 765
1 5 2
448 454
1 8 2
102 79
1 10 2
176 346
1 12 2
319 583
1 7 2
331 724
1 3 2
749 682
1 6 2
180 452
1 11 2
593 676
1 11 2
522 780
1 10 2
30 566
1 12 2
244 310
1 11 2
303 474
1 2 2
190 490
1 14 2
617 603
1 5 2
244 157
1 4 2
571 552
1 7 2
696 5
1 6 2
759 318
1 10 2
529 317
1 5 2
60 519
1 15 2
461 148
1 12 2
107 213
1 15 2
24 559
1 5 2
513 500
1 3 2
145 7
1 13 2
513 730
1 8 2
359 163
1 9 2
491 303
1 4 2
572 495
1 12 2
305 168
1 9 2
152 94
1 10 2
531 309
1 4 2
732 627
1 6 2
95 720
1 6 2
574 682
1 6 2
380 46
1 6 2
594 80
1 3 2
4 197
1 10 2
668 172
1 5 2
60 24
1 10 2
502 407
1 6 2
311 324
1 5 2
247 100
1 13 2
595 143
1 10 2
222 434
1 9 2
27 678
1 14 2
487 411
1 15 2
210 515
1 5 2
440 688
1 2 2
475 562
1 4 2
598 706
1 14 2
8 181
1 14 2
13 749
1 3 2
455 368
1 14 2
666 363
1 4 2
745 434
1 2 2
656 461
1 7 2
754 533
1 15 2
345 265
1 9 2
456 476
1 11 2
294 113
1 9 2
710 184
1 8 2
297 53
1 6 2
691 182
1 7 2
471 200
1 6 2
76 793
1 7 2
68 207
1 5 2
591 294
1 11 2
25 471
1 7 2
263 210
1 4 2
677 678
1 3 2
404 713
1 13 2
710 757
1 4 2
534 491
1 2 2
530 55
1 15 2
362 541
1 12 2
530 683
1 12 2
114 594
1 6 2
537 42
1 5 2
709 313
1 13 2
160 298
1 4 2
351 26
1 9 2
579 205
1 15 2
719 706
1 13 2
770 241
1 10 2
514 122
1 9 2
113 115
1 2 2
43 363
1 6 2
84 56
1 10 2
240 114
1 2 2
185 753
1 8 2
415 369
1 15 2
592 423
1 12 2
702 381
1 8 2
777 296
1 12 2
709 49
1 2 2
428 489
1 10 2
633 582
1 7 2
424 261
1 10 2
694 673
1 13 2
754 789
1 4 2
420 735
1 4 2
115 150
1 3 2
706 180
1 9 2
330 140
1 9 2
612 248
1 15 2
740 473
1 7 2
475 423
1 10 2
430 110
1 8 2
288 88
1 2 2
15 338
1 4 2
350 104
1 6 2
50 446
1 15 2
306 762
1 2 2
141 735
1 3 2
549 100
1 11 2
494 710
1 5 2
626 170
1 7 2
601 652
1 10 2
737 294
1 9 2
652 565
1 4 2
140 219
1 4 2
538 448
1 5 2
702 195
1 10 2
198 7
1 15 2
545 90
1 3 2
582 500
1 7 2
143 512
1 13 2
248 323
1 2 2
707 561
1 6 2
356 636
1 14 2
636 345
1 13 2
255 581
1 13 2
396 441
1 6 2
120 545
1 3 2
439 649
1 10 2
219 143
1 11 2
758 201
1 4 2
263 81
1 7 2
628 203
1 3 2
259 590
1 6 2
150 525
1 3 2
379 637
1 10 2
420 741
1 11 2
240 247
1 3 2
174 507
1 13 2
738 106
1 5 2
151 671
1 7 2
397 83
1 3 2
677 245
1 12 2
799 180
1 10 2
26 284
1 7 2
252 447
1 8 2
203 509
1 13 2
105 598
1 13 2
554 760
1 9 2
531 283
1 12 2
771 541
1 4 2
479 215
1 6 2
425 401
1 5 2
53 64
1 12 2
89 38
1 12 2
627 168
1 4 2
406 586
1 4 2
679 14
1 6 2
607 447
1 15 2
86 77
1 4 2
261 524
1 9 2
438 146
1 14 2
416 683
1 14 2
703 351
1 9 2
398 4
1 8 2
768 114
1 8 2
773 157
1 6 2
773 205
1 14 2
744 23
1 10 2
286 279
1 14 2
418 45
1 12 2
156 180
1 3 2
649 74
1 10 2
152 327
1 5 2
246 13
1 14 2
573 617
1 8 2
492 782
1 4 2
184 337
1 6 2
182 374
1 3 2
355 503
1 2 2
346 18
1 3 2
332 269
1 5 2
754 653
1 7 2
448 530
1 10 2
748 126
1 13 2
194 212
1 11 2
742 368
1 7 2
613 660
1 8 2
689 392
1 9 2
369 443
1 11 2
650 793
1 13 2
381 606
1 4 2
437 618
1 12 2
544 220
1 13 2
124 35
1 10 2
383 595
1 11 2
355 59
1 11 2
281 260
1 11 2
237 226
1 12 2
591 84
1 14 2
599 597
1 3 2
396 469
1 9 2
217 585
1 14 2
399 152
1 4 2
320 211
1 9 2
8 646
1 14 2
165 542
1 15 2
188 103
1 2 2
333 635
1 11 2
393 531
1 4 2
220 381
1 7 2
555 418
1 12 2
746 245
1 3 2
32 84
1 14 2
83 260
1 14 2
783 580
1 2 2
33 506
1 14 2
471 341
1 5 2
180 615
1 7 2
735 32
1 3 2
499 501
1 11 2
619 420
1 10 2
231 445
1 9 2
300 643
1 3 2
258 143
1 8 2
71 66
1 5 2
80 682
1 8 2
211 420
1 14 2
55 633
1 9 2
300 404
1 6 2
472 181
1 15 2
157 583
1 13 2
686 117
1 3 2
729 211
1 4 2
789 176
1 11 2
633 647
1 13 2
250 762
1 2 2
452 379
1 6 2
630 665
1 5 2
777 136
1 6 2
753 551
1 12 2
24 318
1 4 2
506 445
1 6 2
25 49
1 8 2
291 325
1 12 2
769 631
1 15 2
319 450
1 2 2
68 237
1 2 2
70 42
1 11 2
497 667
1 10 2
390 580
1 7 2
336 405
1 13 2
331 345
1 13 2
51 445
1 12 2
641 145
1 10 2
630 468
1 13 2
278 743
1 11 2
728 433
1 7 2
521 414
1 2 2
148 661
1 4 2
91 743
1 10 2
173 751
1 4 2
414 122
1 2 2
136 393
1 14 2
787 592
1 2 2
609 52
1 10 2
462 563
1 8 2
47 657
1 4 2
476 190
1 12 2
322 556
1 9 2
571 758
1 14 2
637 66
1 5 2
626 116
1 5 2
614 433
1 8 2
66 433
1 8 2
384 701
1 12 2
587 659
1 15 2
543 721
1 4 2
390 571
1 2 2
394 581
1 2 2
196 323
1 12 2
399 776
1 9 2
167 627
1 6 2
413 727
1 2 2
429 7
1 10 2
634 140
1 12 2
180 621
1 9 2
338 438
1 10 2
406 659
1 2 2
235 9
1 15 2
278 695
1 5 2
324 110
1 6 2
618 777
1 5 2
133 744
1 8 2
95 603
1 10 2
518 304
1 7 2
542 621
1 13 2
290 170
1 2 2
78 18
1 9 2
564 797
1 10 2
798 610
1 12 2
267 331
1 12 2
300 10
1 4 2
202 285
1 13 2
45 548
1 2 2
58 87
1 8 2
285 301
1 3 2
595 71
1 10 2
204 544
1 2 2
713 512
1 15 2
79 519
1 12 2
11 585
1 5 2
114 435
1 2 2
32 697
1 4 2
755 132
1 11 2
525 355
1 6 2
254 120
1 8 2
735 575
1 15 2
782 28
1 2 2
650 729
1 5 2
528 156
1 8 2
50 244
1 15 2
163 656
1 3 2
220 54
1 4 2
555 217
1 3 2
357 483
1 3 2
546 227
1 15 2
8 718
1 9 2
424 618
1 3 2
19 387
1 4 2
423 671
1 12 2
368 289
1 4 2
473 263
1 5 2
566 139
1 15 2
287 383
1 15 2
573 697
1 9 2
196 77
1 8 2
558 173
1 9 2
508 447
1 10 2
612 246
1 8 2
718 81
1 8 2
267 264
1 7 2
375 179
1 7 2
324 71
1 8 2
456 199
1 10 2
49 28
1 6 2
622 421
1 5 2
10 312
1 2 2
190 604
1 9 2
150 426
1 6 2
595 406
1 6 2
134 691
1 12 2
358 331
1 6 2
17 5
1 7 2
655 406
1 7 2
328 707
1 4 2
655 107
1 3 2
29 295
1 14 2
463 467
1 11 2
511 609
1 7 2
411 513
1 13 2
455 493
1 8 2
581 78
1 10 2
763 637
1 9 2
267 209
1 4 2
386 624
1 9 2
777 217
1 7 2
476 46
1 15 2
775 549
1 14 2
370 293
1 15 2
28 620
1 12 2
156 442
1 3 2
204 124
1 12 2
693 104
1 15 2
791 423
1 14 2
282 285
1 4 2
170 172
1 6 2
192 701
1 13 2
173 445
1 12 2
729 472
1 11 2
449 417
1 5 2
107 367
1 13 2
274 54
1 4 2
726 576
1 9 2
406 464
1 13 2
270 772
1 11 2
511 98
1 15 2
480 532
1 14 2
642 193
1 5 2
513 191
1 12 2
424 193
1 7 2
173 333
1 9 2
435 715
1 15 2
527 391
1 2 2
251 62
1 15 2
223 601
1 10 2
266 170
1 9 2
735 163
1 15 2
412 434
1 12 2
499 380
1 5 2
448 439
1 9 2
435 337
1 2 2
48 442
1 12 2
23 740
1 11 2
66 196
1 15 2
443 530
1 7 2
693 177
1 15 2
348 520
1 14 2
508 420
1 2 2
798 430
1 11 2
731 660
1 10 2
448 2
1 4 2
679 244
1 3 2
681 118
1 12 2
141 431
1 2 2
127 393
1 11 2
540 570
1 15 2
744 276
1 9 2
613 447
1 4 2
482 152
1 8 2
459 668
1 15 2
550 491
1 3 2
520 589
1 12 2
443 178
1 7 2
90 790
1 10 2
386 765
1 4 2
574 606
1 13 2
37 564
1 12 2
424 469
1 15 2
37 753
1 9 2
386 594
1 15 2
648 311
1 4 2
534 701
1 15 2
283 631
1 4 2
389 121
1 11 2
176 80
1 10 2
481 283
1 14 2
474 61
1 4 2
105 705
1 10 2
415 658
1 11 2
492 707
1 12 2
59 104
1 2 2
241 784
1 5 2
686 286
1 3 2
109 308
1 4 2
785 83
1 14 2
14 142
1 6 2
360 469
1 13 2
475 192
1 14 2
200 780
1 10 2
365 475
1 9 2
394 596
1 6 2
309 627
1 10 2
461 457
1 15 2
84 291
1 3 2
657 781
1 15 2
571 505
1 7 2
736 601
1 7 2
28 137
1 8 2
531 765
1 8 2
215 517
1 13 2
253 711
1 15 2
71 567
1 9 2
232 407
1 10 2
106 760
1 8 2
38 173
1 13 2
494 656
1 7 2
529 579
1 11 2
275 247
1 5 2
243 730
1 10 2
754 154
1 15 2
498 558
1 8 2
613 149
1 7 2
0 642
1 15 2
632 525
1 8 2
532 132
1 6 2
249 375
1 4 2
795 173
1 5 2
564 353
1 15 2
142 167
1 12 2
793 693
1 9 2
88 550
1 4 2
300 344
1 6 2
280 379
1 2 2
586 261
1 11 2
188 778
1 8 2
358 137
1 12 2
521 566
1 6 2
310 485
1 8 2
573 217
1 14 2
580 642
1 11 2
75 605
1 13 2
613 205
1 5 2
361 243
1 15 2
135 624
1 12 2
505 10
1 3 2
413 191
1 12 2
118 77
1 5 2
257 155
1 5 2
182 19
1 2 2
682 685
1 7 2
359 470
1 5 2
647 120
1 3 2
199 112
1 7 2
456 189
1 15 2
349 653
1 8 2
615 506
1 13 2
407 298
1 13 2
681 177
1 14 2
782 438
1 6 2
419 384
1 13 2
491 778
1 9 2
650 786
1 9 2
371 108
1 12 2
34 585
1 10 2
135 260
1 2 2
636 415
1 6 2
241 663
1 13 2
533 224
1 14 2
428 240
1 12 2
561 636
1 4 2
264 528
1 7 2
166 329
1 2 2
581 774
1 10 2
271 94
1 11 2
90 47
1 11 2
347 3
1 10 2
535 407
1 7 2
37 739
1 10 2
223 664
1 13 2
675 587
1 5 2
704 302
1 15 2
351 411
1 12 2
263 555
1 3 2
414 651
1 3 2
265 691
1 2 2
270 599
1 15 2
451 317
1 8 2
70 401
1 6 2
757 764
1 5 2
281 739
1 6 2
469 87
1 8 2
392 521
1 11 2
624 490
1 3 2
722 405
1 3 2
289 385
1 15 2
130 454
1 7 2
624 169
1 2 2
783 739
1 4 2
168 86
1 9 2
724 753
1 5 2
214 557
1 2 2
621 133
1 3 2
64 750
1 5 2
654 227
1 8 2
455 102
1 12 2
195 668
1 3 2
469 760
1 2 2
314 736
1 13 2
657 460
1 8 2
259 313
1 4 2
209 521
1 15 2
625 61
1 11 2
733 54
1 4 2
200 76
1 10 2
439 610
1 8 2
627 537
1 2 2
13 79
1 12 2
172 447
1 9 2
783 743
1 14 2
419 312
1 2 2
106 704
1 5 2
782 477
1 13 2
21 419
1 4 2
374 497
1 3 2
629 8
1 13 2
554 793
1 13 2
647 202
1 14 2
756 743
1 2 2
644 378
1 12 2
533 596
1 5 2
146 386
1 3 2
140 185
1 7 2
315 790
1 12 2
786 31
1 10 2
45 594
1 9 2
567 300
1 9 2
204 730
1 5 2
99 299
1 3 2
185 689
1 3 2
147 62
1 15 2
270 133
1 7 2
30 161
1 15 2
558 551
1 7 2
616 455
1 8 2
56 198
1 13 2
569 632
1 11 2
731 434
1 10 2
23 666
1 15 2
399 339
1 5 2
606 602
1 10 2
754 293
1 11 2
518 76
1 2 2
252 578
1 4 2
597 350
1 14 2
541 636
1 2 2
772 127
1 3 2
721 389
1 13 2
48 532
1 4 2
444 343
1 2 2
133 441
1 15 2
104 558
1 9 2
74 635
1 8 2
98 701
1 12 2
770 710
1 15 2
31 331
1 2 2
670 190
1 11 2
152 19
1 2 2
199 146
1 10 2
650 225
1 4 2
42 190
1 6 2
450 776
1 8 2
119 797
1 11 2
443 152
1 11 2
77 228
1 15 2
681 747
1 9 2
420 242
1 6 2
2 110
1 9 2
206 686
1 6 2
162 305
1 3 2
126 168
1 6 2
91 618
1 14 2
776 601
1 7 2
137 82
1 4 2
142 620
1 12 2
241 345
1 2 2
3 231
1 6 2
665 246
1 11 2
626 409
1 14 2
729 528
1 10 2
725 144
1 12 2
734 271
1 14 2
571 0
1 14 2
397 563
1 5 2
155 728
1 14 2
334 248
1 11 2
63 556
1 15 2
761 416
1 6 2
473 439
1 15 2
717 685
1 10 2
718 42
1 15 2
105 62
1 2 2
28 46
1 14 2
90 71
1 10 2
585 290
1 9 2
281 356
1 14 2
304 289
1 3 2
783 768
1 5 2
117 113
1 3 2
235 354
1 11 2
128 19
1 6 2
627 305
1 7 2
743 415
1 5 2
350 581
1 12 2
520 641
1 4 2
614 206
1 11 2
697 2
1 15 2
783 286
1 2 2
768 654
1 2 2
729 232
1 3 2
604 594
1 13 2
59 440
1 13 2
553 171
1 8 2
670 290
1 4 2
729 29
1 14 2
236 716
1 14 2
87 186
1 8 2
421 771
1 15 2
631 78
1 9 2
665 498
1 7 2
576 18
1 6 2
332 767
1 10 2
268 747
1 7 2
221 718
1 6 2
634 235
1 2 2
418 488
1 14 2
700 1
1 8 2
277 799
1 11 2
39 615
1 8 2
455 741
1 4 2
437 271
1 13 2
679 377
1 15 2
239 504
1 15 2
335 228
1 6 2
759 663
1 13 2
597 566
1 9 2
306 656
1 13 2
750 128
1 11 2
749 734
1 2 2
3 189
1 11 2
14 77
1 8 2
7 750
1 9 2
253 115
1 12 2
737 4
1 3 2
499 65
1 8 2
653 242
1 4 2
710 323
1 8 2
409 729
1 2 2
358 76
1 14 2
3 294
1 12 2
9 687
1 8 2
66 677
1 15 2
295 643
1 10 2
581 230
1 5 2
227 231
1 3 2
156 641
1 14 2
582 407
1 9 2
8 156
1 13 2
313 557
1 13 2
120 70
1 3 2
793 785
1 15 2
139 620
1 6 2
748 303
1 7 2
747 332
1 3 2
300 604
1 7 2
305 484
1 11 2
581 123
1 6 2
711 32
1 13 2
247 232
1 14 2
436 702
1 11 2
412 513
1 12 2
169 608
1 8 2
583 477
1 12 2
137 66
1 8 2
705 799
1 12 2
685 753
1 15 2
514 86
1 9 2
464 508
1 10 2
570 652
1 9 2
431 781
1 11 2
69 724
1 14 2
1 749
1 12 2
187 65
1 8 2
747 93
1 4 2
795 675
1 8 2
432 427
1 15 2
343 152
1 8 2
794 89
1 3 2
233 762
1 5 2
368 287
1 10 2
255 311
1 6 2
660 506
1 4 2
46 487
1 5 2
778 649
1 8 2
518 147
1 8 2
605 541
1 9 2
722 544
1 9 2
721 338
1 13 2
729 71
1 14 2
236 153
1 7 2
196 430
1 7 2
277 640
1 12 2
230 655
1 9 2
495 74
1 3 2
229 516
1 10 2
556 85
1 7 2
83 159
1 5 2
453 11
1 14 2
721 269
1 7 2
199 364
1 8 2
15 66
1 9 2
35 284
1 13 2
146 545
1 11 2
247 422
1 12 2
600 644
1 14 2
483 59
1 14 2
38 66
1 4 2
747 651
1 10 2
208 555
1 7 2
713 400
1 9 2
0 684
1 15 2
85 575
1 14 2
309 403
1 12 2
483 107
1 9 2
134 724
1 7 2
678 562
1 12 2
611 481
1 8 2
574 45
1 11 2
725 407
1 10 2
327 355
1 6 2
82 755
1 4 2
692 186
1 4 2
331 656
1 9 2
424 186
1 12 2
412 41
1 7 2
465 627
1 8 2
682 365
1 7 2
719 52
1 9 2
379 437
1 5 2
514 662
1 2 2
232 194
1 3 2
210 2
1 11 2
616 220
1 8 2
624 601
1 3 2
441 731
1 5 2
186 2
1 3 2
176 197
1 11 2
679 567
1 7 2
239 331
1 9 2
645 378
1 2 2
510 450
1 14 2
30 787
1 6 2
518 142
1 5 2
27 424
1 14 2
519 764
1 10 2
726 410
1 13 2
573 795
1 6 2
315 44
1 11 2
546 150
1 11 2
232 516
1 12 2
296 335
1 2 2
49 543
1 6 2
371 141
1 7 2
171 478
1 9 2
171 246
1 5 2
135 704
1 3 2
370 638
1 3 2
388 272
1 6 2
669 135
1 2 2
700 667
1 7 2
371 769
1 15 2
181 424
1 15 2
615 378
1 9 2
380 135
1 3 2
440 63
1 9 2
319 380
1 14 2
312 629
1 6 2
215 150
1 11 2
648 48
1 4 2
291 275
1 8 2
755 522
1 12 2
357 360
1 13 2
117 203
1 4 2
281 662
1 5 2
779 609
1 2 2
290 584
1 12 2
331 551
1 6 2
267 48
1 7 2
363 401
1 5 2
443 444
1 5 2
431 234
1 15 2
759 659
1 9 2
738 98
1 11 2
776 726
1 5 2
87 437
1 9 2
375 539
1 3 2
1 374
1 5 2
496 55
1 8 2
378 479
1 2 2
534 317
1 5 2
204 70
1 10 2
422 556
1 9 2
3 625
1 7 2
787 630
1 15 2
462 602
1 4 2
408 348
1 11 2
160 248
1 6 2
731 224
1 3 2
788 458
1 13 2
448 348
1 7 2
554 603
1 10 2
718 569
1 15 2
639 125
1 2 2
184 92
1 6 2
436 55
1 10 2
471 528
1 9 2
188 102
1 14 2
268 463
1 9 2
715 776
1 2 2
369 477
1 4 2
192 702
1 6 2
48 259
1 6 2
541 768
1 13 2
230 129
1 10 2
490 789
1 14 2
405 517
1 12 2
525 235
1 11 2
61 496
1 5 2
631 669
1 3 2
152 704
1 5 2
775 406
1 2 2
677 72
1 15 2
406 509
1 11 2
351 484
1 7 2
750 713
1 10 2
500 89
1 7 2
662 233
1 6 2
303 70
1 10 2
569 115
1 8 2
570 381
1 13 2
350 138
1 13 2
119 491
1 9 2
303 543
1 9 2
393 647
1 3 2
469 718
1 14 2
451 656
1 4 2
78 167
1 15 2
775 38
1 13 2
377 706
1 2 2
459 372
1 14 2
97 193
1 11 2
576 151
1 12 2
731 180
1 10 2
651 555
1 2 2
392 719
1 11 2
29 582
1 10 2
19 222
1 6 2
560 694
1 2 2
161 746
1 3 2
379 282
1 6 2
619 135
1 10 2
57 140
1 15 2
573 487
1 13 2
28 632
1 10 2
528 87
1 10 2
564 512
1 12 2
363 251
1 6 2
517 767
1 9 2
325 556
1 5 2
140 315
1 14 2
147 5
1 5 2
188 705
1 14 2
363 214
1 13 2
612 4
1 5 2
351 704
1 7 2
495 405
1 13 2
80 428
1 8 2
479 563
1 13 2
435 762
1 15 2
94 717
1 7 2
234 150
1 4 2
471 505
1 9 2
398 228
1 2 2
527 338
1 6 2
609 484
1 4 2
565 352
1 3 2
359 482
1 15 2
438 692
1 3 2
185 333
1 7 2
696 657
1 15 2
527 75
1 3 2
307 441
1 10 2
395 531
1 3 2
752 285
1 4 2
582 620
1 4 2
594 59
1 6 2
190 182
1 15 2
535 186
1 2 2
784 770
1 9 2
555 380
1 14 2
547 109
1 12 2
305 250
1 12 2
751 36
1 4 2
50 415
1 2 2
375 379
1 4 2
591 277
1 14 2
248 391
1 9 2
46 443
1 4 2
485 593
1 11 2
453 277
1 12 2
713 456
1 6 2
404 161
1 7 2
664 586
1 7 2
340 282
1 15 2
176 484
1 14 2
197 322
1 13 2
27 251
1 5 2
611 85
1 3 2
122 684
1 13 2
151 152
1 10 2
134 682
1 2 2
735 626
1 11 2
255 678
1 6 2
589 374
1 6 2
136 403
1 8 2
357 746
1 2 2
700 685
1 15 2
380 673
1 4 2
65 77
1 7 2
123 235
1 15 2
11 243
1 3 2
387 548
1 12 2
602 788
1 7 2
360 404
1 15 2
454 424
1 5 2
13 676
1 13 2
294 161
1 14 2
436 478
1 9 2
764 720
1 12 2
287 586
1 9 2
447 384
1 2 2
329 277
1 14 2
639 298
1 6 2
59 523
1 13 2
207 290
1 4 2
207 224
1 2 2
340 285
1 2 2
73 559
1 15 2
551 235
1 3 2
21 668
1 9 2
407 74
1 6 2
533 14
1 6 2
693 381
1 8 2
457 403
1 8 2
334 582
1 12 2
512 585
1 7 2
376 620
1 3 2
793 23
1 8 2
672 475
1 11 2
412 186
1 7 2
243 504
1 9 2
799 530
1 5 2
42 52
1 6 2
726 675
1 4 2
207 340
1 3 2
115 207
1 11 2
425 158
1 13 2
752 380
1 9 2
180 748
1 5 2
516 316
1 10 2
291 428
1 4 2
510 390
1 10 2
379 760
1 7 2
232 793
1 13 2
475 581
1 7 2
720 12
1 5 2
281 473
1 14 2
547 207
1 5 2
147 346
1 3 2
606 720
1 6 2
189 290
1 13 2
793 393
1 8 2
340 753
1 10 2
404 599
1 14 2
610 419
1 13 2
249 462
1 13 2
345 740
1 12 2
732 264
1 3 2
698 57
1 10 2
503 167
1 2 2
685 160
1 10 2
491 515
1 8 2
664 105
1 12 2
670 549
1 7 2
290 468
1 6 2
356 317
1 13 2
103 407
1 14 2
517 8
1 4 2
290 626
1 6 2
661 65
1 12 2
71 678
1 10 2
752 98
1 3 2
224 6
1 6 2
469 255
1 10 2
587 306
1 14 2
382 53
1 6 2
598 538
1 13 2
405 466
1 11 2
782 434
1 6 2
166 535
1 3 2
756 562
1 11 2
211 774
1 15 2
713 96
1 15 2
601 559
1 13 2
181 592
1 6 2
397 372
1 10 2
173 151
1 4 2
154 9
1 4 2
752 624
1 9 2
178 221
1 3 2
684 257
1 9 2
715 359
1 7 2
734 743
1 14 2
214 318
1 5 2
330 215
1 12 2
597 241
1 11 2
229 368
1 7 2
379 247
1 10 2
778 115
1 3 2
666 508
1 6 2
427 403
1 11 2
50 431
1 7 2
750 770
1 2 2
158 20
1 5 2
371 61
1 13 2
353 683
1 8 2
211 788
1 13 2
782 423
1 9 2
393 223
1 9 2
3 554
1 5 2
628 452
1 3 2
222 495
1 13 2
328 732
1 3 2
321 678
1 15 2
253 749
1 11 2
684 794
1 11 2
613 607
1 6 2
16 231
1 15 2
756 791
1 12 2
480 559
1 4 2
268 105
1 4 2
240 306
1 8 2
351 530
1 3 2
118 462
1 8 2
634 116
1 2 2
0 35
1 15 2
120 469
1 12 2
281 120
1 14 2
73 719
1 5 2
775 784
1 15 2
449 264
1 8 2
219 405
1 15 2
298 613
1 14 2
627 749
1 15 2
390 572
1 6 2
340 361
1 13 2
609 494
1 6 2
53 247
1 4 2
279 798
1 8 2
530 10
1 4 2
751 677
1 13 2
696 520
1 7 2
58 208
1 6 2
167 254
1 13 2
201 309
1 3 2
186 68
1 6 2
316 393
1 12 2
385 659
1 8 2
13 145
1 2 2
423 342
1 3 2
644 233
1 8 2
573 725
1 8 2
375 227
1 6 2
481 204
1 7 2
615 468
1 6 2
611 505
1 10 2
97 206
1 8 2
282 378
1 13 2
145 73
1 12 2
621 373
1 2 2
32 594
1 14 2
205 552
1 12 2
727 240
1 4 2
70 791
1 4 2
674 584
1 11 2
681 572
1 7 2
57 442
1 5 2
21 491
1 7 2
789 171
1 2 2
715 128
1 3 2
93 344
1 7 2
326 312
1 4 2
766 782
1 4 2
773 171
1 11 2
434 380
1 5 2
201 491
1 3 2
790 620
1 2 2
120 342
1 12 2
345 119
1 15 2
591 578
1 12 2
220 724
1 8 2
244 488
1 8 2
241 172
1 9 2
479 564
1 6 2
10 430
1 15 2
406 43
1 15 2
476 226
1 7 2
753 619
1 8 2
796 449
1 9 2
531 306
1 6 2
756 246
1 15 2
355 652
1 5 2
21 200
1 13 2
293 399
1 15 2
752 486
1 14 2
54 81
1 14 2
645 715
1 12 2
378 482
1 13 2
706 35
1 14 2
680 451
1 5 2
378 174
1 9 2
242 678
1 10 2
235 199
1 7 2
782 726
1 9 2
724 605
1 8 2
47 75
1 6 2
752 671
1 8 2
144 252
1 14 2
182 520
1 7 2
280 402
1 7 2
91 203
1 5 2
286 21
1 10 2
403 177
1 4 2
687 569
1 11 2
563 673
1 14 2
239 509
1 14 2
679 227
1 14 2
459 125
1 6 2
626 768
1 8 2
579 360
1 5 2
508 258
1 11 2
677 107
1 10 2
705 515
1 15 2
619 571
1 11 2
125 235
1 3 2
555 30
1 5 2
173 372
1 2 2
126 397
1 9 2
779 296
1 14 2
777 462
1 3 2
781 172
1 14 2
636 89
1 6 2
784 296
1 14 2
154 473
1 11 2
626 693
1 3 2
229 344
1 13 2
702 210
1 9 2
427 774
1 10 2
315 373
1 7 2
35 228
1 13 2
55 538
1 10 2
718 20
1 12 2
276 335
1 15 2
415 717
1 5 2
575 166
1 2 2
626 156
1 8 2
169 646
1 12 2
133 741
1 10 2
220 353
1 10 2
337 656
1 10 2
146 4
1 7 2
153 340
1 12 2
565 476
1 15 2
313 372
1 4 2
84 453
1 15 2
389 323
1 13 2
593 760
1 3 2
511 756
1 13 2
401 344
1 8 2
730 737
1 13 2
775 126
1 14 2
361 197
1 2 2
444 597
1 9 2
442 99
1 2 2
344 241
1 11 2
466 531
1 12 2
185 27
1 9 2
40 220
1 9 2
83 385
1 9 2
370 724
1 12 2
2 628
1 10 2
184 777
1 15 2
65 460
1 5 2
112 124
1 3 2
301 223
1 3 2
478 135
1 14 2
191 433
1 3 2
405 105
1 14 2
650 62
1 12 2
501 49
1 9 2
195 636
1 9 2
654 279
1 15 2
139 224
1 4 2
107 631
1 13 2
212 731
1 2 2
779 622
1 11 2
480 597
1 10 2
693 494
1 10 2
171 497
1 11 2
760 181
1 13 2
430 90
1 3 2
56 181
1 9 2
488 790
1 3 2
239 83
1 9 2
643 37
1 13 2
335 386
1 3 2
600 521
1 14 2
370 548
1 8 2
626 17
1 13 2
575 239
1 6 2
641 318
1 13 2
422 359
1 12 2
685 38
1 12 2
689 566
1 8 2
545 41
1 14 2
39 50
1 13 2
670 502
1 5 2
459 794
1 11 2
434 152
1 14 2
551 799
1 13 2
284 528
1 13 2
286 5
1 13 2
632 312
1 5 2
67 601
1 4 2
713 280
1 7 2
297 542
1 7 2
669 255
1 8 2
173 580
1 4 2
178 666
1 9 2
610 93
1 10 2
608 619
1 14 2
195 109
1 13 2
773 364
1 12 2
427 597
1 2 2
75 673
1 15 2
106 124
1 8 2
661 254
1 13 2
260 742
1 3 2
691 238
1 13 2
731 345
1 7 2
72 274
1 5 2
200 314
1 15 2
23 228
1 8 2
61 626
1 11 2
231 95
1 15 2
273 726
1 2 2
64 340
1 2 2
658 31
1 10 2
676 351
1 10 2
794 774
1 4 2
598 315
1 9 2
447 160
1 8 2
717 692
1 4 2
590 598
1 13 2
573 406
1 12 2
320 55
1 14 2
17 290
1 15 2
302 696
1 11 2
625 616
1 6 2
655 654
1 7 2
160 665
1 7 2
178 778
1 7 2
460 343
1 11 2
552 332
1 6 2
78 94
1 7 2
683 346
1 8 2
238 347
1 11 2
418 549
1 7 2
209 73
1 13 2
729 600
1 3 2
709 363
1 12 2
770 264
1 13 2
621 559
1 5 2
356 544
1 11 2
475 115
1 14 2
412 705
1 6 2
295 660
1 11 2
746 626
1 10 2
695 611
1 12 2
520 125
1 4 2
301 755
1 15 2
522 28
1 6 2
645 418
1 14 2
457 19
1 3 2
361 65
1 7 2
60 338
1 13 2
535 720
1 2 2
341 765
1 12 2
306 281
1 15 2
699 590
1 9 2
514 355
1 4 2
500 145
1 3 2
26 228
1 9 2
465 340
1 8 2
117 462
1 7 2
110 798
1 14 2
744 746
1 13 2
181 668
1 2 2
381 660
1 11 2
108 247
1 14 2
646 728
1 9 2
172 779
1 5 2
721 488
1 11 2
224 456
1 8 2
434 677
1 4 2
45 526
1 11 2
636 169
1 14 2
76 249
1 6 2
76 526
1 15 2
692 437
1 12 2
268 175
1 3 2
199 678
1 8 2
576 361
1 11 2
358 594
1 15 2
78 316
1 4 2
81 35
1 3 2
90 275
1 4 2
704 632
1 6 2
293 73
1 12 2
540 475
1 10 2
364 677
1 15 2
181 583
1 12 2
453 435
1 6 2
54 609
1 13 2
768 656
1 13 2
502 644
1 12 2
728 275
1 13 2
597 205
1 10 2
216 195
1 5 2
459 23
1 3 2
485 291
1 5 2
651 424
1 13 2
515 252
1 7 2
579 725
1 7 2
535 27
1 13 2
699 664
1 8 2
533 534
1 10 2
665 215
1 15 2
479 58
1 5 2
744 263
1 10 2
184 378
1 4 2
7 352
1 4 2
467 233
1 9 2
242 109
1 7 2
680 216
1 5 2
99 679
1 12 2
701 237
1 3 2
51 237
1 13 2
326 190
1 12 2
4 279
1 15 2
364 571
1 11 2
421 19
1 11 2
426 597
1 6 2
463 384
1 14 2
750 174
1 13 2
522 151
1 14 2
78 574
1 8 2
369 185
1 3 2
675 543
1 9 2
56 430
1 5 2
266 790
1 4 2
728 278
1 4 2
607 41
1 4 2
137 318
1 11 2
3 650
1 3 2
198 147
1 14 2
499 438
1 8 2
96 326
1 3 2
602 134
1 9 2
721 130
1 8 2
45 50
1 3 2
556 583
1 4 2
224 42
1 10 2
790 144
1 15 2
495 585
1 8 2
496 5
1 13 2
216 502
1 4 2
397 608
1 15 2
688 179
1 6 2
408 349
1 2 2
706 469
1 14 2
106 399
1 12 2
641 153
1 12 2
798 251
1 2 2
660 504
1 2 2
182 156
1 5 2
626 164
1 4 2
546 554
1 10 2
701 93
1 9 2
2 40
1 5 2
498 26
1 9 2
181 304
1 12 2
67 529
1 2 2
169 526
1 3 2
633 67
1 3 2
352 60
1 7 2
104 514
1 2 2
359 793
1 5 2
348 129
1 11 2
347 250
1 2 2
619 398
1 9 2
101 509
1 2 2
31 474
1 5 2
591 53
1 10 2
667 182
1 11 2
27 95
1 11 2
640 155
1 8 2
782 448
1 14 2
455 674
1 7 2
133 739
1 10 2
797 268
1 12 2
693 404
1 9 2
595 670
1 8 2
532 483
1 15 2
427 95
1 6 2
62 769
1 8 2
403 137
1 3 2
134 409
1 5 2
494 294
1 7 2
541 280
1 9 2
348 431
1 3 2
266 495
1 11 2
171 346
1 15 2
86 713
1 6 2
417 193
1 3 2
541 338
1 5 2
606 328
1 9 2
696 745
1 12 2
229 204
1 6 2
159 532
1 13 2
716 120
1 13 2
795 570
1 6 2
111 779
1 10 2
498 440
1 3 2
689 298
1 3 2
595 751
1 5 2
215 558
1 15 2
744 94
1 6 2
335 111
1 15 2
537 305
1 6 2
404 206
1 14 2
567 704
1 9 2
613 209
1 4 2
226 74
1 11 2
187 438
1 7 2
659 400
1 3 2
476 100
1 12 2
616 240
1 6 2
621 372
1 7 2
351 571
1 3 2
64 468
1 15 2
254 554
1 10 2
625 172
1 15 2
763 669
1 15 2
128 196
1 15 2
753 332
1 9 2
144 96
1 14 2
257 777
1 7 2
379 56
1 9 2
112 548
1 11 2
126 253
1 9 2
162 193
1 15 2
300 35
1 9 2
52 399
1 3 2
24 520
1 2 2
414 552
1 15 2
170 610
1 8 2
234 470
1 13 2
535 169
1 7 2
262 493
1 3 2
758 605
1 6 2
92 305
1 15 2
89 670
1 2 2
274 209
1 3 2
185 364
1 4 2
226 293
1 4 2
578 136
1 13 2
55 364
1 8 2
785 624
1 3 2
749 665
1 3 2
797 56
1 5 2
395 259
1 10 2
475 798
1 6 2
12 647
1 10 2
452 128
1 7 2
254 87
1 2 2
545 583
1 3 2
254 369
1 7 2
248 591
1 13 2
545 438
1 15 2
268 348
1 3 2
549 39
1 3 2
507 610
1 5 2
293 689
1 15 2
389 106
1 14 2
534 676
1 6 2
735 578
1 11 2
147 594
1 6 2
747 702
1 3 2
177 517
1 6 2
433 719
1 8 2
134 654
1 9 2
258 617
1 10 2
416 485
1 12 2
545 795
1 3 2
264 753
1 3 2
90 597
1 12 2
662 21
1 9 2
484 396
1 3 2
385 358
1 2 2
790 422
1 12 2
519 511
1 4 2
523 291
1 6 2
12 601
1 6 2
284 638
1 7 2
690 499
1 11 2
291 413
1 13 2
515 214
1 12 2
90 599
1 2 2
122 217
1 4 2
530 209
1 6 2
452 152
1 3 2
236 697
1 11 2
171 110
1 9 2
155 89
1 3 2
429 689
1 14 2
243 117
1 8 2
294 425
1 2 2
736 347
1 12 2
658 139
1 9 2
500 761
1 10 2
194 207
1 12 2
651 464
1 5 2
569 154
1 13 2
419 190
1 3 2
457 268
1 15 2
380 198
1 12 2
90 405
1 3 2
214 475
1 6 2
85 577
1 15 2
504 198
1 3 2
129 426
1 8 2
517 241
1 6 2
777 631
1 9 2
568 586
1 4 2
490 416
1 5 2
109 410
1 8 2
761 707
1 13 2
24 586
1 9 2
544 47
1 15 2
298 95
1 12 2
519 477
1 11 2
224 177
1 13 2
332 768
1 8 2
509 176
1 11 2
284 288
1 7 2
489 469
1 11 2
546 529
1 4 2
588 112
1 14 2
350 565
1 13 2
260 682
1 12 2
393 165
1 11 2
620 794
1 9 2
704 178
1 13 2
377 743
1 9 2
714 194
1 8 2
771 199
1 4 2
8 354
1 11 2
747 489
1 10 2
246 46
1 6 2
315 556
1 2 2
150 33
1 11 2
39 462
1 13 2
91 540
1 5 2
787 392
1 13 2
477 59
1 5 2
735 248
1 2 2
99 176
1 15 2
477 206
1 13 2
778 775
1 15 2
296 41
1 3 2
700 102
1 4 2
107 480
1 2 2
377 171
1 3 2
167 487
1 10 2
187 103
1 10 2
161 703
1 7 2
146 350
1 15 2
204 772
1 11 2
748 3
1 11 2
383 307
1 15 2
150 337
1 9 2
552 584
1 11 2
659 300
1 14 2
248 344
1 5 2
265 698
1 11 2
181 167
1 10 2
121 540
1 5 2
562 698
1 10 2
457 309
1 10 2
297 183
1 12 2
235 510
1 12 2
387 611
1 12 2
146 83
1 5 2
125 684
1 14 2
478 503
1 14 2
135 149
1 4 2
121 260
1 9 2
32 120
1 8 2
269 216
1 15 2
779 138
1 4 2
122 396
1 10 2
210 609
1 12 2
610 289
1 14 2
24 275
1 13 2
122 220
1 5 2
251 759
1 5 2
642 533
1 13 2
726 187
1 15 2
256 179
1 3 2
1 556
1 5 2
291 545
1 14 2
713 514
1 5 2
555 356
1 13 2
411 656
1 6 2
153 445
1 11 2
22 516
1 6 2
241 543
1 3 2
4 156
1 3 2
224 250
1 15 2
242 245
1 11 2
483 500
1 11 2
693 701
1 8 2
131 512
1 10 2
113 297
1 8 2
258 264
1 8 2
445 622
1 13 2
37 790
1 6 2
275 619
1 8 2
75 407
1 15 2
797 47
1 2 2
168 563
1 8 2
231 544
1 12 2
278 213
1 12 2
182 247
1 4 2
4 596
1 12 2
777 668
1 15 2
796 443
1 12 2
451 121
1 9 2
437 422
1 14 2
208 532
1 12 2
557 380
1 10 2
771 447
1 9 2
731 382
1 5 2
513 265
1 5 2
682 305
1 6 2
372 791
1 15 2
198 311
1 9 2
100 605
1 6 2
676 755
1 10 2
205 335
1 10 2
20 661
1 7 2
337 228
1 5 2
435 595
1 12 2
319 177
1 10 2
264 585
1 9 2
537 549
1 8 2
196 597
1 4 2
516 482
1 12 2
216 161
1 6 2
67 129
1 4 2
213 401
1 9 2
146 461
1 4 2
160 658
1 9 2
776 393
1 15 2
399 23
1 15 2
467 417
1 9 2
692 666
1 5 2
459 718
1 13 2
585 169
1 12 2
354 227
1 4 2
290 150
1 8 2
208 32
1 5 2
436 475
1 13 2
741 299
1 4 2
66 728
1 13 2
758 621
1 15 2
459 660
1 2 2
397 188
1 8 2
775 731
1 14 2
206 185
1 14 2
192 585
1 11 2
681 229
1 4 2
484 587
1 10 2
9 291
1 2 2
431 199
1 6 2
199 682
1 6 2
460 510
1 2 2
156 125
1 15 2
760 196
1 5 2
603 41
1 5 2
499 156
1 9 2
765 485
1 13 2
478 414
1 13 2
214 266
1 4 2
431 344
1 12 2
113 708
1 8 2
43 496
1 8 2
54 629
1 4 2
576 357
1 15 2
101 197
1 13 2
528 636
1 8 2
215 353
1 6 2
247 386
1 3 2
372 645
1 4 2
255 241
1 6 2
303 86
1 11 2
710 475
1 6 2
502 640
1 6 2
679 245
1 13 2
705 240
1 15 2
244 578
1 7 2
497 749
1 13 2
700 582
1 4 2
150 268
1 8 2
68 629
1 13 2
26 543
1 2 2
59 170
1 7 2
133 421
1 5 2
713 75
1 10 2
394 552
1 3 2
341 655
1 6 2
401 600
1 5 2
186 287
1 7 2
776 238
1 3 2
682 762
1 4 2
6 470
1 4 2
102 281
1 4 2
707 796
1 11 2
685 577
1 12 2
369 630
1 4 2
760 165
1 3 2
269 533
1 6 2
218 35
1 3 2
521 0
1 4 2
515 564
1 12 2
205 248
1 13 2
767 115
1 15 2
225 627
1 8 2
279 80
1 2 2
288 421
1 14 2
40 90
1 11 2
138 718
1 15 2
462 531
1 11 2
719 18
1 12 2
296 20
1 9 2
115 667
1 9 2
486 691
1 11 2
713 189
1 3 2
349 498
1 6 2
555 322
1 8 2
21 490
1 7 2
295 201
1 7 2
35 645
1 15 2
314 721
1 6 2
201 596
1 4 2
161 493
1 6 2
363 465
1 4 2
438 59
1 6 2
529 463
1 14 2
372 722
1 2 2
146 698
1 10 2
269 490
1 14 2
520 402
1 15 2
332 244
1 15 2
382 218
1 12 2
28 472
1 15 2
228 57
1 7 2
53 572
1 11 2
559 289
1 8 2
702 285
1 6 2
477 15
1 6 2
539 341
1 11 2
219 277
1 3 2
37 697
1 9 2
94 421
1 4 2
220 445
1 4 2
619 631
1 2 2
57 753
1 14 2
454 310
1 10 2
741 458
1 3 2
600 54
1 10 2
695 570
1 5 2
366 137
1 2 2
422 72
1 11 2
714 461
1 14 2
222 520
1 13 2
212 414
1 14 2
326 390
1 14 2
86 635
1 9 2
151 0
1 13 2
690 225
1 10 2
299 325
1 5 2
566 565
1 14 2
525 673
1 2 2
743 192
1 2 2
544 250
1 14 2
446 626
1 7 2
52 241
1 7 2
155 621
1 2 2
128 757
1 3 2
572 64
1 3 2
215 213
1 10 2
794 251
1 11 2
625 168
1 11 2
259 342
1 4 2
409 0
1 2 2
344 76
1 4 2
78 418
1 12 2
75 603
1 11 2
239 612
1 10 2
328 505
1 3 2
44 749
1 6 2
652 182
1 5 2
208 786
1 15 2
93 546
1 11 2
760 257
1 2 2
447 41
1 8 2
408 140
1 16 2
412 472
1 18 2
457 237
1 14 2
278 563
1 22 2
696 295
1 8 2
179 560
1 26 2
357 540
1 16 2
238 163
1 8 2
122 93
1 22 2
269 789
1 22 2
665 735
1 4 2
56 546
1 10 2
291 440
1 20 2
500 5
1 6 2
381 423
1 6 2
441 184
1 28 2
451 582
1 24 2
187 293
1 16 2
640 481
1 30 2
146 530
