500 2980 1500
22 11 18 9 25 12 24 20 9 18 11 12 15 18 17 11 6 5 22 20 20 7 22 10 25 14 22 20 12 5 20 9 14 9 9 6 17 7 22 6 16 6 19 9 19 21 6 5 10 7 12 10 10 13 5 10 25 9 22 14 11 9 21 15 22 17 8 25 25 13 5 24 14 16 6 10 11 5 9 14 6 16 6 22 20 6 16 25 25 14 17 16 13 23 21 24 24 7 10 8 20 16 22 17 12 10 22 6 24 19 8 14 20 13 24 20 19 6 21 19 21 16 23 22 6 5 18 25 17 11 15 21 24 22 12 13 11 17 25 15 13 15 8 21 17 16 8 21 8 8 24 6 8 13 10 21 19 6 17 7 19 7 14 22 15 13 11 22 10 10 9 10 18 25 23 11 25 15 9 7 5 24 13 20 24 17 8 20 7 11 18 16 11 14 20 10 24 6 20 23 16 6 10 14 6 13 16 24 9 5 15 9 19 19 16 9 19 9 25 24 13 24 18 8 23 10 7 12 21 20 10 13 25 7 7 10 18 6 15 11 20 10 17 21 25 16 14 25 10 12 8 7 5 8 22 23 22 8 19 8 9 22 18 12 12 13 12 14 23 16 21 8 19 19 6 13 14 20 24 10 12 16 6 14 9 8 25 24 8 7 14 18 15 25 14 21 21 17 12 20 15 12 10 25 19 23 12 21 7 12 16 12 11 22 14 21 23 22 7 12 12 25 11 17 7 6 18 11 21 5 6 6 22 21 11 25 16 21 11 8 23 17 6 14 20 23 11 6 24 11 22 17 18 22 5 5 5 8 16 7 11 21 18 8 10 12 13 21 11 13 25 24 9 5 16 22 11 17 12 22 25 7 19 24 14 6 13 24 25 25 23 11 11 21 25 25 10 25 18 15 19 12 17 21 13 23 14 11 25 13 5 23 17 10 11 24 22 8 20 9 12 13 6 16 16 24 13 15 25 11 20 18 8 6 9 11 23 12 21 13 18 18 23 10 15 5 21 12 8 18 20 21 24 11 9 10 9 18 14 25 22 13 9 23 23 25 19 12 17 10 11 11 19 21 20 23 11 12 9 10 20 25 25 19 12 16 22 13 7 5 9 7 20 23 18 8 14 18 17 14
3 10 7 3 16 9 13 17 7 17 7 9 8 5 11 10 11 7 6 18 17 8 5 6 14 11 18 20 6 17 13 9 5 3 8 18 4 5 9 16 13 7 18 18 9 5 3 4 5 5 20 13 13 12 6 20 3 20 10 4 12 9 3 20 14 3 4 12 18 8 7 20 18 9 11 8 12 18 14 20 19 16 4 4 9 16 10 17 10 6 15 8 9 16 11 10 20 14 12 12 13 3 16 15 7 12 13 12 12 18 3 10 6 12 15 6 16 15 8 6 17 6 7 9 19 4 7 19 11 9 12 20 13 11 16 17 6 13 7 20 9 4 18 7 3 10 11 7 3 5 17 6 11 16 6 11 6 4 7 8 10 5 12 11 12 8 11 15 12 4 3 4 4 9 10 16 3 7 19 11 16 7 14 12 12 10 13 4 18 10 13 19 10 18 12 19 15 6 8 12 14 18 6 20 5 3 16 3 6 4 20 8 3 11 11 8 16 12 9 12 11 9 4 4 19 14 16 6 12 9 17 16 16 14 5 13 15 11 10 7 14 15 13 5 12 9 3 5 16 13 14 20 9 18 5 3 15 13 14 5 4 18 14 18 8 17 19 13 5 20 13 13 4 10 4 9 5 14 5 8 12 5 6 20 9 6 15 3 4 5 11 13 3 11 5 7 18 8 6 9 11 10 16 19 15 4 3 15 8 7 16 13 11 4 10 15 16 17 16 16 7 13 10 15 11 6 3 7 19 5 7 20 11 9 13 19 7 5 11 20 6 20 11 7 17 13 7 15 15 20 19 20 20 4 11 15 9 13 9 3 10 4 16 6 4 15 13 18 7 7 4 19 9 16 17 20 19 9 4 4 19 18 11 10 3 13 18 19 8 3 15 15 5 17 14 9 18 17 20 3 15 18 11 12 4 8 5 17 13 10 3 13 3 4 7 10 19 8 3 8 10 14 11 20 20 13 9 6 17 4 7 3 17 19 4 17 10 13 18 9 9 9 8 11 7 15 9 10 15 6 6 9 8 13 15 20 8 10 10 5 3 7 19 14 20 16 10 10 8 8 6 20 12 6 8 8 15 20 11 19 19 9 18 9 8 5 4 19 14 17 11 11 8 17 12 4 18 8 17 13
1 5 2
175 271
1 6 2
260 120
1 2 2
462 140
1 9 2
124 320
1 2 2
85 31
1 6 2
71 252
1 3 2
56 42
1 14 2
188 47
1 11 2
281 7
1 2 2
436 282
1 12 2
196 79
1 9 2
482 394
1 8 2
166 187
1 7 2
165 389
1 15 2
305 87
1 9 2
105 435
1 6 2
406 441
1 9 2
348 281
1 12 2
472 160
1 15 2
374 438
1 7 2
32 317
1 14 2
373 205
1 15 2
43 249
1 5 2
65 313
1 10 2
158 64
1 4 2
486 240
1 9 2
281 455
1 9 2
498 119
1 15 2
314 207
1 6 2
10 356
1 11 2
73 457
1 8 2
385 123
1 15 2
488 288
1 8 2
84 282
1 4 2
384 195
1 4 2
216 153
1 4 2
5 411
1 8 2
446 309
1 13 2
25 99
1 3 2
221 141
1 5 2
316 196
1 11 2
485 290
1 8 2
352 378
1 3 2
128 353
1 10 2
83 386
1 3 2
348 458
1 7 2
42 78
1 11 2
406 411
1 12 2
351 414
1 6 2
436 487
1 9 2
96 285
1 3 2
427 183
1 6 2
415 26
1 8 2
466 292
1 7 2
162 226
1 8 2
23 353
1 11 2
436 61
1 14 2
107 152
1 3 2
50 464
1 11 2
16 379
1 9 2
223 274
1 3 2
7 258
1 14 2
427 114
1 8 2
310 209
1 2 2
113 3
1 13 2
319 194
1 14 2
134 456
1 11 2
387 342
1 7 2
127 421
1 12 2
293 36
1 5 2
489 308
1 8 2
55 319
1 14 2
412 482
1 6 2
211 351
1 10 2
177 97
1 15 2
388 344
1 12 2
469 110
1 3 2
458 185
1 11 2
53 80
1 2 2
391 115
1 12 2
188 421
1 5 2
424 273
1 8 2
203 38
1 8 2
355 465
1 10 2
183 444
1 14 2
390 365
1 11 2
91 64
1 2 2
456 427
1 8 2
41 62
1 9 2
26 90
1 2 2
464 324
1 3 2
295 42
1 15 2
425 318
1 13 2
380 321
1 3 2
360 105
1 13 2
155 275
1 3 2
215 259
1 8 2
348 307
1 11 2
388 273
1 4 2
188 110
1 2 2
245 409
1 12 2
64 17
1 14 2
69 461
1 11 2
87 397
1 15 2
6 124
1 5 2
114 486
1 15 2
458 148
1 14 2
110 407
1 6 2
378 107
1 9 2
304 490
1 14 2
349 177
1 2 2
399 50
1 11 2
288 469
1 6 2
75 120
1 4 2
222 109
1 13 2
34 378
1 10 2
382 372
1 12 2
33 335
1 10 2
243 474
1 4 2
286 124
1 10 2
482 190
1 14 2
142 498
1 2 2
75 460
1 10 2
268 213
1 10 2
120 6
1 15 2
161 54
1 5 2
413 383
1 12 2
189 312
1 7 2
369 147
1 6 2
73 330
1 12 2
10 398
1 7 2
478 174
1 12 2
123 44
1 12 2
228 22
1 12 2
333 280
1 2 2
57 151
1 10 2
332 105
1 3 2
111 404
1 6 2
277 231
1 13 2
199 173
1 7 2
164 141
1 6 2
338 123
1 6 2
198 276
1 2 2
246 272
1 13 2
477 399
1 7 2
124 57
1 14 2
170 196
1 3 2
16 498
1 14 2
289 54
1 4 2
301 90
1 11 2
494 233
1 4 2
174 265
1 15 2
471 339
1 5 2
136 459
1 11 2
145 244
1 12 2
55 311
1 2 2
92 214
1 14 2
41 126
1 12 2
164 475
1 11 2
126 197
1 5 2
94 315
1 9 2
24 204
1 4 2
397 274
1 3 2
227 117
1 11 2
37 206
1 5 2
435 134
1 14 2
205 325
1 9 2
356 257
1 6 2
94 66
1 13 2
389 431
1 13 2
466 36
1 9 2
54 404
1 7 2
412 22
1 4 2
3 470
1 9 2
6 299
1 5 2
351 353
1 13 2
30 220
1 7 2
63 144
1 3 2
454 385
1 2 2
168 92
1 14 2
163 390
1 15 2
330 230
1 11 2
266 275
1 7 2
302 222
1 8 2
84 344
1 8 2
253 274
1 5 2
99 277
1 13 2
142 9
1 8 2
124 261
1 15 2
445 16
1 12 2
368 7
1 4 2
344 489
1 9 2
444 329
1 2 2
309 419
1 4 2
218 260
1 3 2
97 411
1 2 2
162 212
1 2 2
279 104
1 9 2
104 369
1 8 2
315 483
1 2 2
81 364
1 9 2
11 431
1 15 2
350 305
1 11 2
265 445
1 2 2
221 274
1 15 2
282 309
1 6 2
284 453
1 4 2
465 390
1 15 2
430 257
1 3 2
416 445
1 15 2
183 119
1 14 2
31 340
1 7 2
409 310
1 3 2
14 460
1 14 2
427 393
1 14 2
321 359
1 11 2
52 179
1 2 2
403 306
1 12 2
89 50
1 5 2
458 190
1 8 2
430 34
1 14 2
291 327
1 13 2
152 402
1 7 2
152 233
1 5 2
379 436
1 3 2
396 89
1 6 2
342 221
1 2 2
443 49
1 12 2
266 463
1 10 2
263 228
1 3 2
134 329
1 10 2
76 80
1 7 2
0 318
1 4 2
196 177
1 10 2
334 312
1 5 2
83 441
1 6 2
107 289
1 15 2
488 238
1 2 2
210 216
1 7 2
467 163
1 6 2
425 322
1 7 2
304 84
1 11 2
483 43
1 3 2
381 471
1 11 2
393 72
1 8 2
440 3
1 2 2
170 260
1 2 2
73 444
1 15 2
204 253
1 4 2
126 402
1 10 2
393 397
1 6 2
176 288
1 7 2
359 314
1 9 2
202 378
1 12 2
88 150
1 3 2
72 262
1 4 2
86 194
1 5 2
174 28
1 9 2
62 37
1 5 2
349 77
1 8 2
160 206
1 12 2
484 417
1 5 2
120 133
1 9 2
194 333
1 6 2
176 222
1 14 2
141 412
1 11 2
324 260
1 2 2
226 392
1 15 2
227 438
1 15 2
499 139
1 13 2
448 158
1 15 2
332 343
1 6 2
170 35
1 15 2
55 42
1 7 2
367 377
1 9 2
136 157
1 12 2
371 29
1 2 2
481 291
1 6 2
338 96
1 2 2
53 222
1 14 2
173 354
1 12 2
314 85
1 9 2
406 483
1 10 2
91 441
1 7 2
382 168
1 13 2
13 417
1 9 2
137 350
1 11 2
85 42
1 7 2
261 456
1 7 2
192 80
1 6 2
231 198
1 11 2
272 145
1 13 2
102 114
1 6 2
91 189
1 13 2
233 196
1 8 2
439 27
1 2 2
200 35
1 2 2
209 447
1 9 2
92 135
1 4 2
127 72
1 14 2
133 406
1 4 2
0 44
1 6 2
189 416
1 4 2
417 77
1 8 2
389 261
1 6 2
179 240
1 6 2
176 181
1 6 2
428 387
1 12 2
477 191
1 4 2
468 422
1 13 2
355 414
1 9 2
86 87
1 7 2
195 295
1 6 2
3 87
1 3 2
153 448
1 6 2
411 307
1 14 2
197 80
1 12 2
441 172
1 4 2
447 285
1 4 2
254 104
1 11 2
417 155
1 13 2
69 225
1 9 2
187 233
1 10 2
397 204
1 8 2
106 421
1 11 2
127 435
1 2 2
312 292
1 14 2
151 264
1 12 2
205 420
1 6 2
152 350
1 10 2
89 185
1 8 2
389 277
1 3 2
428 365
1 15 2
92 257
1 6 2
453 234
1 12 2
106 39
1 5 2
417 489
1 7 2
455 414
1 10 2
121 391
1 13 2
79 191
1 7 2
198 252
1 14 2
265 485
1 8 2
39 148
1 7 2
164 312
1 6 2
272 391
1 4 2
392 456
1 10 2
198 203
1 7 2
285 467
1 15 2
399 155
1 9 2
444 494
1 14 2
378 27
1 11 2
352 475
1 2 2
223 135
1 8 2
13 426
1 15 2
168 320
1 4 2
336 201
1 3 2
478 466
1 13 2
463 204
1 10 2
94 336
1 15 2
10 2
1 8 2
449 176
1 9 2
172 111
1 11 2
276 156
1 7 2
268 142
1 14 2
310 375
1 13 2
362 354
1 10 2
410 329
1 8 2
213 128
1 4 2
287 225
1 9 2
123 281
1 9 2
454 308
1 8 2
67 30
1 2 2
74 417
1 3 2
134 94
1 5 2
490 16
1 9 2
301 485
1 9 2
23 333
1 14 2
431 348
1 15 2
267 201
1 8 2
291 150
1 8 2
193 405
1 12 2
1 396
1 11 2
170 338
1 13 2
305 211
1 3 2
29 254
1 3 2
496 473
1 8 2
325 136
1 15 2
17 464
1 12 2
422 491
1 13 2
130 496
1 12 2
255 127
1 14 2
141 229
1 2 2
294 144
1 11 2
124 418
1 10 2
383 479
1 10 2
311 350
1 14 2
118 48
1 7 2
24 370
1 14 2
434 313
1 5 2
132 486
1 12 2
153 455
1 7 2
243 215
1 8 2
257 1
1 6 2
333 35
1 2 2
166 394
1 9 2
173 495
1 13 2
207 380
1 3 2
241 37
1 2 2
144 325
1 10 2
290 55
1 15 2
67 65
1 11 2
7 396
1 11 2
408 392
1 14 2
396 283
1 5 2
297 480
1 15 2
81 155
1 9 2
434 33
1 10 2
303 356
1 3 2
470 494
1 11 2
39 73
1 3 2
180 139
1 9 2
346 348
1 7 2
377 406
1 2 2
377 290
1 8 2
459 131
1 14 2
317 36
1 10 2
44 465
1 13 2
67 205
1 4 2
164 437
1 15 2
246 202
1 6 2
363 61
1 9 2
187 78
1 13 2
346 456
1 10 2
246 215
1 9 2
129 23
1 2 2
221 449
1 4 2
382 322
1 13 2
58 12
1 13 2
234 470
1 12 2
141 259
1 2 2
135 331
1 6 2
86 47
1 4 2
35 480
1 12 2
238 264
1 6 2
437 28
1 6 2
314 217
1 10 2
70 107
1 13 2
160 102
1 9 2
289 394
1 10 2
151 490
1 7 2
265 392
1 3 2
239 94
1 5 2
26 17
1 5 2
392 364
1 3 2
323 360
1 2 2
217 70
1 10 2
453 422
1 8 2
188 436
1 7 2
436 203
1 13 2
240 473
1 13 2
480 274
1 4 2
364 34
1 14 2
165 455
1 12 2
418 306
1 15 2
425 273
1 15 2
150 240
1 9 2
20 65
1 3 2
229 191
1 14 2
362 175
1 2 2
403 481
1 4 2
101 127
1 13 2
368 333
1 6 2
243 453
1 5 2
363 163
1 10 2
245 486
1 10 2
329 166
1 14 2
304 230
1 15 2
4 365
1 10 2
374 92
1 5 2
496 466
1 13 2
446 480
1 8 2
469 231
1 11 2
53 22
1 14 2
24 305
1 7 2
130 175
1 3 2
338 429
1 3 2
480 31
1 15 2
287 387
1 4 2
308 44
1 7 2
387 48
1 15 2
465 227
1 4 2
74 310
1 8 2
83 193
1 7 2
45 365
1 4 2
421 437
1 8 2
109 5
1 4 2
149 356
1 6 2
57 62
1 7 2
406 397
1 11 2
12 67
1 12 2
83 2
1 4 2
429 110
1 11 2
258 240
1 3 2
438 209
1 2 2
282 433
1 11 2
14 205
1 2 2
329 419
1 2 2
343 376
1 12 2
208 426
1 15 2
365 429
1 6 2
341 396
1 12 2
231 413
1 10 2
402 122
1 7 2
184 333
1 13 2
287 63
1 3 2
260 183
1 5 2
337 255
1 13 2
466 411
1 12 2
150 206
1 7 2
92 337
1 15 2
27 93
1 15 2
260 434
1 5 2
425 495
1 15 2
287 87
1 12 2
319 460
1 13 2
31 166
1 4 2
374 321
1 9 2
69 345
1 8 2
422 428
1 3 2
78 64
1 3 2
82 482
1 2 2
282 302
1 7 2
199 147
1 5 2
220 407
1 8 2
204 234
1 13 2
432 245
1 8 2
365 485
1 4 2
166 21
1 11 2
295 274
1 3 2
448 12
1 11 2
111 245
1 12 2
197 191
1 6 2
292 111
1 15 2
203 59
1 4 2
166 349
1 11 2
233 376
1 4 2
231 117
1 6 2
0 139
1 2 2
367 78
1 3 2
374 256
1 2 2
99 334
1 15 2
63 170
1 4 2
160 305
1 14 2
4 242
1 7 2
463 295
1 15 2
357 176
1 2 2
250 291
1 8 2
255 28
1 3 2
411 15
1 10 2
429 430
1 2 2
335 7
1 12 2
231 260
1 13 2
22 271
1 13 2
35 200
1 9 2
226 487
1 3 2
61 218
1 4 2
432 373
1 3 2
81 469
1 6 2
477 330
1 8 2
484 287
1 10 2
476 136
1 3 2
119 165
1 6 2
295 333
1 10 2
57 406
1 10 2
46 73
1 13 2
235 113
1 8 2
495 166
1 2 2
189 427
1 7 2
221 125
1 14 2
96 138
1 4 2
429 392
1 8 2
209 153
1 9 2
64 187
1 15 2
210 186
1 13 2
295 312
1 12 2
65 376
1 14 2
484 364
1 11 2
141 320
1 15 2
149 129
1 5 2
83 31
1 2 2
246 481
1 14 2
428 26
1 11 2
383 164
1 6 2
228 453
1 4 2
326 217
1 2 2
270 167
1 5 2
342 340
1 4 2
322 87
1 7 2
241 336
1 2 2
279 474
1 4 2
126 175
1 11 2
454 180
1 15 2
393 185
1 5 2
392 355
1 6 2
438 147
1 4 2
105 124
1 12 2
259 374
1 11 2
56 93
1 9 2
170 188
1 4 2
329 157
1 8 2
372 315
1 8 2
410 141
1 10 2
338 351
1 4 2
436 104
1 8 2
195 416
1 8 2
281 192
1 9 2
278 346
1 2 2
451 299
1 7 2
394 292
1 3 2
462 149
1 11 2
467 223
1 2 2
206 343
1 7 2
292 73
1 6 2
484 64
1 14 2
463 148
1 5 2
40 187
1 3 2
436 145
1 9 2
489 175
1 3 2
371 8
1 13 2
429 461
1 2 2
206 383
1 3 2
375 222
1 6 2
199 244
1 13 2
351 292
1 5 2
485 212
1 10 2
189 239
1 2 2
266 138
1 4 2
110 322
1 6 2
65 390
1 8 2
8 388
1 9 2
445 326
1 12 2
175 374
1 4 2
415 256
1 5 2
444 473
1 5 2
226 158
1 2 2
55 96
1 12 2
88 86
1 13 2
376 326
1 2 2
292 223
1 4 2
136 353
1 5 2
248 375
1 11 2
164 122
1 3 2
361 248
1 3 2
384 339
1 9 2
95 454
1 2 2
112 153
1 13 2
192 61
1 11 2
114 23
1 3 2
280 375
1 10 2
239 251
1 9 2
449 282
1 8 2
55 326
1 11 2
55 466
1 14 2
199 401
1 12 2
245 484
1 9 2
235 117
1 6 2
435 418
1 4 2
280 82
1 11 2
354 250
1 15 2
242 146
1 2 2
8 260
1 12 2
130 241
1 6 2
249 160
1 10 2
416 407
1 6 2
307 12
1 15 2
150 26
1 6 2
196 269
1 8 2
132 139
1 12 2
229 139
1 2 2
350 281
1 6 2
36 174
1 13 2
19 95
1 12 2
35 408
1 6 2
426 339
1 2 2
430 481
1 12 2
497 276
1 15 2
90 493
1 15 2
258 449
1 14 2
314 298
1 15 2
266 210
1 2 2
280 38
1 10 2
171 4
1 9 2
284 440
1 3 2
387 412
1 5 2
15 74
1 7 2
247 478
1 3 2
302 151
1 13 2
452 86
1 3 2
354 410
1 6 2
35 491
1 8 2
162 289
1 10 2
115 38
1 13 2
381 105
1 8 2
78 336
1 3 2
29 487
1 8 2
490 429
1 4 2
37 331
1 8 2
485 227
1 6 2
346 126
1 12 2
486 207
1 14 2
34 192
1 5 2
268 203
1 8 2
258 52
1 2 2
130 294
1 8 2
306 454
1 6 2
308 140
1 12 2
50 406
1 7 2
296 36
1 7 2
204 66
1 2 2
312 131
1 13 2
67 72
1 14 2
296 209
1 8 2
254 311
1 12 2
193 455
1 4 2
401 499
1 3 2
372 369
1 3 2
240 449
1 6 2
288 279
1 15 2
442 67
1 4 2
7 286
1 12 2
82 413
1 2 2
212 158
1 9 2
353 145
1 3 2
288 42
1 3 2
173 251
1 15 2
276 335
1 7 2
177 280
1 4 2
408 406
1 9 2
401 388
1 2 2
2 404
1 9 2
195 495
1 5 2
59 385
1 8 2
181 159
1 9 2
252 360
1 3 2
474 443
1 6 2
90 412
1 12 2
362 415
1 10 2
77 472
1 11 2
95 429
1 5 2
394 313
1 8 2
224 282
1 3 2
327 26
1 9 2
29 374
1 3 2
400 86
1 9 2
108 201
1 5 2
58 83
1 8 2
18 44
1 8 2
65 142
1 15 2
51 262
1 11 2
281 479
1 11 2
384 281
1 13 2
229 93
1 15 2
171 428
1 10 2
289 442
1 14 2
358 105
1 11 2
358 205
1 14 2
338 357
1 5 2
434 460
1 9 2
280 330
1 5 2
307 49
1 9 2
358 190
1 15 2
394 340
1 12 2
44 100
1 3 2
236 387
1 11 2
264 499
1 4 2
55 79
1 12 2
310 98
1 4 2
262 172
1 6 2
402 499
1 3 2
388 279
1 7 2
449 424
1 7 2
14 397
1 10 2
179 202
1 15 2
141 98
1 7 2
410 339
1 6 2
398 101
1 5 2
357 234
1 11 2
476 397
1 13 2
490 55
1 9 2
287 349
1 7 2
401 64
1 3 2
350 22
1 4 2
170 474
1 11 2
364 118
1 5 2
329 341
1 9 2
63 27
1 3 2
214 177
1 10 2
287 149
1 3 2
302 56
1 10 2
22 424
1 14 2
112 165
1 8 2
194 218
1 7 2
496 117
1 4 2
74 397
1 3 2
64 340
1 5 2
209 2
1 7 2
154 375
1 3 2
23 224
1 7 2
429 263
1 3 2
151 80
1 11 2
134 313
1 5 2
378 165
1 10 2
125 201
1 4 2
264 297
1 13 2
29 238
1 14 2
389 482
1 7 2
438 361
1 13 2
161 480
1 2 2
161 144
1 2 2
425 341
1 13 2
456 256
1 11 2
5 279
1 4 2
57 356
1 9 2
240 25
1 10 2
128 478
1 10 2
34 449
1 13 2
157 74
1 5 2
48 241
1 7 2
197 233
1 3 2
272 318
1 6 2
189 297
1 11 2
495 257
1 5 2
155 80
1 13 2
342 162
1 14 2
31 315
1 6 2
168 328
1 11 2
349 232
1 3 2
465 38
1 13 2
46 307
1 14 2
11 387
1 12 2
490 335
1 6 2
493 363
1 15 2
457 149
1 14 2
426 445
1 15 2
134 391
1 12 2
306 469
1 12 2
143 491
1 13 2
267 56
1 12 2
320 231
1 7 2
27 265
1 10 2
29 53
1 4 2
155 312
1 12 2
91 102
1 3 2
30 16
1 10 2
36 306
1 2 2
313 162
1 6 2
473 312
1 4 2
351 167
1 9 2
320 193
1 9 2
492 242
1 7 2
139 457
1 12 2
377 464
1 9 2
436 197
1 10 2
174 379
1 13 2
154 271
1 9 2
469 416
1 4 2
122 468
1 2 2
38 362
1 3 2
90 326
1 14 2
180 397
1 10 2
202 162
1 14 2
480 317
1 6 2
102 39
1 6 2
231 161
1 7 2
60 126
1 5 2
488 12
1 15 2
465 378
1 6 2
312 34
1 6 2
234 252
1 13 2
284 399
1 9 2
319 443
1 15 2
420 445
1 8 2
476 44
1 15 2
33 361
1 6 2
390 370
1 5 2
321 217
1 12 2
118 210
1 3 2
442 48
1 4 2
121 202
1 15 2
95 466
1 14 2
48 31
1 7 2
466 92
1 6 2
458 240
1 12 2
256 197
1 8 2
35 204
1 9 2
48 407
1 15 2
419 356
1 7 2
242 46
1 12 2
397 431
1 12 2
377 409
1 15 2
305 421
1 5 2
140 313
1 7 2
44 258
1 4 2
335 415
1 9 2
149 288
1 9 2
406 354
1 12 2
337 358
1 3 2
215 299
1 12 2
320 455
1 11 2
46 217
1 14 2
262 129
1 9 2
130 135
1 2 2
194 252
1 4 2
271 428
1 6 2
156 103
1 5 2
222 255
1 12 2
130 340
1 8 2
300 426
1 13 2
467 389
1 6 2
92 252
1 3 2
420 112
1 7 2
456 19
1 14 2
23 182
1 10 2
276 368
1 10 2
406 240
1 7 2
126 258
1 12 2
447 69
1 15 2
311 362
1 2 2
403 52
1 10 2
295 24
1 14 2
417 83
1 8 2
30 127
1 10 2
331 13
1 15 2
449 271
1 7 2
250 325
1 6 2
177 405
1 8 2
267 173
1 11 2
23 2
1 4 2
151 353
1 11 2
183 20
1 8 2
489 299
1 10 2
319 316
1 7 2
186 338
1 13 2
115 369
1 13 2
253 350
1 15 2
266 193
1 7 2
364 91
1 6 2
247 335
1 3 2
383 212
1 11 2
272 486
1 6 2
407 123
1 12 2
94 243
1 13 2
163 349
1 3 2
212 69
1 13 2
262 283
1 12 2
86 467
1 13 2
374 246
1 6 2
292 201
1 14 2
207 128
1 14 2
395 52
1 2 2
484 12
1 7 2
61 411
1 10 2
204 497
1 15 2
44 448
1 4 2
410 261
1 7 2
247 10
1 5 2
244 295
1 9 2
460 432
1 11 2
190 369
1 14 2
160 430
1 4 2
70 391
1 9 2
86 41
1 15 2
118 367
1 3 2
32 212
1 15 2
201 54
1 11 2
358 135
1 15 2
396 200
1 10 2
269 219
1 9 2
124 184
1 12 2
90 250
1 12 2
290 314
1 11 2
386 224
1 10 2
194 465
1 9 2
480 325
1 15 2
142 27
1 11 2
399 321
1 11 2
16 149
1 13 2
162 264
1 3 2
135 93
1 10 2
100 264
1 4 2
213 343
1 15 2
171 280
1 8 2
37 106
1 8 2
418 366
1 6 2
325 86
1 3 2
495 368
1 5 2
309 101
1 4 2
466 258
1 15 2
295 128
1 3 2
86 478
1 13 2
406 182
1 10 2
367 20
1 12 2
289 446
1 11 2
161 390
1 10 2
195 204
1 11 2
142 139
1 3 2
172 0
1 15 2
368 143
1 13 2
178 284
1 3 2
117 239
1 12 2
277 223
1 10 2
291 81
1 8 2
451 491
1 10 2
466 480
1 4 2
85 3
1 14 2
325 145
1 6 2
214 400
1 4 2
227 286
1 4 2
472 490
1 12 2
230 300
1 8 2
368 62
1 10 2
433 212
1 14 2
498 236
1 6 2
54 439
1 15 2
72 144
1 6 2
346 156
1 15 2
354 215
1 11 2
286 442
1 8 2
117 269
1 11 2
338 179
1 7 2
201 153
1 2 2
58 48
1 14 2
278 274
1 2 2
340 19
1 7 2
365 202
1 14 2
101 430
1 15 2
191 185
1 2 2
12 34
1 13 2
223 178
1 11 2
430 144
1 7 2
78 197
1 5 2
78 388
1 8 2
307 499
1 9 2
3 426
1 2 2
77 354
1 10 2
195 312
1 2 2
448 33
1 11 2
412 190
1 5 2
249 465
1 8 2
340 176
1 3 2
153 148
1 8 2
409 159
1 15 2
348 352
1 14 2
154 135
1 7 2
437 110
1 10 2
259 147
1 2 2
255 308
1 9 2
217 382
1 14 2
96 245
1 4 2
393 25
1 13 2
236 389
1 5 2
290 334
1 14 2
106 146
1 10 2
152 482
1 9 2
374 415
1 10 2
469 286
1 14 2
215 424
1 5 2
1 368
1 4 2
379 291
1 6 2
180 475
1 9 2
287 337
1 3 2
142 6
1 3 2
103 457
1 9 2
387 259
1 9 2
92 241
1 3 2
282 208
1 9 2
176 151
1 7 2
167 322
1 12 2
320 103
1 5 2
220 2
1 8 2
116 389
1 8 2
87 483
1 5 2
260 187
1 2 2
246 198
1 5 2
339 222
1 7 2
382 70
1 5 2
440 399
1 10 2
398 203
1 3 2
307 308
1 15 2
248 151
1 8 2
140 412
1 11 2
182 497
1 7 2
62 71
1 10 2
334 399
1 7 2
455 254
1 15 2
309 14
1 8 2
362 224
1 12 2
389 367
1 6 2
75 56
1 4 2
381 91
1 2 2
212 290
1 3 2
485 153
1 2 2
43 211
1 4 2
474 303
1 13 2
456 495
1 6 2
489 143
1 11 2
90 79
1 11 2
308 75
1 4 2
294 373
1 2 2
268 74
1 5 2
6 284
1 6 2
121 63
1 4 2
74 326
1 4 2
495 446
1 8 2
64 238
1 12 2
88 325
1 14 2
339 192
1 7 2
89 57
1 3 2
480 302
1 8 2
147 65
1 10 2
453 388
1 12 2
300 346
1 8 2
351 450
1 5 2
209 499
1 4 2
53 262
1 7 2
444 102
1 4 2
159 237
1 10 2
124 342
1 10 2
105 420
1 14 2
356 46
1 14 2
9 174
1 4 2
387 341
1 12 2
431 0
1 5 2
351 183
1 3 2
289 306
1 9 2
115 92
1 6 2
73 116
1 15 2
387 204
1 13 2
360 71
1 3 2
443 161
1 11 2
1 361
1 14 2
480 452
1 7 2
231 401
1 9 2
98 52
1 13 2
153 473
1 3 2
135 400
1 10 2
208 46
1 14 2
346 137
1 3 2
320 337
1 6 2
104 413
1 8 2
28 195
1 10 2
318 123
1 2 2
47 184
1 7 2
159 349
1 3 2
272 488
1 12 2
86 265
1 14 2
394 49
1 8 2
385 312
1 2 2
4 6
1 6 2
173 456
1 9 2
32 253
1 3 2
24 472
1 8 2
12 0
1 7 2
159 321
1 8 2
318 272
1 12 2
390 399
1 2 2
45 407
1 14 2
93 423
1 14 2
202 448
1 13 2
415 140
1 14 2
21 60
1 10 2
75 437
1 2 2
317 37
1 12 2
499 266
1 2 2
414 352
1 7 2
194 82
1 12 2
257 241
1 8 2
368 59
1 4 2
458 136
1 14 2
82 39
1 6 2
272 442
1 8 2
237 380
1 8 2
324 319
1 11 2
237 60
1 2 2
446 354
1 5 2
188 383
1 7 2
378 448
1 2 2
10 497
1 6 2
49 74
1 2 2
438 374
1 15 2
333 15
1 4 2
135 78
1 9 2
428 129
1 6 2
421 270
1 12 2
451 96
1 3 2
88 189
1 2 2
148 290
1 14 2
429 423
1 13 2
137 389
1 9 2
296 231
1 2 2
48 210
1 2 2
101 490
1 4 2
350 494
1 2 2
9 163
1 7 2
375 39
1 7 2
218 242
1 8 2
381 9
1 4 2
439 427
1 3 2
429 491
1 7 2
30 149
1 3 2
330 474
1 10 2
232 96
1 5 2
453 33
1 10 2
201 163
1 11 2
79 57
1 4 2
246 87
1 13 2
190 49
1 14 2
26 489
1 3 2
30 375
1 14 2
64 98
1 5 2
58 230
1 12 2
278 155
1 5 2
265 10
1 10 2
460 172
1 14 2
116 42
1 14 2
313 181
1 9 2
286 30
1 12 2
163 8
1 6 2
286 111
1 3 2
19 435
1 15 2
13 115
1 13 2
52 194
1 13 2
406 5
1 7 2
76 152
1 9 2
294 232
1 3 2
354 263
1 7 2
195 47
1 13 2
108 142
1 2 2
243 417
1 9 2
260 297
1 15 2
427 214
1 11 2
342 448
1 7 2
340 215
1 12 2
115 140
1 6 2
15 406
1 6 2
63 374
1 2 2
400 22
1 2 2
204 413
1 9 2
4 300
1 12 2
93 76
1 3 2
26 365
1 7 2
117 140
1 6 2
13 282
1 11 2
229 363
1 10 2
399 382
1 4 2
182 184
1 12 2
474 269
1 11 2
296 297
1 12 2
5 465
1 10 2
184 437
1 11 2
313 175
1 6 2
160 437
1 12 2
268 133
1 11 2
67 429
1 3 2
349 341
1 15 2
461 277
1 4 2
368 286
1 11 2
18 159
1 7 2
284 379
1 8 2
108 287
1 8 2
422 285
1 9 2
479 402
1 8 2
90 239
1 7 2
337 242
1 4 2
151 303
1 5 2
305 8
1 8 2
173 316
1 6 2
360 433
1 3 2
125 433
1 8 2
12 263
1 12 2
443 91
1 5 2
461 272
1 4 2
492 184
1 8 2
302 83
1 9 2
115 161
1 4 2
283 486
1 14 2
88 166
1 14 2
121 161
1 3 2
250 339
1 2 2
284 435
1 12 2
65 413
1 11 2
102 98
1 8 2
224 269
1 6 2
344 26
1 8 2
448 92
1 7 2
410 199
1 13 2
281 134
1 5 2
344 304
1 13 2
367 29
1 4 2
26 304
1 8 2
473 299
1 13 2
228 180
1 8 2
43 202
1 10 2
482 289
1 12 2
131 312
1 2 2
186 209
1 9 2
394 203
1 15 2
286 101
1 4 2
458 256
1 10 2
15 76
1 11 2
19 166
1 14 2
324 402
1 4 2
239 187
1 8 2
4 183
1 2 2
90 154
1 12 2
265 369
1 7 2
433 407
1 4 2
140 66
1 3 2
0 10
1 14 2
254 267
1 15 2
309 427
1 10 2
318 171
1 15 2
498 29
1 15 2
482 455
1 6 2
374 368
1 11 2
239 111
1 13 2
482 341
1 15 2
220 120
1 5 2
108 187
1 9 2
385 126
1 9 2
294 187
1 15 2
65 330
1 14 2
74 475
1 12 2
368 33
1 11 2
443 93
1 9 2
137 351
1 14 2
431 414
1 15 2
446 232
1 15 2
68 216
1 8 2
23 439
1 9 2
382 218
1 14 2
340 155
1 15 2
380 355
1 15 2
145 325
1 13 2
215 479
1 11 2
310 132
1 6 2
18 460
1 12 2
12 172
1 15 2
344 200
1 2 2
133 104
1 9 2
296 166
1 14 2
131 172
1 4 2
116 59
1 11 2
30 232
1 9 2
456 135
1 9 2
473 426
1 9 2
160 9
1 15 2
245 422
1 2 2
163 457
1 5 2
457 188
1 12 2
211 365
1 9 2
291 403
1 12 2
322 80
1 15 2
150 397
1 10 2
364 455
1 11 2
276 265
1 14 2
25 387
1 3 2
472 25
1 13 2
50 498
1 9 2
21 339
1 4 2
149 193
1 7 2
271 17
1 2 2
22 124
1 13 2
308 95
1 6 2
388 130
1 10 2
122 40
1 12 2
228 328
1 11 2
281 199
1 9 2
93 68
1 4 2
207 210
1 14 2
164 233
1 9 2
299 360
1 15 2
348 393
1 12 2
346 263
1 6 2
257 17
1 3 2
248 59
1 7 2
474 115
1 13 2
81 483
1 2 2
35 49
1 5 2
197 282
1 6 2
242 226
1 5 2
261 298
1 7 2
412 110
1 10 2
384 249
1 7 2
11 447
1 7 2
148 274
1 10 2
169 488
1 12 2
300 341
1 12 2
341 168
1 8 2
405 85
1 7 2
299 50
1 12 2
16 276
1 9 2
53 85
1 8 2
110 89
1 5 2
151 429
1 6 2
409 72
1 15 2
285 212
1 7 2
497 346
1 14 2
23 179
1 4 2
335 56
1 7 2
364 142
1 10 2
100 368
1 7 2
482 479
1 14 2
425 80
1 2 2
416 54
1 4 2
166 13
1 15 2
212 456
1 10 2
441 95
1 11 2
327 488
1 8 2
196 280
1 6 2
466 397
1 14 2
15 178
1 7 2
85 345
1 12 2
203 58
1 11 2
478 359
1 4 2
198 307
1 2 2
160 420
1 13 2
263 262
1 2 2
473 188
1 3 2
60 276
1 5 2
167 391
1 9 2
405 160
1 14 2
331 308
1 7 2
35 442
1 8 2
454 382
1 11 2
414 300
1 7 2
199 467
1 10 2
208 270
1 4 2
28 282
1 4 2
231 71
1 8 2
150 172
1 5 2
29 490
1 5 2
245 312
1 5 2
478 246
1 6 2
184 247
1 15 2
267 321
1 3 2
293 442
1 13 2
387 79
1 12 2
190 196
1 14 2
180 226
1 6 2
221 423
1 7 2
73 167
1 12 2
15 270
1 9 2
297 214
1 14 2
240 194
1 14 2
245 21
1 15 2
176 452
1 9 2
96 427
1 15 2
423 71
1 10 2
338 147
1 13 2
189 281
1 12 2
236 341
1 7 2
187 439
1 6 2
206 240
1 5 2
308 392
1 4 2
26 487
1 6 2
177 245
1 2 2
407 183
1 3 2
59 305
1 3 2
477 201
1 10 2
410 66
1 11 2
272 368
1 2 2
294 62
1 7 2
493 394
1 8 2
70 371
1 2 2
465 409
1 9 2
183 126
1 8 2
119 292
1 7 2
436 100
1 12 2
491 219
1 2 2
131 79
1 13 2
477 34
1 10 2
491 203
1 7 2
406 491
1 6 2
473 335
1 14 2
313 170
1 9 2
130 89
1 13 2
427 282
1 12 2
202 479
1 15 2
465 338
1 14 2
20 495
1 14 2
314 129
1 7 2
371 401
1 15 2
155 158
1 2 2
262 284
1 10 2
465 324
1 8 2
441 402
1 10 2
4 470
1 13 2
261 350
1 4 2
243 48
1 4 2
54 312
1 11 2
267 276
1 12 2
497 204
1 9 2
419 429
1 12 2
47 127
1 11 2
122 156
1 11 2
257 270
1 15 2
12 355
1 2 2
414 492
1 10 2
355 86
1 9 2
346 310
1 15 2
274 218
1 9 2
423 115
1 10 2
12 59
1 7 2
124 276
1 8 2
40 341
1 2 2
26 200
1 2 2
360 352
1 11 2
136 94
1 8 2
411 340
1 8 2
138 155
1 3 2
141 201
1 14 2
33 106
1 12 2
85 488
1 14 2
203 41
1 15 2
180 205
1 12 2
144 344
1 14 2
321 153
1 13 2
175 192
1 15 2
310 116
1 11 2
276 277
1 9 2
216 175
1 3 2
364 20
1 13 2
36 106
1 10 2
358 242
1 14 2
495 347
1 7 2
200 0
1 3 2
236 57
1 2 2
93 19
1 6 2
245 340
1 6 2
211 38
1 12 2
69 364
1 12 2
265 296
1 4 2
39 280
1 2 2
216 170
1 3 2
36 18
1 8 2
27 428
1 6 2
335 67
1 7 2
86 382
1 6 2
11 18
1 4 2
185 194
1 5 2
398 220
1 4 2
161 202
1 7 2
331 181
1 8 2
239 375
1 14 2
393 73
1 7 2
120 74
1 13 2
300 222
1 10 2
349 423
1 15 2
408 486
1 15 2
22 88
1 12 2
441 113
1 10 2
412 76
1 12 2
472 244
1 3 2
430 413
1 15 2
39 114
1 5 2
323 67
1 6 2
51 147
1 14 2
41 182
1 8 2
391 485
1 12 2
371 7
1 3 2
399 320
1 6 2
67 365
1 9 2
315 457
1 2 2
223 191
1 4 2
414 208
1 6 2
391 70
1 12 2
405 21
1 5 2
242 29
1 2 2
85 397
1 14 2
334 170
1 9 2
465 187
1 5 2
256 491
1 6 2
143 165
1 9 2
66 204
1 12 2
391 161
1 5 2
408 453
1 2 2
82 314
1 8 2
231 463
1 6 2
191 445
1 15 2
70 0
1 13 2
149 499
1 4 2
95 313
1 11 2
456 493
1 4 2
304 289
1 2 2
350 229
1 11 2
147 299
1 3 2
351 235
1 13 2
446 371
1 12 2
109 88
1 3 2
300 206
1 6 2
32 265
1 10 2
73 423
1 14 2
174 403
1 6 2
115 387
1 3 2
76 442
1 3 2
341 457
1 5 2
333 400
1 14 2
186 88
1 6 2
341 21
1 10 2
473 422
1 6 2
90 181
1 9 2
132 121
1 9 2
268 150
1 6 2
215 52
1 12 2
210 467
1 14 2
4 493
1 5 2
404 284
1 4 2
466 236
1 3 2
22 284
1 14 2
340 241
1 6 2
445 242
1 13 2
481 81
1 8 2
171 222
1 10 2
449 16
1 9 2
233 442
1 15 2
91 327
1 15 2
105 324
1 4 2
79 100
1 8 2
95 122
1 7 2
156 229
1 5 2
167 473
1 13 2
365 262
1 10 2
355 221
1 2 2
306 419
1 2 2
120 165
1 5 2
315 415
1 11 2
455 183
1 2 2
73 385
1 15 2
122 465
1 10 2
149 483
1 15 2
158 353
1 2 2
153 363
1 8 2
408 454
1 7 2
470 392
1 13 2
274 105
1 5 2
141 166
1 3 2
57 196
1 6 2
310 313
1 3 2
375 303
1 7 2
279 92
1 6 2
287 363
1 9 2
247 446
1 6 2
83 434
1 15 2
184 123
1 6 2
55 219
1 6 2
206 66
1 14 2
258 48
1 12 2
443 354
1 8 2
143 106
1 11 2
255 133
1 3 2
356 322
1 3 2
245 175
1 3 2
271 16
1 12 2
44 122
1 2 2
2 55
1 5 2
457 178
1 11 2
60 25
1 14 2
129 284
1 13 2
213 64
1 15 2
233 250
1 9 2
353 351
1 10 2
392 66
1 6 2
53 398
1 12 2
200 237
1 9 2
172 261
1 6 2
484 374
1 8 2
50 205
1 2 2
415 129
1 8 2
282 484
1 7 2
447 186
1 8 2
182 458
1 11 2
117 39
1 13 2
337 286
1 9 2
386 75
1 6 2
93 220
1 7 2
298 133
1 8 2
107 357
1 9 2
108 260
1 8 2
225 8
1 13 2
225 345
1 15 2
136 68
1 2 2
440 492
1 14 2
490 218
1 6 2
72 18
1 10 2
145 184
1 15 2
69 377
1 15 2
209 344
1 3 2
20 85
1 7 2
247 255
1 15 2
452 217
1 12 2
162 223
1 12 2
367 153
1 10 2
433 74
1 15 2
266 100
1 14 2
334 414
1 12 2
431 496
1 14 2
146 425
1 8 2
369 121
1 13 2
215 494
1 2 2
328 252
1 2 2
408 320
1 7 2
363 481
1 9 2
361 115
1 13 2
208 402
1 4 2
106 25
1 6 2
484 368
1 13 2
382 410
1 11 2
186 142
1 11 2
453 217
1 12 2
80 236
1 7 2
250 131
1 4 2
361 295
1 12 2
447 7
1 7 2
371 419
1 11 2
332 186
1 11 2
251 182
1 3 2
270 263
1 9 2
343 300
1 2 2
144 304
1 6 2
34 116
1 3 2
200 108
1 11 2
166 118
1 8 2
29 335
1 7 2
173 378
1 11 2
280 14
1 5 2
358 363
1 2 2
55 242
1 10 2
250 59
1 2 2
330 386
1 5 2
383 362
1 8 2
381 0
1 13 2
27 48
1 14 2
252 400
1 2 2
129 159
1 9 2
5 145
1 14 2
57 230
1 8 2
361 170
1 2 2
304 423
1 4 2
445 66
1 12 2
61 136
1 2 2
199 201
1 3 2
144 407
1 2 2
410 28
1 4 2
11 443
1 4 2
184 45
1 14 2
434 17
1 14 2
60 154
1 8 2
196 417
1 5 2
303 102
1 6 2
396 130
1 6 2
241 138
1 9 2
2 231
1 14 2
63 130
1 10 2
162 165
1 5 2
481 462
1 8 2
367 369
1 5 2
116 218
1 6 2
36 70
1 13 2
57 490
1 15 2
312 201
1 4 2
461 470
1 3 2
396 427
1 15 2
361 11
1 12 2
157 293
1 9 2
308 76
1 7 2
121 39
1 5 2
34 103
1 5 2
282 396
1 11 2
411 328
1 4 2
86 216
1 10 2
361 168
1 4 2
118 396
1 9 2
427 53
1 3 2
233 52
1 3 2
246 9
1 4 2
396 212
1 3 2
175 349
1 9 2
279 146
1 14 2
233 425
1 3 2
392 391
1 9 2
264 330
1 6 2
98 109
1 11 2
375 440
1 13 2
238 134
1 9 2
18 82
1 6 2
33 130
1 7 2
190 336
1 14 2
100 410
1 12 2
360 200
1 15 2
476 140
1 2 2
311 168
1 4 2
105 482
1 6 2
218 161
1 3 2
273 32
1 5 2
78 341
1 2 2
60 246
1 5 2
449 38
1 13 2
433 494
1 3 2
70 450
1 3 2
435 283
1 7 2
367 7
1 3 2
208 465
1 4 2
481 216
1 11 2
31 133
1 13 2
165 7
1 8 2
475 33
1 2 2
198 245
1 5 2
305 433
1 11 2
28 115
1 7 2
484 297
1 4 2
254 336
1 11 2
437 419
1 4 2
485 332
1 4 2
136 269
1 5 2
121 98
1 8 2
146 134
1 2 2
446 387
1 6 2
409 285
1 14 2
266 259
1 7 2
313 471
1 8 2
38 334
1 11 2
328 414
1 5 2
225 69
1 14 2
494 489
1 6 2
338 37
1 10 2
442 357
1 15 2
450 248
1 5 2
272 163
1 11 2
411 23
1 15 2
100 400
1 3 2
359 451
1 6 2
178 252
1 10 2
103 389
1 11 2
173 215
1 15 2
67 211
1 7 2
190 325
1 15 2
50 295
1 8 2
195 423
1 12 2
258 324
1 7 2
435 317
1 14 2
181 82
1 14 2
469 322
1 12 2
255 247
1 9 2
66 371
1 14 2
281 471
1 10 2
429 131
1 11 2
408 141
1 11 2
143 94
1 8 2
424 138
1 14 2
323 489
1 8 2
377 226
1 8 2
441 294
1 2 2
382 108
1 14 2
245 383
1 8 2
179 405
1 2 2
201 357
1 5 2
23 116
1 4 2
360 487
1 3 2
453 394
1 9 2
202 79
1 6 2
182 144
1 2 2
190 99
1 8 2
370 439
1 10 2
379 240
1 14 2
174 48
1 9 2
352 175
1 2 2
290 107
1 11 2
480 418
1 14 2
213 196
1 15 2
370 50
1 7 2
296 146
1 3 2
144 176
1 15 2
121 282
1 5 2
463 156
1 2 2
22 273
1 8 2
109 36
1 7 2
19 204
1 8 2
253 499
1 2 2
384 259
1 7 2
480 157
1 5 2
368 53
1 7 2
387 475
1 9 2
60 223
1 4 2
70 412
1 10 2
249 486
1 8 2
65 57
1 6 2
120 179
1 5 2
405 64
1 8 2
402 229
1 9 2
126 27
1 14 2
346 211
1 2 2
348 69
1 14 2
328 84
1 14 2
476 452
1 15 2
31 14
1 2 2
87 287
1 15 2
190 3
1 14 2
48 212
1 11 2
328 80
1 2 2
49 34
1 12 2
202 458
1 14 2
498 165
1 6 2
255 472
1 11 2
409 485
1 3 2
101 396
1 3 2
494 319
1 10 2
175 280
1 5 2
340 410
1 13 2
449 273
1 4 2
479 84
1 5 2
41 462
1 8 2
28 16
1 7 2
354 335
1 3 2
431 11
1 2 2
174 112
1 15 2
251 58
1 15 2
296 81
1 14 2
137 454
1 6 2
116 494
1 5 2
404 336
1 5 2
491 42
1 10 2
103 10
1 10 2
255 499
1 8 2
326 215
1 10 2
298 357
1 8 2
480 333
1 2 2
148 202
1 9 2
196 62
1 14 2
96 244
1 10 2
92 235
1 10 2
134 412
1 4 2
312 63
1 6 2
171 75
1 2 2
15 282
1 13 2
114 238
1 3 2
124 210
1 14 2
494 169
1 7 2
188 313
1 3 2
238 286
1 15 2
151 84
1 8 2
153 59
1 13 2
301 430
1 15 2
399 237
1 13 2
133 32
1 9 2
97 261
1 4 2
139 446
1 4 2
407 444
1 12 2
415 102
1 4 2
140 42
1 15 2
367 141
1 8 2
226 311
1 3 2
139 69
1 7 2
21 367
1 6 2
49 257
1 5 2
437 347
1 4 2
311 417
1 4 2
272 132
1 13 2
478 146
1 3 2
352 163
1 4 2
144 23
1 6 2
269 94
1 4 2
56 124
1 6 2
103 76
1 11 2
491 259
1 15 2
462 44
1 14 2
127 11
1 2 2
375 204
1 6 2
268 370
1 14 2
180 462
1 7 2
330 444
1 12 2
37 490
1 6 2
5 314
1 7 2
9 431
1 7 2
36 95
1 10 2
151 391
1 11 2
330 397
1 13 2
262 26
1 7 2
45 157
1 3 2
485 54
1 14 2
479 292
1 11 2
115 471
1 8 2
157 72
1 15 2
345 361
1 13 2
152 447
1 6 2
66 466
1 4 2
272 110
1 8 2
364 205
1 12 2
214 370
1 6 2
385 60
1 10 2
196 370
1 9 2
280 231
1 9 2
448 203
1 13 2
445 113
1 15 2
375 392
1 8 2
356 235
1 4 2
457 67
1 7 2
330 134
1 12 2
240 366
1 15 2
236 290
1 12 2
422 0
1 5 2
343 445
1 12 2
25 216
1 2 2
449 159
1 5 2
84 315
1 5 2
124 81
1 14 2
99 28
1 4 2
283 419
1 7 2
178 339
1 3 2
473 208
1 8 2
276 155
1 3 2
491 332
1 11 2
64 9
1 13 2
130 147
1 3 2
407 191
1 9 2
66 372
1 7 2
194 396
1 13 2
440 378
1 15 2
323 496
1 5 2
264 259
1 3 2
371 1
1 15 2
231 135
1 14 2
187 172
1 12 2
125 348
1 2 2
493 482
1 8 2
162 331
1 11 2
89 133
1 11 2
73 459
1 11 2
348 90
1 13 2
401 461
1 9 2
273 167
1 14 2
489 162
1 14 2
437 17
1 4 2
6 330
1 13 2
402 466
1 15 2
134 169
1 9 2
30 176
1 10 2
12 69
1 2 2
176 213
1 13 2
418 254
1 10 2
51 477
1 12 2
15 124
1 2 2
257 273
1 4 2
195 213
1 10 2
481 197
1 7 2
39 266
1 3 2
23 143
1 14 2
313 482
1 5 2
20 249
1 9 2
344 352
1 3 2
29 460
1 10 2
180 263
1 7 2
427 156
1 9 2
319 268
1 12 2
416 155
1 6 2
453 137
1 11 2
479 37
1 12 2
447 228
1 9 2
152 324
1 6 2
391 352
1 10 2
372 460
1 5 2
290 400
1 11 2
275 50
1 11 2
67 360
1 7 2
10 364
1 8 2
291 48
1 7 2
495 378
1 7 2
322 138
1 5 2
46 447
1 11 2
342 210
1 3 2
470 446
1 12 2
322 491
1 9 2
496 38
1 11 2
157 66
1 4 2
215 376
1 2 2
289 6
1 12 2
420 408
1 3 2
449 485
1 7 2
498 247
1 15 2
152 443
1 8 2
88 399
1 14 2
125 427
1 7 2
487 386
1 2 2
294 81
1 6 2
180 200
1 14 2
239 439
1 3 2
230 84
1 9 2
117 114
1 5 2
236 139
1 10 2
352 265
1 13 2
139 353
1 14 2
299 321
1 2 2
100 473
1 13 2
332 128
1 12 2
380 31
1 11 2
477 253
1 10 2
371 280
1 11 2
208 449
1 12 2
79 31
1 3 2
90 301
1 10 2
193 182
1 13 2
101 361
1 8 2
85 353
1 7 2
456 82
1 10 2
9 334
1 12 2
285 221
1 10 2
382 321
1 2 2
10 427
1 5 2
89 328
1 7 2
339 187
1 4 2
275 371
1 5 2
166 229
1 12 2
115 137
1 11 2
121 372
1 2 2
380 452
1 13 2
151 54
1 9 2
475 4
1 3 2
290 464
1 11 2
463 87
1 8 2
62 376
1 2 2
49 28
1 11 2
337 114
1 4 2
253 175
1 14 2
317 311
1 7 2
368 77
1 13 2
474 421
1 15 2
57 26
1 6 2
170 437
1 3 2
109 209
1 5 2
222 401
1 4 2
478 499
1 4 2
109 233
1 10 2
203 2
1 9 2
422 164
1 6 2
377 40
1 8 2
76 248
1 6 2
386 289
1 8 2
36 158
1 6 2
332 497
1 9 2
264 414
1 6 2
45 195
1 11 2
434 422
1 4 2
402 137
1 15 2
273 193
1 7 2
265 422
1 4 2
496 333
1 6 2
227 415
1 14 2
363 18
1 11 2
365 89
1 2 2
239 90
1 4 2
409 137
1 13 2
41 70
1 11 2
214 20
1 7 2
211 486
1 2 2
470 270
1 3 2
84 166
1 4 2
229 406
1 9 2
455 490
1 9 2
486 65
1 5 2
201 409
1 6 2
89 312
1 4 2
385 463
1 3 2
304 129
1 7 2
204 129
1 4 2
308 267
1 3 2
175 199
1 8 2
361 289
1 3 2
403 397
1 8 2
421 243
1 9 2
314 54
1 5 2
355 95
1 3 2
371 283
1 2 2
403 383
1 6 2
314 341
1 2 2
257 109
1 12 2
13 310
1 14 2
133 279
1 13 2
263 235
1 5 2
435 3
1 13 2
413 241
1 5 2
428 188
1 13 2
6 123
1 15 2
398 357
1 8 2
434 399
1 10 2
175 241
1 15 2
350 139
1 6 2
75 215
1 12 2
61 405
1 9 2
34 492
1 8 2
171 277
1 3 2
458 244
1 4 2
244 408
1 14 2
182 350
1 10 2
8 94
1 4 2
302 228
1 9 2
19 250
1 5 2
361 17
1 14 2
318 261
1 5 2
361 252
1 5 2
284 411
1 14 2
351 391
1 12 2
402 312
1 3 2
39 392
1 11 2
433 369
1 13 2
296 440
1 3 2
235 122
1 5 2
135 480
1 11 2
402 50
1 8 2
467 303
1 15 2
187 223
1 9 2
369 338
1 9 2
41 449
1 14 2
185 135
1 10 2
374 156
1 3 2
60 221
1 12 2
316 244
1 6 2
50 29
1 13 2
117 350
1 11 2
483 229
1 8 2
340 407
1 7 2
56 365
1 14 2
364 418
1 4 2
406 462
1 4 2
421 229
1 15 2
426 243
1 12 2
463 448
1 6 2
165 31
1 6 2
403 275
1 10 2
131 365
1 7 2
124 1
1 11 2
355 292
1 3 2
351 147
1 8 2
48 147
1 10 2
365 214
1 4 2
69 123
1 12 2
285 326
1 13 2
492 134
1 13 2
498 447
1 9 2
214 255
1 12 2
409 281
1 11 2
282 121
1 8 2
447 415
1 2 2
380 262
1 9 2
110 452
1 15 2
347 35
1 14 2
341 295
1 12 2
67 149
1 4 2
286 113
1 7 2
384 120
1 6 2
440 271
1 15 2
23 440
1 11 2
379 492
1 8 2
141 106
1 3 2
274 159
1 8 2
154 266
1 5 2
165 351
1 5 2
447 316
1 2 2
398 62
1 2 2
261 323
1 5 2
434 241
1 9 2
177 391
1 6 2
341 147
1 11 2
408 200
1 4 2
165 111
1 3 2
78 306
1 15 2
476 59
1 8 2
89 409
1 9 2
482 256
1 14 2
277 399
1 12 2
228 109
1 11 2
240 239
1 6 2
185 331
1 5 2
343 452
1 7 2
170 1
1 4 2
16 495
1 3 2
457 356
1 5 2
301 21
1 13 2
0 462
1 14 2
375 90
1 9 2
168 238
1 6 2
465 221
1 11 2
139 218
1 5 2
157 455
1 13 2
252 342
1 5 2
451 180
1 14 2
330 40
1 12 2
450 103
1 7 2
240 313
1 13 2
327 156
1 10 2
147 230
1 3 2
311 11
1 13 2
485 336
1 12 2
368 69
1 6 2
419 456
1 8 2
190 189
1 14 2
149 278
1 11 2
104 464
1 13 2
255 394
1 11 2
24 494
1 13 2
9 299
1 5 2
94 286
1 7 2
385 196
1 7 2
280 201
1 2 2
397 173
1 12 2
144 305
1 5 2
377 481
1 5 2
5 27
1 3 2
41 437
1 7 2
301 143
1 2 2
204 235
1 2 2
61 114
1 11 2
288 8
1 10 2
474 200
1 4 2
415 212
1 14 2
411 350
1 7 2
17 295
1 2 2
148 152
1 4 2
379 146
1 3 2
421 104
1 5 2
175 16
1 3 2
174 233
1 14 2
250 448
1 12 2
50 440
1 14 2
390 144
1 13 2
19 75
1 15 2
440 335
1 9 2
311 155
1 10 2
111 92
1 11 2
252 208
1 3 2
153 142
1 4 2
137 239
1 7 2
37 416
1 6 2
124 63
1 5 2
58 388
1 3 2
117 220
1 10 2
30 18
1 13 2
118 170
1 14 2
66 229
1 12 2
343 246
1 13 2
63 116
1 15 2
448 208
1 13 2
349 337
1 3 2
287 360
1 6 2
155 154
1 6 2
430 412
1 6 2
53 109
1 11 2
461 324
1 4 2
414 62
1 6 2
97 378
1 13 2
33 338
1 14 2
273 324
1 10 2
289 9
1 3 2
61 273
1 10 2
60 474
1 13 2
190 436
1 12 2
266 408
1 6 2
239 212
1 8 2
296 95
1 6 2
286 436
1 7 2
428 32
1 14 2
385 407
1 8 2
221 488
1 4 2
448 373
1 12 2
78 234
1 11 2
83 104
1 10 2
277 337
1 8 2
256 367
1 15 2
297 88
1 8 2
86 453
1 11 2
482 189
1 2 2
23 357
1 12 2
183 312
1 3 2
420 147
1 12 2
284 454
1 3 2
402 219
1 2 2
493 135
1 10 2
376 409
1 2 2
432 65
1 13 2
464 376
1 11 2
420 227
1 4 2
372 99
1 13 2
14 111
1 11 2
251 114
1 11 2
106 305
1 5 2
70 63
1 7 2
216 169
1 5 2
131 314
1 11 2
472 109
1 6 2
99 113
1 2 2
112 346
1 5 2
342 482
1 3 2
318 445
1 7 2
448 258
1 13 2
159 326
1 11 2
100 347
1 2 2
282 6
1 15 2
237 42
1 9 2
268 31
1 15 2
329 273
1 8 2
117 125
1 11 2
215 445
1 10 2
471 22
1 15 2
173 437
1 6 2
134 468
1 14 2
490 322
1 8 2
310 185
1 10 2
355 376
1 15 2
67 68
1 13 2
150 75
1 14 2
494 195
1 9 2
8 482
1 3 2
143 349
1 9 2
378 232
1 8 2
113 424
1 14 2
108 449
1 5 2
40 391
1 3 2
255 467
1 7 2
269 248
1 7 2
449 135
1 14 2
257 298
1 10 2
375 98
1 3 2
164 338
1 4 2
308 350
1 13 2
319 457
1 4 2
54 307
1 3 2
104 43
1 10 2
53 400
1 10 2
317 121
1 6 2
384 342
1 12 2
178 37
1 6 2
440 491
1 2 2
195 418
1 11 2
354 324
1 12 2
151 85
1 15 2
280 73
1 14 2
151 206
1 9 2
462 345
1 6 2
68 248
1 8 2
108 378
1 2 2
476 477
1 14 2
219 441
1 12 2
294 367
1 7 2
199 329
1 8 2
135 24
1 8 2
85 32
1 10 2
422 382
1 8 2
234 192
1 7 2
59 261
1 7 2
74 262
1 2 2
377 37
1 9 2
301 148
1 6 2
70 204
1 4 2
6 121
1 10 2
17 134
1 13 2
327 73
1 3 2
464 182
1 9 2
321 63
1 2 2
239 232
1 7 2
419 4
1 3 2
307 464
1 11 2
16 86
1 8 2
153 273
1 5 2
306 186
1 14 2
413 174
1 11 2
44 452
1 10 2
439 467
1 4 2
203 113
1 3 2
335 461
1 4 2
344 149
1 4 2
287 114
1 13 2
211 366
1 14 2
427 222
1 12 2
269 83
1 4 2
237 337
1 11 2
128 330
1 11 2
58 326
1 10 2
338 93
1 12 2
258 104
1 11 2
2 204
1 11 2
254 291
1 12 2
474 393
1 3 2
424 118
1 13 2
17 373
1 2 2
323 320
1 8 2
47 220
1 6 2
470 108
1 8 2
85 46
1 12 2
281 345
1 7 2
242 198
1 5 2
276 172
1 11 2
67 177
1 12 2
344 102
1 11 2
187 42
1 11 2
191 455
1 14 2
229 377
1 15 2
429 275
1 5 2
14 272
1 14 2
346 492
1 13 2
343 57
1 12 2
161 423
1 8 2
481 376
1 11 2
101 128
1 15 2
227 421
1 2 2
391 294
1 7 2
258 126
1 11 2
390 391
1 12 2
207 301
1 12 2
238 313
1 15 2
494 138
1 8 2
86 210
1 15 2
5 169
1 15 2
457 444
1 8 2
200 402
1 11 2
298 484
1 15 2
161 85
1 3 2
335 65
1 12 2
271 204
1 7 2
104 320
1 4 2
316 123
1 11 2
78 18
1 4 2
284 132
1 7 2
343 178
1 7 2
270 203
1 12 2
191 265
1 5 2
451 466
1 13 2
85 224
1 8 2
319 105
1 7 2
72 378
1 6 2
219 314
1 11 2
477 16
1 5 2
466 307
1 7 2
275 22
1 7 2
108 406
1 10 2
30 452
1 3 2
72 169
1 4 2
154 329
1 3 2
104 226
1 14 2
425 499
1 9 2
347 472
1 6 2
6 324
1 15 2
444 307
1 8 2
486 62
1 9 2
209 306
1 5 2
98 105
1 5 2
14 258
1 7 2
339 122
1 13 2
473 65
1 5 2
362 464
1 8 2
175 426
1 3 2
311 191
1 2 2
240 295
1 5 2
370 97
1 9 2
378 185
1 5 2
69 278
1 9 2
152 34
1 14 2
491 452
1 12 2
301 292
1 10 2
450 488
1 15 2
295 445
1 8 2
327 92
1 13 2
217 49
1 5 2
455 141
1 5 2
396 174
1 6 2
302 194
1 14 2
362 222
1 7 2
493 438
1 6 2
134 398
1 14 2
481 458
1 13 2
153 259
1 15 2
420 470
1 11 2
206 371
1 6 2
131 318
1 11 2
140 43
1 14 2
95 364
1 3 2
499 112
1 4 2
107 172
1 5 2
220 247
1 6 2
180 173
1 14 2
217 119
1 12 2
28 252
1 4 2
170 114
1 9 2
244 168
1 15 2
20 421
1 11 2
474 227
1 8 2
450 297
1 6 2
123 184
1 6 2
147 260
1 14 2
284 468
1 8 2
327 359
1 4 2
5 451
1 7 2
134 341
1 10 2
468 288
1 4 2
190 469
1 3 2
290 124
1 3 2
498 369
1 5 2
208 166
1 15 2
369 286
1 13 2
320 380
1 6 2
494 487
1 5 2
349 430
1 11 2
158 141
1 15 2
452 286
1 6 2
246 21
1 8 2
231 333
1 12 2
54 314
1 12 2
106 37
1 5 2
215 237
1 2 2
374 85
1 9 2
374 409
1 5 2
96 290
1 4 2
335 278
1 6 2
459 477
1 7 2
321 381
1 13 2
272 58
1 7 2
89 272
1 8 2
74 195
1 8 2
245 77
1 13 2
306 406
1 12 2
475 422
1 6 2
270 359
1 4 2
450 499
1 10 2
229 13
1 15 2
474 280
1 12 2
261 433
1 15 2
219 407
1 5 2
26 263
1 5 2
9 149
1 10 2
226 402
1 7 2
295 143
1 10 2
122 334
1 9 2
396 239
1 13 2
330 28
1 4 2
323 198
1 6 2
470 361
1 12 2
322 172
1 2 2
302 133
1 13 2
344 220
1 13 2
352 119
1 10 2
434 437
1 3 2
351 9
1 10 2
172 228
1 15 2
143 313
1 6 2
379 17
1 9 2
103 328
1 10 2
246 365
1 13 2
244 480
1 6 2
219 37
1 6 2
167 283
1 14 2
297 87
1 15 2
64 93
1 12 2
431 279
1 7 2
338 307
1 5 2
122 424
1 8 2
263 388
1 3 2
227 127
1 10 2
3 91
1 15 2
454 246
1 15 2
406 104
1 7 2
145 492
1 14 2
206 286
1 9 2
257 360
1 10 2
292 452
1 10 2
210 199
1 11 2
488 389
1 15 2
162 28
1 10 2
20 175
1 2 2
18 75
1 10 2
176 433
1 15 2
64 362
1 2 2
351 132
1 11 2
465 305
1 12 2
425 82
1 9 2
41 103
1 15 2
240 188
1 5 2
178 209
1 8 2
8 125
1 12 2
235 274
1 10 2
233 396
1 12 2
198 87
1 3 2
442 54
1 2 2
116 98
1 7 2
339 453
1 2 2
96 114
1 7 2
269 428
1 5 2
236 388
1 2 2
14 57
1 14 2
446 253
1 3 2
285 89
1 13 2
168 477
1 13 2
12 58
1 5 2
444 450
1 3 2
395 227
1 3 2
165 301
1 8 2
311 360
1 5 2
67 265
1 2 2
118 477
1 9 2
241 332
1 6 2
429 34
1 3 2
332 320
1 10 2
48 216
1 12 2
298 377
1 13 2
225 44
1 7 2
435 256
1 14 2
251 187
1 12 2
470 279
1 3 2
63 458
1 7 2
363 316
1 10 2
319 380
1 5 2
93 213
1 12 2
114 334
1 6 2
1 498
1 11 2
295 400
1 7 2
441 251
1 12 2
385 439
1 9 2
410 214
1 4 2
241 373
1 15 2
257 263
1 11 2
338 374
1 4 2
40 324
1 11 2
181 232
1 8 2
377 251
1 10 2
493 77
1 5 2
33 90
1 11 2
201 108
1 14 2
101 235
1 5 2
120 76
1 2 2
474 324
1 5 2
82 313
1 6 2
209 411
1 7 2
496 106
1 15 2
48 131
1 2 2
76 10
1 10 2
379 36
1 4 2
126 317
1 10 2
123 295
1 2 2
129 276
1 8 2
271 343
1 9 2
493 367
1 13 2
151 148
1 12 2
275 499
1 12 2
172 105
1 4 2
387 228
1 4 2
397 17
1 4 2
3 244
1 9 2
57 299
1 15 2
466 240
1 10 2
99 35
1 2 2
61 418
1 2 2
4 139
1 14 2
303 32
1 5 2
215 467
1 3 2
354 465
1 7 2
219 481
1 15 2
129 31
1 2 2
228 379
1 4 2
41 440
1 2 2
382 472
1 2 2
473 281
1 9 2
285 210
1 8 2
480 212
1 5 2
352 131
1 14 2
321 360
1 10 2
419 170
1 5 2
233 455
1 12 2
58 184
1 2 2
282 117
1 14 2
247 30
1 10 2
337 162
1 13 2
241 65
1 15 2
348 303
1 13 2
357 11
1 14 2
115 87
1 10 2
288 241
1 13 2
35 273
1 15 2
85 202
1 12 2
400 476
1 13 2
280 95
1 11 2
209 423
1 6 2
166 243
1 8 2
222 62
1 9 2
147 49
1 11 2
486 186
1 12 2
176 473
1 9 2
211 408
1 13 2
304 180
1 15 2
186 95
1 4 2
240 340
1 4 2
95 475
1 14 2
328 205
1 13 2
470 218
1 5 2
60 153
1 15 2
320 223
1 10 2
470 191
1 7 2
219 296
1 3 2
409 60
1 13 2
51 96
1 5 2
493 387
1 3 2
72 282
1 10 2
29 268
1 8 2
167 46
1 10 2
197 230
1 9 2
301 174
1 7 2
35 157
1 12 2
368 392
1 11 2
241 178
1 11 2
133 210
1 12 2
241 342
1 11 2
317 392
1 4 2
419 462
1 13 2
356 422
1 6 2
459 379
1 5 2
216 487
1 2 2
219 66
1 10 2
100 435
1 4 2
17 269
1 3 2
412 454
1 6 2
117 398
1 3 2
85 219
1 3 2
309 228
1 6 2
458 451
1 7 2
103 399
1 12 2
154 401
1 10 2
51 61
1 3 2
203 50
1 2 2
430 109
1 14 2
404 499
1 8 2
154 367
1 4 2
221 351
1 9 2
301 382
1 2 2
445 460
1 11 2
187 176
1 9 2
54 37
1 3 2
258 124
1 12 2
106 249
1 3 2
33 452
1 8 2
372 3
1 6 2
236 257
1 12 2
149 156
1 14 2
289 50
1 6 2
141 438
1 14 2
432 155
1 6 2
472 439
1 9 2
16 278
1 6 2
228 99
1 14 2
329 301
1 12 2
14 7
1 7 2
220 78
1 13 2
392 437
1 2 2
59 50
1 14 2
357 131
1 5 2
291 190
1 11 2
316 353
1 2 2
233 469
1 3 2
150 27
1 11 2
250 154
1 13 2
312 303
1 15 2
491 252
1 9 2
108 8
1 14 2
296 65
1 9 2
457 484
1 12 2
349 397
1 3 2
384 184
1 8 2
90 249
1 10 2
130 344
1 11 2
485 413
1 7 2
113 218
1 9 2
50 169
1 8 2
298 233
1 4 2
424 107
1 8 2
324 201
1 10 2
234 400
1 13 2
385 157
1 4 2
455 214
1 13 2
25 449
1 7 2
121 114
1 11 2
260 22
1 7 2
315 328
1 13 2
275 244
1 15 2
447 131
1 3 2
106 364
1 12 2
121 131
1 13 2
376 79
1 6 2
338 261
1 15 2
143 231
1 8 2
190 81
1 7 2
337 287
1 14 2
77 426
1 7 2
341 67
1 9 2
73 226
1 7 2
133 383
1 8 2
130 200
1 13 2
490 11
1 15 2
75 158
1 13 2
253 124
1 9 2
246 13
1 6 2
381 474
1 12 2
377 350
1 3 2
389 362
1 14 2
436 388
1 6 2
149 289
1 10 2
245 227
1 4 2
457 199
1 10 2
356 420
1 9 2
488 242
1 12 2
146 91
1 4 2
48 251
1 15 2
387 402
1 2 2
496 156
1 6 2
238 94
1 4 2
69 396
1 2 2
376 417
1 12 2
20 312
1 5 2
374 111
1 4 2
74 64
1 3 2
166 454
1 14 2
183 343
1 7 2
6 482
1 12 2
232 311
1 15 2
96 336
1 5 2
279 102
1 15 2
295 350
1 15 2
311 444
1 9 2
458 306
1 4 2
377 286
1 14 2
214 238
1 10 2
148 307
1 4 2
41 359
1 5 2
88 409
1 15 2
464 239
1 13 2
330 494
1 12 2
186 452
1 2 2
383 407
1 12 2
441 337
1 15 2
169 480
1 5 2
392 461
1 6 2
318 207
1 6 2
135 222
1 4 2
437 46
1 5 2
429 390
1 8 2
214 205
1 8 2
203 424
1 3 2
428 186
1 12 2
42 242
1 3 2
128 358
1 8 2
237 28
1 5 2
167 261
1 7 2
199 38
1 3 2
336 308
1 5 2
433 275
1 7 2
497 206
1 8 2
21 244
1 10 2
344 376
1 16 2
71 451
1 20 2
372 121
1 30 2
230 173
1 30 2
19 473
1 30 2
150 123
1 14 2
287 484
1 4 2
165 269
1 18 2
218 454
1 18 2
102 28
1 16 2
477 24
1 26 2
8 403
1 16 2
20 118
1 28 2
462 84
1 30 2
479 87
1 20 2
133 170
1 4 2
383 181
1 30 2
318 190
1 8 2
315 364
