500 2987 1500
22 10 17 23 7 25 14 15 14 17 9 16 22 25 14 25 5 20 24 17 8 16 10 22 6 21 18 24 24 13 21 18 24 23 23 8 11 15 16 11 23 19 22 25 19 12 23 25 22 24 12 12 12 18 10 20 16 23 5 21 11 23 10 14 8 15 18 11 20 8 6 23 5 20 6 18 21 24 21 6 8 12 25 12 14 5 9 20 6 10 25 8 9 19 12 19 9 23 22 22 19 22 12 5 20 23 12 22 22 7 7 7 5 10 24 16 5 8 11 5 25 24 13 22 7 11 9 7 25 10 22 6 16 21 9 5 10 23 9 5 25 10 14 11 21 9 18 5 8 20 6 18 25 14 22 5 16 8 18 8 23 5 7 5 8 11 8 7 8 20 10 19 24 7 14 5 18 9 9 22 18 9 20 7 14 25 16 11 18 25 15 19 7 24 5 11 10 11 10 19 7 17 10 25 12 12 7 9 16 12 13 22 22 23 17 19 7 14 7 6 19 15 14 7 23 12 19 16 22 7 9 16 6 9 12 24 9 8 18 23 25 6 15 19 9 11 9 7 11 12 6 13 11 24 10 20 17 9 7 7 10 7 21 12 10 22 20 12 18 9 13 25 17 18 25 19 17 5 6 24 18 6 19 8 16 8 14 11 15 21 25 21 20 13 8 12 15 8 7 20 21 9 6 24 22 10 18 13 22 10 5 20 7 7 17 9 5 11 6 19 10 21 25 10 19 24 20 14 14 11 18 21 14 17 8 17 14 12 9 20 9 17 10 14 14 20 8 16 11 21 6 16 5 10 8 11 6 6 25 18 6 18 13 15 22 12 25 11 19 18 15 17 17 7 8 9 20 11 9 6 14 16 19 5 8 14 6 19 7 16 5 10 6 21 7 21 20 8 6 19 15 7 22 10 22 21 23 24 12 22 5 15 16 24 16 8 16 25 22 25 6 11 19 21 24 17 24 21 9 18 21 21 6 24 5 12 21 5 14 7 16 13 18 12 20 18 10 11 22 19 8 23 25 20 11 16 10 25 5 15 14 8 24 10 10 6 25 13 7 6 6 12 24 16 10 16 17 12 9 6 10 24 5 22 6 5 12 17 5 24 24 21 6 18 7 18 25 9 23 21
3 16 8 18 14 19 19 19 20 7 10 6 7 15 3 20 13 8 7 13 14 16 13 13 9 3 13 9 19 18 6 17 20 20 9 18 3 8 12 19 8 7 15 14 9 7 12 20 15 4 13 15 4 6 15 10 15 10 9 18 20 18 9 17 12 10 7 11 3 19 7 3 14 19 4 9 3 13 5 19 9 8 17 20 15 7 15 13 14 14 14 20 20 16 19 18 4 15 6 10 3 4 3 4 9 5 14 18 18 15 4 20 9 4 11 20 12 9 17 20 5 10 12 14 9 12 8 11 12 4 15 15 19 5 7 3 18 18 4 18 10 6 7 10 5 17 12 6 4 15 8 11 20 17 9 13 15 15 10 8 9 10 3 12 5 11 7 3 9 14 19 8 4 14 5 19 10 15 9 11 7 19 3 15 15 14 16 15 4 6 11 10 6 14 19 18 4 7 10 12 7 10 16 15 5 8 8 15 8 20 17 12 6 11 7 5 10 8 11 18 8 5 12 10 12 17 18 19 8 3 16 7 15 20 3 8 9 6 12 7 19 10 4 7 11 8 17 4 14 6 11 6 17 10 6 7 3 6 13 19 7 13 3 19 9 9 5 9 6 17 4 11 9 19 7 4 13 5 4 9 7 9 19 20 18 3 4 5 16 10 15 10 16 15 14 17 4 7 19 11 11 14 11 3 11 16 4 6 11 10 16 20 14 4 11 10 14 9 15 13 18 20 14 7 8 4 3 10 18 5 19 5 8 8 4 8 6 6 19 13 5 8 10 14 20 11 20 20 5 8 11 3 10 9 5 3 19 20 4 15 19 11 10 20 5 3 10 3 13 18 19 13 11 9 20 8 12 14 5 12 16 4 16 19 5 14 15 9 18 13 20 19 5 19 4 17 13 18 4 4 5 12 7 7 10 15 12 9 4 13 10 6 3 5 7 13 4 17 11 14 18 18 4 14 9 17 18 3 20 11 15 7 4 5 17 5 11 13 12 13 11 13 4 10 6 5 6 3 16 14 8 15 3 16 17 5 11 9 13 17 8 4 6 18 3 17 19 10 7 9 20 7 7 6 13 17 18 9 19 9 20 6 8 11 4 20 14 5 14 6 9 9 11 19 7 6 3 15 10 5
1 7 2
349 141
1 6 2
489 376
1 4 2
361 486
1 7 2
89 424
1 8 2
156 421
1 15 2
134 325
1 11 2
244 59
1 14 2
147 44
1 9 2
122 191
1 5 2
188 451
1 8 2
417 93
1 8 2
477 36
1 2 2
310 373
1 5 2
198 34
1 12 2
97 385
1 9 2
129 348
1 15 2
104 435
1 7 2
61 240
1 2 2
111 150
1 8 2
196 35
1 8 2
21 28
1 8 2
460 343
1 8 2
275 288
1 7 2
451 335
1 7 2
165 89
1 7 2
142 165
1 10 2
437 164
1 13 2
26 241
1 15 2
309 132
1 3 2
69 231
1 3 2
152 31
1 11 2
347 331
1 8 2
352 12
1 8 2
454 394
1 14 2
50 253
1 7 2
45 6
1 5 2
168 322
1 9 2
255 212
1 5 2
195 389
1 15 2
406 487
1 15 2
250 297
1 5 2
131 313
1 2 2
441 175
1 12 2
13 322
1 14 2
169 0
1 2 2
317 308
1 4 2
271 283
1 13 2
83 391
1 3 2
383 314
1 3 2
289 112
1 10 2
365 406
1 13 2
391 246
1 15 2
48 352
1 3 2
453 370
1 4 2
475 289
1 13 2
225 370
1 4 2
232 279
1 9 2
397 23
1 9 2
483 384
1 8 2
295 369
1 5 2
67 198
1 6 2
363 285
1 11 2
432 411
1 9 2
131 144
1 10 2
162 446
1 8 2
65 483
1 11 2
275 408
1 15 2
55 328
1 9 2
138 190
1 6 2
103 378
1 14 2
20 499
1 12 2
155 456
1 5 2
19 102
1 8 2
420 172
1 8 2
198 427
1 4 2
461 466
1 12 2
122 275
1 13 2
290 495
1 2 2
366 362
1 14 2
129 253
1 12 2
383 288
1 9 2
256 161
1 9 2
458 492
1 7 2
129 3
1 5 2
385 478
1 8 2
61 132
1 8 2
120 320
1 9 2
160 450
1 8 2
105 275
1 3 2
347 67
1 7 2
155 134
1 9 2
138 5
1 7 2
287 35
1 12 2
210 90
1 4 2
157 52
1 13 2
119 174
1 2 2
179 345
1 11 2
427 424
1 10 2
379 363
1 10 2
56 241
1 8 2
15 98
1 4 2
412 131
1 10 2
57 396
1 7 2
20 141
1 13 2
350 135
1 3 2
139 197
1 10 2
45 215
1 3 2
278 25
1 14 2
40 367
1 9 2
409 123
1 2 2
1 117
1 6 2
249 231
1 15 2
61 317
1 8 2
86 45
1 13 2
336 375
1 7 2
250 165
1 9 2
158 89
1 11 2
364 335
1 2 2
482 57
1 15 2
106 495
1 10 2
479 141
1 15 2
234 296
1 6 2
300 406
1 11 2
19 141
1 8 2
379 292
1 3 2
155 93
1 5 2
249 156
1 13 2
267 303
1 7 2
334 391
1 4 2
103 87
1 6 2
254 474
1 14 2
135 200
1 8 2
384 70
1 2 2
353 228
1 13 2
65 358
1 12 2
333 60
1 11 2
234 159
1 8 2
48 149
1 12 2
184 130
1 10 2
66 3
1 9 2
168 483
1 6 2
426 175
1 2 2
344 110
1 9 2
485 428
1 2 2
15 179
1 4 2
434 294
1 11 2
479 345
1 10 2
28 180
1 6 2
388 25
1 11 2
374 155
1 14 2
139 415
1 4 2
349 120
1 5 2
200 441
1 5 2
361 57
1 7 2
64 220
1 4 2
175 242
1 8 2
380 295
1 5 2
316 167
1 11 2
163 256
1 2 2
0 343
1 2 2
361 208
1 11 2
324 79
1 9 2
141 345
1 7 2
234 351
1 4 2
407 166
1 9 2
229 239
1 7 2
125 97
1 4 2
367 266
1 4 2
351 119
1 9 2
332 186
1 11 2
263 1
1 13 2
136 44
1 10 2
111 300
1 5 2
327 440
1 12 2
169 384
1 14 2
125 340
1 5 2
272 486
1 13 2
276 407
1 2 2
184 159
1 6 2
166 364
1 8 2
19 327
1 10 2
362 477
1 6 2
207 278
1 14 2
315 264
1 2 2
307 287
1 12 2
461 318
1 7 2
52 417
1 7 2
22 87
1 8 2
252 336
1 2 2
186 8
1 8 2
301 294
1 2 2
365 377
1 14 2
30 41
1 5 2
254 482
1 4 2
289 193
1 13 2
483 6
1 5 2
423 136
1 10 2
268 394
1 11 2
285 347
1 3 2
221 167
1 3 2
484 201
1 14 2
1 314
1 12 2
435 155
1 9 2
156 362
1 10 2
372 79
1 3 2
164 181
1 15 2
244 18
1 3 2
186 329
1 14 2
174 175
1 9 2
313 412
1 15 2
26 193
1 11 2
319 335
1 2 2
312 498
1 11 2
444 238
1 8 2
75 432
1 10 2
309 204
1 13 2
453 97
1 5 2
105 315
1 13 2
389 300
1 10 2
488 240
1 15 2
471 199
1 3 2
222 235
1 6 2
126 190
1 9 2
284 455
1 12 2
238 232
1 9 2
348 295
1 11 2
176 304
1 7 2
251 419
1 9 2
152 212
1 10 2
373 192
1 6 2
303 360
1 12 2
222 254
1 4 2
247 333
1 5 2
328 294
1 9 2
103 254
1 15 2
248 334
1 10 2
148 412
1 4 2
491 447
1 10 2
105 493
1 3 2
468 484
1 8 2
181 258
1 5 2
307 276
1 14 2
312 153
1 7 2
135 447
1 9 2
295 5
1 4 2
204 429
1 6 2
469 248
1 13 2
195 98
1 15 2
86 230
1 9 2
292 40
1 6 2
376 57
1 3 2
433 174
1 8 2
296 375
1 11 2
383 410
1 14 2
25 63
1 11 2
112 287
1 13 2
11 361
1 14 2
349 376
1 7 2
343 46
1 4 2
497 436
1 9 2
373 336
1 10 2
430 456
1 13 2
96 206
1 5 2
24 415
1 10 2
342 90
1 8 2
443 342
1 2 2
40 275
1 12 2
425 277
1 3 2
350 238
1 10 2
373 417
1 11 2
434 130
1 7 2
346 93
1 11 2
171 143
1 3 2
93 238
1 10 2
290 32
1 4 2
229 451
1 5 2
235 4
1 2 2
316 312
1 14 2
102 77
1 5 2
471 417
1 14 2
180 200
1 11 2
342 359
1 5 2
369 329
1 6 2
96 391
1 5 2
323 310
1 11 2
443 184
1 12 2
343 195
1 14 2
451 492
1 9 2
314 440
1 2 2
101 61
1 14 2
348 155
1 7 2
453 191
1 11 2
128 124
1 15 2
291 150
1 5 2
265 362
1 12 2
79 430
1 10 2
104 255
1 3 2
324 303
1 11 2
56 67
1 3 2
132 466
1 5 2
476 389
1 2 2
333 402
1 13 2
101 111
1 15 2
230 460
1 9 2
84 396
1 4 2
170 426
1 15 2
337 37
1 15 2
164 311
1 2 2
35 53
1 9 2
200 136
1 4 2
461 463
1 7 2
305 371
1 15 2
54 398
1 15 2
246 195
1 13 2
64 446
1 5 2
219 353
1 9 2
475 372
1 11 2
16 285
1 12 2
381 451
1 2 2
58 432
1 8 2
119 443
1 13 2
478 426
1 10 2
91 47
1 4 2
313 58
1 12 2
477 147
1 13 2
406 145
1 8 2
467 169
1 13 2
338 14
1 5 2
422 65
1 3 2
197 200
1 5 2
81 389
1 3 2
242 69
1 7 2
339 273
1 14 2
390 353
1 11 2
284 390
1 5 2
271 364
1 8 2
489 480
1 13 2
95 9
1 5 2
314 240
1 3 2
164 308
1 3 2
339 363
1 11 2
5 304
1 9 2
392 337
1 14 2
13 148
1 15 2
401 248
1 10 2
497 21
1 12 2
356 454
1 14 2
8 450
1 14 2
124 273
1 3 2
120 343
1 8 2
21 180
1 9 2
147 163
1 3 2
144 121
1 14 2
323 486
1 3 2
385 405
1 10 2
338 204
1 6 2
271 26
1 3 2
97 381
1 7 2
89 175
1 12 2
391 74
1 9 2
253 101
1 11 2
13 215
1 15 2
90 105
1 14 2
133 393
1 3 2
125 497
1 2 2
487 172
1 8 2
442 132
1 3 2
337 8
1 12 2
370 352
1 14 2
188 149
1 13 2
406 146
1 8 2
418 266
1 2 2
154 398
1 11 2
230 261
1 7 2
65 255
1 13 2
28 299
1 9 2
356 429
1 4 2
64 497
1 3 2
233 112
1 15 2
196 163
1 14 2
316 295
1 10 2
432 139
1 3 2
197 76
1 15 2
388 442
1 14 2
492 42
1 15 2
55 433
1 8 2
149 64
1 11 2
25 248
1 4 2
486 7
1 10 2
383 330
1 3 2
392 30
1 4 2
34 374
1 12 2
142 453
1 9 2
58 184
1 11 2
481 362
1 10 2
394 161
1 4 2
55 239
1 12 2
306 482
1 5 2
35 308
1 15 2
333 423
1 2 2
46 426
1 4 2
172 141
1 7 2
416 218
1 7 2
104 314
1 7 2
307 31
1 8 2
253 281
1 7 2
486 79
1 12 2
363 269
1 7 2
495 404
1 7 2
349 28
1 10 2
436 376
1 8 2
490 293
1 2 2
234 392
1 3 2
243 27
1 2 2
462 322
1 15 2
372 38
1 5 2
143 17
1 2 2
481 160
1 6 2
318 109
1 5 2
389 476
1 12 2
60 101
1 5 2
347 461
1 5 2
255 133
1 4 2
43 395
1 3 2
143 349
1 14 2
384 49
1 7 2
483 4
1 4 2
18 301
1 11 2
103 127
1 15 2
107 314
1 6 2
231 471
1 9 2
456 126
1 3 2
47 271
1 15 2
124 221
1 14 2
79 54
1 13 2
350 119
1 9 2
156 404
1 8 2
65 478
1 6 2
298 201
1 10 2
201 196
1 12 2
39 76
1 7 2
134 414
1 12 2
200 168
1 15 2
380 213
1 3 2
335 318
1 5 2
191 283
1 5 2
3 291
1 5 2
414 25
1 14 2
433 384
1 15 2
117 391
1 8 2
271 179
1 13 2
498 394
1 11 2
455 460
1 14 2
176 327
1 10 2
194 274
1 3 2
86 40
1 8 2
371 147
1 4 2
439 94
1 15 2
205 370
1 4 2
312 209
1 13 2
460 312
1 3 2
5 233
1 11 2
180 6
1 5 2
108 348
1 7 2
378 460
1 15 2
412 338
1 3 2
155 255
1 7 2
434 94
1 7 2
220 305
1 4 2
498 461
1 5 2
320 275
1 4 2
316 102
1 12 2
363 222
1 15 2
57 261
1 8 2
119 47
1 9 2
496 154
1 4 2
490 486
1 10 2
252 340
1 12 2
53 493
1 14 2
371 377
1 8 2
103 114
1 6 2
138 177
1 12 2
74 208
1 10 2
188 172
1 8 2
340 431
1 12 2
296 318
1 9 2
184 58
1 3 2
339 120
1 7 2
198 317
1 13 2
252 193
1 6 2
46 487
1 15 2
382 339
1 8 2
323 283
1 8 2
473 225
1 14 2
254 322
1 2 2
151 391
1 12 2
346 267
1 8 2
184 455
1 11 2
488 13
1 12 2
397 316
1 5 2
401 59
1 15 2
31 124
1 9 2
434 457
1 14 2
446 48
1 14 2
457 463
1 11 2
393 22
1 5 2
448 395
1 10 2
374 4
1 2 2
326 73
1 4 2
373 189
1 13 2
51 471
1 5 2
217 81
1 12 2
179 104
1 12 2
143 286
1 2 2
432 89
1 6 2
171 390
1 12 2
451 484
1 10 2
495 370
1 15 2
169 371
1 5 2
240 157
1 11 2
498 335
1 13 2
384 307
1 5 2
179 427
1 11 2
316 159
1 8 2
397 387
1 8 2
301 240
1 15 2
395 150
1 6 2
118 85
1 9 2
497 110
1 11 2
295 472
1 12 2
245 62
1 8 2
88 129
1 12 2
175 203
1 11 2
50 347
1 9 2
94 197
1 3 2
370 363
1 7 2
207 258
1 12 2
392 464
1 8 2
206 239
1 11 2
309 354
1 6 2
135 149
1 2 2
253 5
1 2 2
242 450
1 11 2
31 5
1 8 2
448 348
1 10 2
94 208
1 7 2
424 344
1 4 2
400 245
1 9 2
289 160
1 4 2
417 10
1 11 2
218 159
1 12 2
398 367
1 12 2
57 79
1 15 2
317 403
1 7 2
467 86
1 8 2
8 246
1 14 2
56 246
1 6 2
426 487
1 4 2
147 288
1 7 2
88 239
1 5 2
91 172
1 9 2
197 438
1 14 2
343 194
1 13 2
397 204
1 5 2
269 498
1 7 2
181 340
1 7 2
324 46
1 15 2
462 269
1 14 2
435 461
1 3 2
420 197
1 4 2
70 93
1 14 2
192 239
1 6 2
362 346
1 6 2
16 206
1 4 2
329 5
1 9 2
34 119
1 9 2
427 37
1 14 2
376 250
1 13 2
166 458
1 6 2
359 189
1 2 2
83 124
1 11 2
448 77
1 3 2
106 227
1 3 2
440 453
1 5 2
423 301
1 4 2
466 276
1 3 2
401 200
1 10 2
451 184
1 12 2
326 278
1 10 2
33 293
1 3 2
464 408
1 15 2
381 294
1 2 2
299 98
1 10 2
150 207
1 2 2
228 304
1 11 2
341 208
1 3 2
312 275
1 7 2
106 486
1 3 2
48 491
1 13 2
435 181
1 9 2
348 287
1 7 2
171 250
1 3 2
185 235
1 14 2
315 437
1 11 2
191 373
1 7 2
372 408
1 15 2
441 467
1 4 2
181 89
1 2 2
48 52
1 14 2
373 65
1 14 2
304 80
1 5 2
257 215
1 8 2
489 350
1 12 2
97 430
1 15 2
382 205
1 14 2
120 347
1 9 2
499 157
1 13 2
260 100
1 11 2
233 490
1 14 2
108 149
1 9 2
321 377
1 9 2
209 367
1 4 2
40 33
1 2 2
245 411
1 4 2
313 204
1 14 2
379 42
1 4 2
97 260
1 5 2
249 294
1 6 2
140 55
1 6 2
305 6
1 15 2
318 176
1 9 2
406 297
1 8 2
385 20
1 10 2
483 398
1 8 2
181 447
1 14 2
188 85
1 8 2
43 164
1 6 2
82 265
1 14 2
81 148
1 6 2
261 400
1 3 2
19 7
1 2 2
45 449
1 2 2
443 68
1 11 2
71 30
1 12 2
172 388
1 10 2
370 65
1 5 2
205 218
1 15 2
20 145
1 8 2
152 471
1 8 2
242 199
1 10 2
101 13
1 12 2
262 279
1 10 2
311 473
1 5 2
293 114
1 13 2
74 29
1 11 2
340 216
1 14 2
141 348
1 10 2
60 7
1 6 2
323 411
1 12 2
58 1
1 12 2
255 168
1 14 2
209 118
1 6 2
41 346
1 9 2
418 47
1 4 2
443 220
1 2 2
344 35
1 3 2
378 472
1 9 2
321 358
1 10 2
72 177
1 4 2
194 455
1 15 2
227 172
1 9 2
383 136
1 14 2
156 124
1 7 2
201 182
1 10 2
46 439
1 5 2
102 49
1 9 2
93 274
1 15 2
494 90
1 4 2
241 412
1 5 2
193 240
1 10 2
35 325
1 14 2
257 118
1 6 2
44 106
1 14 2
182 214
1 7 2
335 322
1 11 2
485 264
1 8 2
447 372
1 9 2
10 28
1 2 2
309 243
1 11 2
428 388
1 11 2
32 135
1 14 2
240 353
1 4 2
420 108
1 9 2
343 324
1 6 2
187 325
1 8 2
261 101
1 13 2
59 157
1 7 2
75 429
1 12 2
50 246
1 13 2
104 233
1 6 2
475 141
1 13 2
385 419
1 8 2
456 25
1 2 2
151 161
1 6 2
262 448
1 13 2
362 387
1 14 2
338 279
1 5 2
133 36
1 4 2
156 337
1 12 2
142 137
1 11 2
123 233
1 2 2
370 251
1 3 2
294 104
1 9 2
130 148
1 14 2
0 209
1 8 2
324 91
1 13 2
119 191
1 4 2
114 417
1 10 2
485 198
1 15 2
113 308
1 3 2
114 227
1 9 2
419 298
1 13 2
414 408
1 8 2
172 407
1 9 2
401 225
1 10 2
125 249
1 15 2
411 432
1 4 2
223 484
1 2 2
176 150
1 5 2
488 288
1 3 2
294 350
1 11 2
68 205
1 15 2
304 330
1 4 2
31 345
1 7 2
298 443
1 12 2
254 97
1 15 2
208 2
1 7 2
43 220
1 11 2
147 405
1 6 2
287 482
1 7 2
123 416
1 8 2
223 199
1 14 2
222 197
1 5 2
369 119
1 5 2
258 475
1 13 2
264 168
1 8 2
80 346
1 4 2
14 410
1 7 2
450 386
1 3 2
212 269
1 11 2
113 64
1 10 2
110 252
1 6 2
13 305
1 7 2
252 196
1 7 2
423 325
1 2 2
406 399
1 2 2
6 469
1 7 2
53 287
1 11 2
413 52
1 9 2
65 451
1 15 2
361 264
1 13 2
59 151
1 5 2
118 223
1 8 2
195 428
1 10 2
260 103
1 6 2
273 202
1 9 2
343 246
1 14 2
67 376
1 6 2
311 168
1 10 2
80 188
1 8 2
336 179
1 3 2
286 189
1 9 2
121 335
1 11 2
259 94
1 7 2
214 94
1 4 2
164 206
1 14 2
273 292
1 13 2
357 446
1 12 2
27 32
1 7 2
495 476
1 2 2
285 439
1 13 2
425 9
1 5 2
330 362
1 4 2
257 161
1 6 2
247 419
1 13 2
249 43
1 5 2
422 202
1 11 2
378 188
1 14 2
83 319
1 5 2
192 387
1 15 2
470 119
1 9 2
365 73
1 12 2
155 301
1 3 2
101 227
1 3 2
384 194
1 7 2
262 273
1 12 2
187 248
1 15 2
173 222
1 5 2
1 218
1 9 2
78 393
1 4 2
103 146
1 6 2
228 426
1 2 2
457 350
1 7 2
140 175
1 12 2
58 158
1 8 2
128 470
1 13 2
359 388
1 12 2
121 486
1 11 2
300 316
1 6 2
231 416
1 10 2
8 219
1 11 2
325 375
1 13 2
229 482
1 4 2
200 83
1 4 2
392 38
1 10 2
264 77
1 10 2
336 36
1 13 2
135 50
1 9 2
72 155
1 12 2
178 425
1 7 2
368 289
1 11 2
490 142
1 4 2
447 430
1 2 2
230 269
1 15 2
363 237
1 5 2
476 212
1 15 2
332 149
1 2 2
149 391
1 14 2
49 140
1 5 2
207 50
1 4 2
111 329
1 15 2
52 243
1 4 2
11 467
1 11 2
406 409
1 10 2
448 16
1 6 2
193 139
1 6 2
171 95
1 12 2
298 145
1 11 2
422 228
1 7 2
161 266
1 4 2
270 255
1 5 2
187 144
1 2 2
154 33
1 12 2
17 308
1 14 2
86 49
1 11 2
490 402
1 14 2
391 175
1 3 2
140 361
1 13 2
175 375
1 12 2
108 84
1 2 2
318 171
1 4 2
190 311
1 5 2
318 172
1 13 2
295 97
1 10 2
370 396
1 7 2
51 442
1 9 2
329 431
1 10 2
87 12
1 15 2
267 456
1 7 2
221 410
1 11 2
8 332
1 5 2
403 240
1 14 2
131 325
1 7 2
233 121
1 13 2
414 310
1 9 2
159 151
1 12 2
79 368
1 10 2
239 4
1 14 2
380 56
1 11 2
459 340
1 13 2
414 10
1 2 2
425 432
1 3 2
144 424
1 3 2
432 329
1 2 2
261 166
1 14 2
79 474
1 2 2
223 288
1 8 2
463 452
1 7 2
45 364
1 8 2
340 434
1 13 2
349 315
1 14 2
454 389
1 15 2
210 349
1 8 2
296 316
1 8 2
252 99
1 13 2
135 476
1 11 2
482 265
1 7 2
283 376
1 3 2
14 486
1 13 2
416 82
1 15 2
100 293
1 10 2
485 496
1 12 2
199 171
1 13 2
112 467
1 3 2
36 352
1 5 2
174 305
1 13 2
465 254
1 7 2
446 440
1 2 2
464 269
1 14 2
343 237
1 4 2
25 187
1 2 2
129 121
1 11 2
276 464
1 5 2
257 260
1 8 2
128 422
1 14 2
148 335
1 5 2
339 450
1 3 2
384 360
1 5 2
241 61
1 13 2
352 267
1 12 2
277 410
1 3 2
461 69
1 8 2
480 84
1 11 2
63 398
1 9 2
272 278
1 11 2
437 215
1 7 2
3 185
1 6 2
379 461
1 2 2
152 354
1 5 2
347 80
1 10 2
150 357
1 10 2
358 479
1 11 2
405 432
1 3 2
190 445
1 9 2
109 182
1 15 2
224 104
1 4 2
184 368
1 7 2
464 477
1 7 2
20 491
1 3 2
12 69
1 6 2
290 419
1 9 2
81 56
1 13 2
5 373
1 2 2
195 77
1 2 2
291 317
1 11 2
298 207
1 9 2
208 397
1 12 2
243 157
1 13 2
434 119
1 7 2
310 317
1 2 2
124 135
1 2 2
265 431
1 11 2
323 199
1 11 2
463 61
1 15 2
263 346
1 2 2
332 201
1 3 2
427 197
1 14 2
46 18
1 10 2
482 344
1 7 2
175 38
1 4 2
324 384
1 13 2
232 220
1 13 2
131 265
1 14 2
29 258
1 5 2
306 466
1 4 2
73 398
1 15 2
181 349
1 5 2
233 394
1 9 2
74 20
1 3 2
407 268
1 8 2
23 248
1 4 2
403 329
1 3 2
107 333
1 14 2
1 45
1 15 2
167 101
1 3 2
345 76
1 2 2
431 281
1 7 2
239 52
1 8 2
447 315
1 5 2
125 198
1 5 2
79 210
1 11 2
113 133
1 12 2
315 299
1 14 2
342 84
1 10 2
143 435
1 5 2
172 22
1 8 2
461 498
1 15 2
224 133
1 12 2
120 277
1 7 2
349 93
1 4 2
204 178
1 14 2
279 53
1 2 2
488 197
1 5 2
109 19
1 13 2
314 122
1 15 2
213 113
1 7 2
153 472
1 5 2
335 144
1 12 2
353 485
1 3 2
436 388
1 8 2
4 136
1 10 2
45 434
1 2 2
445 167
1 14 2
492 490
1 14 2
304 43
1 13 2
311 348
1 13 2
383 494
1 8 2
432 284
1 15 2
461 225
1 8 2
123 436
1 14 2
243 379
1 5 2
470 187
1 6 2
477 405
1 14 2
245 356
1 11 2
352 157
1 2 2
258 383
1 9 2
73 497
1 15 2
60 211
1 2 2
42 298
1 3 2
252 477
1 4 2
234 428
1 12 2
39 495
1 11 2
335 185
1 14 2
158 20
1 7 2
449 174
1 12 2
295 374
1 2 2
47 61
1 5 2
437 433
1 4 2
336 41
1 15 2
3 101
1 10 2
490 358
1 15 2
33 258
1 7 2
104 17
1 7 2
88 50
1 15 2
203 90
1 14 2
150 95
1 14 2
100 437
1 14 2
171 310
1 5 2
126 197
1 10 2
161 104
1 7 2
196 383
1 2 2
286 337
1 3 2
116 167
1 14 2
223 217
1 3 2
163 421
1 8 2
188 311
1 5 2
497 380
1 4 2
27 261
1 9 2
7 306
1 5 2
143 36
1 2 2
353 84
1 4 2
183 359
1 15 2
436 422
1 12 2
434 221
1 10 2
189 81
1 8 2
180 185
1 8 2
25 302
1 14 2
13 47
1 9 2
172 17
1 4 2
415 397
1 9 2
499 2
1 14 2
459 311
1 2 2
160 262
1 8 2
251 98
1 4 2
483 236
1 15 2
188 202
1 11 2
283 74
1 5 2
375 54
1 14 2
313 460
1 15 2
204 378
1 8 2
156 172
1 3 2
135 115
1 12 2
161 417
1 6 2
454 285
1 14 2
493 313
1 7 2
121 346
1 6 2
19 341
1 9 2
59 320
1 12 2
353 370
1 5 2
122 378
1 5 2
177 211
1 3 2
171 30
1 15 2
43 254
1 10 2
485 11
1 13 2
364 241
1 12 2
416 368
1 13 2
412 140
1 4 2
286 282
1 10 2
49 135
1 5 2
8 417
1 3 2
383 88
1 5 2
63 150
1 4 2
150 285
1 4 2
154 269
1 6 2
172 70
1 4 2
3 405
1 14 2
310 330
1 10 2
94 17
1 8 2
259 80
1 6 2
75 442
1 13 2
187 234
1 15 2
470 456
1 2 2
220 38
1 15 2
381 26
1 11 2
442 232
1 9 2
334 275
1 12 2
430 102
1 3 2
288 73
1 4 2
255 216
1 10 2
186 463
1 8 2
480 402
1 2 2
188 498
1 7 2
156 466
1 6 2
12 365
1 11 2
410 308
1 12 2
98 429
1 8 2
180 252
1 15 2
211 78
1 2 2
304 390
1 8 2
309 387
1 13 2
498 253
1 15 2
315 480
1 7 2
101 134
1 9 2
51 180
1 5 2
267 172
1 2 2
132 173
1 7 2
217 253
1 9 2
267 137
1 8 2
28 167
1 13 2
52 226
1 12 2
49 199
1 2 2
366 197
1 8 2
244 106
1 14 2
380 467
1 2 2
451 474
1 14 2
324 263
1 7 2
149 464
1 3 2
34 47
1 14 2
8 67
1 9 2
407 186
1 2 2
265 222
1 15 2
183 352
1 9 2
205 284
1 8 2
13 421
1 12 2
5 292
1 4 2
464 291
1 4 2
335 451
1 11 2
282 424
1 5 2
446 329
1 5 2
63 291
1 7 2
40 170
1 7 2
376 81
1 13 2
226 478
1 11 2
131 212
1 14 2
219 96
1 7 2
373 136
1 2 2
178 258
1 5 2
187 127
1 13 2
397 220
1 12 2
181 367
1 11 2
146 447
1 7 2
418 268
1 2 2
44 385
1 9 2
291 390
1 3 2
219 491
1 12 2
261 404
1 12 2
111 491
1 14 2
109 8
1 13 2
478 300
1 7 2
486 267
1 13 2
294 141
1 9 2
199 86
1 6 2
80 139
1 13 2
368 196
1 3 2
184 160
1 6 2
28 1
1 7 2
459 49
1 11 2
213 440
1 11 2
370 399
1 4 2
143 481
1 12 2
362 412
1 3 2
297 42
1 15 2
370 276
1 9 2
85 375
1 9 2
137 303
1 5 2
171 344
1 8 2
465 348
1 14 2
214 183
1 3 2
34 252
1 9 2
18 125
1 13 2
140 185
1 6 2
200 74
1 11 2
172 165
1 14 2
156 256
1 5 2
173 490
1 12 2
251 467
1 5 2
107 353
1 7 2
206 399
1 15 2
36 118
1 9 2
47 228
1 2 2
246 278
1 13 2
389 363
1 14 2
309 487
1 10 2
409 125
1 4 2
131 324
1 7 2
290 127
1 5 2
3 419
1 12 2
410 375
1 6 2
492 74
1 6 2
487 486
1 4 2
0 237
1 15 2
172 369
1 6 2
218 236
1 7 2
243 402
1 10 2
139 75
1 2 2
447 202
1 4 2
363 202
1 14 2
473 262
1 7 2
284 108
1 10 2
7 16
1 15 2
451 445
1 6 2
222 108
1 4 2
115 459
1 3 2
355 18
1 4 2
213 475
1 9 2
347 16
1 13 2
290 57
1 5 2
103 278
1 6 2
115 389
1 7 2
464 451
1 8 2
51 338
1 8 2
23 384
1 9 2
368 422
1 6 2
235 340
1 7 2
146 121
1 7 2
436 170
1 5 2
107 79
1 6 2
363 181
1 5 2
338 106
1 5 2
391 147
1 14 2
69 210
1 13 2
317 462
1 10 2
424 302
1 10 2
256 364
1 5 2
29 261
1 14 2
246 485
1 15 2
204 32
1 13 2
297 224
1 14 2
351 149
1 14 2
7 55
1 13 2
153 119
1 6 2
410 483
1 12 2
334 313
1 6 2
385 188
1 12 2
154 424
1 3 2
74 402
1 3 2
341 437
1 15 2
34 171
1 2 2
270 251
1 10 2
88 388
1 7 2
387 458
1 14 2
73 237
1 14 2
371 30
1 13 2
68 283
1 9 2
298 46
1 10 2
214 341
1 10 2
448 168
1 9 2
296 499
1 13 2
291 387
1 15 2
11 326
1 7 2
160 105
1 13 2
95 294
1 14 2
147 284
1 9 2
146 122
1 3 2
73 92
1 4 2
306 458
1 7 2
460 332
1 11 2
443 205
1 15 2
356 307
1 2 2
356 38
1 15 2
23 37
1 6 2
282 402
1 13 2
436 65
1 8 2
253 161
1 10 2
475 366
1 3 2
338 43
1 7 2
47 95
1 14 2
364 107
1 3 2
109 215
1 7 2
495 22
1 4 2
63 320
1 6 2
358 375
1 6 2
477 13
1 9 2
376 201
1 4 2
397 80
1 6 2
443 23
1 9 2
218 132
1 4 2
17 489
1 12 2
143 436
1 3 2
488 445
1 3 2
433 493
1 7 2
464 132
1 14 2
193 141
1 11 2
161 288
1 4 2
447 230
1 11 2
41 401
1 7 2
391 303
1 6 2
331 255
1 13 2
443 44
1 15 2
449 43
1 6 2
294 256
1 10 2
243 232
1 9 2
140 188
1 5 2
146 328
1 14 2
287 184
1 14 2
30 67
1 6 2
378 59
1 6 2
274 373
1 8 2
192 138
1 11 2
294 147
1 10 2
253 102
1 15 2
266 379
1 12 2
339 335
1 13 2
478 462
1 5 2
245 492
1 2 2
429 453
1 3 2
124 326
1 6 2
206 398
1 4 2
134 78
1 13 2
270 154
1 6 2
413 211
1 4 2
332 207
1 7 2
326 273
1 3 2
304 396
1 2 2
479 302
1 12 2
437 118
1 13 2
48 303
1 2 2
406 211
1 4 2
449 107
1 3 2
270 468
1 2 2
253 356
1 5 2
489 178
1 14 2
378 72
1 11 2
485 362
1 5 2
407 386
1 4 2
358 465
1 4 2
239 258
1 12 2
112 193
1 9 2
208 425
1 4 2
263 362
1 12 2
188 106
1 10 2
391 55
1 4 2
452 56
1 10 2
203 117
1 14 2
156 269
1 3 2
230 492
1 8 2
333 343
1 9 2
344 310
1 9 2
134 29
1 7 2
478 1
1 3 2
150 49
1 11 2
456 14
1 3 2
379 99
1 9 2
203 219
1 6 2
425 210
1 10 2
118 146
1 6 2
367 451
1 5 2
407 300
1 2 2
498 40
1 5 2
250 298
1 2 2
37 486
1 5 2
145 229
1 14 2
305 147
1 13 2
92 98
1 7 2
141 464
1 11 2
349 356
1 9 2
35 230
1 6 2
451 384
1 13 2
440 169
1 3 2
366 138
1 14 2
43 96
1 5 2
169 131
1 6 2
347 326
1 11 2
116 325
1 8 2
36 320
1 6 2
382 244
1 3 2
299 449
1 10 2
216 230
1 3 2
450 355
1 14 2
437 393
1 4 2
28 426
1 10 2
468 213
1 2 2
165 63
1 3 2
194 368
1 13 2
423 305
1 9 2
293 119
1 13 2
370 17
1 5 2
9 170
1 15 2
32 36
1 2 2
144 164
1 6 2
166 193
1 8 2
152 17
1 11 2
243 491
1 6 2
226 273
1 10 2
184 1
1 7 2
287 258
1 4 2
171 356
1 8 2
75 192
1 10 2
459 363
1 15 2
482 223
1 10 2
353 214
1 8 2
338 335
1 8 2
57 307
1 2 2
78 149
1 9 2
249 21
1 8 2
261 493
1 4 2
233 381
1 7 2
147 292
1 14 2
148 298
1 5 2
40 291
1 12 2
414 291
1 4 2
314 191
1 13 2
279 5
1 11 2
480 287
1 12 2
63 427
1 5 2
146 351
1 11 2
77 489
1 6 2
7 398
1 6 2
426 92
1 4 2
38 437
1 6 2
406 468
1 15 2
159 322
1 12 2
62 72
1 13 2
150 390
1 4 2
162 145
1 9 2
98 281
1 2 2
438 299
1 9 2
208 403
1 15 2
269 354
1 13 2
251 127
1 15 2
415 338
1 13 2
277 182
1 14 2
87 205
1 11 2
337 326
1 8 2
147 8
1 5 2
417 235
1 12 2
298 90
1 5 2
255 72
1 3 2
294 12
1 6 2
128 476
1 7 2
470 68
1 3 2
92 308
1 5 2
27 340
1 9 2
206 373
1 15 2
357 449
1 6 2
72 189
1 4 2
370 475
1 15 2
167 381
1 11 2
108 226
1 5 2
472 409
1 6 2
97 370
1 15 2
173 301
1 3 2
7 105
1 5 2
178 466
1 2 2
423 121
1 2 2
88 475
1 3 2
73 429
1 7 2
274 148
1 10 2
399 376
1 3 2
99 383
1 13 2
182 380
1 8 2
150 202
1 8 2
155 477
1 15 2
281 183
1 5 2
100 343
1 3 2
242 342
1 10 2
140 469
1 13 2
453 308
1 4 2
225 449
1 12 2
439 145
1 3 2
203 59
1 6 2
456 427
1 12 2
434 168
1 2 2
178 55
1 11 2
326 129
1 10 2
324 422
1 2 2
108 177
1 12 2
89 4
1 13 2
326 463
1 10 2
126 214
1 5 2
432 129
1 12 2
162 311
1 13 2
457 34
1 5 2
257 277
1 9 2
37 243
1 4 2
181 463
1 2 2
241 254
1 8 2
124 45
1 2 2
12 31
1 5 2
234 421
1 3 2
334 338
1 2 2
273 54
1 13 2
471 7
1 2 2
118 8
1 3 2
33 32
1 5 2
99 298
1 7 2
152 87
1 8 2
398 357
1 7 2
412 2
1 12 2
448 251
1 15 2
56 355
1 14 2
252 394
1 13 2
345 413
1 8 2
138 242
1 7 2
209 482
1 12 2
167 404
1 14 2
406 222
1 9 2
174 215
1 11 2
272 18
1 3 2
350 111
1 8 2
158 135
1 11 2
289 320
1 8 2
393 365
1 2 2
318 63
1 8 2
281 207
1 14 2
50 416
1 6 2
219 177
1 2 2
226 397
1 6 2
246 455
1 11 2
472 232
1 14 2
370 406
1 9 2
75 242
1 8 2
461 244
1 12 2
451 76
1 9 2
235 33
1 10 2
10 214
1 6 2
413 241
1 8 2
38 294
1 6 2
28 399
1 8 2
58 390
1 6 2
374 128
1 13 2
363 482
1 8 2
279 258
1 3 2
441 431
1 12 2
90 439
1 7 2
10 196
1 5 2
11 155
1 15 2
368 476
1 4 2
375 119
1 3 2
395 131
1 7 2
415 223
1 7 2
126 25
1 13 2
355 401
1 3 2
354 345
1 11 2
38 102
1 9 2
62 362
1 8 2
298 456
1 6 2
40 208
1 5 2
27 83
1 3 2
79 427
1 8 2
85 350
1 14 2
128 182
1 4 2
47 27
1 13 2
493 243
1 3 2
247 410
1 3 2
458 306
1 7 2
73 4
1 8 2
421 377
1 3 2
16 356
1 6 2
314 36
1 5 2
122 78
1 7 2
210 284
1 3 2
237 51
1 10 2
239 50
1 9 2
255 376
1 9 2
476 240
1 15 2
487 438
1 11 2
285 211
1 9 2
89 243
1 15 2
1 149
1 4 2
203 403
1 5 2
298 486
1 4 2
218 140
1 9 2
39 173
1 13 2
32 427
1 5 2
111 220
1 12 2
461 192
1 11 2
252 100
1 9 2
430 239
1 4 2
461 85
1 8 2
350 114
1 9 2
263 158
1 14 2
237 72
1 8 2
138 85
1 5 2
118 104
1 4 2
327 140
1 5 2
117 165
1 14 2
459 240
1 13 2
165 381
1 9 2
91 295
1 3 2
432 274
1 13 2
156 328
1 12 2
135 286
1 3 2
441 44
1 12 2
36 372
1 4 2
158 145
1 3 2
355 214
1 8 2
307 455
1 9 2
358 187
1 14 2
14 31
1 11 2
299 256
1 4 2
299 402
1 15 2
21 264
1 13 2
477 129
1 4 2
129 455
1 14 2
6 461
1 2 2
111 319
1 10 2
137 286
1 4 2
17 350
1 5 2
161 353
1 15 2
490 474
1 12 2
176 146
1 10 2
249 243
1 4 2
144 66
1 4 2
11 486
1 5 2
350 461
1 2 2
482 457
1 2 2
128 311
1 2 2
277 116
1 2 2
18 59
1 15 2
11 449
1 10 2
239 140
1 5 2
181 254
1 13 2
447 248
1 5 2
263 277
1 5 2
381 10
1 14 2
58 154
1 12 2
387 116
1 11 2
35 143
1 10 2
275 458
1 7 2
147 150
1 9 2
35 471
1 5 2
3 252
1 15 2
39 177
1 2 2
325 486
1 13 2
367 114
1 13 2
291 23
1 5 2
434 123
1 7 2
20 226
1 13 2
178 496
1 10 2
157 219
1 2 2
121 333
1 13 2
121 54
1 2 2
99 433
1 11 2
246 348
1 5 2
164 253
1 14 2
63 112
1 11 2
6 106
1 12 2
109 364
1 2 2
225 319
1 2 2
323 83
1 9 2
370 212
1 13 2
173 168
1 5 2
64 146
1 2 2
495 397
1 15 2
459 64
1 14 2
442 250
1 9 2
458 292
1 2 2
289 24
1 6 2
394 113
1 15 2
155 229
1 6 2
469 426
1 15 2
160 40
1 10 2
377 415
1 7 2
279 15
1 13 2
173 306
1 4 2
80 373
1 6 2
379 407
1 6 2
317 144
1 4 2
173 281
1 3 2
236 48
1 10 2
208 176
1 8 2
18 446
1 13 2
472 268
1 4 2
363 358
1 6 2
17 115
1 10 2
175 350
1 8 2
487 114
1 15 2
108 139
1 13 2
36 198
1 7 2
282 43
1 14 2
434 80
1 2 2
224 356
1 3 2
153 318
1 6 2
471 218
1 10 2
476 354
1 2 2
338 471
1 14 2
333 406
1 5 2
19 375
1 13 2
354 189
1 11 2
369 420
1 10 2
374 158
1 4 2
314 116
1 15 2
188 105
1 2 2
67 489
1 3 2
125 48
1 2 2
423 154
1 13 2
362 243
1 8 2
113 315
1 4 2
12 160
1 15 2
97 436
1 14 2
106 273
1 10 2
387 499
1 3 2
233 298
1 13 2
203 226
1 3 2
153 314
1 9 2
209 141
1 2 2
403 277
1 6 2
51 183
1 2 2
415 349
1 2 2
187 440
1 5 2
291 263
1 8 2
467 484
1 3 2
435 337
1 8 2
249 494
1 10 2
129 84
1 7 2
339 386
1 3 2
421 90
1 7 2
365 415
1 13 2
162 361
1 9 2
32 46
1 9 2
49 196
1 8 2
236 21
1 6 2
73 345
1 13 2
37 220
1 11 2
231 198
1 9 2
194 398
1 4 2
205 433
1 13 2
392 94
1 3 2
324 309
1 9 2
491 428
1 6 2
448 493
1 4 2
139 120
1 10 2
129 16
1 3 2
128 471
1 11 2
275 114
1 4 2
256 140
1 6 2
217 1
1 14 2
4 225
1 7 2
92 76
1 2 2
159 131
1 6 2
485 138
1 15 2
447 466
1 14 2
140 19
1 8 2
358 345
1 6 2
395 103
1 14 2
187 114
1 2 2
17 303
1 3 2
248 4
1 6 2
449 53
1 13 2
174 369
1 15 2
84 301
1 7 2
359 310
1 3 2
445 159
1 12 2
116 485
1 3 2
224 297
1 12 2
44 222
1 11 2
130 66
1 11 2
340 379
1 11 2
264 370
1 3 2
294 448
1 11 2
160 490
1 9 2
410 398
1 12 2
389 141
1 4 2
190 79
1 15 2
36 467
1 14 2
330 176
1 10 2
472 148
1 14 2
18 471
1 4 2
243 289
1 6 2
83 281
1 12 2
258 262
1 6 2
48 18
1 15 2
68 164
1 3 2
283 306
1 3 2
278 292
1 13 2
465 232
1 4 2
232 26
1 3 2
105 338
1 15 2
219 386
1 12 2
313 150
1 9 2
45 419
1 2 2
492 294
1 15 2
158 99
1 5 2
391 306
1 10 2
83 265
1 6 2
297 122
1 5 2
15 134
1 6 2
245 408
1 9 2
300 47
1 5 2
370 35
1 4 2
402 352
1 14 2
39 85
1 10 2
232 42
1 12 2
389 474
1 2 2
128 287
1 5 2
466 118
1 15 2
136 313
1 6 2
127 17
1 4 2
410 377
1 9 2
147 487
1 10 2
278 1
1 9 2
55 210
1 11 2
12 173
1 13 2
379 387
1 6 2
497 433
1 9 2
225 414
1 9 2
100 8
1 6 2
274 438
1 12 2
362 85
1 6 2
3 83
1 2 2
340 157
1 8 2
384 327
1 2 2
362 371
1 7 2
302 194
1 13 2
491 448
1 2 2
264 394
1 11 2
87 70
1 12 2
226 365
1 13 2
436 185
1 5 2
103 403
1 11 2
368 251
1 15 2
418 285
1 12 2
297 292
1 13 2
334 345
1 3 2
256 74
1 4 2
301 177
1 6 2
355 416
1 8 2
446 497
1 6 2
414 68
1 8 2
421 491
1 5 2
115 112
1 3 2
373 390
1 15 2
121 174
1 15 2
40 350
1 7 2
398 165
1 7 2
88 148
1 11 2
113 187
1 7 2
280 155
1 13 2
425 195
1 12 2
354 395
1 14 2
259 17
1 5 2
54 362
1 15 2
413 472
1 15 2
228 318
1 2 2
221 4
1 2 2
398 305
1 2 2
419 320
1 15 2
232 103
1 3 2
186 401
1 10 2
306 255
1 7 2
29 48
1 15 2
337 173
1 12 2
316 472
1 9 2
499 34
1 5 2
427 233
1 8 2
409 100
1 9 2
325 237
1 13 2
68 201
1 6 2
420 271
1 11 2
79 89
1 15 2
326 159
1 2 2
345 498
1 2 2
327 223
1 6 2
301 255
1 9 2
325 457
1 4 2
413 141
1 10 2
321 169
1 14 2
128 467
1 13 2
197 84
1 15 2
306 160
1 14 2
119 365
1 4 2
19 300
1 13 2
31 406
1 13 2
141 243
1 12 2
429 123
1 6 2
282 89
1 11 2
472 95
1 8 2
193 75
1 7 2
449 32
1 2 2
286 284
1 5 2
5 135
1 6 2
383 94
1 3 2
455 171
1 12 2
446 28
1 13 2
135 387
1 10 2
353 454
1 5 2
19 478
1 7 2
210 361
1 13 2
5 343
1 6 2
36 267
1 13 2
47 200
1 13 2
305 249
1 13 2
251 393
1 2 2
112 381
1 8 2
84 276
1 4 2
204 237
1 4 2
147 104
1 12 2
494 49
1 7 2
458 473
1 2 2
59 420
1 12 2
477 256
1 5 2
357 0
1 4 2
392 181
1 6 2
126 332
1 14 2
266 269
1 11 2
241 308
1 11 2
227 378
1 2 2
190 458
1 15 2
60 384
1 15 2
125 194
1 5 2
410 263
1 12 2
154 473
1 6 2
318 136
1 8 2
383 17
1 2 2
304 144
1 5 2
349 67
1 6 2
460 459
1 12 2
47 339
1 3 2
18 470
1 3 2
55 363
1 3 2
493 247
1 10 2
299 313
1 13 2
0 279
1 14 2
358 485
1 2 2
282 143
1 8 2
151 213
1 3 2
165 460
1 14 2
402 283
1 6 2
153 34
1 4 2
347 259
1 14 2
477 331
1 5 2
64 235
1 3 2
425 218
1 11 2
367 86
1 5 2
440 214
1 6 2
55 241
1 3 2
341 27
1 5 2
492 172
1 13 2
402 264
1 6 2
437 137
1 15 2
486 131
1 6 2
90 248
1 11 2
86 218
1 13 2
308 4
1 13 2
23 246
1 9 2
350 312
1 3 2
236 121
1 3 2
0 382
1 12 2
277 276
1 11 2
65 331
1 2 2
245 430
1 11 2
284 486
1 10 2
499 89
1 8 2
358 157
1 13 2
35 382
1 8 2
90 165
1 5 2
313 498
1 2 2
294 127
1 3 2
323 214
1 8 2
108 213
1 5 2
377 141
1 2 2
34 304
1 15 2
152 269
1 7 2
6 488
1 11 2
462 324
1 8 2
434 56
1 13 2
41 8
1 7 2
128 191
1 4 2
374 88
1 14 2
139 374
1 4 2
281 392
1 11 2
200 348
1 5 2
172 464
1 6 2
105 291
1 13 2
119 13
1 7 2
328 459
1 11 2
269 22
1 2 2
114 175
1 3 2
285 409
1 10 2
199 219
1 5 2
445 132
1 6 2
486 353
1 15 2
71 80
1 12 2
178 317
1 14 2
416 95
1 6 2
91 393
1 12 2
268 472
1 4 2
434 372
1 11 2
83 181
1 10 2
249 388
1 3 2
390 278
1 9 2
489 454
1 6 2
454 58
1 15 2
270 25
1 10 2
288 3
1 9 2
497 91
1 9 2
465 405
1 4 2
10 138
1 5 2
318 44
1 8 2
467 36
1 3 2
489 385
1 10 2
316 446
1 11 2
271 368
1 9 2
287 111
1 9 2
67 259
1 14 2
54 201
1 5 2
275 209
1 4 2
322 190
1 13 2
372 499
1 12 2
132 487
1 14 2
216 491
1 14 2
382 226
1 5 2
272 481
1 4 2
417 168
1 14 2
299 217
1 10 2
130 4
1 15 2
251 45
1 2 2
244 423
1 5 2
111 292
1 9 2
217 156
1 5 2
304 81
1 10 2
65 304
1 6 2
189 340
1 12 2
94 199
1 10 2
63 71
1 12 2
73 152
1 11 2
110 314
1 8 2
44 442
1 4 2
241 284
1 6 2
269 445
1 15 2
481 115
1 6 2
474 418
1 3 2
291 412
1 8 2
297 125
1 7 2
185 437
1 12 2
480 414
1 2 2
21 103
1 5 2
379 484
1 10 2
90 42
1 13 2
124 9
1 10 2
349 464
1 15 2
92 97
1 12 2
391 355
1 15 2
416 33
1 10 2
253 462
1 9 2
283 490
1 3 2
395 73
1 12 2
488 218
1 3 2
43 243
1 12 2
209 316
1 5 2
86 225
1 5 2
128 166
1 14 2
29 469
1 8 2
100 291
1 6 2
442 85
1 13 2
311 184
1 8 2
89 422
1 9 2
219 461
1 5 2
245 119
1 12 2
124 318
1 13 2
350 369
1 8 2
62 449
1 12 2
479 219
1 3 2
352 242
1 2 2
237 415
1 11 2
244 180
1 10 2
121 151
1 15 2
386 88
1 11 2
165 482
1 10 2
198 313
1 9 2
139 38
1 11 2
232 446
1 6 2
73 387
1 11 2
209 66
1 15 2
3 197
1 6 2
25 49
1 6 2
266 166
1 6 2
33 182
1 13 2
391 7
1 10 2
294 330
1 7 2
418 384
1 14 2
312 329
1 14 2
121 116
1 3 2
34 426
1 5 2
49 358
1 7 2
264 351
1 6 2
449 106
1 10 2
240 484
1 3 2
315 313
1 14 2
54 247
1 8 2
407 437
1 7 2
457 354
1 15 2
149 248
1 3 2
190 334
1 5 2
83 162
1 6 2
189 400
1 7 2
430 265
1 15 2
442 466
1 13 2
92 364
1 13 2
230 403
1 10 2
223 172
1 11 2
129 492
1 14 2
7 348
1 2 2
407 48
1 11 2
343 68
1 13 2
24 285
1 2 2
121 318
1 15 2
314 223
1 3 2
172 247
1 2 2
131 372
1 13 2
198 496
1 5 2
377 249
1 3 2
262 352
1 11 2
390 472
1 7 2
203 217
1 14 2
244 378
1 7 2
354 391
1 9 2
234 282
1 6 2
472 257
1 5 2
147 326
1 12 2
177 83
1 4 2
56 488
1 4 2
83 453
1 8 2
485 148
1 5 2
137 379
1 11 2
233 134
1 10 2
105 127
1 2 2
126 310
1 14 2
372 48
1 2 2
222 274
1 5 2
8 151
1 11 2
16 282
1 4 2
25 325
1 15 2
136 418
1 15 2
400 107
1 3 2
356 175
1 14 2
14 47
1 13 2
434 445
1 15 2
285 429
1 6 2
91 417
1 9 2
417 473
1 6 2
325 185
1 4 2
430 443
1 15 2
215 76
1 5 2
91 114
1 3 2
51 187
1 5 2
374 106
1 10 2
81 17
1 6 2
328 78
1 11 2
59 184
1 5 2
13 275
1 3 2
29 266
1 14 2
10 43
1 9 2
100 447
1 2 2
392 336
1 6 2
0 446
1 3 2
436 329
1 6 2
105 212
1 10 2
260 87
1 10 2
293 182
1 8 2
376 85
1 15 2
439 248
1 3 2
337 0
1 3 2
228 295
1 3 2
430 85
1 15 2
159 273
1 15 2
172 378
1 4 2
380 49
1 9 2
131 385
1 4 2
72 34
1 13 2
62 87
1 14 2
58 434
1 8 2
141 431
1 5 2
399 467
1 10 2
34 181
1 9 2
190 479
1 10 2
328 60
1 2 2
147 69
1 9 2
120 431
1 6 2
160 219
1 6 2
210 68
1 15 2
30 58
1 8 2
163 24
1 15 2
393 207
1 14 2
178 489
1 4 2
317 290
1 5 2
374 360
1 3 2
193 116
1 4 2
24 335
1 4 2
435 3
1 10 2
179 231
1 4 2
329 376
1 6 2
446 455
1 2 2
73 477
1 9 2
347 421
1 4 2
382 163
1 3 2
187 228
1 3 2
152 365
1 7 2
391 79
1 4 2
82 277
1 9 2
299 451
1 11 2
217 441
1 7 2
422 424
1 6 2
432 220
1 4 2
325 357
1 13 2
303 4
1 7 2
342 494
1 5 2
260 73
1 9 2
291 454
1 6 2
355 25
1 5 2
171 70
1 11 2
364 224
1 15 2
377 467
1 4 2
50 415
1 15 2
376 445
1 13 2
316 0
1 10 2
8 472
1 11 2
177 357
1 13 2
192 421
1 8 2
309 297
1 3 2
122 12
1 6 2
358 51
1 5 2
472 262
1 14 2
32 117
1 8 2
432 474
1 6 2
471 217
1 14 2
391 385
1 4 2
149 367
1 4 2
76 298
1 14 2
476 419
1 4 2
194 494
1 9 2
238 208
1 15 2
129 119
1 8 2
367 401
1 4 2
265 193
1 2 2
31 446
1 9 2
311 4
1 14 2
2 233
1 6 2
48 223
1 15 2
382 147
1 3 2
38 370
1 12 2
411 234
1 4 2
209 377
1 14 2
283 192
1 5 2
11 479
1 2 2
84 246
1 11 2
124 1
1 15 2
132 256
1 8 2
335 31
1 7 2
180 12
1 2 2
386 226
1 11 2
156 200
1 4 2
292 256
1 15 2
453 2
1 7 2
261 82
1 15 2
292 143
1 4 2
217 188
1 15 2
373 215
1 6 2
180 161
1 2 2
264 80
1 12 2
472 443
1 15 2
416 271
1 13 2
306 419
1 5 2
116 216
1 13 2
271 176
1 12 2
359 183
1 2 2
110 219
1 4 2
175 373
1 9 2
91 385
1 10 2
39 428
1 15 2
207 31
1 13 2
315 84
1 12 2
260 141
1 3 2
462 419
1 14 2
21 426
1 15 2
205 431
1 13 2
130 85
1 3 2
73 28
1 10 2
44 393
1 14 2
140 485
1 7 2
123 382
1 10 2
355 224
1 10 2
282 369
1 9 2
234 188
1 15 2
62 284
1 11 2
93 55
1 8 2
499 4
1 2 2
493 122
1 6 2
77 363
1 5 2
30 251
1 14 2
286 40
1 12 2
294 464
1 2 2
80 172
1 3 2
211 330
1 8 2
482 396
1 11 2
276 442
1 5 2
154 488
1 10 2
237 67
1 4 2
38 276
1 13 2
207 339
1 12 2
329 387
1 12 2
375 493
1 7 2
255 421
1 8 2
476 75
1 8 2
130 157
1 9 2
347 384
1 8 2
299 321
1 9 2
7 153
1 2 2
112 106
1 9 2
54 5
1 13 2
458 493
1 15 2
175 408
1 10 2
114 131
1 4 2
46 72
1 15 2
146 461
1 13 2
273 447
1 4 2
146 45
1 13 2
411 328
1 14 2
457 0
1 13 2
59 301
1 10 2
378 115
1 14 2
408 29
1 12 2
473 169
1 5 2
136 94
1 11 2
36 50
1 6 2
234 224
1 2 2
450 231
1 10 2
499 400
1 8 2
177 279
1 10 2
309 323
1 7 2
23 11
1 10 2
316 296
1 11 2
440 21
1 8 2
108 380
1 5 2
11 140
1 9 2
92 197
1 8 2
261 430
1 3 2
118 83
1 7 2
26 212
1 14 2
131 114
1 2 2
244 393
1 14 2
189 304
1 8 2
448 301
1 9 2
125 247
1 7 2
259 57
1 4 2
139 144
1 3 2
100 89
1 11 2
53 37
1 3 2
278 191
1 4 2
324 250
1 9 2
177 114
1 8 2
162 359
1 13 2
465 375
1 14 2
223 212
1 10 2
158 61
1 7 2
201 133
1 8 2
316 454
1 15 2
70 114
1 13 2
486 399
1 11 2
386 491
1 5 2
486 288
1 7 2
377 438
1 10 2
380 230
1 10 2
161 257
1 3 2
84 320
1 15 2
419 25
1 15 2
441 106
1 11 2
44 366
1 15 2
34 493
1 15 2
442 341
1 13 2
69 333
1 15 2
372 67
1 9 2
196 55
1 13 2
8 176
1 4 2
276 177
1 9 2
286 45
1 5 2
145 297
1 9 2
296 309
1 11 2
188 256
1 7 2
273 424
1 15 2
404 314
1 8 2
259 217
1 8 2
315 371
1 14 2
135 366
1 4 2
355 336
1 15 2
386 121
1 4 2
444 486
1 15 2
29 19
1 2 2
426 295
1 4 2
342 200
1 9 2
191 332
1 14 2
132 272
1 11 2
247 114
1 12 2
308 498
1 3 2
443 439
1 9 2
121 48
1 14 2
347 57
1 3 2
170 265
1 9 2
231 226
1 7 2
52 185
1 11 2
421 167
1 8 2
241 137
1 13 2
423 485
1 13 2
64 396
1 12 2
333 271
1 12 2
198 448
1 8 2
145 111
1 12 2
71 54
1 2 2
190 308
1 5 2
451 55
1 8 2
181 294
1 13 2
96 336
1 5 2
270 211
1 3 2
269 277
1 14 2
262 56
1 5 2
435 109
1 12 2
32 187
1 4 2
128 497
1 10 2
160 382
1 3 2
159 192
1 15 2
215 379
1 5 2
275 424
1 15 2
51 238
1 6 2
232 112
1 13 2
177 307
1 10 2
442 67
1 12 2
25 177
1 10 2
352 329
1 11 2
379 127
1 8 2
127 153
1 15 2
174 255
1 10 2
470 263
1 5 2
278 433
1 7 2
207 281
1 4 2
213 44
1 12 2
462 454
1 4 2
307 261
1 14 2
21 222
1 3 2
12 176
1 6 2
177 374
1 7 2
392 308
1 13 2
353 432
1 5 2
20 408
1 8 2
411 447
1 7 2
212 216
1 9 2
410 111
1 13 2
7 390
1 15 2
189 22
1 14 2
462 355
1 11 2
20 172
1 4 2
217 330
1 8 2
170 61
1 15 2
345 351
1 15 2
135 187
1 14 2
323 103
1 3 2
316 209
1 6 2
461 293
1 9 2
23 315
1 11 2
336 92
1 14 2
136 311
1 3 2
410 430
1 2 2
215 458
1 8 2
228 344
1 8 2
209 151
1 6 2
231 253
1 2 2
449 195
1 15 2
131 230
1 2 2
132 289
1 7 2
181 372
1 4 2
29 91
1 5 2
147 245
1 15 2
31 460
1 4 2
383 55
1 14 2
437 62
1 4 2
422 208
1 4 2
241 48
1 3 2
320 37
1 7 2
494 7
1 7 2
277 274
1 5 2
75 287
1 4 2
354 287
1 10 2
287 221
1 3 2
423 480
1 11 2
46 464
1 13 2
150 449
1 10 2
406 374
1 6 2
461 447
1 10 2
426 33
1 2 2
370 430
1 5 2
170 217
1 2 2
368 29
1 4 2
436 64
1 6 2
339 331
1 6 2
418 270
1 3 2
327 295
1 14 2
383 189
1 9 2
29 1
1 5 2
146 116
1 11 2
79 254
1 3 2
417 405
1 13 2
138 30
1 11 2
190 157
1 13 2
11 307
1 12 2
454 320
1 8 2
310 233
1 13 2
307 234
1 8 2
317 281
1 5 2
115 346
1 9 2
92 473
1 14 2
417 67
1 9 2
287 66
1 15 2
180 283
1 5 2
110 285
1 3 2
259 424
1 7 2
188 382
1 4 2
398 201
1 7 2
224 495
1 13 2
242 78
1 11 2
275 394
1 15 2
324 316
1 2 2
136 166
1 8 2
71 356
1 15 2
363 382
1 13 2
265 469
1 15 2
31 262
1 14 2
262 176
1 6 2
128 289
1 7 2
118 128
1 6 2
186 22
1 10 2
429 409
1 14 2
442 189
1 7 2
181 151
1 15 2
267 189
1 8 2
11 410
1 6 2
241 447
1 13 2
306 74
1 14 2
120 487
1 7 2
325 211
1 5 2
492 181
1 10 2
143 114
1 2 2
432 250
1 4 2
37 240
1 9 2
493 381
1 6 2
100 82
1 2 2
79 15
1 10 2
388 30
1 12 2
309 467
1 11 2
19 146
1 9 2
375 309
1 3 2
497 212
1 9 2
32 229
1 2 2
149 216
1 14 2
391 137
1 5 2
348 284
1 6 2
468 121
1 10 2
95 24
1 15 2
457 381
1 9 2
212 498
1 9 2
344 480
1 11 2
2 32
1 13 2
46 118
1 8 2
399 249
1 6 2
479 104
1 6 2
162 314
1 9 2
117 207
1 3 2
391 190
1 4 2
252 494
1 12 2
243 18
1 3 2
2 242
1 3 2
297 37
1 14 2
478 20
1 6 2
293 462
1 10 2
279 443
1 7 2
356 80
1 2 2
154 24
1 14 2
375 39
1 14 2
100 407
1 3 2
395 378
1 3 2
317 286
1 13 2
279 217
1 6 2
438 229
1 9 2
347 452
1 5 2
478 184
1 3 2
459 111
1 5 2
133 26
1 8 2
471 466
1 14 2
401 385
1 2 2
468 195
1 13 2
66 440
1 8 2
325 65
1 7 2
402 395
1 3 2
323 99
1 10 2
278 192
1 11 2
193 497
1 14 2
160 416
1 10 2
246 477
1 9 2
306 116
1 3 2
76 181
1 10 2
3 289
1 15 2
195 196
1 5 2
98 360
1 10 2
493 365
1 6 2
386 317
1 13 2
101 36
1 14 2
331 383
1 14 2
363 227
1 3 2
443 454
1 9 2
20 328
1 4 2
462 259
1 11 2
163 467
1 3 2
140 22
1 15 2
61 357
1 6 2
35 10
1 3 2
495 210
1 10 2
61 99
1 11 2
116 302
1 6 2
349 214
1 11 2
290 129
1 13 2
147 474
1 12 2
134 83
1 4 2
192 136
1 4 2
225 481
1 15 2
106 81
1 10 2
258 323
1 10 2
134 143
1 11 2
82 444
1 11 2
481 452
1 13 2
126 158
1 15 2
327 392
1 14 2
482 181
1 6 2
457 20
1 4 2
479 267
1 15 2
30 401
1 14 2
345 344
1 8 2
97 201
1 2 2
259 326
1 8 2
278 2
1 13 2
155 162
1 8 2
81 354
1 4 2
243 297
1 2 2
143 371
1 15 2
137 150
1 14 2
384 182
1 11 2
323 362
1 2 2
337 264
1 10 2
119 40
1 12 2
124 290
1 13 2
242 484
1 2 2
3 376
1 14 2
302 51
1 9 2
498 319
1 13 2
361 179
1 10 2
377 129
1 5 2
105 238
1 3 2
52 431
1 6 2
404 299
1 15 2
401 412
1 9 2
166 452
1 5 2
429 407
1 2 2
212 358
1 14 2
85 265
1 10 2
453 3
1 14 2
221 447
1 11 2
459 297
1 12 2
438 398
1 10 2
0 284
1 8 2
433 462
1 6 2
321 28
1 5 2
43 210
1 14 2
402 61
1 15 2
347 246
1 15 2
279 248
1 3 2
329 37
1 7 2
272 187
1 12 2
277 349
1 5 2
311 326
1 8 2
172 286
1 5 2
69 185
1 14 2
113 330
1 10 2
487 406
1 12 2
127 262
1 14 2
87 213
1 12 2
282 453
1 5 2
351 88
1 15 2
449 478
1 9 2
301 120
1 7 2
10 285
1 13 2
293 103
1 14 2
414 329
1 4 2
385 337
1 4 2
274 320
1 5 2
382 293
1 6 2
168 224
1 12 2
251 174
1 9 2
410 27
1 8 2
236 346
1 13 2
293 265
1 15 2
76 250
1 3 2
18 351
1 3 2
441 108
1 2 2
447 383
1 15 2
109 312
1 14 2
57 173
1 15 2
286 440
1 9 2
443 471
1 9 2
180 275
1 7 2
167 236
1 6 2
440 376
1 6 2
258 320
1 13 2
141 188
1 7 2
84 186
1 3 2
242 58
1 8 2
27 461
1 8 2
80 109
1 3 2
451 81
1 7 2
37 455
1 13 2
39 296
1 5 2
51 99
1 11 2
419 351
1 2 2
380 346
1 10 2
375 454
1 7 2
462 77
1 15 2
440 247
1 15 2
419 114
1 11 2
421 486
1 8 2
68 454
1 15 2
68 294
1 2 2
410 59
1 10 2
465 49
1 11 2
283 367
1 14 2
65 476
1 4 2
151 474
1 4 2
60 162
1 9 2
241 142
1 7 2
482 145
1 14 2
275 225
1 10 2
76 343
1 2 2
418 273
1 13 2
152 345
1 2 2
263 207
1 11 2
350 408
1 15 2
269 248
1 9 2
164 355
1 5 2
128 199
1 3 2
479 210
1 3 2
492 344
1 13 2
314 260
1 12 2
439 208
1 6 2
4 66
1 5 2
16 288
1 14 2
488 463
1 2 2
209 236
1 14 2
55 323
1 2 2
350 294
1 10 2
354 367
1 6 2
469 198
1 14 2
433 26
1 14 2
225 375
1 11 2
137 191
1 12 2
267 1
1 12 2
479 386
1 5 2
286 12
1 2 2
314 395
1 4 2
154 291
1 6 2
212 438
1 13 2
90 87
1 8 2
349 469
1 4 2
209 171
1 2 2
301 36
1 14 2
164 82
1 13 2
366 487
1 2 2
315 188
1 9 2
231 184
1 7 2
381 289
1 4 2
265 353
1 3 2
142 172
1 2 2
278 184
1 3 2
227 323
1 8 2
443 276
1 12 2
82 10
1 4 2
489 389
1 7 2
346 496
1 14 2
377 27
1 8 2
465 340
1 7 2
72 21
1 12 2
73 37
1 13 2
33 109
1 13 2
346 198
1 8 2
412 310
1 7 2
465 201
1 4 2
476 180
1 12 2
133 38
1 3 2
191 222
1 11 2
141 258
1 6 2
478 463
1 6 2
140 267
1 13 2
296 29
1 15 2
33 387
1 2 2
96 249
1 13 2
354 284
1 2 2
132 70
1 9 2
171 374
1 13 2
321 135
1 6 2
41 478
1 11 2
87 357
1 11 2
485 346
1 15 2
177 24
1 13 2
393 405
1 4 2
472 94
1 13 2
36 204
1 12 2
422 264
1 3 2
69 39
1 7 2
232 18
1 13 2
347 282
1 14 2
223 31
1 4 2
382 287
1 15 2
347 221
1 8 2
452 480
1 8 2
90 140
1 14 2
376 90
1 13 2
302 81
1 9 2
322 175
1 14 2
4 473
1 9 2
188 220
1 2 2
103 44
1 7 2
268 133
1 11 2
184 268
1 12 2
287 277
1 3 2
267 127
1 7 2
276 31
1 2 2
142 168
1 15 2
445 481
1 8 2
361 39
1 2 2
387 493
1 11 2
131 294
1 3 2
376 76
1 9 2
381 408
1 2 2
489 54
1 11 2
316 397
1 2 2
169 182
1 15 2
122 461
1 5 2
21 420
1 2 2
102 268
1 15 2
131 94
1 9 2
430 396
1 12 2
60 312
1 10 2
374 383
1 5 2
477 468
1 5 2
161 239
1 6 2
163 275
1 11 2
461 166
1 5 2
49 409
1 3 2
282 131
1 2 2
160 162
1 14 2
44 338
1 7 2
443 490
1 4 2
392 146
1 15 2
399 355
1 14 2
320 334
1 6 2
216 255
1 3 2
61 262
1 5 2
339 460
1 15 2
293 398
1 2 2
238 386
1 3 2
43 397
1 7 2
462 148
1 2 2
335 366
1 7 2
16 177
1 3 2
407 444
1 4 2
476 64
1 3 2
83 340
1 12 2
55 297
1 10 2
486 27
1 11 2
361 105
1 10 2
357 76
1 9 2
293 216
1 6 2
24 201
1 6 2
473 220
1 7 2
488 128
1 4 2
221 400
1 3 2
364 467
1 8 2
70 334
1 4 2
55 6
1 4 2
298 154
1 10 2
254 195
1 9 2
117 384
1 13 2
358 482
1 15 2
414 315
1 14 2
194 335
1 15 2
460 337
1 13 2
6 193
1 10 2
229 214
1 11 2
98 3
1 8 2
227 93
1 6 2
479 69
1 12 2
371 337
1 11 2
46 45
1 10 2
211 119
1 3 2
234 212
1 9 2
424 360
1 8 2
495 94
1 8 2
56 232
1 5 2
230 480
1 3 2
301 434
1 10 2
136 257
1 10 2
447 422
1 13 2
46 166
1 14 2
24 361
1 13 2
405 319
1 11 2
171 336
1 14 2
105 142
1 12 2
332 104
1 11 2
161 192
1 9 2
197 261
1 3 2
93 102
1 11 2
182 252
1 7 2
23 336
1 5 2
220 491
1 12 2
335 198
1 12 2
84 238
1 11 2
437 20
1 9 2
446 451
1 6 2
397 6
1 5 2
34 429
1 15 2
249 193
1 4 2
45 381
1 4 2
191 460
1 4 2
168 476
1 2 2
277 426
1 13 2
20 196
1 15 2
448 353
1 12 2
93 177
1 5 2
177 423
1 6 2
454 417
1 3 2
49 395
1 2 2
326 48
1 11 2
447 486
1 2 2
20 96
1 11 2
62 370
1 13 2
193 330
1 3 2
176 179
1 12 2
91 352
1 8 2
222 411
1 5 2
159 87
1 15 2
459 215
1 9 2
395 28
1 2 2
448 249
1 9 2
51 459
1 12 2
31 179
1 11 2
487 384
1 4 2
416 291
1 15 2
32 110
1 9 2
123 246
1 7 2
300 129
1 3 2
161 256
1 15 2
33 97
1 7 2
394 89
1 2 2
170 470
1 6 2
478 356
1 6 2
120 236
1 9 2
340 101
1 10 2
116 362
1 13 2
326 329
1 5 2
41 302
1 9 2
199 287
1 14 2
166 349
1 12 2
441 437
1 7 2
263 319
1 8 2
184 124
1 8 2
251 77
1 4 2
267 191
1 2 2
160 436
1 7 2
93 171
1 6 2
322 63
1 18 2
332 399
1 12 2
421 31
1 10 2
64 51
1 26 2
432 249
1 16 2
311 322
1 10 2
305 30
1 6 2
477 189
1 28 2
238 113
1 6 2
121 383
1 24 2
369 437
1 28 2
136 2
1 14 2
339 36
