500 2982 1500
11 6 21 13 9 24 6 21 12 25 16 12 15 18 16 15 13 15 23 11 15 5 22 15 13 14 14 11 16 19 21 24 21 22 8 13 19 20 22 12 18 5 13 10 11 11 21 21 10 11 9 8 5 14 9 18 15 17 21 16 19 15 6 18 19 25 11 18 9 19 25 15 20 20 10 11 6 12 10 11 21 13 14 11 24 15 8 10 16 23 25 18 7 13 15 15 25 24 14 10 17 7 9 22 16 10 14 20 15 13 25 7 19 18 16 13 6 18 12 11 18 16 9 11 17 5 25 8 18 8 21 17 12 23 8 16 7 6 17 7 6 5 25 25 11 12 22 10 24 24 6 18 16 10 25 21 13 22 18 16 11 17 18 25 15 22 21 25 5 14 10 18 11 25 9 11 23 6 5 9 9 14 12 6 11 13 8 19 19 11 13 16 19 22 15 9 7 11 10 19 18 21 15 10 20 25 20 10 6 6 24 21 14 19 10 11 25 20 12 10 15 25 7 17 14 16 13 23 10 19 20 6 7 21 5 18 13 9 9 22 5 22 6 22 17 21 12 19 17 20 24 17 25 19 22 20 20 10 7 16 5 9 12 10 23 22 19 11 22 7 14 23 11 6 11 21 10 6 12 6 22 15 25 15 5 7 19 19 8 12 9 24 20 18 16 15 20 25 19 18 12 5 12 25 11 13 8 16 20 6 25 23 12 23 8 21 14 18 9 23 7 6 8 21 23 18 18 23 15 14 18 17 24 21 25 10 5 25 13 6 10 12 20 20 18 16 7 11 11 17 21 8 13 17 15 24 10 25 14 24 16 16 19 15 25 7 20 14 8 13 6 22 25 24 22 25 10 14 6 19 24 9 15 20 14 14 11 15 6 7 7 18 21 9 10 15 22 13 21 12 20 24 25 12 16 25 14 19 7 19 9 21 11 19 18 15 19 12 18 24 7 15 23 13 13 16 25 17 19 22 17 13 15 5 8 14 24 8 11 15 5 12 22 7 6 6 6 7 17 17 6 20 21 18 15 5 21 11 25 16 16 5 14 24 9 13 14 7 22 10 23 14 17 6 11 25 6 15 17 21 25 23 15 5 22 19 6 7 18 22 11 22 12 19 16 18 21 19 14 7
3 9 20 11 10 6 9 16 10 13 18 10 19 18 19 9 3 14 15 20 16 16 18 13 20 17 8 15 8 11 11 17 16 4 18 20 15 8 7 20 9 8 16 7 16 13 3 9 13 19 18 18 5 6 20 19 8 14 14 14 5 19 8 17 3 13 17 7 4 8 14 19 17 7 10 3 19 9 15 20 16 7 4 12 7 13 4 8 4 15 13 19 10 9 9 14 18 8 3 8 18 16 11 9 18 9 20 9 6 20 13 19 8 7 18 5 17 20 15 12 15 15 19 12 6 14 18 14 13 9 4 14 8 17 14 17 4 15 19 20 16 14 18 15 12 10 8 7 16 13 8 3 8 13 5 5 10 8 13 3 15 16 10 9 15 7 13 14 14 20 17 19 14 17 19 20 8 7 8 20 20 3 15 13 20 4 19 6 11 5 7 8 14 18 9 10 20 18 15 14 9 5 18 3 9 19 4 7 5 4 15 20 18 10 19 7 6 7 5 10 12 13 5 7 13 8 8 20 7 18 9 4 17 20 17 12 12 15 9 14 4 9 4 19 15 20 12 15 5 19 20 11 5 11 3 5 15 12 14 19 6 7 12 11 17 14 17 8 9 14 8 15 8 18 14 7 19 11 20 5 4 14 12 10 11 11 11 20 14 20 14 11 5 3 7 6 19 4 19 10 8 13 9 20 18 4 10 10 7 6 10 11 6 7 8 10 8 20 9 4 17 20 14 17 14 11 5 11 7 16 17 3 12 4 18 20 10 16 7 15 4 10 10 13 14 5 18 13 20 10 15 19 3 7 17 10 8 13 5 3 4 13 4 15 10 18 13 17 18 9 15 15 5 8 10 19 9 7 4 13 4 10 17 4 13 20 10 11 7 19 3 8 19 10 20 19 20 19 4 3 13 6 5 17 4 4 6 17 14 7 9 16 20 8 3 19 6 14 13 13 7 20 3 9 11 7 9 10 8 10 12 17 12 10 7 16 10 8 4 11 17 13 12 5 12 12 6 15 19 7 12 5 11 9 5 15 14 4 16 3 11 4 9 6 3 8 14 16 16 16 20 16 3 11 20 11 16 17 9 13 9 5 16 6 3 16 11 12 14 6 10 12 8 9 18 17 8 14 11 13
1 3 2
189 493
1 14 2
184 142
1 14 2
197 350
1 12 2
441 253
1 12 2
371 160
1 4 2
162 181
1 11 2
231 128
1 13 2
111 342
1 11 2
152 469
1 7 2
266 143
1 14 2
37 58
1 15 2
282 143
1 2 2
368 195
1 12 2
432 343
1 9 2
261 376
1 2 2
277 412
1 7 2
172 58
1 15 2
17 342
1 5 2
288 165
1 12 2
138 442
1 7 2
271 104
1 2 2
410 91
1 15 2
236 323
1 3 2
219 156
1 7 2
332 363
1 11 2
133 24
1 6 2
223 11
1 15 2
160 41
1 13 2
141 145
1 9 2
284 289
1 6 2
39 81
1 5 2
47 135
1 15 2
248 21
1 11 2
464 169
1 12 2
161 127
1 6 2
269 347
1 9 2
281 335
1 3 2
69 331
1 9 2
401 113
1 9 2
252 221
1 7 2
302 291
1 3 2
327 288
1 4 2
347 305
1 9 2
381 115
1 2 2
219 265
1 9 2
449 96
1 14 2
255 150
1 5 2
57 259
1 5 2
169 27
1 5 2
496 249
1 12 2
418 356
1 4 2
146 304
1 8 2
354 495
1 13 2
299 324
1 13 2
392 32
1 2 2
144 373
1 10 2
262 147
1 4 2
489 116
1 9 2
458 275
1 9 2
359 377
1 15 2
400 438
1 14 2
428 489
1 5 2
65 134
1 7 2
158 262
1 10 2
195 190
1 10 2
463 444
1 3 2
193 319
1 13 2
187 179
1 8 2
113 268
1 8 2
257 339
1 13 2
71 84
1 6 2
449 275
1 11 2
285 255
1 13 2
464 286
1 4 2
473 65
1 7 2
358 189
1 7 2
490 281
1 14 2
403 201
1 6 2
6 364
1 4 2
125 343
1 4 2
430 210
1 10 2
44 191
1 14 2
223 216
1 6 2
382 414
1 2 2
261 448
1 11 2
415 450
1 4 2
185 492
1 10 2
64 430
1 9 2
371 12
1 2 2
347 361
1 7 2
334 286
1 10 2
209 315
1 15 2
136 481
1 15 2
468 230
1 15 2
46 362
1 11 2
224 286
1 13 2
359 100
1 6 2
283 119
1 6 2
16 126
1 2 2
188 294
1 9 2
355 411
1 5 2
159 203
1 4 2
363 303
1 12 2
494 422
1 15 2
291 206
1 8 2
203 107
1 7 2
263 410
1 13 2
159 199
1 11 2
254 368
1 3 2
462 355
1 4 2
246 133
1 5 2
118 248
1 15 2
350 162
1 13 2
8 231
1 8 2
161 238
1 9 2
368 216
1 15 2
172 32
1 7 2
129 69
1 6 2
74 133
1 11 2
268 395
1 2 2
279 236
1 6 2
367 48
1 12 2
254 464
1 7 2
278 168
1 14 2
167 455
1 9 2
236 429
1 3 2
37 322
1 14 2
113 435
1 13 2
205 493
1 15 2
476 402
1 5 2
422 483
1 11 2
225 264
1 10 2
95 344
1 15 2
114 343
1 12 2
187 27
1 3 2
493 43
1 3 2
106 145
1 3 2
221 76
1 7 2
138 431
1 11 2
131 75
1 14 2
286 254
1 11 2
103 2
1 7 2
73 154
1 9 2
280 12
1 10 2
332 368
1 2 2
6 34
1 11 2
380 296
1 15 2
116 203
1 3 2
171 460
1 4 2
438 161
1 2 2
109 430
1 10 2
297 135
1 14 2
488 353
1 6 2
100 16
1 12 2
345 212
1 15 2
310 359
1 9 2
206 132
1 9 2
126 316
1 8 2
8 88
1 15 2
424 63
1 8 2
194 433
1 11 2
127 463
1 13 2
271 417
1 11 2
310 76
1 10 2
433 56
1 14 2
162 460
1 12 2
388 288
1 15 2
74 9
1 13 2
352 68
1 6 2
379 404
1 7 2
303 267
1 13 2
246 245
1 8 2
310 194
1 8 2
127 320
1 12 2
319 28
1 4 2
181 27
1 10 2
21 421
1 5 2
327 348
1 4 2
266 59
1 11 2
224 307
1 14 2
361 142
1 11 2
430 304
1 10 2
270 417
1 7 2
372 210
1 9 2
22 117
1 12 2
409 109
1 8 2
116 366
1 7 2
63 375
1 5 2
430 407
1 9 2
482 258
1 7 2
319 334
1 6 2
431 286
1 10 2
382 0
1 4 2
337 344
1 8 2
116 188
1 4 2
385 358
1 2 2
368 217
1 14 2
359 28
1 9 2
437 119
1 2 2
306 498
1 7 2
303 409
1 7 2
385 493
1 13 2
79 341
1 8 2
473 4
1 11 2
356 314
1 2 2
182 251
1 7 2
199 222
1 3 2
159 37
1 3 2
188 353
1 7 2
299 103
1 7 2
227 424
1 13 2
278 223
1 7 2
471 61
1 7 2
349 201
1 2 2
265 47
1 9 2
124 316
1 4 2
125 37
1 10 2
178 132
1 13 2
349 185
1 12 2
466 394
1 12 2
164 192
1 4 2
405 215
1 11 2
170 43
1 11 2
141 70
1 4 2
156 388
1 3 2
226 192
1 10 2
155 421
1 14 2
374 3
1 5 2
108 166
1 8 2
435 248
1 8 2
307 308
1 13 2
384 301
1 6 2
165 446
1 3 2
181 320
1 5 2
231 454
1 3 2
352 121
1 10 2
486 247
1 2 2
49 293
1 15 2
34 43
1 12 2
281 362
1 11 2
267 441
1 3 2
261 36
1 6 2
6 425
1 12 2
323 441
1 12 2
67 482
1 13 2
288 50
1 7 2
57 287
1 5 2
192 160
1 2 2
348 493
1 6 2
485 50
1 10 2
482 102
1 8 2
447 129
1 12 2
84 372
1 13 2
121 173
1 12 2
428 337
1 14 2
231 299
1 3 2
183 236
1 10 2
493 290
1 6 2
55 135
1 6 2
438 120
1 4 2
299 37
1 11 2
140 41
1 14 2
176 264
1 8 2
399 313
1 11 2
226 318
1 13 2
456 159
1 5 2
220 417
1 7 2
349 377
1 7 2
23 359
1 5 2
208 93
1 4 2
413 45
1 11 2
352 162
1 2 2
36 128
1 14 2
220 322
1 7 2
81 92
1 11 2
205 383
1 14 2
488 164
1 2 2
77 466
1 15 2
497 286
1 6 2
366 388
1 5 2
340 222
1 13 2
341 489
1 13 2
28 272
1 7 2
129 83
1 2 2
329 141
1 5 2
149 315
1 5 2
343 73
1 8 2
102 408
1 8 2
83 187
1 8 2
154 437
1 9 2
20 390
1 4 2
70 234
1 5 2
374 249
1 3 2
232 363
1 9 2
228 194
1 12 2
335 410
1 6 2
383 202
1 2 2
345 418
1 4 2
52 254
1 14 2
239 98
1 2 2
181 128
1 12 2
9 31
1 3 2
234 414
1 5 2
426 351
1 11 2
435 131
1 6 2
229 100
1 14 2
263 188
1 11 2
131 206
1 11 2
252 185
1 2 2
109 471
1 4 2
193 249
1 10 2
448 368
1 4 2
373 172
1 4 2
278 344
1 4 2
17 334
1 6 2
208 273
1 6 2
140 98
1 8 2
212 36
1 6 2
232 355
1 11 2
387 356
1 3 2
145 127
1 15 2
106 242
1 12 2
311 290
1 3 2
284 345
1 11 2
419 453
1 11 2
366 408
1 5 2
443 489
1 7 2
326 128
1 6 2
210 192
1 13 2
417 176
1 11 2
38 268
1 12 2
44 46
1 6 2
287 101
1 7 2
80 257
1 12 2
348 16
1 5 2
471 367
1 8 2
219 102
1 12 2
151 359
1 7 2
92 436
1 9 2
381 11
1 7 2
16 433
1 3 2
470 154
1 14 2
296 187
1 9 2
482 142
1 6 2
262 271
1 8 2
187 300
1 11 2
483 0
1 4 2
267 271
1 15 2
407 234
1 6 2
449 289
1 15 2
286 104
1 8 2
495 417
1 15 2
81 215
1 11 2
37 415
1 5 2
296 445
1 13 2
6 294
1 12 2
72 159
1 6 2
293 269
1 3 2
296 218
1 14 2
148 165
1 15 2
255 163
1 6 2
292 332
1 9 2
6 16
1 4 2
250 149
1 11 2
53 4
1 12 2
262 88
1 11 2
249 421
1 8 2
87 469
1 4 2
53 277
1 11 2
12 167
1 14 2
452 16
1 6 2
318 396
1 9 2
104 66
1 3 2
473 382
1 9 2
314 426
1 2 2
180 361
1 7 2
396 212
1 14 2
456 63
1 8 2
30 178
1 11 2
393 258
1 7 2
182 210
1 6 2
116 161
1 7 2
313 147
1 14 2
77 14
1 3 2
243 2
1 5 2
415 27
1 2 2
172 147
1 8 2
33 421
1 2 2
337 280
1 5 2
84 374
1 5 2
198 163
1 3 2
475 315
1 11 2
434 399
1 12 2
495 479
1 7 2
310 26
1 5 2
65 411
1 8 2
63 2
1 12 2
46 283
1 9 2
465 88
1 5 2
192 458
1 11 2
296 197
1 3 2
288 46
1 12 2
426 156
1 9 2
378 304
1 15 2
404 125
1 5 2
379 222
1 3 2
222 289
1 13 2
438 324
1 3 2
9 296
1 8 2
23 450
1 10 2
176 133
1 8 2
178 32
1 9 2
386 192
1 5 2
433 280
1 2 2
419 58
1 13 2
17 397
1 3 2
200 442
1 15 2
402 132
1 2 2
253 177
1 4 2
404 1
1 2 2
89 212
1 10 2
463 218
1 9 2
353 444
1 8 2
429 328
1 8 2
178 385
1 14 2
348 35
1 3 2
229 436
1 13 2
441 406
1 10 2
314 259
1 8 2
87 21
1 3 2
210 289
1 4 2
161 436
1 3 2
252 329
1 9 2
268 113
1 8 2
288 268
1 9 2
104 194
1 12 2
145 236
1 14 2
173 356
1 11 2
195 259
1 8 2
233 254
1 8 2
58 469
1 8 2
331 472
1 4 2
423 388
1 15 2
258 459
1 8 2
253 194
1 5 2
62 73
1 14 2
268 190
1 14 2
41 292
1 14 2
194 80
1 7 2
448 296
1 2 2
303 410
1 11 2
286 28
1 10 2
240 322
1 10 2
99 299
1 6 2
293 227
1 15 2
276 153
1 9 2
88 62
1 6 2
120 328
1 7 2
327 470
1 4 2
425 116
1 11 2
245 260
1 12 2
364 276
1 13 2
392 85
1 14 2
448 438
1 14 2
382 183
1 6 2
16 121
1 15 2
60 20
1 7 2
100 341
1 9 2
380 456
1 11 2
389 217
1 13 2
54 200
1 14 2
450 291
1 12 2
274 486
1 10 2
266 312
1 2 2
386 216
1 3 2
329 113
1 9 2
195 124
1 13 2
122 369
1 6 2
209 13
1 8 2
158 104
1 9 2
367 324
1 5 2
29 334
1 7 2
160 48
1 4 2
299 192
1 13 2
467 460
1 14 2
195 148
1 5 2
486 96
1 2 2
211 400
1 14 2
39 362
1 12 2
477 379
1 6 2
283 315
1 9 2
198 17
1 15 2
291 126
1 7 2
76 314
1 6 2
461 71
1 10 2
371 368
1 11 2
269 176
1 4 2
456 337
1 7 2
189 35
1 7 2
47 308
1 14 2
469 181
1 10 2
20 221
1 10 2
126 46
1 2 2
222 298
1 5 2
459 384
1 3 2
452 213
1 4 2
231 424
1 10 2
24 4
1 11 2
319 323
1 2 2
479 304
1 4 2
238 186
1 9 2
186 389
1 8 2
317 427
1 4 2
17 160
1 15 2
236 445
1 12 2
85 35
1 5 2
357 177
1 14 2
163 203
1 5 2
262 126
1 9 2
477 322
1 2 2
385 101
1 9 2
401 417
1 10 2
253 468
1 7 2
216 51
1 7 2
175 430
1 9 2
11 89
1 8 2
6 72
1 15 2
447 92
1 11 2
109 422
1 9 2
283 251
1 5 2
220 307
1 8 2
478 487
1 11 2
23 316
1 13 2
436 240
1 15 2
405 23
1 15 2
356 147
1 8 2
365 88
1 4 2
191 225
1 11 2
67 133
1 13 2
227 97
1 9 2
302 353
1 6 2
408 213
1 5 2
396 68
1 11 2
146 416
1 5 2
159 312
1 8 2
359 131
1 6 2
39 234
1 10 2
196 294
1 6 2
335 236
1 13 2
444 231
1 5 2
489 209
1 4 2
168 402
1 6 2
488 146
1 13 2
245 89
1 8 2
126 79
1 4 2
81 213
1 5 2
328 379
1 9 2
498 118
1 11 2
373 59
1 4 2
429 435
1 7 2
341 233
1 9 2
332 437
1 9 2
48 69
1 15 2
421 181
1 7 2
499 63
1 4 2
153 96
1 12 2
187 217
1 15 2
44 486
1 5 2
469 260
1 10 2
476 126
1 7 2
27 163
1 12 2
55 374
1 2 2
23 485
1 10 2
263 411
1 13 2
249 265
1 11 2
367 440
1 12 2
409 210
1 4 2
460 462
1 2 2
351 265
1 10 2
1 256
1 6 2
392 447
1 4 2
436 97
1 11 2
445 235
1 12 2
252 496
1 15 2
109 296
1 4 2
3 80
1 14 2
169 374
1 4 2
16 423
1 12 2
451 305
1 12 2
40 468
1 2 2
234 217
1 7 2
461 384
1 11 2
431 96
1 12 2
340 218
1 5 2
287 43
1 9 2
172 348
1 2 2
413 120
1 5 2
458 429
1 14 2
406 193
1 3 2
94 81
1 13 2
196 432
1 3 2
185 163
1 9 2
62 110
1 4 2
124 205
1 3 2
60 335
1 12 2
40 178
1 8 2
119 475
1 11 2
90 152
1 3 2
419 34
1 4 2
247 322
1 10 2
10 463
1 10 2
243 105
1 13 2
457 356
1 12 2
488 387
1 8 2
2 413
1 2 2
173 242
1 12 2
185 206
1 6 2
367 312
1 11 2
111 403
1 2 2
325 308
1 11 2
268 462
1 14 2
216 494
1 13 2
300 390
1 15 2
189 138
1 6 2
261 355
1 13 2
55 495
1 7 2
345 110
1 9 2
305 119
1 7 2
399 144
1 11 2
434 44
1 15 2
312 232
1 3 2
203 472
1 11 2
53 209
1 5 2
75 93
1 10 2
32 98
1 2 2
78 438
1 4 2
309 284
1 15 2
491 308
1 12 2
368 14
1 11 2
121 498
1 8 2
10 199
1 10 2
386 181
1 14 2
364 244
1 5 2
79 477
1 14 2
360 390
1 4 2
131 204
1 5 2
186 165
1 2 2
177 204
1 5 2
128 214
1 12 2
269 41
1 6 2
69 239
1 14 2
286 29
1 9 2
451 183
1 12 2
361 212
1 12 2
389 360
1 8 2
232 133
1 8 2
209 419
1 11 2
459 47
1 6 2
104 39
1 12 2
50 10
1 3 2
405 460
1 5 2
332 28
1 3 2
393 371
1 9 2
119 174
1 10 2
175 400
1 12 2
413 410
1 4 2
195 157
1 8 2
60 178
1 2 2
362 39
1 8 2
309 179
1 15 2
333 10
1 8 2
42 390
1 8 2
497 78
1 4 2
54 491
1 3 2
191 450
1 11 2
219 277
1 8 2
276 105
1 6 2
71 377
1 12 2
198 103
1 3 2
361 255
1 3 2
417 267
1 9 2
18 153
1 8 2
209 167
1 8 2
244 393
1 8 2
413 295
1 15 2
139 248
1 13 2
56 475
1 13 2
305 53
1 14 2
498 389
1 10 2
37 462
1 6 2
8 349
1 14 2
284 82
1 13 2
322 234
1 7 2
337 64
1 8 2
386 182
1 12 2
350 82
1 13 2
361 341
1 12 2
248 252
1 13 2
18 271
1 9 2
19 415
1 9 2
259 126
1 10 2
7 91
1 5 2
360 324
1 2 2
388 473
1 3 2
184 425
1 15 2
82 346
1 2 2
257 107
1 6 2
305 429
1 14 2
466 4
1 7 2
136 75
1 2 2
422 158
1 5 2
235 225
1 6 2
115 348
1 2 2
161 292
1 5 2
462 254
1 7 2
29 213
1 13 2
153 141
1 10 2
330 399
1 15 2
394 109
1 8 2
302 285
1 15 2
217 55
1 4 2
31 242
1 12 2
471 65
1 11 2
433 403
1 6 2
201 339
1 5 2
406 464
1 2 2
230 460
1 13 2
453 372
1 7 2
451 102
1 14 2
230 337
1 9 2
353 150
1 3 2
106 376
1 12 2
451 86
1 10 2
82 43
1 5 2
57 73
1 10 2
215 362
1 2 2
230 457
1 11 2
128 55
1 7 2
498 327
1 14 2
261 247
1 10 2
407 70
1 15 2
499 394
1 10 2
194 367
1 15 2
338 200
1 6 2
384 419
1 5 2
220 300
1 11 2
245 490
1 12 2
132 33
1 2 2
355 46
1 14 2
70 157
1 15 2
71 498
1 9 2
104 37
1 15 2
481 39
1 10 2
211 369
1 7 2
462 116
1 5 2
305 460
1 11 2
497 382
1 4 2
188 157
1 7 2
103 39
1 8 2
313 239
1 5 2
83 434
1 4 2
429 61
1 7 2
12 148
1 9 2
333 481
1 3 2
257 7
1 6 2
317 145
1 5 2
131 272
1 6 2
418 113
1 9 2
145 227
1 7 2
346 192
1 15 2
485 254
1 2 2
171 165
1 11 2
3 320
1 4 2
271 352
1 2 2
140 474
1 11 2
391 50
1 10 2
466 33
1 8 2
449 207
1 2 2
377 335
1 14 2
253 182
1 13 2
476 275
1 10 2
240 124
1 5 2
46 374
1 10 2
389 169
1 13 2
204 12
1 6 2
108 92
1 4 2
12 489
1 4 2
396 438
1 2 2
439 47
1 11 2
216 368
1 7 2
392 227
1 8 2
95 460
1 3 2
159 207
1 13 2
490 306
1 13 2
115 28
1 10 2
358 415
1 14 2
51 142
1 6 2
78 93
1 8 2
160 38
1 10 2
309 361
1 12 2
395 67
1 3 2
39 344
1 10 2
342 143
1 3 2
304 137
1 10 2
412 326
1 9 2
415 212
1 11 2
329 68
1 4 2
344 236
1 7 2
60 215
1 14 2
28 360
1 11 2
309 457
1 2 2
389 487
1 4 2
297 67
1 9 2
274 479
1 5 2
54 81
1 5 2
390 89
1 9 2
81 274
1 2 2
316 493
1 3 2
47 124
1 5 2
328 440
1 10 2
0 31
1 9 2
340 55
1 11 2
258 302
1 13 2
255 350
1 6 2
493 182
1 4 2
180 216
1 3 2
94 451
1 3 2
221 37
1 7 2
91 211
1 3 2
447 304
1 12 2
365 260
1 12 2
117 135
1 2 2
270 123
1 12 2
483 159
1 2 2
16 177
1 4 2
58 274
1 7 2
472 218
1 4 2
4 96
1 12 2
4 304
1 13 2
423 320
1 13 2
241 428
1 3 2
113 332
1 12 2
269 190
1 2 2
28 117
1 13 2
426 20
1 14 2
241 289
1 12 2
363 462
1 5 2
385 357
1 13 2
269 174
1 11 2
221 250
1 13 2
289 75
1 5 2
152 171
1 11 2
173 3
1 10 2
456 53
1 11 2
359 469
1 14 2
382 166
1 12 2
400 128
1 5 2
25 412
1 15 2
326 105
1 8 2
233 388
1 2 2
379 439
1 2 2
316 270
1 9 2
270 179
1 9 2
449 137
1 14 2
271 469
1 3 2
213 262
1 3 2
407 105
1 15 2
192 73
1 9 2
129 158
1 5 2
440 423
1 9 2
156 279
1 13 2
290 413
1 9 2
476 298
1 13 2
250 33
1 14 2
458 486
1 14 2
307 443
1 4 2
342 29
1 6 2
92 453
1 14 2
63 232
1 4 2
197 411
1 8 2
167 138
1 6 2
215 132
1 3 2
356 126
1 12 2
385 301
1 4 2
242 232
1 3 2
352 475
1 14 2
323 407
1 11 2
435 155
1 5 2
369 105
1 14 2
141 26
1 2 2
404 195
1 12 2
73 290
1 2 2
53 71
1 2 2
487 402
1 7 2
482 75
1 14 2
335 153
1 5 2
427 287
1 15 2
31 200
1 14 2
240 445
1 13 2
61 229
1 14 2
139 40
1 10 2
416 213
1 14 2
242 113
1 14 2
94 495
1 3 2
291 378
1 2 2
395 3
1 14 2
199 49
1 10 2
390 324
1 11 2
197 176
1 9 2
493 336
1 14 2
259 375
1 8 2
441 177
1 9 2
183 418
1 2 2
362 1
1 14 2
392 464
1 9 2
420 136
1 4 2
46 435
1 4 2
259 88
1 4 2
339 434
1 10 2
262 214
1 2 2
388 412
1 14 2
182 39
1 15 2
271 318
1 11 2
125 442
1 12 2
423 19
1 8 2
329 156
1 3 2
364 137
1 4 2
264 216
1 5 2
261 455
1 4 2
167 184
1 13 2
232 281
1 7 2
16 0
1 14 2
490 321
1 11 2
65 271
1 9 2
328 41
1 9 2
144 223
1 2 2
275 3
1 9 2
341 373
1 5 2
432 28
1 8 2
191 403
1 8 2
44 317
1 4 2
252 222
1 5 2
334 125
1 2 2
482 199
1 10 2
380 64
1 4 2
392 42
1 4 2
161 50
1 15 2
38 15
1 9 2
163 288
1 2 2
207 152
1 5 2
422 262
1 15 2
29 290
1 6 2
34 254
1 15 2
452 318
1 9 2
406 297
1 13 2
212 16
1 10 2
400 10
1 3 2
323 209
1 2 2
83 462
1 4 2
270 38
1 14 2
186 257
1 10 2
493 223
1 10 2
285 158
1 2 2
267 149
1 14 2
310 440
1 7 2
100 342
1 15 2
126 410
1 4 2
47 296
1 15 2
318 27
1 12 2
328 463
1 10 2
226 217
1 8 2
445 109
1 12 2
98 23
1 12 2
126 182
1 13 2
321 146
1 2 2
463 51
1 7 2
288 267
1 9 2
478 140
1 5 2
319 467
1 15 2
5 236
1 7 2
243 275
1 11 2
481 315
1 6 2
440 367
1 10 2
444 265
1 10 2
267 205
1 6 2
487 410
1 15 2
155 205
1 14 2
314 440
1 14 2
364 27
1 7 2
112 161
1 12 2
120 473
1 4 2
103 403
1 11 2
82 499
1 9 2
191 317
1 9 2
422 215
1 9 2
235 441
1 8 2
116 462
1 3 2
435 245
1 14 2
52 471
1 8 2
37 238
1 11 2
112 497
1 14 2
139 358
1 15 2
186 58
1 5 2
310 480
1 4 2
183 109
1 15 2
196 442
1 8 2
190 48
1 11 2
447 347
1 11 2
126 483
1 4 2
399 297
1 8 2
460 108
1 9 2
257 168
1 3 2
213 301
1 2 2
177 483
1 7 2
432 457
1 13 2
356 16
1 14 2
388 163
1 8 2
376 29
1 14 2
453 405
1 3 2
253 158
1 9 2
322 174
1 5 2
377 433
1 4 2
203 337
1 2 2
236 244
1 5 2
70 237
1 12 2
223 408
1 8 2
347 410
1 7 2
109 429
1 13 2
335 5
1 4 2
453 142
1 3 2
124 149
1 5 2
393 71
1 7 2
406 201
1 2 2
151 205
1 10 2
289 487
1 6 2
56 58
1 7 2
77 472
1 7 2
347 437
1 7 2
27 184
1 9 2
362 107
1 8 2
220 81
1 6 2
459 69
1 2 2
10 389
1 5 2
334 144
1 12 2
106 493
1 13 2
485 428
1 14 2
72 497
1 13 2
387 120
1 12 2
66 382
1 9 2
355 332
1 4 2
350 203
1 2 2
404 36
1 14 2
294 269
1 9 2
147 426
1 11 2
365 181
1 7 2
451 299
1 11 2
73 388
1 2 2
341 48
1 8 2
218 130
1 14 2
54 367
1 5 2
431 432
1 3 2
325 254
1 11 2
322 164
1 6 2
245 113
1 12 2
315 41
1 13 2
283 80
1 15 2
195 260
1 3 2
329 470
1 9 2
129 112
1 2 2
46 246
1 2 2
417 369
1 6 2
355 162
1 3 2
271 62
1 11 2
133 75
1 9 2
106 123
1 11 2
235 460
1 4 2
262 6
1 7 2
460 485
1 6 2
414 17
1 7 2
61 454
1 12 2
405 114
1 10 2
390 121
1 8 2
147 101
1 13 2
52 460
1 3 2
425 95
1 8 2
292 499
1 6 2
65 173
1 7 2
112 75
1 3 2
145 246
1 12 2
101 469
1 6 2
453 344
1 14 2
295 37
1 13 2
466 60
1 2 2
463 57
1 12 2
23 31
1 5 2
230 353
1 2 2
353 471
1 14 2
308 336
1 7 2
442 27
1 12 2
324 76
1 9 2
71 19
1 14 2
136 265
1 3 2
266 426
1 4 2
406 7
1 2 2
337 324
1 3 2
160 435
1 6 2
285 315
1 7 2
333 354
1 5 2
272 210
1 8 2
136 210
1 3 2
321 393
1 7 2
295 169
1 15 2
125 387
1 6 2
28 102
1 15 2
439 4
1 9 2
461 327
1 14 2
120 366
1 15 2
263 51
1 8 2
10 168
1 6 2
357 210
1 2 2
215 368
1 8 2
54 297
1 6 2
499 435
1 11 2
355 310
1 3 2
114 133
1 6 2
357 296
1 10 2
286 273
1 14 2
290 77
1 8 2
247 210
1 2 2
461 130
1 2 2
157 337
1 5 2
135 187
1 12 2
111 328
1 12 2
121 335
1 13 2
232 330
1 5 2
229 34
1 3 2
411 474
1 2 2
150 231
1 10 2
212 291
1 3 2
271 215
1 13 2
85 181
1 15 2
376 131
1 14 2
322 447
1 7 2
346 417
1 9 2
229 422
1 7 2
65 262
1 2 2
266 460
1 11 2
117 341
1 7 2
137 50
1 10 2
494 241
1 11 2
466 74
1 5 2
109 210
1 12 2
374 213
1 12 2
449 398
1 13 2
248 214
1 4 2
141 36
1 11 2
299 14
1 14 2
151 375
1 2 2
4 398
1 14 2
454 4
1 7 2
236 336
1 8 2
469 105
1 8 2
87 50
1 15 2
141 263
1 4 2
221 431
1 6 2
89 196
1 4 2
223 78
1 14 2
180 318
1 5 2
245 6
1 15 2
420 202
1 5 2
45 232
1 15 2
165 149
1 7 2
205 301
1 4 2
182 377
1 12 2
105 246
1 13 2
417 201
1 8 2
48 108
1 12 2
381 322
1 6 2
9 231
1 12 2
16 351
1 6 2
462 275
1 11 2
128 121
1 15 2
330 456
1 8 2
171 49
1 8 2
410 419
1 8 2
490 63
1 2 2
497 373
1 4 2
466 464
1 4 2
62 170
1 3 2
169 35
1 4 2
297 88
1 6 2
88 328
1 13 2
209 266
1 3 2
191 150
1 14 2
298 420
1 3 2
351 246
1 8 2
33 335
1 13 2
5 428
1 11 2
109 190
1 10 2
14 254
1 11 2
66 286
1 8 2
289 313
1 3 2
212 298
1 3 2
208 176
1 6 2
361 108
1 6 2
436 467
1 10 2
423 274
1 5 2
480 461
1 15 2
423 194
1 7 2
174 41
1 15 2
139 18
1 7 2
455 165
1 4 2
162 386
1 5 2
494 28
1 10 2
304 192
1 14 2
75 81
1 6 2
138 261
1 4 2
109 451
1 13 2
294 485
1 5 2
341 115
1 14 2
91 290
1 11 2
365 393
1 3 2
150 338
1 2 2
60 58
1 3 2
49 205
1 8 2
166 275
1 8 2
175 47
1 2 2
433 11
1 14 2
257 135
1 5 2
9 280
1 13 2
33 199
1 8 2
18 496
1 13 2
359 61
1 6 2
268 235
1 2 2
48 3
1 7 2
425 342
1 14 2
300 80
1 7 2
92 408
1 10 2
215 451
1 4 2
188 248
1 7 2
394 38
1 11 2
160 477
1 6 2
28 243
1 12 2
60 404
1 2 2
176 394
1 9 2
443 0
1 13 2
113 458
1 13 2
275 216
1 2 2
78 129
1 13 2
83 411
1 4 2
179 417
1 2 2
385 360
1 15 2
105 314
1 12 2
1 304
1 12 2
236 52
1 3 2
449 241
1 2 2
5 465
1 5 2
163 272
1 6 2
387 329
1 15 2
479 91
1 13 2
164 223
1 15 2
447 453
1 13 2
1 143
1 8 2
395 461
1 3 2
186 407
1 7 2
305 469
1 11 2
387 357
1 13 2
96 5
1 15 2
311 225
1 7 2
365 472
1 15 2
180 167
1 8 2
268 125
1 2 2
111 95
1 6 2
247 496
1 7 2
113 406
1 6 2
84 181
1 14 2
328 301
1 6 2
257 475
1 3 2
423 422
1 4 2
139 462
1 4 2
180 133
1 10 2
236 114
1 2 2
107 121
1 8 2
30 484
1 3 2
166 62
1 12 2
261 298
1 10 2
197 236
1 10 2
461 237
1 15 2
138 129
1 7 2
396 385
1 4 2
335 238
1 11 2
330 189
1 9 2
54 371
1 4 2
281 34
1 15 2
105 169
1 15 2
473 142
1 14 2
32 192
1 4 2
209 296
1 3 2
2 150
1 2 2
376 115
1 15 2
135 271
1 8 2
214 145
1 15 2
429 391
1 14 2
330 304
1 6 2
471 12
1 4 2
207 149
1 11 2
409 15
1 15 2
297 204
1 10 2
317 492
1 6 2
273 52
1 6 2
176 381
1 3 2
114 387
1 9 2
200 178
1 11 2
122 423
1 4 2
244 104
1 6 2
474 278
1 3 2
458 456
1 2 2
1 386
1 14 2
417 30
1 4 2
253 493
1 2 2
72 116
1 14 2
76 69
1 9 2
134 66
1 7 2
230 260
1 13 2
339 220
1 11 2
62 66
1 12 2
99 373
1 2 2
47 326
1 7 2
240 203
1 15 2
238 104
1 7 2
191 27
1 2 2
480 362
1 13 2
36 263
1 8 2
233 64
1 3 2
48 94
1 7 2
482 478
1 5 2
393 151
1 4 2
408 63
1 11 2
215 455
1 14 2
174 263
1 3 2
238 80
1 3 2
435 218
1 13 2
304 58
1 4 2
89 493
1 14 2
352 164
1 14 2
228 415
1 6 2
229 46
1 6 2
27 191
1 12 2
153 84
1 5 2
276 360
1 9 2
40 389
1 9 2
420 114
1 15 2
417 348
1 3 2
297 419
1 8 2
123 366
1 10 2
268 376
1 6 2
297 233
1 2 2
468 127
1 11 2
431 1
1 5 2
416 176
1 9 2
250 423
1 6 2
236 185
1 3 2
6 238
1 5 2
41 346
1 10 2
102 239
1 11 2
201 171
1 10 2
193 481
1 6 2
276 341
1 14 2
183 151
1 12 2
444 51
1 4 2
414 387
1 6 2
315 411
1 5 2
483 259
1 2 2
111 207
1 5 2
80 468
1 11 2
3 418
1 13 2
214 142
1 15 2
124 9
1 5 2
119 105
1 15 2
9 334
1 14 2
48 341
1 10 2
183 73
1 7 2
497 119
1 15 2
133 60
1 3 2
203 163
1 9 2
330 325
1 13 2
348 499
1 5 2
255 232
1 5 2
359 271
1 5 2
307 82
1 12 2
247 158
1 13 2
320 496
1 5 2
404 392
1 12 2
385 407
1 15 2
278 87
1 10 2
21 447
1 15 2
59 312
1 13 2
219 384
1 11 2
0 463
1 12 2
284 437
1 2 2
251 136
1 2 2
119 264
1 11 2
414 28
1 4 2
375 99
1 8 2
261 300
1 8 2
117 2
1 2 2
105 216
1 12 2
255 272
1 3 2
260 205
1 6 2
252 421
1 10 2
152 147
1 3 2
231 302
1 8 2
284 178
1 2 2
31 107
1 15 2
142 225
1 6 2
240 8
1 3 2
112 90
1 14 2
431 426
1 13 2
378 374
1 11 2
422 118
1 6 2
496 337
1 2 2
497 383
1 9 2
403 334
1 8 2
407 39
1 14 2
324 226
1 12 2
171 283
1 9 2
72 307
1 14 2
124 5
1 13 2
107 214
1 11 2
65 17
1 4 2
153 348
1 13 2
29 352
1 12 2
31 267
1 2 2
410 373
1 6 2
150 475
1 3 2
109 238
1 9 2
66 16
1 8 2
404 267
1 14 2
332 395
1 10 2
434 370
1 5 2
108 167
1 10 2
94 142
1 5 2
358 131
1 6 2
470 189
1 5 2
266 267
1 6 2
336 270
1 12 2
4 340
1 14 2
223 446
1 15 2
301 377
1 9 2
14 268
1 10 2
479 100
1 7 2
25 400
1 4 2
146 188
1 5 2
40 132
1 10 2
187 449
1 7 2
82 404
1 12 2
26 491
1 5 2
266 81
1 9 2
118 231
1 4 2
197 434
1 8 2
126 19
1 14 2
314 451
1 2 2
95 260
1 6 2
153 320
1 10 2
130 283
1 9 2
315 479
1 6 2
437 422
1 7 2
309 225
1 5 2
36 409
1 13 2
489 336
1 3 2
92 167
1 3 2
250 1
1 7 2
403 82
1 14 2
279 3
1 12 2
437 151
1 2 2
71 2
1 13 2
78 486
1 6 2
168 13
1 12 2
154 20
1 11 2
192 154
1 12 2
476 318
1 13 2
315 97
1 14 2
242 353
1 7 2
48 382
1 5 2
160 322
1 6 2
3 29
1 3 2
170 469
1 13 2
241 128
1 8 2
2 254
1 4 2
192 56
1 12 2
382 3
1 15 2
177 19
1 6 2
224 439
1 13 2
434 10
1 10 2
379 173
1 4 2
272 380
1 7 2
43 403
1 13 2
369 254
1 3 2
209 257
1 13 2
66 400
1 14 2
201 20
1 12 2
189 374
1 13 2
178 315
1 14 2
22 256
1 14 2
184 279
1 7 2
73 102
1 15 2
120 260
1 4 2
363 441
1 10 2
377 71
1 2 2
130 6
1 11 2
3 101
1 10 2
228 149
1 3 2
426 375
1 15 2
254 171
1 9 2
319 230
1 12 2
441 479
1 8 2
150 175
1 13 2
325 349
1 11 2
237 440
1 14 2
243 208
1 15 2
319 146
1 11 2
444 8
1 11 2
172 213
1 10 2
101 378
1 11 2
41 115
1 3 2
156 37
1 3 2
128 116
1 13 2
314 43
1 2 2
110 402
1 2 2
74 478
1 11 2
88 6
1 2 2
242 32
1 12 2
387 22
1 6 2
380 197
1 4 2
220 14
1 9 2
482 305
1 13 2
425 297
1 12 2
73 34
1 14 2
378 67
1 12 2
275 387
1 6 2
3 165
1 12 2
31 443
1 12 2
200 109
1 15 2
188 335
1 10 2
398 481
1 3 2
354 326
1 11 2
392 367
1 10 2
17 130
1 11 2
398 395
1 5 2
155 366
1 11 2
481 194
1 5 2
481 26
1 3 2
496 377
1 6 2
97 192
1 5 2
261 478
1 5 2
186 357
1 7 2
342 103
1 10 2
371 181
1 13 2
179 144
1 9 2
139 277
1 9 2
423 80
1 10 2
1 217
1 3 2
440 123
1 3 2
91 223
1 15 2
310 104
1 9 2
121 134
1 3 2
390 399
1 4 2
55 452
1 12 2
288 366
1 4 2
498 191
1 15 2
473 134
1 15 2
365 471
1 6 2
11 317
1 2 2
495 138
1 2 2
392 94
1 4 2
305 156
1 11 2
433 37
1 14 2
498 334
1 15 2
422 41
1 12 2
130 49
1 9 2
82 494
1 8 2
312 273
1 8 2
271 477
1 9 2
69 340
1 15 2
364 418
1 15 2
383 386
1 6 2
444 142
1 6 2
235 28
1 9 2
108 350
1 7 2
139 147
1 3 2
422 287
1 7 2
406 269
1 2 2
366 459
1 9 2
58 402
1 2 2
54 446
1 9 2
297 404
1 15 2
437 203
1 3 2
311 403
1 3 2
275 117
1 4 2
400 348
1 10 2
247 495
1 4 2
7 497
1 7 2
54 199
1 7 2
328 294
1 2 2
489 189
1 9 2
161 194
1 10 2
417 384
1 5 2
239 30
1 12 2
64 186
1 12 2
277 45
1 13 2
196 83
1 13 2
436 246
1 10 2
478 191
1 4 2
212 7
1 4 2
127 495
1 3 2
83 322
1 3 2
294 466
1 11 2
268 52
1 9 2
110 59
1 5 2
425 408
1 15 2
316 422
1 13 2
448 358
1 8 2
118 450
1 2 2
296 258
1 8 2
434 336
1 6 2
476 494
1 5 2
269 225
1 7 2
202 423
1 11 2
188 88
1 8 2
283 207
1 10 2
418 484
1 15 2
451 361
1 6 2
445 131
1 13 2
161 392
1 3 2
291 364
1 8 2
433 261
1 14 2
249 443
1 14 2
184 451
1 12 2
249 447
1 8 2
433 238
1 14 2
385 137
1 8 2
186 426
1 12 2
267 230
1 6 2
384 145
1 2 2
12 1
1 7 2
211 421
1 14 2
402 306
1 14 2
486 0
1 2 2
22 440
1 7 2
82 13
1 14 2
183 414
1 8 2
429 131
1 11 2
363 78
1 11 2
397 371
1 10 2
174 372
1 3 2
340 16
1 6 2
180 136
1 6 2
268 149
1 11 2
371 299
1 9 2
82 387
1 5 2
14 428
1 5 2
443 410
1 15 2
325 328
1 5 2
335 48
1 8 2
102 220
1 4 2
370 471
1 9 2
178 143
1 12 2
105 214
1 15 2
62 325
1 9 2
301 467
1 12 2
452 26
1 2 2
264 142
1 12 2
74 158
1 12 2
50 163
1 11 2
203 213
1 13 2
457 335
1 10 2
47 461
1 3 2
210 91
1 14 2
116 28
1 15 2
393 386
1 15 2
94 58
1 5 2
362 373
1 5 2
254 85
1 9 2
339 353
1 2 2
112 488
1 4 2
151 147
1 11 2
481 254
1 14 2
465 183
1 14 2
338 388
1 7 2
83 319
1 2 2
409 128
1 7 2
186 459
1 14 2
130 474
1 2 2
442 333
1 11 2
154 36
1 13 2
277 68
1 9 2
186 256
1 14 2
387 374
1 5 2
244 120
1 2 2
197 269
1 2 2
272 496
1 4 2
208 261
1 13 2
374 34
1 9 2
253 430
1 5 2
176 496
1 2 2
116 340
1 11 2
73 228
1 4 2
174 268
1 14 2
145 346
1 2 2
82 256
1 12 2
419 239
1 10 2
464 91
1 4 2
314 159
1 8 2
384 282
1 14 2
318 84
1 3 2
61 284
1 6 2
155 398
1 10 2
345 409
1 10 2
481 351
1 5 2
474 372
1 2 2
233 79
1 10 2
458 316
1 13 2
335 302
1 13 2
291 5
1 8 2
12 311
1 10 2
295 122
1 10 2
126 325
1 9 2
273 401
1 2 2
176 427
1 12 2
249 96
1 7 2
422 212
1 2 2
341 127
1 6 2
240 314
1 15 2
134 175
1 15 2
455 454
1 4 2
263 303
1 8 2
487 180
1 15 2
418 217
1 11 2
128 385
1 3 2
107 213
1 13 2
54 68
1 3 2
231 241
1 9 2
491 464
1 14 2
128 26
1 5 2
239 381
1 10 2
461 268
1 4 2
38 157
1 15 2
325 60
1 3 2
199 29
1 14 2
131 472
1 12 2
456 271
1 14 2
109 425
1 4 2
23 469
1 14 2
139 26
1 11 2
402 463
1 5 2
191 286
1 7 2
227 232
1 15 2
357 292
1 3 2
248 489
1 15 2
336 19
1 14 2
19 389
1 12 2
349 336
1 7 2
32 89
1 13 2
26 443
1 15 2
462 471
1 8 2
12 5
1 7 2
373 181
1 12 2
443 362
1 10 2
137 493
1 3 2
92 389
1 15 2
230 316
1 7 2
379 57
1 9 2
383 12
1 6 2
50 192
1 6 2
434 446
1 4 2
289 28
1 8 2
430 159
1 3 2
16 297
1 9 2
490 234
1 5 2
123 435
1 12 2
299 357
1 4 2
158 254
1 6 2
384 463
1 11 2
142 209
1 12 2
255 269
1 5 2
25 118
1 11 2
462 359
1 12 2
463 25
1 7 2
376 178
1 11 2
291 477
1 12 2
454 377
1 12 2
27 314
1 11 2
98 42
1 3 2
21 312
1 11 2
49 449
1 7 2
253 212
1 14 2
33 309
1 4 2
35 103
1 6 2
2 167
1 13 2
50 33
1 6 2
168 180
1 7 2
412 40
1 2 2
375 45
1 6 2
438 190
1 5 2
180 76
1 12 2
21 164
1 10 2
394 250
1 12 2
398 33
1 4 2
12 134
1 15 2
91 451
1 14 2
299 447
1 12 2
380 243
1 13 2
160 46
1 11 2
177 122
1 9 2
383 271
1 3 2
348 357
1 8 2
60 80
1 3 2
135 254
1 14 2
489 60
1 7 2
266 353
1 8 2
1 480
1 14 2
431 165
1 2 2
335 289
1 4 2
302 204
1 2 2
163 87
1 4 2
235 102
1 15 2
193 31
1 8 2
350 278
1 10 2
154 286
1 13 2
267 81
1 7 2
489 271
1 6 2
61 355
1 10 2
489 318
1 9 2
344 200
1 4 2
69 216
1 5 2
88 165
1 3 2
420 133
1 11 2
32 390
1 5 2
139 246
1 11 2
197 406
1 9 2
199 284
1 15 2
185 224
1 8 2
476 461
1 5 2
249 445
1 11 2
382 42
1 14 2
395 94
1 14 2
13 270
1 5 2
217 137
1 7 2
296 311
1 8 2
140 360
1 8 2
445 35
1 10 2
304 380
1 8 2
461 499
1 12 2
22 72
1 7 2
399 291
1 15 2
37 222
1 8 2
432 324
1 4 2
371 101
1 8 2
103 487
1 15 2
188 197
1 15 2
302 40
1 5 2
348 145
1 9 2
13 19
1 6 2
136 370
1 13 2
442 90
1 14 2
0 98
1 4 2
457 278
1 9 2
174 178
1 5 2
166 301
1 9 2
285 359
1 7 2
319 303
1 13 2
390 469
1 6 2
470 370
1 5 2
247 19
1 13 2
227 188
1 3 2
423 214
1 2 2
13 121
1 14 2
460 308
1 12 2
247 449
1 11 2
129 104
1 9 2
488 158
1 4 2
202 163
1 13 2
318 168
1 5 2
113 82
1 14 2
220 132
1 15 2
18 149
1 5 2
187 86
1 7 2
376 437
1 13 2
306 48
1 11 2
155 369
1 4 2
355 118
1 12 2
134 305
1 13 2
172 298
1 6 2
474 361
1 11 2
456 101
1 7 2
453 136
1 4 2
71 42
1 5 2
50 277
1 6 2
350 201
1 12 2
3 106
1 7 2
378 251
1 9 2
345 15
1 14 2
454 360
1 3 2
135 110
1 3 2
269 318
1 8 2
269 403
1 13 2
368 485
1 14 2
44 70
1 5 2
392 472
1 15 2
270 242
1 6 2
319 77
1 5 2
2 361
1 2 2
484 319
1 8 2
58 439
1 10 2
299 71
1 9 2
71 206
1 7 2
140 138
1 6 2
396 172
1 14 2
413 453
1 2 2
363 15
1 13 2
195 409
1 9 2
226 283
1 9 2
385 340
1 9 2
257 319
1 4 2
279 184
1 6 2
443 329
1 8 2
383 78
1 2 2
334 348
1 2 2
184 21
1 13 2
78 223
1 5 2
164 123
1 3 2
439 395
1 15 2
188 102
1 12 2
355 475
1 13 2
323 46
1 2 2
323 49
1 7 2
149 492
1 5 2
216 247
1 9 2
203 415
1 9 2
330 383
1 11 2
231 156
1 7 2
205 484
1 6 2
71 108
1 15 2
282 274
1 10 2
370 180
1 15 2
25 137
1 9 2
380 384
1 5 2
431 120
1 10 2
319 65
1 12 2
161 266
1 15 2
475 266
1 3 2
211 78
1 3 2
223 418
1 15 2
392 416
1 14 2
364 269
1 3 2
52 393
1 12 2
218 399
1 2 2
394 206
1 10 2
74 51
1 4 2
8 243
1 15 2
83 262
1 15 2
235 134
1 12 2
148 2
1 2 2
90 134
1 5 2
312 88
1 3 2
30 363
1 8 2
86 482
1 11 2
237 462
1 5 2
233 94
1 5 2
484 171
1 5 2
138 241
1 2 2
90 162
1 10 2
71 214
1 6 2
145 247
1 2 2
413 320
1 4 2
346 403
1 11 2
263 470
1 11 2
407 170
1 3 2
181 180
1 3 2
484 451
1 15 2
358 100
1 14 2
174 216
1 7 2
387 109
1 15 2
240 419
1 6 2
74 13
1 3 2
294 69
1 14 2
240 150
1 8 2
37 65
1 6 2
142 492
1 2 2
371 279
1 7 2
468 122
1 8 2
427 101
1 4 2
108 463
1 4 2
311 101
1 8 2
180 321
1 6 2
288 361
1 7 2
67 361
1 5 2
336 115
1 6 2
248 370
1 11 2
92 292
1 2 2
116 251
1 13 2
121 161
1 15 2
235 174
1 12 2
105 407
1 5 2
495 468
1 3 2
116 21
1 5 2
353 467
1 4 2
232 1
1 12 2
370 275
1 6 2
179 191
1 10 2
124 287
1 12 2
95 132
1 7 2
417 80
1 5 2
431 299
1 13 2
73 308
1 3 2
481 101
1 15 2
133 411
1 15 2
290 112
1 14 2
441 359
1 3 2
195 421
1 15 2
391 48
1 9 2
239 301
1 11 2
400 158
1 6 2
86 110
1 7 2
207 65
1 4 2
111 164
1 4 2
366 54
1 14 2
239 248
1 13 2
131 190
1 12 2
150 326
1 9 2
28 115
1 12 2
159 143
1 15 2
291 164
1 14 2
447 98
1 5 2
208 325
1 4 2
36 273
1 10 2
3 499
1 11 2
239 8
1 7 2
41 173
1 9 2
416 306
1 7 2
203 112
1 14 2
79 351
1 13 2
43 327
1 10 2
2 329
1 10 2
359 65
1 12 2
93 256
1 9 2
480 112
1 12 2
181 299
1 8 2
218 225
1 15 2
123 274
1 14 2
218 123
1 15 2
322 38
1 2 2
489 465
1 5 2
486 280
1 15 2
164 332
1 13 2
122 371
1 12 2
383 153
1 3 2
15 250
1 12 2
489 253
1 8 2
257 176
1 10 2
437 300
1 9 2
485 95
1 10 2
263 146
1 4 2
2 213
1 13 2
181 325
1 2 2
414 471
1 15 2
486 151
1 7 2
207 16
1 5 2
485 113
1 14 2
1 306
1 7 2
175 138
1 14 2
331 234
1 4 2
129 350
1 14 2
254 389
1 7 2
73 3
1 4 2
253 128
1 11 2
271 457
1 7 2
169 450
1 3 2
231 104
1 3 2
132 459
1 4 2
141 5
1 2 2
379 83
1 14 2
275 417
1 2 2
236 334
1 6 2
11 283
1 7 2
132 466
1 15 2
124 242
1 15 2
484 21
1 11 2
50 102
1 9 2
60 220
1 14 2
155 457
1 6 2
441 222
1 8 2
417 475
1 8 2
259 283
1 6 2
3 82
1 9 2
327 143
1 8 2
126 7
1 2 2
309 354
1 7 2
38 87
1 14 2
63 150
1 5 2
103 282
1 12 2
495 292
1 13 2
105 271
1 8 2
331 437
1 12 2
432 354
1 14 2
51 9
1 12 2
32 90
1 3 2
366 496
1 6 2
382 300
1 2 2
394 371
1 9 2
56 344
1 8 2
318 390
1 11 2
58 382
1 8 2
340 184
1 14 2
358 141
1 11 2
157 395
1 12 2
453 484
1 7 2
371 58
1 15 2
441 366
1 7 2
322 217
1 2 2
447 371
1 6 2
315 346
1 14 2
380 438
1 14 2
109 279
1 7 2
187 360
1 6 2
257 38
1 13 2
44 446
1 5 2
498 251
1 9 2
23 26
1 8 2
252 473
1 2 2
182 94
1 10 2
376 212
1 11 2
315 240
1 9 2
70 273
1 15 2
157 269
1 2 2
25 410
1 15 2
48 165
1 10 2
177 78
1 5 2
285 74
1 3 2
40 114
1 2 2
73 142
1 13 2
206 422
1 13 2
26 335
1 10 2
125 347
1 9 2
306 322
1 8 2
391 370
1 8 2
64 379
1 7 2
41 10
1 11 2
445 307
1 5 2
121 406
1 14 2
423 216
1 15 2
90 270
1 11 2
16 124
1 11 2
427 486
1 13 2
309 448
1 12 2
66 352
1 14 2
167 15
1 11 2
431 381
1 2 2
465 391
1 5 2
321 261
1 12 2
134 222
1 13 2
498 161
1 12 2
338 257
1 15 2
325 287
1 8 2
74 352
1 10 2
218 56
1 11 2
312 401
1 14 2
66 498
1 5 2
350 150
1 14 2
294 79
1 11 2
57 260
1 13 2
276 396
1 3 2
316 262
1 11 2
298 476
1 7 2
280 17
1 15 2
319 29
1 7 2
226 297
1 14 2
118 48
1 14 2
499 397
1 9 2
70 36
1 9 2
335 58
1 13 2
42 104
1 12 2
36 234
1 7 2
10 441
1 10 2
437 332
1 9 2
446 224
1 14 2
330 335
1 14 2
62 470
1 6 2
101 224
1 15 2
292 441
1 15 2
208 484
1 7 2
264 394
1 11 2
456 50
1 8 2
321 113
1 9 2
216 389
1 12 2
388 476
1 5 2
369 68
1 10 2
255 424
1 5 2
192 281
1 4 2
150 259
1 12 2
440 402
1 6 2
296 103
1 8 2
388 157
1 7 2
96 201
1 9 2
321 373
1 9 2
276 494
1 8 2
494 403
1 10 2
128 393
1 5 2
202 137
1 8 2
488 447
1 11 2
301 145
1 15 2
282 175
1 15 2
483 363
1 12 2
41 203
1 14 2
130 94
1 15 2
150 107
1 14 2
266 7
1 2 2
292 336
1 9 2
313 409
1 5 2
158 152
1 15 2
398 31
1 2 2
273 102
1 14 2
8 228
1 12 2
314 364
1 14 2
2 207
1 10 2
316 442
1 13 2
111 435
1 15 2
421 326
1 12 2
80 283
1 14 2
95 46
1 12 2
259 151
1 6 2
351 183
1 13 2
468 178
1 2 2
449 23
1 3 2
478 145
1 10 2
337 224
1 7 2
121 359
1 8 2
259 247
1 12 2
8 163
1 8 2
147 298
1 9 2
348 46
1 7 2
122 50
1 4 2
145 38
1 2 2
289 381
1 9 2
290 70
1 10 2
187 127
1 6 2
465 412
1 8 2
214 312
1 3 2
257 85
1 5 2
232 187
1 12 2
241 338
1 4 2
247 273
1 2 2
438 9
1 4 2
167 89
1 13 2
116 416
1 5 2
416 0
1 3 2
327 463
1 13 2
95 291
1 5 2
483 64
1 12 2
59 256
1 6 2
386 471
1 10 2
312 357
1 2 2
273 378
1 7 2
146 351
1 11 2
352 276
1 4 2
360 290
1 11 2
459 391
1 14 2
227 447
1 15 2
155 391
1 9 2
185 345
1 7 2
40 171
1 8 2
45 10
1 10 2
231 149
1 10 2
401 362
1 9 2
318 375
1 6 2
174 192
1 13 2
233 339
1 11 2
218 185
1 2 2
393 366
1 12 2
251 183
1 10 2
210 305
1 3 2
75 79
1 5 2
436 19
1 12 2
379 423
1 13 2
415 272
1 4 2
96 474
1 13 2
289 357
1 5 2
242 381
1 13 2
84 151
1 13 2
488 240
1 9 2
130 300
1 2 2
446 345
1 6 2
242 168
1 2 2
29 447
1 10 2
200 280
1 6 2
387 465
1 3 2
266 33
1 2 2
58 476
1 7 2
304 340
1 8 2
423 425
1 2 2
182 425
1 10 2
345 90
1 2 2
158 250
1 9 2
381 84
1 2 2
35 46
1 12 2
285 371
1 2 2
252 336
1 8 2
407 177
1 3 2
227 268
1 5 2
336 251
1 11 2
484 202
1 9 2
250 347
1 10 2
407 365
1 3 2
105 16
1 13 2
13 406
1 6 2
411 227
1 13 2
371 7
1 3 2
424 44
1 5 2
79 23
1 14 2
315 320
1 3 2
66 29
1 12 2
110 397
1 7 2
202 1
1 6 2
28 477
1 11 2
471 266
1 12 2
94 53
1 3 2
306 247
1 2 2
404 207
1 7 2
250 392
1 13 2
380 258
1 14 2
131 210
1 11 2
453 98
1 2 2
278 218
1 6 2
467 317
1 3 2
330 216
1 5 2
397 222
1 15 2
226 496
1 4 2
235 9
1 9 2
165 128
1 5 2
73 236
1 13 2
378 346
1 13 2
80 280
1 7 2
467 269
1 2 2
162 310
1 5 2
22 48
1 2 2
6 236
1 14 2
160 398
1 9 2
48 112
1 4 2
233 371
1 11 2
46 442
1 5 2
79 441
1 3 2
88 68
1 15 2
5 358
1 4 2
246 68
1 5 2
28 121
1 6 2
164 438
1 2 2
465 398
1 10 2
427 141
1 3 2
478 131
1 6 2
268 457
1 11 2
301 177
1 11 2
465 272
1 4 2
210 133
1 11 2
449 478
1 14 2
123 309
1 15 2
376 328
1 2 2
59 274
1 5 2
437 149
1 12 2
487 349
1 14 2
172 420
1 15 2
340 268
1 3 2
140 44
1 2 2
258 189
1 2 2
122 279
1 15 2
134 152
1 12 2
136 206
1 6 2
69 151
1 4 2
265 326
1 11 2
10 31
1 5 2
426 274
1 13 2
249 242
1 15 2
239 31
1 9 2
491 455
1 11 2
315 275
1 3 2
167 453
1 5 2
407 404
1 4 2
469 386
1 6 2
459 106
1 15 2
388 11
1 12 2
138 482
1 12 2
327 476
1 6 2
202 169
1 12 2
304 320
1 10 2
372 214
1 12 2
458 71
1 10 2
6 466
1 2 2
388 279
1 4 2
203 280
1 7 2
370 352
1 14 2
262 84
1 9 2
87 16
1 7 2
498 322
1 13 2
459 91
1 9 2
256 386
1 12 2
146 113
1 7 2
432 477
1 15 2
126 297
1 6 2
299 207
1 7 2
393 444
1 6 2
237 304
1 9 2
364 470
1 9 2
421 191
1 7 2
131 260
1 12 2
243 168
1 15 2
2 43
1 5 2
194 223
1 13 2
29 300
1 9 2
130 475
1 2 2
61 307
1 6 2
127 494
1 7 2
133 348
1 9 2
153 286
1 11 2
137 343
1 7 2
54 293
1 13 2
493 194
1 15 2
140 19
1 13 2
338 367
1 6 2
128 213
1 13 2
18 283
1 10 2
80 356
1 11 2
63 485
1 8 2
57 378
1 5 2
425 128
1 15 2
119 397
1 10 2
459 236
1 8 2
492 178
1 9 2
407 156
1 8 2
328 388
1 5 2
32 448
1 10 2
331 247
1 11 2
322 210
1 14 2
467 321
1 12 2
152 195
1 4 2
401 390
1 6 2
255 154
1 12 2
363 409
1 9 2
340 209
1 6 2
163 68
1 3 2
54 436
1 14 2
323 324
1 15 2
166 183
1 7 2
303 342
1 15 2
114 235
1 2 2
399 96
1 14 2
207 211
1 3 2
332 320
1 14 2
300 97
1 11 2
141 269
1 2 2
19 41
1 11 2
373 249
1 11 2
410 300
1 2 2
492 61
1 4 2
453 39
1 10 2
150 176
1 10 2
86 306
1 8 2
378 452
1 9 2
312 74
1 7 2
309 463
1 6 2
119 285
1 12 2
478 416
1 3 2
303 416
1 2 2
218 30
1 14 2
365 7
1 3 2
266 86
1 15 2
51 407
1 6 2
496 80
1 11 2
362 218
1 14 2
444 218
1 5 2
348 137
1 5 2
329 255
1 4 2
209 93
1 8 2
318 191
1 9 2
447 465
1 8 2
306 237
1 5 2
387 278
1 2 2
365 384
1 13 2
465 439
1 2 2
47 427
1 8 2
166 249
1 2 2
282 331
1 2 2
316 195
1 2 2
250 401
1 14 2
400 16
1 11 2
42 51
1 8 2
436 336
1 4 2
390 350
1 14 2
310 33
1 13 2
166 462
1 12 2
130 463
1 15 2
171 341
1 2 2
191 345
1 3 2
132 338
1 13 2
402 298
1 15 2
114 35
1 3 2
322 434
1 3 2
261 400
1 10 2
270 425
1 6 2
58 383
1 14 2
234 158
1 8 2
265 31
1 11 2
283 208
1 5 2
209 490
1 5 2
286 411
1 4 2
41 24
1 14 2
367 11
1 10 2
389 147
1 5 2
401 308
1 11 2
313 263
1 12 2
294 284
1 12 2
309 217
1 12 2
175 320
1 9 2
166 196
1 7 2
490 399
1 4 2
475 270
1 8 2
438 422
1 3 2
0 452
1 4 2
91 463
1 7 2
199 135
1 7 2
446 120
1 11 2
475 76
1 2 2
131 17
1 11 2
282 330
1 9 2
407 294
1 14 2
49 36
1 5 2
313 405
1 11 2
395 267
1 12 2
210 282
1 8 2
496 451
1 9 2
103 326
1 11 2
99 178
1 2 2
217 127
1 15 2
446 242
1 12 2
298 314
1 8 2
49 442
1 2 2
459 329
1 6 2
200 333
1 12 2
33 220
1 4 2
340 118
1 7 2
380 462
1 15 2
100 103
1 9 2
383 351
1 13 2
260 304
1 13 2
301 434
1 9 2
132 165
1 3 2
375 59
1 9 2
149 106
1 11 2
19 421
1 14 2
288 143
1 11 2
301 465
1 6 2
155 352
1 14 2
307 87
1 14 2
175 63
1 8 2
272 48
1 12 2
91 205
1 13 2
35 349
1 7 2
292 17
1 6 2
36 79
1 6 2
486 70
1 13 2
352 463
1 8 2
26 259
1 4 2
326 146
1 12 2
139 436
1 11 2
492 371
1 8 2
3 75
1 3 2
119 451
1 13 2
230 303
1 4 2
371 492
1 11 2
383 337
1 7 2
38 274
1 4 2
136 297
1 13 2
286 137
1 12 2
442 145
1 3 2
224 362
1 14 2
326 358
1 2 2
426 245
1 3 2
121 166
1 15 2
24 345
1 3 2
328 393
1 15 2
206 95
1 13 2
377 370
1 10 2
332 212
1 10 2
291 159
1 5 2
418 165
1 4 2
265 126
1 12 2
253 351
1 5 2
417 185
1 7 2
88 202
1 15 2
127 215
1 9 2
7 263
1 5 2
24 109
1 12 2
55 33
1 12 2
44 192
1 12 2
134 395
1 9 2
343 173
1 6 2
460 75
1 15 2
380 86
1 8 2
166 330
1 12 2
191 89
1 4 2
76 465
1 7 2
154 282
1 4 2
375 448
1 7 2
425 292
1 6 2
66 433
1 3 2
239 47
1 13 2
237 439
1 5 2
373 458
1 5 2
150 166
1 5 2
256 50
1 10 2
174 467
1 4 2
368 402
1 10 2
379 467
1 3 2
216 258
1 4 2
199 255
1 7 2
385 168
1 7 2
196 59
1 7 2
71 452
1 7 2
146 332
1 10 2
477 51
1 3 2
117 338
1 5 2
416 55
1 13 2
25 42
1 2 2
367 296
1 10 2
250 471
1 14 2
130 95
1 13 2
442 85
1 10 2
299 445
1 11 2
488 399
1 8 2
371 416
1 3 2
219 167
1 8 2
82 106
1 11 2
409 491
1 4 2
198 85
1 15 2
404 339
1 9 2
190 85
1 14 2
9 342
1 8 2
255 463
1 8 2
333 437
1 3 2
381 223
1 8 2
304 148
1 15 2
321 97
1 10 2
150 425
1 5 2
241 372
1 9 2
383 197
1 11 2
341 464
1 9 2
283 89
1 2 2
354 43
1 11 2
66 26
1 6 2
273 173
1 13 2
129 337
1 7 2
134 430
1 15 2
234 1
1 9 2
317 15
1 10 2
50 255
1 8 2
444 264
1 13 2
21 29
1 12 2
106 489
1 6 2
277 70
1 11 2
243 388
1 13 2
346 50
1 5 2
51 118
1 4 2
38 223
1 12 2
83 447
1 13 2
281 459
1 6 2
328 55
1 2 2
68 480
1 4 2
184 320
1 5 2
450 44
1 14 2
217 171
1 2 2
206 279
1 7 2
441 361
1 11 2
194 483
1 15 2
426 37
1 12 2
280 382
1 15 2
44 355
1 9 2
306 158
1 14 2
261 473
1 5 2
146 373
1 13 2
88 155
1 12 2
153 361
1 2 2
121 204
1 6 2
275 391
1 12 2
483 390
1 2 2
5 111
1 13 2
28 372
1 9 2
201 15
1 8 2
78 477
1 2 2
121 82
1 12 2
379 102
1 5 2
18 453
1 15 2
1 320
1 6 2
368 386
1 8 2
369 484
1 15 2
400 113
1 8 2
23 463
1 12 2
306 493
1 13 2
31 472
1 9 2
94 416
1 12 2
72 61
1 10 2
331 109
1 9 2
185 458
1 14 2
406 78
1 2 2
406 421
1 11 2
1 272
1 3 2
458 191
1 6 2
426 349
1 8 2
402 451
1 14 2
457 295
1 11 2
337 74
1 9 2
62 330
1 15 2
115 145
1 13 2
149 156
1 12 2
455 92
1 12 2
123 176
1 4 2
395 122
1 6 2
4 192
1 5 2
349 88
1 10 2
309 63
1 15 2
495 163
1 2 2
343 153
1 9 2
453 466
1 9 2
126 368
1 9 2
477 96
1 13 2
189 422
1 7 2
263 2
1 9 2
244 265
1 10 2
319 304
1 6 2
84 358
1 10 2
367 203
1 10 2
197 124
1 8 2
388 322
1 11 2
470 183
1 3 2
437 318
1 6 2
111 268
1 6 2
39 23
1 14 2
440 127
1 4 2
466 426
1 5 2
443 247
1 11 2
17 474
1 14 2
140 36
1 15 2
13 53
1 5 2
135 491
1 4 2
186 410
1 8 2
7 323
1 10 2
481 77
1 10 2
396 143
1 10 2
49 164
1 4 2
111 189
1 11 2
461 107
1 3 2
245 38
1 10 2
251 5
1 6 2
60 248
1 13 2
241 244
1 9 2
315 147
1 8 2
454 110
1 9 2
260 55
1 4 2
98 35
1 9 2
261 225
1 7 2
72 126
1 9 2
40 225
1 10 2
75 485
1 6 2
357 68
1 13 2
318 22
1 14 2
48 117
1 11 2
217 234
1 10 2
466 488
1 2 2
198 195
1 8 2
39 351
1 5 2
148 197
1 13 2
233 485
1 6 2
270 43
1 4 2
116 484
1 12 2
173 33
1 2 2
271 50
1 9 2
305 254
1 6 2
494 69
1 13 2
240 384
1 13 2
394 461
1 9 2
74 93
1 10 2
487 117
1 8 2
421 34
1 3 2
292 299
1 9 2
299 32
1 10 2
102 271
1 14 2
90 136
1 10 2
300 162
1 9 2
151 226
1 4 2
1 433
1 12 2
172 286
1 12 2
159 12
1 2 2
176 453
1 3 2
169 234
1 12 2
21 278
1 14 2
221 28
1 14 2
208 234
1 7 2
238 426
1 3 2
232 163
1 11 2
430 269
1 11 2
264 319
1 5 2
131 62
1 8 2
193 134
1 15 2
103 215
1 13 2
287 87
1 15 2
57 460
1 3 2
282 456
1 5 2
393 57
1 11 2
45 97
1 8 2
120 342
1 12 2
482 323
1 8 2
374 414
1 7 2
70 42
1 4 2
228 71
1 3 2
302 416
1 12 2
465 20
1 10 2
17 208
1 10 2
329 327
1 4 2
498 468
1 8 2
182 357
1 10 2
168 429
1 10 2
42 242
1 10 2
356 251
1 15 2
347 165
1 14 2
371 124
1 15 2
481 450
1 4 2
6 119
1 13 2
370 132
1 12 2
440 288
1 13 2
40 172
1 11 2
29 34
1 13 2
307 325
1 2 2
240 169
1 10 2
213 140
1 4 2
430 175
1 9 2
350 249
1 14 2
218 39
1 8 2
363 165
1 14 2
159 347
1 3 2
38 403
1 7 2
40 9
1 4 2
76 488
1 14 2
115 208
1 3 2
344 469
1 4 2
452 215
1 13 2
352 98
1 4 2
202 84
1 4 2
303 432
1 3 2
308 399
1 15 2
336 266
1 13 2
225 365
1 10 2
470 103
1 13 2
296 362
1 7 2
343 481
1 13 2
267 494
1 10 2
278 289
1 3 2
336 152
1 8 2
295 134
1 8 2
255 19
1 12 2
409 167
1 7 2
297 353
1 15 2
402 189
1 14 2
155 377
1 3 2
35 153
1 8 2
187 196
1 10 2
69 367
1 4 2
426 12
1 4 2
278 120
1 10 2
211 214
1 3 2
234 411
1 10 2
316 86
1 12 2
26 396
1 10 2
459 25
1 11 2
387 336
1 3 2
399 115
1 3 2
449 251
1 2 2
332 439
1 4 2
207 333
1 11 2
147 425
1 10 2
493 89
1 7 2
230 494
1 6 2
442 416
1 9 2
434 368
1 9 2
399 248
1 12 2
22 137
1 13 2
53 476
1 10 2
343 344
1 7 2
133 352
1 2 2
399 433
1 8 2
47 386
1 12 2
315 158
1 6 2
472 122
1 13 2
123 388
1 2 2
189 94
1 2 2
337 45
1 6 2
229 309
1 8 2
283 495
1 15 2
141 225
1 6 2
131 149
1 13 2
78 131
1 7 2
146 394
1 9 2
387 478
1 8 2
375 319
1 7 2
176 111
1 14 2
347 199
1 4 2
49 81
1 6 2
374 37
1 15 2
412 459
1 7 2
89 101
1 9 2
216 400
1 7 2
413 397
1 5 2
240 61
1 11 2
13 160
1 6 2
24 390
1 7 2
39 91
1 5 2
127 28
1 9 2
375 119
1 11 2
364 391
1 6 2
158 456
1 7 2
121 258
1 4 2
288 15
1 6 2
453 11
1 3 2
284 431
1 14 2
90 316
1 6 2
474 301
1 3 2
451 495
1 11 2
411 39
1 5 2
132 377
1 2 2
169 456
1 13 2
104 264
1 4 2
198 429
1 9 2
325 39
1 9 2
413 171
1 3 2
12 6
1 9 2
117 67
1 2 2
133 89
1 11 2
259 303
1 15 2
334 130
1 3 2
128 476
1 9 2
93 55
1 15 2
450 160
1 3 2
226 282
1 7 2
418 131
1 4 2
69 486
1 10 2
459 370
1 4 2
453 182
1 5 2
380 360
1 5 2
450 222
1 5 2
93 149
1 10 2
463 174
1 12 2
98 383
1 5 2
31 204
1 12 2
16 37
1 15 2
191 227
1 11 2
475 316
1 7 2
343 439
1 7 2
496 84
1 4 2
209 41
1 14 2
247 99
1 10 2
343 465
1 26 2
28 65
1 22 2
157 3
1 4 2
252 363
1 8 2
478 127
1 4 2
319 11
1 24 2
399 427
1 10 2
136 226
1 8 2
50 499
1 30 2
385 283
1 30 2
482 85
1 18 2
100 151
1 28 2
38 328
1 20 2
484 96
1 22 2
499 206
1 30 2
312 330
