500 2980 1500
11 20 6 18 14 25 24 6 17 9 10 19 13 17 9 15 7 14 12 10 14 17 7 18 23 10 5 6 14 8 12 12 24 25 15 7 6 25 17 20 16 24 20 18 12 9 5 5 7 15 11 10 16 17 11 7 7 16 24 20 20 15 20 23 15 14 5 23 15 23 19 23 11 15 13 12 24 6 13 20 14 23 6 18 18 10 7 8 23 8 13 17 16 19 22 17 25 22 8 5 21 17 17 24 6 23 22 7 20 6 6 9 10 12 23 8 16 13 23 20 20 13 15 17 9 8 23 5 18 8 10 23 13 23 15 21 14 25 16 10 25 10 20 18 13 5 12 20 24 15 13 25 23 15 6 23 20 22 6 20 22 14 14 15 19 14 5 9 17 9 6 15 22 12 22 6 8 6 12 19 11 9 25 6 25 8 7 5 16 24 11 16 6 25 12 9 19 21 20 13 6 20 11 8 12 21 9 10 10 9 24 18 14 11 17 7 21 23 19 22 17 11 25 18 13 13 8 5 9 16 5 14 8 19 20 10 23 9 17 11 10 10 25 6 22 15 14 23 20 11 6 5 21 19 10 16 20 6 22 23 19 10 6 22 19 15 8 8 22 17 10 16 20 13 12 12 23 14 9 6 8 19 19 6 21 22 22 23 5 22 19 20 24 5 18 14 8 7 25 18 18 24 18 18 7 7 20 19 8 10 11 15 14 20 24 12 23 10 11 12 22 7 14 23 19 15 18 21 13 6 11 20 9 18 20 9 14 11 6 20 16 18 18 20 18 19 15 16 20 13 6 21 17 22 21 19 18 21 15 21 24 17 16 19 6 25 14 15 15 25 21 8 20 15 7 20 17 18 8 24 13 23 5 7 13 13 18 7 22 18 25 16 6 9 10 22 15 21 6 23 14 5 11 25 17 13 15 5 13 11 19 14 19 6 10 11 15 8 7 25 22 21 24 24 15 16 7 7 23 17 24 13 5 20 19 23 11 19 18 13 11 23 20 16 15 20 23 17 9 14 18 10 21 22 15 16 8 6 20 25 25 19 8 17 14 7 14 16 21 6 15 20 25 6 18 12 12 22 12 16 23 13 20 11 14 25 14 15 7 8 23 23 18 8 10 19 18 13 7 17
3 3 20 3 3 18 9 12 10 10 19 4 12 8 17 13 9 4 15 16 20 3 12 12 9 17 8 9 18 6 11 16 17 7 5 9 18 14 7 19 13 12 4 7 8 20 16 19 7 12 16 19 6 17 7 5 8 20 5 14 14 20 13 4 4 19 12 16 16 6 20 7 9 17 15 5 13 16 8 11 20 5 6 13 12 9 11 18 18 3 13 12 20 7 3 20 14 13 5 13 12 10 13 18 10 8 17 5 12 8 14 15 14 12 13 15 4 18 11 16 7 5 7 8 6 7 5 14 7 20 15 11 9 15 16 16 20 11 17 4 19 16 19 17 4 16 12 6 6 11 8 14 12 15 12 17 20 16 18 7 7 6 4 20 8 10 17 20 6 20 8 19 16 5 13 19 5 12 13 3 18 16 12 5 13 4 3 13 3 4 10 20 10 12 11 12 8 4 14 10 14 8 5 15 3 20 16 15 8 16 19 19 5 19 14 10 8 9 19 19 15 16 17 8 16 9 5 5 7 15 13 3 10 4 15 16 15 14 6 5 7 11 13 15 12 8 5 6 9 17 7 18 4 18 10 11 4 3 6 20 9 17 15 19 12 10 5 12 11 3 20 8 6 19 8 19 10 4 9 20 13 14 4 20 8 3 8 12 15 18 4 17 16 16 11 12 17 6 9 18 18 10 20 12 3 18 15 13 9 13 12 5 7 11 8 20 4 4 17 16 12 9 7 16 20 6 16 16 8 19 7 5 17 10 4 20 3 14 5 20 15 3 14 12 5 11 8 18 9 16 9 19 7 10 16 11 6 19 15 6 19 7 9 11 20 6 11 11 19 16 6 20 13 6 5 7 4 3 18 17 8 14 11 8 19 19 11 4 3 17 7 8 13 7 17 5 17 12 19 8 14 16 4 6 9 4 5 14 14 13 12 3 8 9 11 13 15 5 10 4 17 4 19 8 13 8 19 7 13 5 8 11 6 13 5 11 8 9 11 18 16 5 11 9 10 5 8 15 13 5 12 8 3 18 8 11 5 13 19 8 4 12 10 11 20 17 7 13 16 6 15 16 15 20 7 5 12 9 16 12 12 7 20 3 11 19 4 4 3 6 10 15 20 9 10 3 5 12 10 14
1 2 2
439 290
1 9 2
366 272
1 14 2
177 391
1 13 2
98 312
1 6 2
75 474
1 9 2
236 342
1 11 2
386 102
1 7 2
343 70
1 11 2
181 177
1 13 2
450 155
1 15 2
260 458
1 4 2
64 341
1 5 2
199 409
1 9 2
359 36
1 8 2
2 152
1 4 2
352 213
1 5 2
367 162
1 4 2
37 196
1 11 2
246 445
1 11 2
366 324
1 13 2
327 211
1 10 2
312 19
1 11 2
399 103
1 9 2
306 249
1 8 2
183 272
1 3 2
26 89
1 14 2
144 347
1 6 2
290 67
1 7 2
387 33
1 10 2
364 343
1 4 2
332 275
1 2 2
367 194
1 15 2
439 377
1 2 2
34 33
1 3 2
212 4
1 4 2
455 140
1 11 2
466 226
1 10 2
407 453
1 13 2
400 64
1 10 2
317 0
1 13 2
24 355
1 14 2
194 118
1 3 2
307 203
1 15 2
166 415
1 14 2
329 388
1 9 2
176 79
1 7 2
199 289
1 11 2
376 336
1 4 2
350 131
1 9 2
163 211
1 2 2
412 73
1 3 2
31 25
1 14 2
134 159
1 10 2
163 356
1 4 2
21 24
1 5 2
423 446
1 8 2
489 127
1 12 2
395 484
1 4 2
492 204
1 9 2
480 198
1 15 2
481 400
1 10 2
286 262
1 5 2
48 368
1 11 2
22 255
1 9 2
183 402
1 12 2
270 416
1 10 2
196 388
1 13 2
106 2
1 12 2
394 452
1 8 2
468 433
1 5 2
84 250
1 8 2
461 405
1 10 2
415 230
1 8 2
33 12
1 7 2
303 297
1 9 2
389 234
1 9 2
231 427
1 3 2
160 87
1 11 2
305 111
1 3 2
31 35
1 2 2
114 354
1 4 2
197 123
1 12 2
381 194
1 5 2
428 179
1 4 2
59 46
1 11 2
17 383
1 12 2
406 170
1 11 2
48 249
1 2 2
48 169
1 2 2
418 353
1 6 2
282 10
1 10 2
453 158
1 14 2
107 409
1 8 2
70 453
1 10 2
154 461
1 11 2
144 73
1 13 2
146 338
1 13 2
10 92
1 2 2
283 55
1 3 2
241 354
1 2 2
399 276
1 11 2
325 450
1 13 2
1 168
1 10 2
316 197
1 13 2
168 412
1 6 2
339 218
1 8 2
71 241
1 12 2
402 194
1 7 2
34 181
1 13 2
457 359
1 5 2
133 414
1 14 2
398 429
1 11 2
308 74
1 6 2
114 97
1 7 2
197 262
1 9 2
401 474
1 4 2
317 487
1 14 2
11 76
1 4 2
221 337
1 10 2
116 474
1 4 2
398 374
1 12 2
338 362
1 9 2
97 112
1 12 2
410 336
1 12 2
224 495
1 2 2
108 454
1 14 2
276 447
1 5 2
440 201
1 12 2
117 234
1 3 2
5 125
1 7 2
74 394
1 6 2
254 170
1 6 2
172 431
1 9 2
268 167
1 13 2
87 462
1 10 2
495 153
1 4 2
1 433
1 5 2
282 491
1 7 2
48 104
1 8 2
192 32
1 10 2
323 237
1 14 2
291 143
1 3 2
276 144
1 15 2
113 335
1 15 2
44 285
1 12 2
214 354
1 5 2
290 47
1 13 2
42 276
1 12 2
475 439
1 6 2
173 438
1 10 2
357 419
1 15 2
358 434
1 10 2
185 60
1 13 2
120 117
1 4 2
170 333
1 12 2
474 61
1 9 2
97 50
1 5 2
430 369
1 4 2
104 488
1 9 2
360 106
1 6 2
244 115
1 9 2
410 189
1 11 2
383 373
1 2 2
372 422
1 14 2
466 213
1 2 2
44 171
1 4 2
321 405
1 11 2
229 32
1 6 2
105 8
1 5 2
145 92
1 6 2
127 335
1 14 2
305 485
1 3 2
367 335
1 10 2
263 24
1 2 2
150 437
1 9 2
412 110
1 7 2
204 457
1 7 2
147 247
1 5 2
222 293
1 8 2
393 279
1 10 2
82 255
1 10 2
253 143
1 9 2
279 28
1 4 2
249 127
1 14 2
477 53
1 7 2
131 93
1 8 2
5 87
1 14 2
195 250
1 2 2
151 342
1 12 2
26 392
1 13 2
131 316
1 9 2
23 237
1 7 2
448 16
1 3 2
441 279
1 8 2
458 352
1 14 2
203 324
1 10 2
272 494
1 9 2
83 484
1 2 2
194 409
1 14 2
235 461
1 8 2
240 29
1 10 2
246 19
1 3 2
368 149
1 13 2
317 140
1 10 2
480 302
1 11 2
450 270
1 15 2
119 376
1 14 2
152 184
1 15 2
135 229
1 12 2
211 215
1 13 2
322 11
1 9 2
205 212
1 4 2
32 274
1 4 2
79 473
1 6 2
462 107
1 15 2
496 471
1 15 2
88 301
1 6 2
34 495
1 15 2
57 5
1 11 2
484 479
1 11 2
324 216
1 12 2
12 267
1 15 2
436 187
1 6 2
68 280
1 9 2
16 31
1 14 2
176 339
1 8 2
241 335
1 10 2
12 463
1 14 2
320 124
1 13 2
180 205
1 15 2
297 238
1 12 2
41 112
1 12 2
305 223
1 11 2
488 109
1 15 2
193 410
1 14 2
257 495
1 9 2
471 212
1 13 2
129 483
1 14 2
18 139
1 15 2
262 177
1 5 2
60 96
1 9 2
355 465
1 8 2
225 459
1 7 2
39 456
1 11 2
14 95
1 2 2
24 388
1 4 2
304 97
1 9 2
56 150
1 4 2
210 149
1 11 2
86 315
1 9 2
449 113
1 15 2
257 371
1 11 2
344 154
1 3 2
490 178
1 13 2
276 437
1 12 2
280 397
1 14 2
371 117
1 11 2
397 452
1 9 2
290 113
1 2 2
249 183
1 13 2
357 218
1 7 2
68 444
1 10 2
254 8
1 12 2
21 110
1 14 2
148 286
1 10 2
394 172
1 6 2
107 384
1 8 2
93 24
1 6 2
343 226
1 9 2
438 480
1 3 2
103 98
1 9 2
178 378
1 11 2
170 395
1 13 2
338 355
1 15 2
164 329
1 8 2
91 336
1 3 2
37 147
1 9 2
385 5
1 9 2
479 153
1 5 2
424 406
1 12 2
290 153
1 8 2
279 169
1 9 2
177 96
1 4 2
103 79
1 10 2
98 333
1 6 2
415 89
1 10 2
416 37
1 14 2
176 72
1 9 2
463 470
1 11 2
106 292
1 3 2
320 198
1 11 2
332 339
1 11 2
446 302
1 4 2
253 464
1 9 2
376 170
1 13 2
485 16
1 3 2
75 231
1 15 2
38 137
1 10 2
35 458
1 14 2
120 27
1 14 2
307 399
1 12 2
63 348
1 11 2
23 101
1 2 2
443 150
1 15 2
184 316
1 15 2
360 231
1 6 2
217 321
1 11 2
203 189
1 6 2
413 235
1 5 2
23 377
1 8 2
174 188
1 10 2
470 146
1 5 2
359 492
1 14 2
244 74
1 3 2
369 254
1 5 2
150 21
1 6 2
201 65
1 4 2
275 111
1 8 2
254 367
1 13 2
418 3
1 8 2
481 252
1 13 2
202 304
1 12 2
450 170
1 5 2
222 224
1 13 2
373 329
1 13 2
71 404
1 9 2
470 30
1 3 2
459 364
1 10 2
301 297
1 10 2
146 84
1 7 2
58 185
1 12 2
5 233
1 2 2
26 386
1 6 2
470 415
1 6 2
418 23
1 8 2
21 446
1 13 2
97 364
1 11 2
24 115
1 7 2
330 175
1 15 2
292 162
1 12 2
57 303
1 4 2
251 117
1 3 2
389 396
1 15 2
12 38
1 11 2
439 236
1 14 2
119 12
1 8 2
133 390
1 12 2
37 100
1 3 2
332 277
1 7 2
278 449
1 15 2
312 375
1 8 2
399 104
1 7 2
381 258
1 13 2
114 42
1 15 2
285 353
1 11 2
217 335
1 14 2
332 244
1 14 2
322 19
1 6 2
185 453
1 11 2
262 88
1 2 2
252 271
1 7 2
446 475
1 15 2
399 401
1 6 2
286 159
1 5 2
212 476
1 6 2
340 299
1 3 2
393 437
1 7 2
196 413
1 13 2
278 151
1 13 2
29 182
1 12 2
171 61
1 15 2
286 220
1 13 2
417 283
1 13 2
268 488
1 14 2
265 376
1 14 2
384 304
1 13 2
205 219
1 15 2
469 82
1 15 2
313 210
1 8 2
89 386
1 4 2
225 440
1 2 2
106 456
1 9 2
42 328
1 7 2
71 341
1 9 2
311 99
1 13 2
173 213
1 3 2
291 120
1 15 2
336 251
1 5 2
163 367
1 14 2
5 410
1 2 2
209 495
1 9 2
317 427
1 13 2
218 106
1 15 2
352 407
1 12 2
205 142
1 2 2
106 79
1 15 2
99 204
1 13 2
363 168
1 14 2
114 468
1 15 2
307 160
1 3 2
314 281
1 5 2
470 240
1 10 2
379 491
1 9 2
314 467
1 9 2
256 275
1 11 2
475 270
1 5 2
86 397
1 11 2
281 144
1 7 2
466 257
1 7 2
45 483
1 9 2
388 59
1 2 2
102 343
1 2 2
226 253
1 15 2
181 447
1 7 2
482 288
1 14 2
392 335
1 15 2
126 421
1 4 2
439 474
1 6 2
172 103
1 10 2
272 330
1 12 2
384 51
1 8 2
136 390
1 14 2
453 411
1 3 2
164 64
1 11 2
231 122
1 9 2
287 221
1 13 2
383 240
1 5 2
166 321
1 7 2
272 424
1 9 2
81 464
1 12 2
160 454
1 13 2
464 381
1 7 2
328 207
1 10 2
366 149
1 8 2
54 72
1 10 2
21 299
1 2 2
486 299
1 11 2
169 257
1 5 2
70 383
1 5 2
167 183
1 15 2
81 56
1 7 2
494 236
1 11 2
361 157
1 2 2
32 176
1 13 2
1 131
1 11 2
401 107
1 7 2
80 480
1 13 2
222 153
1 6 2
241 252
1 3 2
228 273
1 10 2
488 11
1 10 2
187 441
1 9 2
78 421
1 13 2
353 490
1 4 2
360 217
1 10 2
82 311
1 6 2
415 107
1 11 2
489 333
1 8 2
352 16
1 5 2
441 414
1 3 2
256 87
1 10 2
329 117
1 3 2
270 123
1 2 2
235 16
1 4 2
328 281
1 11 2
446 491
1 6 2
30 321
1 9 2
411 306
1 4 2
133 169
1 6 2
410 322
1 12 2
493 188
1 13 2
422 270
1 15 2
183 122
1 5 2
136 332
1 2 2
150 476
1 10 2
414 254
1 15 2
31 403
1 12 2
306 42
1 15 2
210 420
1 2 2
174 301
1 10 2
427 174
1 5 2
402 87
1 15 2
32 415
1 5 2
154 9
1 6 2
35 467
1 8 2
230 333
1 7 2
6 94
1 12 2
355 87
1 8 2
444 479
1 5 2
406 190
1 5 2
423 373
1 5 2
393 165
1 8 2
468 270
1 3 2
148 285
1 3 2
328 62
1 6 2
396 196
1 6 2
409 55
1 6 2
314 4
1 3 2
71 466
1 2 2
181 38
1 4 2
234 23
1 8 2
356 335
1 9 2
244 466
1 11 2
126 220
1 2 2
484 29
1 8 2
434 189
1 13 2
147 365
1 13 2
316 480
1 3 2
61 5
1 13 2
39 402
1 9 2
209 436
1 11 2
267 254
1 2 2
441 340
1 8 2
477 301
1 12 2
420 456
1 7 2
7 144
1 11 2
162 459
1 10 2
375 320
1 12 2
27 32
1 7 2
4 402
1 4 2
414 390
1 5 2
265 70
1 6 2
79 189
1 13 2
56 434
1 11 2
411 135
1 4 2
336 402
1 11 2
156 266
1 2 2
62 174
1 3 2
468 334
1 8 2
270 180
1 14 2
83 12
1 10 2
144 81
1 10 2
152 31
1 3 2
66 25
1 14 2
343 117
1 11 2
118 108
1 7 2
272 121
1 6 2
3 376
1 12 2
181 245
1 10 2
408 328
1 4 2
280 428
1 11 2
328 178
1 11 2
55 352
1 4 2
196 423
1 15 2
432 321
1 5 2
117 39
1 3 2
105 464
1 10 2
50 286
1 11 2
298 170
1 5 2
278 432
1 11 2
121 168
1 8 2
237 128
1 10 2
178 107
1 12 2
348 368
1 15 2
196 478
1 4 2
279 436
1 11 2
185 357
1 13 2
386 377
1 11 2
114 88
1 3 2
452 493
1 3 2
110 105
1 3 2
99 284
1 2 2
221 160
1 14 2
465 418
1 15 2
292 230
1 4 2
84 488
1 2 2
272 285
1 10 2
404 157
1 13 2
347 277
1 4 2
224 2
1 12 2
115 209
1 6 2
301 353
1 11 2
1 173
1 4 2
54 332
1 9 2
246 367
1 10 2
159 466
1 13 2
183 244
1 2 2
181 464
1 8 2
286 229
1 14 2
463 122
1 6 2
37 281
1 15 2
183 380
1 7 2
488 468
1 13 2
388 434
1 11 2
260 87
1 11 2
336 86
1 15 2
438 410
1 6 2
441 184
1 6 2
402 232
1 9 2
196 75
1 13 2
6 17
1 15 2
6 124
1 9 2
419 297
1 3 2
343 317
1 3 2
349 450
1 15 2
302 173
1 3 2
250 128
1 14 2
247 381
1 10 2
381 76
1 3 2
287 490
1 7 2
116 148
1 11 2
485 375
1 14 2
207 470
1 9 2
4 265
1 14 2
366 154
1 7 2
257 319
1 9 2
290 162
1 5 2
278 96
1 4 2
0 86
1 15 2
477 234
1 14 2
262 290
1 9 2
292 63
1 15 2
427 250
1 6 2
490 293
1 12 2
338 429
1 13 2
243 108
1 6 2
124 264
1 14 2
136 14
1 10 2
263 380
1 9 2
31 357
1 6 2
428 194
1 2 2
178 139
1 13 2
485 493
1 3 2
261 340
1 8 2
111 5
1 9 2
385 14
1 5 2
181 422
1 9 2
380 313
1 13 2
265 187
1 15 2
345 269
1 3 2
288 152
1 6 2
180 227
1 12 2
2 184
1 4 2
380 72
1 8 2
111 259
1 6 2
240 209
1 15 2
235 205
1 9 2
62 296
1 4 2
433 409
1 12 2
312 157
1 6 2
50 374
1 11 2
436 151
1 9 2
22 422
1 4 2
352 117
1 7 2
427 411
1 6 2
247 248
1 15 2
277 66
1 11 2
277 372
1 4 2
326 12
1 6 2
104 373
1 13 2
382 448
1 10 2
313 241
1 9 2
65 171
1 2 2
190 216
1 4 2
438 150
1 10 2
28 74
1 14 2
141 182
1 6 2
164 209
1 12 2
244 86
1 5 2
433 257
1 7 2
347 165
1 13 2
394 185
1 5 2
152 448
1 6 2
77 85
1 14 2
288 317
1 2 2
138 445
1 10 2
116 382
1 3 2
321 456
1 13 2
81 130
1 3 2
303 289
1 10 2
79 434
1 4 2
300 222
1 6 2
353 208
1 2 2
248 424
1 5 2
472 492
1 7 2
329 244
1 9 2
429 352
1 14 2
412 116
1 11 2
408 72
1 10 2
223 62
1 14 2
200 95
1 4 2
239 314
1 7 2
232 137
1 12 2
69 410
1 6 2
106 330
1 8 2
361 227
1 13 2
483 92
1 7 2
411 37
1 15 2
96 320
1 4 2
161 155
1 3 2
196 377
1 7 2
174 151
1 11 2
306 483
1 13 2
121 203
1 9 2
264 98
1 8 2
77 9
1 9 2
57 419
1 15 2
359 10
1 2 2
103 43
1 14 2
51 397
1 13 2
250 441
1 2 2
428 5
1 12 2
18 454
1 15 2
112 165
1 2 2
196 193
1 11 2
127 290
1 13 2
396 62
1 5 2
22 30
1 6 2
17 372
1 11 2
271 296
1 14 2
35 230
1 14 2
107 142
1 8 2
236 401
1 7 2
54 374
1 5 2
341 72
1 7 2
79 445
1 5 2
283 92
1 13 2
96 3
1 9 2
458 124
1 8 2
86 42
1 11 2
223 143
1 12 2
135 473
1 2 2
240 86
1 10 2
12 97
1 4 2
366 46
1 14 2
445 292
1 12 2
499 328
1 3 2
38 326
1 2 2
316 203
1 13 2
433 243
1 8 2
23 256
1 12 2
473 435
1 10 2
189 384
1 11 2
288 281
1 5 2
155 35
1 9 2
25 292
1 5 2
22 76
1 4 2
447 472
1 4 2
171 46
1 8 2
441 471
1 5 2
386 3
1 8 2
287 155
1 13 2
341 271
1 10 2
462 35
1 13 2
47 183
1 7 2
61 74
1 8 2
188 298
1 11 2
203 493
1 12 2
225 25
1 12 2
283 163
1 15 2
264 146
1 5 2
493 81
1 3 2
308 173
1 13 2
307 244
1 4 2
369 244
1 4 2
310 35
1 5 2
158 21
1 10 2
327 206
1 5 2
265 112
1 15 2
226 179
1 11 2
435 403
1 10 2
144 467
1 3 2
97 414
1 9 2
315 380
1 6 2
389 430
1 15 2
236 467
1 8 2
206 347
1 9 2
129 184
1 6 2
308 72
1 14 2
59 274
1 4 2
382 24
1 5 2
460 315
1 7 2
406 449
1 10 2
146 310
1 14 2
468 98
1 10 2
402 43
1 4 2
200 277
1 3 2
146 467
1 9 2
382 370
1 15 2
130 116
1 10 2
63 481
1 13 2
127 488
1 11 2
324 326
1 14 2
123 324
1 2 2
72 89
1 15 2
459 454
1 10 2
213 288
1 5 2
265 435
1 11 2
197 291
1 3 2
222 213
1 8 2
220 486
1 4 2
87 337
1 13 2
385 413
1 3 2
109 124
1 9 2
10 323
1 9 2
189 291
1 6 2
188 69
1 10 2
460 448
1 7 2
337 67
1 13 2
241 76
1 4 2
456 121
1 3 2
499 18
1 9 2
280 381
1 15 2
453 349
1 7 2
280 202
1 5 2
144 241
1 2 2
452 136
1 3 2
378 427
1 11 2
473 28
1 7 2
344 107
1 5 2
7 78
1 3 2
63 212
1 12 2
63 343
1 12 2
444 139
1 14 2
218 71
1 2 2
188 163
1 14 2
260 189
1 5 2
83 312
1 6 2
408 133
1 2 2
363 42
1 5 2
407 400
1 15 2
302 291
1 5 2
109 411
1 2 2
320 50
1 13 2
73 173
1 12 2
358 196
1 4 2
181 402
1 13 2
13 244
1 7 2
45 193
1 12 2
142 476
1 4 2
308 459
1 3 2
407 160
1 10 2
438 193
1 10 2
276 78
1 9 2
211 210
1 9 2
218 264
1 5 2
286 186
1 9 2
140 86
1 12 2
115 168
1 6 2
405 177
1 2 2
140 19
1 6 2
108 109
1 13 2
50 103
1 3 2
269 196
1 11 2
186 39
1 5 2
238 351
1 2 2
316 36
1 12 2
443 56
1 7 2
427 62
1 13 2
50 40
1 10 2
463 100
1 5 2
455 328
1 6 2
197 313
1 14 2
412 385
1 9 2
334 336
1 2 2
178 379
1 13 2
385 11
1 15 2
120 87
1 12 2
278 335
1 14 2
357 345
1 14 2
483 70
1 5 2
339 314
1 10 2
267 169
1 4 2
437 265
1 8 2
460 333
1 12 2
10 327
1 11 2
182 100
1 5 2
405 290
1 7 2
275 405
1 5 2
395 369
1 12 2
443 351
1 11 2
45 282
1 15 2
98 132
1 5 2
352 18
1 13 2
172 392
1 5 2
62 339
1 3 2
56 122
1 7 2
80 455
1 7 2
451 52
1 7 2
398 176
1 11 2
258 130
1 12 2
384 444
1 8 2
354 162
1 12 2
136 334
1 12 2
212 426
1 4 2
239 297
1 9 2
83 286
1 3 2
185 183
1 14 2
87 289
1 15 2
111 479
1 15 2
205 430
1 12 2
460 55
1 2 2
181 231
1 6 2
273 300
1 13 2
195 490
1 6 2
101 211
1 12 2
423 128
1 10 2
188 399
1 3 2
455 48
1 9 2
54 25
1 2 2
396 378
1 3 2
207 121
1 2 2
98 374
1 8 2
63 267
1 9 2
141 180
1 10 2
82 69
1 13 2
476 392
1 14 2
93 142
1 3 2
69 483
1 6 2
192 38
1 11 2
178 479
1 10 2
44 238
1 11 2
165 136
1 2 2
162 491
1 2 2
457 41
1 11 2
86 49
1 14 2
215 0
1 9 2
239 150
1 8 2
252 340
1 4 2
475 429
1 3 2
127 216
1 13 2
480 233
1 15 2
201 58
1 8 2
488 396
1 12 2
153 250
1 3 2
336 314
1 15 2
249 496
1 7 2
444 303
1 11 2
411 402
1 6 2
490 347
1 8 2
371 75
1 2 2
345 218
1 12 2
377 160
1 13 2
446 241
1 8 2
489 387
1 13 2
131 46
1 10 2
36 128
1 10 2
285 491
1 8 2
177 468
1 3 2
343 193
1 11 2
173 477
1 12 2
20 307
1 9 2
143 426
1 8 2
337 379
1 3 2
243 140
1 5 2
331 6
1 12 2
236 427
1 6 2
223 165
1 14 2
393 359
1 9 2
247 82
1 5 2
91 379
1 15 2
102 402
1 8 2
146 307
1 12 2
222 110
1 11 2
47 278
1 3 2
236 27
1 13 2
444 405
1 15 2
279 483
1 14 2
225 228
1 9 2
72 467
1 13 2
422 421
1 11 2
228 482
1 7 2
375 202
1 5 2
174 471
1 14 2
332 468
1 3 2
307 434
1 9 2
219 393
1 11 2
427 44
1 12 2
30 478
1 3 2
25 371
1 12 2
158 260
1 13 2
481 436
1 4 2
103 381
1 6 2
476 280
1 15 2
137 193
1 6 2
418 446
1 9 2
142 58
1 11 2
436 11
1 13 2
109 453
1 4 2
288 406
1 6 2
335 241
1 4 2
15 380
1 5 2
359 37
1 9 2
245 359
1 12 2
175 263
1 13 2
194 109
1 13 2
55 376
1 8 2
344 109
1 14 2
70 108
1 9 2
375 155
1 14 2
124 466
1 12 2
300 226
1 12 2
422 277
1 3 2
329 125
1 6 2
286 114
1 8 2
106 352
1 8 2
301 69
1 3 2
165 328
1 5 2
364 354
1 13 2
365 185
1 10 2
295 248
1 11 2
464 436
1 2 2
380 202
1 9 2
354 1
1 10 2
17 90
1 11 2
219 490
1 15 2
349 107
1 9 2
302 273
1 8 2
210 74
1 7 2
481 340
1 14 2
23 172
1 12 2
198 307
1 2 2
384 151
1 6 2
488 138
1 9 2
497 12
1 9 2
464 45
1 7 2
335 320
1 3 2
2 448
1 14 2
279 3
1 12 2
60 191
1 8 2
190 338
1 14 2
315 356
1 7 2
468 310
1 3 2
444 269
1 11 2
116 225
1 3 2
104 166
1 7 2
10 122
1 9 2
334 99
1 10 2
295 410
1 2 2
326 447
1 6 2
276 176
1 10 2
13 208
1 12 2
470 205
1 15 2
280 267
1 12 2
402 219
1 4 2
289 223
1 15 2
426 163
1 15 2
203 205
1 8 2
267 428
1 8 2
105 115
1 8 2
15 366
1 11 2
472 351
1 4 2
246 460
1 8 2
257 45
1 3 2
100 6
1 3 2
106 240
1 2 2
353 265
1 9 2
266 437
1 3 2
119 13
1 4 2
24 213
1 11 2
178 266
1 13 2
21 330
1 13 2
400 288
1 15 2
10 63
1 10 2
124 193
1 6 2
323 395
1 10 2
229 226
1 5 2
323 412
1 4 2
309 118
1 4 2
79 425
1 13 2
122 393
1 10 2
133 30
1 9 2
200 310
1 13 2
467 73
1 14 2
482 144
1 4 2
227 25
1 4 2
302 235
1 4 2
325 75
1 5 2
374 114
1 13 2
182 408
1 6 2
109 431
1 2 2
235 153
1 12 2
117 79
1 6 2
327 305
1 8 2
94 211
1 2 2
397 375
1 7 2
287 437
1 3 2
254 166
1 6 2
28 175
1 15 2
258 353
1 15 2
459 398
1 4 2
104 5
1 10 2
278 453
1 13 2
291 130
1 13 2
390 495
1 14 2
286 67
1 8 2
297 422
1 9 2
46 186
1 7 2
418 282
1 15 2
114 441
1 8 2
195 42
1 9 2
57 281
1 8 2
422 287
1 11 2
53 361
1 2 2
309 159
1 7 2
21 291
1 2 2
245 334
1 12 2
103 389
1 10 2
209 214
1 6 2
37 15
1 3 2
262 367
1 7 2
108 429
1 4 2
124 31
1 10 2
234 267
1 12 2
173 411
1 7 2
111 132
1 2 2
424 79
1 4 2
43 476
1 2 2
365 61
1 8 2
445 399
1 12 2
470 241
1 13 2
103 233
1 13 2
431 264
1 6 2
380 22
1 5 2
40 464
1 14 2
377 252
1 5 2
7 20
1 5 2
258 242
1 15 2
97 368
1 10 2
496 403
1 14 2
108 158
1 4 2
40 223
1 15 2
85 359
1 15 2
391 282
1 13 2
171 413
1 3 2
215 479
1 15 2
108 373
1 2 2
483 196
1 9 2
288 219
1 10 2
264 234
1 14 2
139 436
1 13 2
9 466
1 7 2
145 459
1 8 2
480 427
1 6 2
96 370
1 14 2
171 138
1 3 2
234 286
1 9 2
258 98
1 8 2
308 247
1 7 2
224 170
1 9 2
235 183
1 7 2
404 146
1 4 2
101 95
1 8 2
79 250
1 12 2
101 218
1 14 2
253 281
1 2 2
453 208
1 15 2
478 422
1 10 2
157 305
1 2 2
19 480
1 3 2
325 121
1 10 2
315 245
1 5 2
248 252
1 5 2
283 330
1 2 2
86 223
1 9 2
408 99
1 15 2
88 375
1 2 2
175 264
1 8 2
494 470
1 12 2
86 357
1 10 2
375 69
1 7 2
398 37
1 2 2
257 389
1 4 2
36 334
1 10 2
100 56
1 8 2
442 129
1 5 2
385 443
1 7 2
382 295
1 10 2
271 112
1 8 2
88 125
1 3 2
284 416
1 8 2
273 422
1 5 2
24 136
1 8 2
118 119
1 10 2
109 355
1 11 2
387 280
1 9 2
98 381
1 12 2
307 150
1 10 2
286 278
1 13 2
478 256
1 13 2
172 471
1 7 2
115 123
1 12 2
266 268
1 12 2
125 258
1 10 2
278 126
1 5 2
198 1
1 14 2
326 68
1 12 2
329 412
1 10 2
237 55
1 3 2
133 343
1 12 2
281 222
1 8 2
94 165
1 5 2
344 113
1 11 2
53 415
1 10 2
99 13
1 6 2
175 335
1 2 2
49 23
1 11 2
294 391
1 7 2
23 34
1 13 2
63 341
1 12 2
18 466
1 4 2
487 197
1 7 2
257 274
1 6 2
355 493
1 6 2
63 413
1 3 2
117 77
1 2 2
64 457
1 2 2
1 134
1 10 2
447 118
1 11 2
414 131
1 11 2
313 60
1 11 2
369 55
1 10 2
359 26
1 12 2
404 80
1 14 2
252 35
1 11 2
326 157
1 9 2
105 232
1 9 2
141 465
1 13 2
435 382
1 8 2
168 38
1 8 2
381 173
1 2 2
397 483
1 15 2
458 105
1 12 2
460 96
1 12 2
93 381
1 5 2
414 267
1 7 2
105 462
1 10 2
140 150
1 9 2
277 113
1 6 2
257 106
1 11 2
379 196
1 15 2
308 164
1 3 2
149 26
1 3 2
455 468
1 4 2
75 36
1 3 2
197 42
1 9 2
186 92
1 12 2
15 131
1 6 2
181 189
1 7 2
356 472
1 5 2
79 37
1 2 2
42 53
1 14 2
134 244
1 8 2
417 310
1 15 2
70 173
1 4 2
205 291
1 12 2
216 312
1 11 2
11 278
1 10 2
343 313
1 2 2
246 102
1 6 2
8 405
1 10 2
159 143
1 14 2
365 31
1 2 2
275 492
1 13 2
225 3
1 13 2
450 422
1 11 2
430 236
1 13 2
330 394
1 13 2
221 253
1 7 2
295 347
1 15 2
280 495
1 15 2
147 21
1 11 2
298 17
1 10 2
493 360
1 4 2
429 353
1 3 2
15 354
1 15 2
147 138
1 5 2
220 425
1 12 2
434 110
1 9 2
127 313
1 11 2
71 54
1 14 2
229 126
1 12 2
215 165
1 2 2
390 4
1 2 2
96 297
1 2 2
135 397
1 14 2
56 316
1 3 2
381 253
1 2 2
238 48
1 13 2
196 67
1 14 2
25 23
1 9 2
402 210
1 6 2
340 29
1 13 2
272 342
1 11 2
191 483
1 6 2
494 64
1 5 2
105 294
1 15 2
334 197
1 2 2
455 124
1 11 2
112 308
1 3 2
61 413
1 10 2
326 339
1 9 2
135 85
1 6 2
317 284
1 12 2
36 493
1 10 2
191 130
1 7 2
422 21
1 9 2
376 266
1 4 2
23 189
1 9 2
414 315
1 14 2
11 371
1 15 2
480 486
1 5 2
32 315
1 10 2
163 109
1 4 2
64 257
1 3 2
174 273
1 7 2
94 426
1 15 2
262 84
1 14 2
192 5
1 15 2
336 9
1 13 2
385 358
1 14 2
379 27
1 10 2
123 168
1 11 2
395 111
1 13 2
14 428
1 7 2
124 119
1 4 2
9 310
1 4 2
208 148
1 5 2
420 175
1 5 2
115 291
1 6 2
81 207
1 13 2
153 247
1 3 2
192 43
1 15 2
497 369
1 11 2
421 395
1 13 2
203 430
1 15 2
443 124
1 12 2
431 141
1 5 2
339 289
1 3 2
227 237
1 10 2
91 61
1 7 2
89 37
1 9 2
125 423
1 10 2
278 396
1 4 2
349 183
1 5 2
207 339
1 11 2
255 199
1 6 2
166 355
1 4 2
200 464
1 15 2
344 53
1 7 2
51 15
1 2 2
191 273
1 9 2
297 138
1 4 2
349 96
1 13 2
299 76
1 9 2
206 410
1 8 2
439 15
1 11 2
120 246
1 15 2
431 305
1 9 2
461 58
1 4 2
393 15
1 11 2
19 381
1 11 2
220 242
1 12 2
432 286
1 5 2
3 402
1 9 2
26 418
1 2 2
118 226
1 11 2
219 344
1 4 2
239 332
1 4 2
301 466
1 12 2
237 150
1 14 2
143 93
1 13 2
315 438
1 3 2
476 406
1 8 2
166 260
1 2 2
331 105
1 4 2
231 263
1 3 2
79 124
1 13 2
53 457
1 11 2
333 418
1 10 2
382 492
1 5 2
209 437
1 5 2
79 45
1 2 2
279 343
1 9 2
418 342
1 13 2
194 496
1 12 2
236 127
1 8 2
53 242
1 13 2
88 133
1 4 2
478 174
1 14 2
450 255
1 3 2
381 162
1 15 2
87 18
1 8 2
73 449
1 3 2
305 277
1 4 2
375 33
1 11 2
240 261
1 10 2
375 387
1 13 2
337 438
1 9 2
1 484
1 10 2
374 192
1 13 2
115 122
1 7 2
346 116
1 5 2
83 483
1 3 2
445 287
1 11 2
33 443
1 10 2
241 284
1 2 2
109 445
1 4 2
450 391
1 11 2
255 464
1 12 2
323 176
1 6 2
257 243
1 11 2
177 222
1 14 2
172 468
1 15 2
216 450
1 15 2
467 29
1 12 2
0 203
1 15 2
133 120
1 6 2
273 235
1 4 2
199 327
1 4 2
63 276
1 11 2
400 119
1 10 2
10 77
1 11 2
295 236
1 4 2
52 56
1 10 2
276 58
1 14 2
459 336
1 15 2
174 210
1 13 2
205 248
1 14 2
396 457
1 2 2
29 94
1 7 2
397 485
1 13 2
11 481
1 14 2
231 455
1 12 2
96 299
1 13 2
252 26
1 2 2
94 297
1 9 2
394 195
1 5 2
98 292
1 12 2
447 185
1 5 2
57 392
1 5 2
121 112
1 4 2
445 347
1 8 2
487 87
1 8 2
482 477
1 6 2
410 475
1 8 2
328 278
1 5 2
124 366
1 3 2
490 487
1 7 2
375 42
1 2 2
52 101
1 6 2
386 311
1 10 2
332 55
1 9 2
249 163
1 10 2
236 111
1 2 2
325 5
1 11 2
90 415
1 15 2
384 39
1 4 2
284 414
1 4 2
32 237
1 9 2
440 117
1 7 2
271 363
1 3 2
380 148
1 4 2
247 180
1 3 2
101 412
1 7 2
462 55
1 8 2
158 113
1 12 2
404 109
1 15 2
17 184
1 10 2
206 456
1 13 2
281 361
1 14 2
175 221
1 12 2
31 408
1 4 2
301 221
1 6 2
57 193
1 9 2
55 358
1 7 2
461 470
1 15 2
107 368
1 15 2
114 472
1 4 2
498 19
1 6 2
429 348
1 9 2
348 61
1 13 2
183 196
1 6 2
262 53
1 3 2
45 187
1 11 2
467 110
1 2 2
174 455
1 4 2
72 421
1 11 2
75 216
1 7 2
166 291
1 9 2
470 448
1 5 2
440 463
1 11 2
327 72
1 10 2
464 22
1 5 2
30 166
1 7 2
174 319
1 8 2
323 170
1 15 2
422 455
1 5 2
265 5
1 11 2
332 169
1 8 2
384 239
1 7 2
216 444
1 10 2
253 422
1 10 2
384 134
1 11 2
370 10
1 14 2
489 302
1 5 2
124 269
1 8 2
388 58
1 8 2
15 299
1 7 2
451 119
1 13 2
343 55
1 3 2
284 194
1 14 2
94 164
1 5 2
446 25
1 13 2
173 86
1 9 2
343 352
1 13 2
278 180
1 5 2
488 391
1 13 2
410 116
1 3 2
409 432
1 12 2
114 175
1 4 2
161 352
1 5 2
284 401
1 4 2
223 447
1 13 2
435 348
1 2 2
407 475
1 3 2
207 182
1 11 2
487 189
1 11 2
342 137
1 9 2
410 8
1 12 2
237 484
1 15 2
75 80
1 2 2
303 344
1 8 2
333 54
1 4 2
279 262
1 8 2
421 252
1 10 2
47 29
1 9 2
393 381
1 3 2
285 392
1 3 2
92 167
1 5 2
331 399
1 9 2
346 165
1 7 2
101 335
1 5 2
433 401
1 13 2
287 83
1 4 2
387 194
1 11 2
124 464
1 14 2
275 223
1 12 2
430 14
1 8 2
196 308
1 6 2
75 79
1 14 2
62 413
1 3 2
456 322
1 6 2
258 138
1 7 2
326 442
1 15 2
370 375
1 4 2
35 202
1 12 2
27 307
1 5 2
4 338
1 5 2
436 25
1 4 2
129 97
1 11 2
472 478
1 14 2
153 312
1 3 2
117 215
1 6 2
348 388
1 14 2
373 78
1 11 2
191 460
1 3 2
60 195
1 11 2
245 410
1 2 2
444 466
1 8 2
263 23
1 9 2
255 20
1 11 2
456 116
1 12 2
390 132
1 9 2
188 474
1 3 2
6 479
1 15 2
497 391
1 10 2
130 285
1 7 2
293 463
1 13 2
249 252
1 5 2
213 256
1 9 2
26 56
1 11 2
474 239
1 3 2
42 426
1 9 2
66 163
1 12 2
154 23
1 12 2
380 292
1 3 2
114 48
1 9 2
227 175
1 3 2
238 439
1 12 2
426 414
1 6 2
114 108
1 10 2
0 232
1 2 2
78 105
1 12 2
158 384
1 11 2
199 38
1 5 2
141 102
1 5 2
114 284
1 3 2
150 315
1 2 2
120 378
1 4 2
305 423
1 14 2
333 159
1 7 2
121 411
1 12 2
433 407
1 8 2
258 64
1 14 2
298 333
1 4 2
98 191
1 2 2
292 339
1 4 2
286 423
1 3 2
365 256
1 4 2
391 81
1 10 2
378 292
1 2 2
110 253
1 8 2
365 275
1 13 2
381 274
1 5 2
452 264
1 2 2
473 118
1 10 2
23 386
1 10 2
52 346
1 5 2
429 60
1 8 2
178 76
1 7 2
166 20
1 3 2
166 43
1 6 2
36 89
1 7 2
474 245
1 3 2
297 137
1 3 2
203 9
1 6 2
128 464
1 8 2
308 154
1 12 2
149 475
1 15 2
70 288
1 11 2
322 152
1 14 2
263 122
1 6 2
115 369
1 10 2
331 297
1 12 2
27 251
1 10 2
474 339
1 4 2
217 337
1 4 2
326 453
1 10 2
166 122
1 3 2
205 328
1 12 2
223 406
1 12 2
440 309
1 12 2
391 226
1 3 2
369 29
1 12 2
386 68
1 12 2
468 363
1 12 2
118 238
1 15 2
287 496
1 2 2
35 417
1 3 2
351 221
1 10 2
17 474
1 5 2
294 269
1 13 2
37 1
1 10 2
2 363
1 15 2
267 5
1 8 2
296 22
1 2 2
295 241
1 13 2
454 446
1 10 2
11 68
1 12 2
234 303
1 15 2
262 256
1 9 2
301 486
1 14 2
272 415
1 14 2
206 312
1 5 2
366 275
1 12 2
44 499
1 5 2
5 48
1 10 2
458 290
1 9 2
482 269
1 2 2
258 478
1 3 2
396 472
1 15 2
156 107
1 2 2
277 194
1 8 2
25 179
1 13 2
149 136
1 8 2
309 239
1 3 2
46 190
1 6 2
81 253
1 7 2
59 288
1 3 2
480 112
1 13 2
191 166
1 8 2
131 31
1 2 2
163 201
1 6 2
145 464
1 4 2
154 325
1 15 2
28 204
1 13 2
117 173
1 3 2
457 287
1 13 2
406 194
1 14 2
490 40
1 2 2
349 205
1 15 2
317 250
1 2 2
99 228
1 4 2
153 412
1 5 2
375 476
1 11 2
474 3
1 11 2
448 4
1 4 2
296 372
1 10 2
405 188
1 14 2
455 194
1 13 2
337 363
1 14 2
82 479
1 4 2
371 410
1 7 2
256 371
1 14 2
128 145
1 11 2
283 226
1 5 2
445 120
1 13 2
213 199
1 9 2
440 44
1 12 2
438 229
1 12 2
35 126
1 11 2
415 117
1 9 2
462 448
1 11 2
375 480
1 9 2
75 285
1 11 2
296 170
1 15 2
157 72
1 9 2
274 325
1 10 2
68 94
1 5 2
105 147
1 4 2
326 213
1 3 2
115 226
1 4 2
165 252
1 4 2
462 441
1 7 2
30 77
1 7 2
337 263
1 13 2
454 73
1 2 2
489 461
1 15 2
118 489
1 7 2
408 176
1 4 2
332 208
1 2 2
142 331
1 4 2
316 103
1 7 2
445 423
1 13 2
184 435
1 11 2
151 173
1 9 2
86 9
1 12 2
455 178
1 8 2
336 482
1 5 2
62 267
1 12 2
262 235
1 15 2
448 47
1 8 2
287 381
1 5 2
83 89
1 7 2
495 154
1 4 2
291 85
1 14 2
462 312
1 6 2
362 228
1 9 2
241 65
1 11 2
197 347
1 11 2
180 102
1 2 2
127 218
1 11 2
281 363
1 10 2
36 116
1 13 2
386 143
1 13 2
307 491
1 15 2
441 217
1 10 2
306 235
1 9 2
243 372
1 5 2
206 477
1 9 2
337 127
1 6 2
102 410
1 15 2
79 423
1 10 2
373 206
1 9 2
95 159
1 15 2
144 499
1 14 2
340 458
1 9 2
326 190
1 5 2
432 317
1 5 2
95 465
1 2 2
364 428
1 10 2
178 186
1 12 2
36 253
1 5 2
493 427
1 15 2
58 75
1 9 2
152 228
1 8 2
1 474
1 10 2
75 441
1 10 2
313 135
1 15 2
385 213
1 6 2
320 157
1 4 2
392 177
1 15 2
98 163
1 7 2
448 260
1 15 2
37 43
1 9 2
2 19
1 10 2
360 305
1 5 2
318 60
1 9 2
485 6
1 11 2
432 372
1 2 2
106 428
1 7 2
15 472
1 7 2
479 127
1 7 2
389 424
1 8 2
434 356
1 6 2
109 117
1 5 2
255 468
1 7 2
127 93
1 14 2
240 386
1 13 2
295 2
1 13 2
289 454
1 12 2
297 148
1 12 2
108 135
1 2 2
483 269
1 4 2
66 226
1 9 2
466 68
1 11 2
356 379
1 9 2
248 240
1 7 2
164 208
1 6 2
140 11
1 6 2
484 75
1 13 2
304 306
1 4 2
76 78
1 12 2
424 3
1 2 2
372 14
1 6 2
238 64
1 12 2
410 239
1 6 2
397 14
1 4 2
127 219
1 14 2
263 468
1 13 2
215 173
1 4 2
280 103
1 5 2
325 146
1 11 2
353 421
1 5 2
400 236
1 9 2
28 29
1 9 2
278 358
1 3 2
423 27
1 12 2
250 62
1 4 2
102 262
1 10 2
475 128
1 7 2
328 257
1 11 2
326 440
1 3 2
303 300
1 4 2
153 206
1 10 2
286 287
1 8 2
303 25
1 15 2
487 78
1 2 2
399 143
1 15 2
197 48
1 2 2
100 143
1 14 2
223 70
1 15 2
296 226
1 15 2
324 321
1 13 2
268 32
1 7 2
362 129
1 9 2
416 419
1 2 2
424 284
1 6 2
131 100
1 5 2
440 243
1 7 2
93 138
1 6 2
104 437
1 4 2
298 455
1 4 2
446 234
1 2 2
285 342
1 12 2
489 113
1 12 2
87 152
1 15 2
356 394
1 15 2
29 369
1 9 2
273 206
1 14 2
92 472
1 14 2
462 304
1 9 2
178 81
1 9 2
150 68
1 14 2
251 395
1 2 2
300 90
1 2 2
329 342
1 11 2
149 281
1 3 2
355 229
1 15 2
275 473
1 12 2
251 167
1 6 2
246 4
1 6 2
80 311
1 8 2
62 419
1 15 2
117 97
1 3 2
106 494
1 3 2
427 290
1 10 2
279 442
1 15 2
28 109
1 12 2
139 81
1 10 2
407 71
1 13 2
188 341
1 6 2
126 255
1 15 2
76 215
1 10 2
480 321
1 9 2
288 39
1 8 2
459 292
1 5 2
354 7
1 10 2
259 189
1 10 2
269 106
1 11 2
266 234
1 3 2
18 348
1 5 2
330 216
1 10 2
128 184
1 12 2
16 198
1 2 2
145 262
1 6 2
350 352
1 7 2
498 459
1 2 2
132 327
1 12 2
33 377
1 7 2
482 201
1 6 2
197 95
1 6 2
405 10
1 10 2
376 196
1 10 2
233 271
1 3 2
264 350
1 7 2
370 261
1 8 2
11 439
1 4 2
82 413
1 6 2
106 88
1 3 2
146 306
1 13 2
455 415
1 13 2
204 399
1 7 2
259 382
1 5 2
293 493
1 2 2
191 169
1 9 2
457 207
1 14 2
306 45
1 7 2
143 424
1 12 2
362 409
1 14 2
210 64
1 8 2
188 452
1 2 2
252 491
1 12 2
14 290
1 3 2
471 473
1 14 2
469 176
1 15 2
185 84
1 9 2
301 384
1 2 2
435 145
1 8 2
220 237
1 11 2
68 147
1 5 2
33 257
1 3 2
131 457
1 11 2
498 167
1 15 2
484 297
1 9 2
149 116
1 12 2
68 149
1 15 2
151 299
1 5 2
461 491
1 13 2
178 419
1 14 2
268 412
1 11 2
497 150
1 3 2
56 58
1 4 2
413 498
1 15 2
183 337
1 14 2
252 135
1 11 2
495 96
1 13 2
425 135
1 6 2
429 455
1 4 2
242 199
1 10 2
433 461
1 9 2
339 33
1 15 2
131 228
1 10 2
190 15
1 11 2
390 52
1 2 2
266 237
1 9 2
211 128
1 4 2
429 254
1 9 2
299 72
1 14 2
110 307
1 4 2
447 433
1 13 2
407 367
1 11 2
116 346
1 11 2
333 149
1 14 2
98 288
1 3 2
62 228
1 5 2
428 462
1 12 2
237 424
1 6 2
139 84
1 3 2
406 321
1 15 2
479 402
1 3 2
348 124
1 14 2
86 411
1 11 2
165 88
1 15 2
339 231
1 4 2
3 309
1 14 2
107 400
1 9 2
269 145
1 2 2
481 264
1 9 2
329 19
1 15 2
180 429
1 11 2
84 82
1 6 2
282 431
1 4 2
238 189
1 11 2
69 134
1 7 2
289 142
1 11 2
1 444
1 14 2
420 21
1 3 2
481 439
1 7 2
112 159
1 11 2
284 348
1 3 2
57 360
1 11 2
416 138
1 4 2
222 109
1 14 2
255 411
1 13 2
192 102
1 7 2
126 340
1 3 2
397 449
1 8 2
204 185
1 9 2
273 325
1 11 2
423 335
1 15 2
350 384
1 5 2
269 467
1 9 2
336 449
1 4 2
79 33
1 9 2
453 358
1 7 2
115 121
1 6 2
271 160
1 4 2
107 41
1 14 2
295 461
1 9 2
235 363
1 6 2
395 70
1 6 2
409 26
1 5 2
405 206
1 14 2
90 490
1 14 2
186 247
1 12 2
288 397
1 8 2
30 113
1 3 2
328 219
1 13 2
423 468
1 14 2
404 19
1 7 2
119 160
1 10 2
252 487
1 7 2
253 467
1 2 2
429 137
1 13 2
61 117
1 7 2
330 326
1 11 2
384 254
1 15 2
229 243
1 5 2
16 350
1 12 2
6 12
1 7 2
294 189
1 4 2
354 280
1 3 2
194 96
1 12 2
300 238
1 15 2
327 35
1 5 2
380 333
1 12 2
480 409
1 6 2
164 317
1 3 2
119 188
1 11 2
60 117
1 13 2
431 93
1 7 2
166 10
1 5 2
485 245
1 6 2
343 161
1 11 2
441 213
1 5 2
170 405
1 6 2
104 310
1 5 2
171 280
1 14 2
99 344
1 12 2
66 119
1 6 2
361 412
1 12 2
337 426
1 15 2
206 163
1 7 2
471 156
1 7 2
310 409
1 3 2
190 14
1 5 2
106 309
1 11 2
64 79
1 10 2
432 42
1 2 2
334 220
1 10 2
383 249
1 13 2
317 47
1 2 2
456 285
1 14 2
394 255
1 9 2
289 457
1 15 2
181 415
1 2 2
146 434
1 14 2
332 158
1 13 2
219 214
1 8 2
38 360
1 3 2
240 124
1 14 2
136 263
1 15 2
158 459
1 2 2
224 393
1 5 2
158 306
1 12 2
66 346
1 14 2
301 390
1 5 2
118 290
1 14 2
490 120
1 14 2
143 406
1 2 2
149 373
1 14 2
315 479
1 8 2
181 207
1 2 2
197 365
1 7 2
95 122
1 11 2
453 98
1 4 2
111 365
1 15 2
66 235
1 2 2
81 154
1 7 2
425 475
1 7 2
227 343
1 4 2
454 158
1 3 2
55 148
1 14 2
269 0
1 5 2
475 378
1 7 2
474 276
1 2 2
117 495
1 3 2
104 31
1 6 2
10 380
1 6 2
35 344
1 3 2
67 451
1 2 2
14 250
1 13 2
234 446
1 13 2
286 230
1 6 2
363 288
1 6 2
288 217
1 5 2
88 207
1 4 2
436 234
1 7 2
376 103
1 15 2
481 232
1 8 2
136 147
1 14 2
419 487
1 12 2
243 35
1 7 2
4 170
1 13 2
373 413
1 15 2
157 124
1 8 2
202 145
1 12 2
366 341
1 9 2
445 33
1 2 2
238 312
1 4 2
45 460
1 10 2
19 70
1 15 2
148 247
1 3 2
158 383
1 8 2
355 226
1 6 2
425 259
1 5 2
392 303
1 13 2
58 14
1 15 2
446 57
1 13 2
136 444
1 5 2
406 330
1 12 2
46 411
1 10 2
190 211
1 13 2
307 291
1 12 2
404 35
1 6 2
152 110
1 2 2
197 436
1 6 2
149 381
1 10 2
209 371
1 12 2
494 347
1 12 2
70 151
1 9 2
159 84
1 9 2
78 368
1 14 2
322 319
1 13 2
48 54
1 12 2
366 413
1 5 2
414 266
1 3 2
270 127
1 10 2
95 106
1 4 2
190 220
1 12 2
457 472
1 2 2
52 418
1 8 2
434 13
1 6 2
484 187
1 10 2
260 251
1 11 2
11 460
1 5 2
297 449
1 14 2
186 239
1 12 2
491 267
1 14 2
49 119
1 10 2
230 470
1 15 2
319 185
1 15 2
185 416
1 15 2
69 415
1 6 2
261 42
1 4 2
201 406
1 10 2
196 136
1 6 2
89 49
1 8 2
378 177
1 11 2
267 335
1 8 2
30 340
1 7 2
398 426
1 11 2
23 166
1 12 2
467 365
1 2 2
401 146
1 8 2
470 64
1 11 2
75 278
1 6 2
298 53
1 6 2
220 471
1 13 2
70 444
1 14 2
36 146
1 15 2
211 485
1 11 2
132 34
1 2 2
346 153
1 2 2
368 113
1 8 2
267 259
1 10 2
176 114
1 14 2
2 432
1 14 2
91 364
1 15 2
88 144
1 12 2
333 90
1 14 2
210 495
1 13 2
443 172
1 15 2
367 18
1 11 2
16 390
1 15 2
392 111
1 4 2
293 368
1 3 2
103 254
1 2 2
187 257
1 5 2
486 171
1 10 2
430 459
1 6 2
371 204
1 14 2
172 440
1 7 2
181 139
1 7 2
373 54
1 8 2
270 321
1 5 2
436 334
1 9 2
96 212
1 15 2
315 477
1 12 2
267 203
1 14 2
457 417
1 8 2
279 245
1 15 2
216 50
1 15 2
210 493
1 13 2
469 151
1 9 2
339 69
1 11 2
48 159
1 7 2
420 404
1 13 2
82 347
1 9 2
108 47
1 12 2
374 31
1 6 2
303 50
1 14 2
258 49
1 8 2
236 94
1 13 2
431 217
1 15 2
45 27
1 5 2
34 450
1 6 2
103 492
1 13 2
260 68
1 11 2
494 151
1 13 2
220 333
1 8 2
241 379
1 4 2
5 290
1 3 2
423 369
1 15 2
481 273
1 11 2
438 259
1 11 2
306 67
1 8 2
20 169
1 15 2
498 443
1 3 2
167 468
1 7 2
134 149
1 10 2
39 61
1 5 2
453 41
1 12 2
90 189
1 3 2
56 112
1 2 2
141 316
1 14 2
382 322
1 9 2
331 103
1 2 2
65 403
1 2 2
150 74
1 12 2
168 394
1 2 2
354 494
1 10 2
207 193
1 13 2
92 458
1 4 2
35 170
1 11 2
139 266
1 6 2
114 152
1 7 2
268 483
1 9 2
368 381
1 2 2
280 222
1 14 2
0 168
1 10 2
244 103
1 14 2
298 124
1 2 2
250 458
1 9 2
113 55
1 15 2
467 441
1 3 2
74 283
1 2 2
77 50
1 2 2
319 255
1 6 2
153 420
1 10 2
128 406
1 11 2
80 123
1 7 2
218 75
1 11 2
305 455
1 8 2
67 52
1 8 2
478 142
1 15 2
346 395
1 4 2
311 330
1 12 2
359 117
1 15 2
145 57
1 9 2
405 41
1 8 2
288 433
1 2 2
273 471
1 10 2
481 227
1 12 2
10 341
1 9 2
407 224
1 10 2
403 258
1 3 2
467 53
1 5 2
149 321
1 7 2
353 66
1 12 2
406 117
1 2 2
496 292
1 10 2
451 424
1 13 2
149 391
1 10 2
186 146
1 10 2
88 296
1 6 2
20 305
1 9 2
126 276
1 9 2
241 235
1 4 2
382 469
1 14 2
273 298
1 5 2
153 265
1 7 2
216 36
1 14 2
49 403
1 13 2
414 343
1 15 2
45 227
1 10 2
149 3
1 2 2
437 156
1 11 2
473 138
1 2 2
0 135
1 14 2
77 183
1 6 2
146 30
1 14 2
169 109
1 10 2
173 218
1 5 2
91 356
1 2 2
444 245
1 15 2
466 419
1 3 2
273 211
1 6 2
369 161
1 11 2
429 475
1 7 2
204 35
1 15 2
261 321
1 8 2
174 381
1 15 2
202 251
1 6 2
348 308
1 8 2
379 166
1 13 2
209 27
1 4 2
445 93
1 12 2
357 13
1 7 2
210 227
1 14 2
185 336
1 11 2
7 124
1 7 2
383 217
1 4 2
74 450
1 4 2
495 141
1 3 2
195 98
1 10 2
293 22
1 4 2
15 341
1 12 2
342 284
1 11 2
401 371
1 6 2
301 7
1 9 2
47 68
1 10 2
490 230
1 2 2
398 406
1 11 2
204 128
1 15 2
433 305
1 13 2
144 451
1 6 2
198 183
1 2 2
421 437
1 3 2
171 366
1 9 2
127 276
1 15 2
66 71
1 8 2
375 1
1 8 2
364 142
1 6 2
346 19
1 13 2
77 339
1 13 2
290 285
1 2 2
301 443
1 3 2
497 25
1 12 2
460 343
1 8 2
447 89
1 11 2
254 27
1 5 2
12 316
1 8 2
317 381
1 3 2
187 297
1 3 2
370 106
1 11 2
393 51
1 15 2
230 112
1 12 2
309 361
1 5 2
413 431
1 14 2
247 276
1 13 2
319 388
1 8 2
55 327
1 10 2
26 25
1 14 2
328 439
1 11 2
110 262
1 12 2
183 287
1 2 2
402 471
1 14 2
460 168
1 9 2
292 10
1 14 2
468 279
1 10 2
316 84
1 6 2
435 320
1 9 2
224 142
1 7 2
92 444
1 5 2
234 457
1 14 2
255 151
1 11 2
474 250
1 4 2
243 450
1 10 2
472 462
1 5 2
246 241
1 2 2
281 495
1 10 2
102 328
1 4 2
493 219
1 12 2
86 417
1 14 2
363 446
1 3 2
448 144
1 3 2
93 108
1 6 2
228 362
1 11 2
96 32
1 3 2
5 307
1 11 2
396 89
1 8 2
230 187
1 8 2
402 325
1 2 2
499 271
1 12 2
371 308
1 9 2
340 417
1 14 2
60 349
1 14 2
357 66
1 13 2
154 138
1 13 2
123 271
1 2 2
225 323
1 2 2
480 253
1 5 2
190 253
1 7 2
175 392
1 13 2
113 301
1 5 2
493 157
1 15 2
349 348
1 2 2
234 258
1 2 2
104 463
1 10 2
209 210
1 10 2
219 418
1 2 2
498 92
1 10 2
201 16
1 5 2
274 414
1 9 2
222 324
1 4 2
27 70
1 15 2
318 149
1 6 2
397 78
1 3 2
436 102
1 14 2
55 218
1 14 2
373 380
1 7 2
46 472
1 2 2
66 312
1 7 2
443 213
1 8 2
377 397
1 9 2
474 230
1 6 2
372 206
1 12 2
67 264
1 10 2
289 315
1 5 2
460 488
1 8 2
101 15
1 10 2
269 435
1 6 2
134 129
1 7 2
236 449
1 8 2
445 316
1 2 2
250 24
1 13 2
490 107
1 3 2
177 8
1 5 2
466 470
1 11 2
82 279
1 14 2
267 55
1 11 2
69 405
1 8 2
336 341
1 3 2
306 225
1 3 2
73 448
1 13 2
10 377
1 7 2
134 486
1 10 2
457 412
1 3 2
483 102
1 15 2
200 87
1 6 2
104 213
1 12 2
363 95
1 15 2
29 420
1 4 2
332 134
1 3 2
116 111
1 13 2
84 231
1 13 2
476 171
1 5 2
68 243
1 5 2
499 437
1 3 2
277 325
1 5 2
307 359
1 3 2
205 296
1 14 2
198 324
1 10 2
329 114
1 3 2
480 418
1 10 2
91 408
1 14 2
366 141
1 15 2
71 94
1 10 2
360 273
1 8 2
27 94
1 4 2
484 92
1 13 2
242 238
1 14 2
198 296
1 11 2
217 72
1 10 2
287 396
1 8 2
362 53
1 12 2
406 151
1 10 2
376 482
1 9 2
408 432
1 8 2
34 197
1 9 2
146 347
1 10 2
476 66
1 11 2
55 117
1 12 2
135 198
1 12 2
202 344
1 6 2
83 199
1 7 2
179 297
1 15 2
460 345
1 13 2
469 461
1 3 2
222 240
1 3 2
358 269
1 15 2
267 41
1 13 2
311 126
1 9 2
22 439
1 13 2
372 306
1 12 2
64 206
1 15 2
158 53
1 2 2
226 157
1 15 2
403 367
1 14 2
228 405
1 10 2
428 478
1 9 2
310 136
1 14 2
139 12
1 3 2
183 66
1 3 2
411 451
1 12 2
273 322
1 11 2
243 96
1 3 2
330 320
1 5 2
262 304
1 13 2
232 347
1 15 2
295 94
1 10 2
122 17
1 2 2
75 39
1 10 2
60 174
1 5 2
99 300
1 11 2
113 0
1 6 2
286 400
1 3 2
20 197
1 12 2
21 450
1 13 2
288 458
1 9 2
143 214
1 14 2
407 74
1 8 2
390 471
1 4 2
327 497
1 13 2
452 266
1 11 2
141 408
1 4 2
40 268
1 12 2
466 145
1 15 2
299 198
1 14 2
375 231
1 2 2
18 354
1 13 2
14 54
1 13 2
215 54
1 4 2
160 413
1 6 2
446 323
1 10 2
248 395
1 8 2
156 144
1 6 2
277 424
1 10 2
66 244
1 8 2
367 359
1 13 2
122 302
1 9 2
434 116
1 6 2
231 227
1 4 2
402 454
1 9 2
144 86
1 13 2
169 459
1 11 2
215 442
1 13 2
480 371
1 13 2
9 269
1 4 2
378 42
1 10 2
167 389
1 3 2
437 15
1 11 2
61 233
1 2 2
326 298
1 15 2
45 40
1 8 2
295 481
1 8 2
439 424
1 7 2
73 241
1 2 2
67 334
1 13 2
426 205
1 7 2
276 27
1 9 2
169 164
1 10 2
306 46
1 7 2
268 309
1 6 2
248 220
1 4 2
453 284
1 3 2
475 298
1 12 2
293 425
1 13 2
291 87
1 4 2
291 290
1 9 2
408 248
1 13 2
339 201
1 3 2
437 270
1 8 2
339 235
1 12 2
79 387
1 15 2
133 111
1 7 2
404 172
1 13 2
38 236
1 7 2
434 303
1 15 2
93 462
1 10 2
375 447
1 7 2
326 23
1 5 2
354 397
1 8 2
256 288
1 6 2
228 107
1 5 2
341 272
1 15 2
294 93
1 14 2
379 498
1 14 2
191 444
1 15 2
310 425
1 11 2
477 16
1 12 2
348 152
1 11 2
400 41
1 14 2
18 35
1 14 2
249 87
1 2 2
452 361
1 9 2
438 43
1 7 2
408 322
1 8 2
406 192
1 3 2
48 50
1 5 2
56 7
1 14 2
386 284
1 8 2
455 128
1 2 2
425 357
1 10 2
379 299
1 7 2
166 224
1 9 2
94 23
1 14 2
137 116
1 14 2
490 248
1 5 2
277 346
1 2 2
450 259
1 6 2
268 288
1 13 2
99 320
1 8 2
374 301
1 14 2
241 212
1 4 2
447 116
1 8 2
434 246
1 3 2
323 196
1 14 2
300 4
1 14 2
37 184
1 7 2
131 286
1 7 2
347 444
1 6 2
144 93
1 3 2
302 372
1 12 2
120 379
1 8 2
262 476
1 9 2
460 387
1 13 2
224 312
1 4 2
256 214
1 12 2
200 189
1 13 2
425 153
1 12 2
195 90
1 4 2
352 361
1 11 2
472 451
1 6 2
399 464
1 15 2
473 25
1 10 2
175 226
1 4 2
495 32
1 12 2
196 69
1 13 2
411 447
1 11 2
19 284
1 11 2
49 283
1 13 2
307 123
1 14 2
260 80
1 9 2
381 252
1 9 2
491 324
1 13 2
164 323
1 8 2
405 38
1 9 2
219 327
1 9 2
310 476
1 3 2
478 107
1 9 2
481 270
1 8 2
407 154
1 3 2
364 309
1 15 2
257 68
1 4 2
401 126
1 12 2
8 338
1 15 2
475 4
1 13 2
282 135
1 7 2
468 116
1 6 2
87 24
1 15 2
286 357
1 6 2
138 130
1 3 2
127 349
1 4 2
45 271
1 11 2
178 111
1 4 2
487 108
1 15 2
497 32
1 15 2
164 226
1 9 2
128 379
1 2 2
492 299
1 11 2
409 384
1 9 2
282 63
1 6 2
187 309
1 9 2
368 284
1 3 2
340 143
1 3 2
297 111
1 5 2
374 300
1 15 2
197 385
1 6 2
91 380
1 15 2
199 96
1 9 2
222 247
1 5 2
104 424
1 11 2
32 418
1 3 2
430 85
1 2 2
454 140
1 8 2
470 129
1 9 2
168 47
1 9 2
108 415
1 2 2
193 496
1 4 2
91 83
1 10 2
475 356
1 7 2
326 6
1 3 2
402 261
1 3 2
328 141
1 11 2
163 462
1 3 2
22 0
1 3 2
419 189
1 11 2
496 445
1 6 2
417 192
1 12 2
291 454
1 6 2
405 78
1 9 2
162 321
1 7 2
453 310
1 10 2
76 129
1 9 2
83 254
1 10 2
307 4
1 13 2
334 286
1 12 2
323 398
1 14 2
384 281
1 3 2
150 192
1 9 2
450 61
1 3 2
309 400
1 11 2
74 112
1 8 2
233 403
1 8 2
11 491
1 5 2
388 109
1 8 2
420 365
1 13 2
411 476
1 14 2
54 64
1 14 2
242 223
1 8 2
399 443
1 12 2
141 128
1 8 2
78 281
1 14 2
303 488
1 4 2
172 193
1 5 2
62 49
1 11 2
230 33
1 3 2
148 376
1 9 2
422 196
1 12 2
2 92
1 3 2
183 156
1 5 2
279 23
1 10 2
151 118
1 11 2
498 265
1 7 2
168 390
1 7 2
323 427
1 4 2
152 458
1 14 2
280 49
1 2 2
430 111
1 13 2
202 486
1 7 2
203 27
1 15 2
379 300
1 15 2
50 245
1 8 2
347 370
1 10 2
58 192
1 9 2
24 360
1 8 2
190 301
1 4 2
28 491
1 12 2
186 205
1 9 2
320 353
1 5 2
16 25
1 3 2
490 338
1 5 2
33 31
1 10 2
318 226
1 9 2
75 347
1 6 2
32 78
1 15 2
390 207
1 11 2
474 491
1 9 2
171 124
1 7 2
148 405
1 15 2
201 310
1 15 2
418 162
1 14 2
221 194
1 10 2
216 327
1 3 2
277 291
1 7 2
449 478
1 5 2
37 233
1 12 2
441 302
1 5 2
68 43
1 2 2
393 189
1 4 2
77 253
1 10 2
109 146
1 13 2
26 472
1 8 2
474 407
1 5 2
487 326
1 11 2
112 487
1 12 2
102 442
1 7 2
49 422
1 15 2
79 43
1 15 2
71 183
1 5 2
43 69
1 14 2
31 173
1 13 2
0 393
1 4 2
397 241
1 4 2
28 129
1 5 2
293 30
1 3 2
468 14
1 8 2
75 321
1 3 2
262 364
1 12 2
275 414
1 9 2
241 411
1 3 2
116 430
1 15 2
38 372
1 8 2
49 185
1 12 2
250 444
1 4 2
293 195
1 5 2
356 286
1 10 2
17 136
1 14 2
78 340
1 2 2
181 298
1 4 2
335 351
1 6 2
46 175
1 4 2
369 152
1 3 2
129 415
1 13 2
490 186
1 2 2
122 421
1 2 2
221 94
1 5 2
473 86
1 7 2
183 104
1 4 2
478 195
1 5 2
411 30
1 15 2
146 438
1 6 2
54 31
1 14 2
230 349
1 10 2
310 185
1 5 2
471 323
1 8 2
34 300
1 14 2
191 28
1 9 2
359 498
1 8 2
411 134
1 9 2
434 100
1 11 2
228 68
1 5 2
101 52
1 7 2
456 256
1 3 2
473 21
1 14 2
457 119
1 5 2
410 443
1 5 2
269 30
1 8 2
92 474
1 2 2
213 296
1 7 2
456 195
1 11 2
48 204
1 10 2
393 84
1 10 2
252 62
1 11 2
200 76
1 13 2
255 108
1 7 2
458 382
1 12 2
406 305
1 8 2
297 209
1 15 2
237 245
1 7 2
32 336
1 2 2
276 350
1 15 2
124 173
1 13 2
268 446
1 2 2
206 120
1 8 2
325 162
1 7 2
495 459
1 8 2
199 496
1 8 2
342 42
1 5 2
224 305
1 2 2
105 162
1 13 2
213 62
1 3 2
199 312
1 10 2
404 240
1 4 2
472 305
1 7 2
198 323
1 2 2
95 148
1 2 2
174 132
1 2 2
476 398
1 4 2
206 8
1 3 2
140 43
1 6 2
472 319
1 5 2
49 327
1 15 2
434 456
1 2 2
161 357
1 2 2
110 175
1 3 2
212 389
1 4 2
266 339
1 8 2
3 318
1 3 2
439 299
1 2 2
223 398
1 8 2
379 343
1 11 2
59 222
1 11 2
61 404
1 14 2
195 102
1 8 2
491 135
1 6 2
56 291
1 10 2
88 213
1 14 2
160 419
1 13 2
191 414
1 3 2
271 222
1 13 2
211 186
1 3 2
144 180
1 13 2
150 364
1 6 2
38 342
1 7 2
9 171
1 15 2
355 164
1 2 2
293 253
1 13 2
246 77
1 12 2
399 433
1 15 2
397 299
1 11 2
106 467
1 2 2
342 380
1 3 2
8 263
1 2 2
479 265
1 7 2
103 343
1 6 2
228 120
1 13 2
477 395
1 6 2
123 16
1 8 2
285 188
1 7 2
201 333
1 9 2
99 224
1 5 2
413 263
1 8 2
105 20
1 8 2
6 323
1 5 2
136 296
1 12 2
243 380
1 4 2
58 297
1 2 2
63 398
1 8 2
215 77
1 15 2
470 271
1 11 2
268 240
1 7 2
154 169
1 10 2
113 252
1 14 2
380 238
1 15 2
433 131
1 14 2
272 214
1 3 2
283 83
1 8 2
364 457
1 9 2
308 339
1 3 2
287 195
1 4 2
3 123
1 13 2
410 1
1 5 2
259 263
1 5 2
393 362
1 10 2
463 336
1 5 2
220 108
1 5 2
118 105
1 12 2
373 348
1 8 2
118 117
1 10 2
237 370
1 6 2
491 292
1 11 2
399 215
1 15 2
43 361
1 4 2
426 3
1 6 2
391 169
1 3 2
29 215
1 8 2
236 329
1 3 2
79 136
1 5 2
189 453
1 7 2
285 202
1 4 2
332 182
1 3 2
467 142
1 2 2
300 109
1 2 2
82 125
1 8 2
455 397
1 13 2
453 30
1 13 2
321 452
1 9 2
22 320
1 3 2
413 168
1 7 2
253 487
1 11 2
337 161
1 7 2
162 372
1 13 2
383 343
1 12 2
249 162
1 4 2
425 324
1 14 2
181 215
1 18 2
141 69
1 18 2
63 199
1 6 2
145 337
1 8 2
447 316
1 26 2
142 8
1 22 2
316 136
1 24 2
289 293
1 24 2
244 391
1 8 2
180 250
1 24 2
90 106
1 30 2
448 6
1 10 2
218 15
1 20 2
391 153
1 6 2
43 276
1 6 2
94 317
1 8 2
320 384
1 30 2
131 331
1 24 2
387 391
1 14 2
178 102
