500 2990 1500
5 23 10 20 10 23 16 15 11 24 18 22 25 20 15 10 5 21 22 15 13 7 22 9 8 12 5 15 24 11 19 8 15 15 18 5 21 5 25 5 23 19 15 15 14 20 8 16 15 5 25 10 17 19 11 18 25 21 21 25 7 25 6 23 12 14 14 18 10 5 5 8 10 7 25 24 15 12 23 23 25 25 14 17 16 14 7 7 22 24 22 15 25 18 18 16 20 6 16 5 22 23 20 13 19 11 14 20 16 6 7 13 22 12 8 12 17 7 25 19 10 14 21 25 6 5 11 5 8 11 11 14 19 18 20 21 7 23 5 10 12 21 16 18 17 21 6 15 19 23 21 24 12 17 5 16 15 5 11 20 18 24 5 10 17 14 16 5 18 17 10 14 5 17 25 25 7 9 13 12 11 24 10 13 6 22 13 11 21 12 6 5 20 23 21 19 13 17 23 25 7 25 17 18 24 24 16 14 9 6 12 15 20 9 7 19 12 19 15 18 19 24 25 21 23 5 18 5 11 14 24 24 9 9 20 10 10 12 19 25 17 24 15 16 17 16 7 14 18 25 11 20 25 17 13 21 12 18 9 12 17 16 6 17 22 6 24 6 23 6 13 6 18 12 21 6 15 17 19 22 9 10 18 16 17 21 14 22 21 18 5 11 10 18 21 6 24 10 25 19 12 20 24 21 23 22 21 14 25 20 17 9 9 5 9 20 6 11 16 17 25 13 16 13 14 19 12 8 5 9 6 23 10 24 14 14 18 5 22 20 21 17 16 6 18 11 15 13 14 6 13 7 10 19 5 17 24 15 9 15 14 6 17 24 5 24 9 17 24 6 9 19 16 25 21 23 11 6 7 24 12 5 24 23 12 5 18 12 9 5 12 7 17 11 6 12 25 24 22 24 10 15 23 25 16 11 24 19 21 9 15 22 21 6 23 25 20 15 22 12 24 11 5 17 13 24 15 18 14 8 22 19 8 19 9 5 23 20 25 7 11 14 10 14 14 22 6 20 25 20 9 24 5 19 25 18 10 17 24 22 23 20 24 6 13 20 20 20 21 15 5 5 9 18 11 19 6 19 22 7 17 24 8 25 13 15 14 25 20 25 15 17 7 13 20 17 23 17 10 9
3 15 3 7 16 9 10 12 6 18 5 11 10 11 5 4 17 15 3 11 16 12 4 10 11 18 13 14 11 10 18 3 10 3 9 7 9 7 10 13 3 12 20 13 3 9 17 20 20 11 12 6 19 8 9 16 12 14 6 19 7 18 16 8 16 18 3 16 15 20 4 5 13 6 5 3 10 3 20 6 14 8 4 4 20 14 13 6 6 18 20 20 18 5 8 6 12 10 17 13 14 8 20 15 9 16 3 6 8 15 7 19 18 5 12 6 12 20 19 20 5 17 12 19 17 12 16 6 13 3 11 17 6 8 15 13 13 20 9 13 17 8 7 19 14 12 8 12 16 13 10 19 8 7 14 7 9 13 14 4 7 7 20 12 4 16 10 13 8 18 5 10 19 6 18 13 5 4 17 5 13 13 20 8 6 16 14 16 15 17 9 3 10 4 9 15 6 11 19 19 18 20 11 17 7 6 17 19 3 11 11 14 20 16 12 9 11 12 19 20 20 19 8 20 20 6 12 9 19 11 10 3 15 8 14 18 6 4 8 7 5 12 15 11 8 4 14 6 4 14 19 9 20 4 12 4 3 4 13 15 5 20 12 4 16 15 14 5 3 7 9 9 17 15 15 5 8 19 8 8 10 6 6 12 11 9 5 9 9 12 10 10 15 9 13 8 4 12 12 11 19 20 8 12 15 4 13 19 9 7 13 14 18 13 10 5 5 10 16 17 12 7 17 15 10 9 15 16 11 3 19 3 13 9 10 16 20 17 7 11 16 12 5 3 5 5 9 6 5 19 3 19 20 9 12 8 6 19 8 14 17 15 7 3 3 8 15 13 12 5 12 17 9 12 3 5 11 17 5 4 5 3 8 9 18 11 11 8 13 6 13 11 11 14 15 3 11 17 14 14 13 13 10 16 15 11 13 13 12 18 6 13 17 17 3 19 7 8 15 18 17 8 20 9 16 6 4 12 20 4 3 16 7 4 9 12 15 13 5 8 14 16 7 3 3 20 12 17 8 7 9 5 7 6 17 7 19 6 17 5 6 3 8 14 17 19 6 7 20 5 13 8 7 5 17 14 7 11 15 9 15 12 20 20 7 3 18 16 20 12 19 9 20 16 16 6 3 11 3 15
1 5 2
275 457
1 4 2
389 214
1 7 2
32 475
1 15 2
205 457
1 6 2
409 239
1 15 2
169 396
1 12 2
96 413
1 10 2
120 437
1 10 2
195 44
1 13 2
190 158
1 12 2
50 254
1 7 2
400 220
1 9 2
215 486
1 7 2
32 462
1 10 2
328 61
1 2 2
375 132
1 7 2
313 258
1 10 2
432 127
1 11 2
187 0
1 5 2
412 189
1 3 2
343 210
1 15 2
181 261
1 12 2
221 103
1 2 2
266 442
1 10 2
458 229
1 15 2
312 60
1 12 2
388 110
1 7 2
20 251
1 14 2
326 175
1 5 2
249 449
1 8 2
199 375
1 11 2
108 256
1 15 2
191 264
1 5 2
248 327
1 5 2
394 298
1 11 2
400 224
1 4 2
136 137
1 7 2
225 235
1 3 2
279 285
1 3 2
343 293
1 6 2
219 287
1 15 2
231 445
1 10 2
492 264
1 5 2
86 441
1 14 2
143 331
1 11 2
201 410
1 8 2
62 450
1 5 2
202 454
1 8 2
497 457
1 4 2
382 421
1 3 2
408 450
1 9 2
139 235
1 5 2
394 257
1 14 2
355 134
1 2 2
401 237
1 10 2
428 258
1 13 2
184 294
1 2 2
179 442
1 6 2
45 335
1 7 2
303 408
1 5 2
447 92
1 8 2
321 390
1 7 2
37 211
1 6 2
480 259
1 6 2
111 332
1 9 2
25 148
1 12 2
334 83
1 8 2
456 459
1 6 2
308 195
1 10 2
73 176
1 14 2
3 457
1 6 2
455 478
1 3 2
388 2
1 2 2
246 60
1 8 2
355 135
1 11 2
66 30
1 14 2
410 477
1 3 2
249 465
1 13 2
398 323
1 9 2
10 1
1 8 2
352 368
1 5 2
472 490
1 13 2
153 109
1 8 2
21 189
1 8 2
438 78
1 15 2
337 70
1 8 2
416 312
1 11 2
308 81
1 2 2
165 249
1 6 2
89 413
1 5 2
403 215
1 8 2
385 235
1 6 2
216 481
1 13 2
388 26
1 15 2
273 425
1 10 2
243 444
1 8 2
350 417
1 4 2
396 117
1 7 2
470 292
1 3 2
442 297
1 6 2
366 438
1 6 2
93 98
1 9 2
424 163
1 3 2
192 324
1 5 2
210 176
1 5 2
193 55
1 8 2
291 499
1 6 2
451 393
1 14 2
19 232
1 13 2
105 43
1 15 2
355 498
1 12 2
322 230
1 5 2
495 251
1 5 2
331 358
1 7 2
58 317
1 9 2
8 296
1 12 2
122 429
1 2 2
228 369
1 10 2
120 328
1 14 2
21 258
1 3 2
205 451
1 8 2
193 472
1 10 2
166 263
1 8 2
238 42
1 7 2
39 390
1 4 2
429 141
1 9 2
224 67
1 3 2
130 56
1 2 2
225 392
1 4 2
183 197
1 2 2
499 91
1 12 2
147 379
1 11 2
35 457
1 9 2
284 137
1 2 2
440 175
1 5 2
390 242
1 13 2
106 304
1 13 2
407 445
1 14 2
88 12
1 11 2
268 433
1 8 2
477 308
1 8 2
189 246
1 6 2
248 152
1 8 2
240 441
1 11 2
87 340
1 15 2
414 498
1 15 2
175 389
1 12 2
289 364
1 3 2
181 214
1 2 2
267 270
1 15 2
300 381
1 10 2
402 480
1 15 2
490 64
1 4 2
178 263
1 10 2
410 269
1 14 2
85 273
1 6 2
24 133
1 6 2
269 376
1 12 2
51 168
1 6 2
454 385
1 13 2
177 349
1 7 2
379 352
1 3 2
375 426
1 15 2
370 373
1 6 2
449 156
1 2 2
197 178
1 12 2
357 341
1 7 2
53 165
1 11 2
352 235
1 13 2
315 387
1 4 2
418 434
1 14 2
405 239
1 13 2
75 19
1 10 2
420 467
1 10 2
1 377
1 10 2
498 420
1 10 2
129 206
1 6 2
30 60
1 15 2
203 318
1 9 2
187 17
1 4 2
234 368
1 6 2
219 453
1 15 2
44 181
1 15 2
487 241
1 14 2
157 96
1 5 2
82 243
1 15 2
349 55
1 15 2
59 150
1 3 2
42 263
1 14 2
78 476
1 7 2
364 402
1 15 2
238 185
1 12 2
458 325
1 15 2
42 82
1 12 2
332 376
1 7 2
411 72
1 14 2
179 378
1 8 2
137 192
1 6 2
238 491
1 4 2
149 101
1 7 2
125 77
1 4 2
144 113
1 14 2
137 107
1 8 2
265 264
1 15 2
226 160
1 11 2
493 16
1 13 2
298 51
1 15 2
56 117
1 2 2
461 490
1 3 2
282 428
1 6 2
23 276
1 12 2
246 317
1 11 2
442 452
1 4 2
255 202
1 14 2
351 298
1 2 2
324 70
1 12 2
332 491
1 14 2
84 425
1 2 2
324 325
1 8 2
393 52
1 7 2
333 105
1 8 2
379 302
1 7 2
358 13
1 2 2
204 420
1 14 2
343 51
1 6 2
303 71
1 9 2
8 251
1 9 2
290 481
1 13 2
141 40
1 12 2
151 426
1 2 2
437 73
1 15 2
381 420
1 5 2
381 127
1 9 2
84 288
1 2 2
432 156
1 12 2
475 344
1 6 2
22 241
1 5 2
203 11
1 14 2
472 128
1 9 2
49 103
1 11 2
70 419
1 14 2
385 260
1 11 2
364 460
1 12 2
122 288
1 7 2
457 475
1 11 2
25 423
1 9 2
492 206
1 6 2
221 49
1 14 2
47 380
1 14 2
312 256
1 15 2
169 305
1 5 2
416 127
1 10 2
316 470
1 13 2
43 104
1 6 2
38 214
1 8 2
42 174
1 13 2
68 395
1 4 2
103 160
1 6 2
295 499
1 15 2
95 242
1 8 2
184 41
1 5 2
403 200
1 14 2
37 439
1 15 2
149 204
1 3 2
184 78
1 4 2
186 408
1 6 2
110 207
1 8 2
488 49
1 10 2
343 53
1 8 2
272 327
1 4 2
479 22
1 9 2
460 190
1 10 2
434 188
1 3 2
192 479
1 12 2
305 100
1 14 2
203 61
1 15 2
54 218
1 10 2
400 67
1 2 2
191 400
1 14 2
56 217
1 3 2
99 311
1 10 2
274 12
1 13 2
481 306
1 4 2
92 494
1 4 2
365 321
1 13 2
489 54
1 10 2
107 195
1 11 2
90 256
1 9 2
62 436
1 15 2
244 458
1 6 2
342 93
1 10 2
179 334
1 8 2
205 8
1 2 2
318 367
1 13 2
159 18
1 4 2
280 89
1 9 2
319 151
1 5 2
339 173
1 15 2
179 161
1 2 2
138 128
1 9 2
405 436
1 13 2
432 415
1 2 2
468 49
1 12 2
112 393
1 2 2
380 181
1 10 2
25 439
1 14 2
193 299
1 5 2
49 6
1 10 2
445 431
1 7 2
314 123
1 13 2
190 399
1 9 2
455 246
1 8 2
263 358
1 11 2
374 182
1 6 2
434 396
1 8 2
44 465
1 9 2
173 491
1 8 2
227 331
1 2 2
170 243
1 7 2
260 245
1 8 2
173 82
1 4 2
464 310
1 10 2
393 126
1 13 2
471 485
1 10 2
62 421
1 13 2
339 364
1 10 2
392 441
1 10 2
388 32
1 2 2
127 118
1 15 2
436 150
1 15 2
334 260
1 14 2
55 63
1 14 2
297 237
1 8 2
322 290
1 2 2
382 273
1 8 2
12 351
1 6 2
406 429
1 5 2
122 9
1 11 2
49 389
1 7 2
340 120
1 4 2
294 306
1 6 2
132 397
1 11 2
97 45
1 3 2
427 299
1 5 2
249 270
1 14 2
125 49
1 6 2
434 298
1 5 2
74 418
1 4 2
359 44
1 6 2
364 124
1 8 2
337 147
1 7 2
415 70
1 9 2
51 6
1 13 2
498 437
1 14 2
136 146
1 6 2
112 441
1 14 2
262 82
1 8 2
396 145
1 3 2
110 302
1 11 2
123 204
1 14 2
205 390
1 4 2
1 260
1 3 2
54 409
1 3 2
24 28
1 3 2
81 100
1 13 2
393 80
1 4 2
480 271
1 13 2
264 390
1 8 2
449 325
1 8 2
185 153
1 9 2
62 165
1 10 2
223 93
1 2 2
43 42
1 7 2
493 341
1 11 2
445 492
1 14 2
436 397
1 7 2
373 240
1 8 2
66 418
1 13 2
107 388
1 7 2
1 78
1 6 2
292 446
1 10 2
276 111
1 8 2
215 3
1 2 2
258 357
1 6 2
423 215
1 9 2
409 87
1 6 2
376 401
1 14 2
274 160
1 15 2
390 64
1 2 2
431 125
1 8 2
435 71
1 5 2
45 323
1 11 2
83 108
1 9 2
320 498
1 14 2
291 0
1 10 2
227 137
1 13 2
29 372
1 15 2
339 441
1 12 2
156 161
1 3 2
325 257
1 4 2
314 452
1 8 2
443 76
1 4 2
143 284
1 9 2
290 232
1 11 2
182 109
1 15 2
65 442
1 9 2
62 486
1 12 2
382 219
1 6 2
168 9
1 6 2
168 23
1 13 2
130 21
1 2 2
39 347
1 4 2
494 294
1 13 2
436 327
1 13 2
80 362
1 4 2
253 15
1 14 2
82 17
1 5 2
322 60
1 5 2
487 47
1 5 2
251 338
1 14 2
2 275
1 3 2
382 32
1 4 2
190 474
1 4 2
68 213
1 4 2
87 377
1 9 2
304 329
1 14 2
292 493
1 6 2
391 53
1 9 2
488 402
1 13 2
394 227
1 2 2
288 152
1 10 2
61 331
1 15 2
64 29
1 8 2
201 17
1 7 2
265 95
1 6 2
236 287
1 3 2
472 20
1 3 2
62 171
1 12 2
461 278
1 5 2
77 415
1 5 2
126 214
1 3 2
368 454
1 4 2
226 356
1 3 2
317 75
1 2 2
32 276
1 6 2
104 320
1 8 2
125 213
1 13 2
297 336
1 15 2
294 426
1 12 2
332 495
1 9 2
344 146
1 8 2
176 61
1 6 2
294 160
1 12 2
434 321
1 8 2
76 208
1 10 2
180 423
1 13 2
181 454
1 7 2
454 104
1 12 2
391 76
1 9 2
371 332
1 11 2
436 395
1 3 2
293 269
1 9 2
43 409
1 13 2
255 85
1 9 2
233 348
1 6 2
244 145
1 12 2
145 67
1 4 2
349 494
1 13 2
56 62
1 15 2
352 270
1 6 2
75 101
1 10 2
298 458
1 7 2
328 457
1 10 2
431 394
1 11 2
263 237
1 11 2
363 373
1 2 2
9 442
1 6 2
477 207
1 4 2
374 408
1 6 2
149 134
1 2 2
43 196
1 9 2
14 472
1 13 2
365 491
1 6 2
140 186
1 14 2
225 221
1 10 2
123 100
1 8 2
233 96
1 12 2
245 104
1 8 2
197 172
1 6 2
441 63
1 8 2
326 134
1 3 2
155 46
1 8 2
103 92
1 14 2
465 125
1 14 2
75 215
1 7 2
223 41
1 3 2
362 152
1 7 2
332 89
1 5 2
431 122
1 15 2
342 162
1 15 2
4 318
1 5 2
395 403
1 14 2
174 168
1 15 2
135 287
1 8 2
167 365
1 10 2
255 380
1 12 2
261 359
1 12 2
290 186
1 7 2
366 331
1 7 2
327 373
1 3 2
193 318
1 7 2
260 126
1 9 2
162 481
1 15 2
94 131
1 9 2
410 299
1 9 2
343 108
1 3 2
445 406
1 14 2
428 455
1 2 2
243 253
1 9 2
72 241
1 10 2
344 299
1 5 2
292 105
1 7 2
67 142
1 8 2
1 27
1 14 2
250 81
1 13 2
0 94
1 8 2
159 66
1 13 2
417 458
1 13 2
2 125
1 14 2
114 303
1 15 2
272 462
1 4 2
284 33
1 8 2
366 137
1 2 2
0 472
1 9 2
386 290
1 8 2
434 22
1 14 2
89 252
1 12 2
101 302
1 13 2
318 105
1 14 2
173 29
1 7 2
198 235
1 9 2
12 469
1 2 2
5 310
1 4 2
260 323
1 15 2
91 418
1 10 2
297 127
1 10 2
450 413
1 4 2
70 302
1 2 2
180 243
1 7 2
432 474
1 14 2
266 26
1 11 2
439 336
1 5 2
9 21
1 14 2
260 310
1 14 2
421 468
1 7 2
186 143
1 7 2
3 223
1 11 2
214 126
1 10 2
485 79
1 9 2
380 365
1 12 2
449 221
1 6 2
210 443
1 13 2
429 242
1 9 2
267 366
1 3 2
27 443
1 12 2
456 313
1 15 2
394 234
1 4 2
305 428
1 8 2
96 399
1 4 2
172 125
1 14 2
61 286
1 11 2
28 492
1 4 2
39 330
1 12 2
277 305
1 13 2
149 309
1 7 2
112 257
1 8 2
178 403
1 13 2
6 395
1 6 2
320 8
1 7 2
27 261
1 12 2
470 399
1 4 2
124 447
1 6 2
88 101
1 10 2
139 390
1 12 2
189 260
1 11 2
497 308
1 3 2
131 202
1 2 2
261 435
1 8 2
408 260
1 2 2
120 368
1 6 2
143 21
1 4 2
48 329
1 14 2
91 22
1 9 2
137 58
1 12 2
19 256
1 6 2
68 273
1 12 2
18 340
1 5 2
134 120
1 8 2
143 401
1 9 2
226 111
1 4 2
161 472
1 11 2
284 293
1 5 2
41 499
1 13 2
22 396
1 11 2
409 443
1 13 2
232 5
1 7 2
19 483
1 6 2
445 135
1 4 2
335 100
1 12 2
287 264
1 5 2
349 248
1 6 2
335 27
1 8 2
315 499
1 15 2
41 426
1 7 2
28 201
1 6 2
473 81
1 14 2
420 465
1 9 2
216 97
1 4 2
360 89
1 2 2
340 198
1 12 2
175 49
1 2 2
378 26
1 8 2
428 353
1 15 2
302 88
1 15 2
188 152
1 9 2
280 454
1 10 2
477 328
1 12 2
422 356
1 4 2
218 74
1 9 2
284 168
1 8 2
233 12
1 15 2
496 7
1 13 2
246 240
1 6 2
84 285
1 11 2
70 486
1 2 2
270 442
1 15 2
51 122
1 4 2
373 203
1 6 2
342 461
1 13 2
337 497
1 15 2
417 142
1 8 2
492 444
1 9 2
426 214
1 14 2
252 142
1 5 2
93 11
1 4 2
117 125
1 3 2
55 469
1 3 2
294 331
1 5 2
295 256
1 8 2
465 89
1 6 2
418 426
1 14 2
466 106
1 3 2
285 29
1 10 2
151 303
1 7 2
395 105
1 12 2
208 475
1 12 2
81 280
1 14 2
293 29
1 5 2
497 84
1 8 2
102 365
1 3 2
267 20
1 8 2
159 430
1 14 2
32 417
1 6 2
459 126
1 2 2
261 357
1 9 2
310 495
1 15 2
117 68
1 10 2
486 3
1 5 2
332 75
1 13 2
481 325
1 4 2
248 29
1 5 2
227 405
1 6 2
342 346
1 15 2
445 45
1 10 2
80 466
1 4 2
429 54
1 8 2
438 146
1 4 2
94 268
1 10 2
250 228
1 4 2
367 216
1 11 2
332 304
1 8 2
143 398
1 12 2
378 394
1 4 2
35 462
1 15 2
75 489
1 6 2
195 12
1 5 2
496 493
1 5 2
253 486
1 4 2
94 366
1 14 2
70 439
1 15 2
289 158
1 13 2
109 251
1 14 2
156 218
1 15 2
286 469
1 2 2
112 490
1 7 2
464 311
1 9 2
265 371
1 7 2
353 298
1 2 2
111 381
1 4 2
109 154
1 13 2
288 227
1 12 2
443 289
1 15 2
110 201
1 4 2
218 450
1 5 2
76 450
1 7 2
480 354
1 4 2
313 239
1 15 2
350 428
1 2 2
481 489
1 9 2
346 245
1 2 2
26 60
1 9 2
102 200
1 13 2
496 25
1 10 2
408 184
1 6 2
187 371
1 9 2
488 458
1 5 2
108 326
1 4 2
200 267
1 8 2
433 326
1 2 2
388 36
1 12 2
257 82
1 3 2
298 274
1 13 2
283 69
1 10 2
256 196
1 15 2
364 327
1 7 2
444 298
1 12 2
214 51
1 14 2
74 400
1 12 2
112 144
1 15 2
221 204
1 5 2
400 260
1 5 2
115 346
1 11 2
41 222
1 8 2
320 150
1 15 2
194 128
1 3 2
333 437
1 3 2
257 129
1 4 2
391 287
1 12 2
95 10
1 11 2
327 110
1 8 2
245 239
1 14 2
129 343
1 8 2
149 415
1 11 2
7 18
1 13 2
317 187
1 12 2
136 161
1 4 2
404 100
1 2 2
68 57
1 8 2
36 261
1 3 2
401 95
1 13 2
85 447
1 5 2
159 293
1 14 2
156 471
1 5 2
496 294
1 14 2
402 1
1 4 2
338 124
1 2 2
390 419
1 15 2
366 247
1 10 2
335 460
1 12 2
397 305
1 6 2
39 166
1 13 2
114 379
1 3 2
367 258
1 12 2
259 455
1 2 2
396 450
1 6 2
430 41
1 14 2
491 478
1 12 2
254 34
1 13 2
322 33
1 2 2
274 291
1 15 2
69 240
1 2 2
122 251
1 11 2
205 85
1 3 2
270 137
1 11 2
165 111
1 4 2
273 277
1 9 2
449 429
1 3 2
176 135
1 7 2
3 242
1 15 2
385 320
1 10 2
173 415
1 6 2
6 349
1 14 2
378 427
1 12 2
252 398
1 12 2
107 438
1 3 2
345 18
1 7 2
181 312
1 11 2
313 327
1 4 2
140 281
1 2 2
313 442
1 13 2
164 13
1 15 2
165 308
1 15 2
236 331
1 7 2
285 331
1 14 2
63 314
1 10 2
401 266
1 10 2
64 192
1 15 2
450 338
1 5 2
340 297
1 13 2
384 374
1 2 2
319 170
1 4 2
334 396
1 5 2
246 105
1 15 2
259 24
1 3 2
402 324
1 4 2
266 387
1 13 2
298 428
1 9 2
139 51
1 15 2
263 76
1 14 2
85 458
1 12 2
264 375
1 11 2
209 479
1 14 2
416 286
1 10 2
178 212
1 9 2
372 131
1 14 2
26 21
1 15 2
111 177
1 9 2
145 428
1 5 2
122 143
1 15 2
298 186
1 8 2
138 433
1 12 2
393 79
1 3 2
0 13
1 6 2
81 422
1 14 2
266 260
1 7 2
337 42
1 7 2
319 207
1 15 2
165 369
1 15 2
472 233
1 6 2
69 180
1 3 2
214 48
1 3 2
39 161
1 3 2
69 128
1 5 2
267 97
1 12 2
237 278
1 14 2
430 187
1 10 2
81 315
1 12 2
209 155
1 3 2
75 280
1 13 2
220 274
1 12 2
237 216
1 4 2
388 364
1 9 2
344 164
1 3 2
237 50
1 4 2
51 172
1 15 2
433 148
1 8 2
32 107
1 6 2
348 161
1 5 2
459 478
1 6 2
437 401
1 2 2
346 94
1 14 2
495 365
1 8 2
302 412
1 11 2
76 354
1 11 2
139 59
1 10 2
407 240
1 2 2
394 364
1 9 2
207 92
1 6 2
150 249
1 13 2
418 258
1 3 2
242 390
1 14 2
149 295
1 15 2
196 19
1 5 2
192 175
1 4 2
394 251
1 13 2
432 143
1 11 2
107 93
1 13 2
151 181
1 11 2
179 379
1 6 2
44 201
1 2 2
267 346
1 15 2
95 234
1 10 2
96 323
1 13 2
237 477
1 4 2
322 414
1 7 2
450 322
1 13 2
493 382
1 3 2
216 324
1 7 2
322 396
1 8 2
68 195
1 7 2
285 284
1 4 2
457 257
1 11 2
5 142
1 4 2
378 364
1 7 2
60 9
1 4 2
30 137
1 15 2
127 109
1 12 2
395 69
1 3 2
279 283
1 3 2
336 112
1 6 2
6 78
1 14 2
16 250
1 8 2
468 272
1 15 2
259 428
1 10 2
115 128
1 2 2
266 232
1 2 2
494 70
1 2 2
19 146
1 8 2
121 342
1 2 2
293 15
1 8 2
326 150
1 13 2
176 484
1 12 2
57 211
1 10 2
1 161
1 12 2
426 470
1 10 2
343 5
1 10 2
291 342
1 6 2
192 314
1 3 2
267 272
1 9 2
186 136
1 7 2
148 89
1 15 2
206 171
1 12 2
229 199
1 8 2
208 294
1 4 2
126 429
1 2 2
70 46
1 14 2
296 302
1 10 2
471 168
1 3 2
29 493
1 2 2
452 103
1 15 2
93 108
1 10 2
272 12
1 8 2
0 349
1 10 2
323 202
1 7 2
218 469
1 13 2
171 41
1 11 2
243 52
1 9 2
193 486
1 12 2
86 163
1 12 2
130 26
1 11 2
25 48
1 11 2
177 380
1 15 2
82 309
1 4 2
442 284
1 13 2
218 433
1 5 2
404 35
1 8 2
119 34
1 15 2
163 46
1 12 2
410 209
1 7 2
341 102
1 2 2
182 213
1 14 2
210 58
1 8 2
79 22
1 15 2
428 358
1 7 2
195 267
1 15 2
30 198
1 6 2
496 295
1 9 2
420 206
1 11 2
453 244
1 8 2
313 201
1 6 2
72 436
1 15 2
246 401
1 13 2
400 179
1 7 2
483 387
1 12 2
88 220
1 4 2
106 13
1 6 2
440 2
1 5 2
399 375
1 10 2
175 165
1 15 2
52 420
1 11 2
233 142
1 10 2
168 13
1 9 2
222 126
1 5 2
3 282
1 12 2
171 4
1 15 2
131 300
1 12 2
436 144
1 14 2
212 4
1 7 2
480 140
1 5 2
292 163
1 11 2
111 124
1 15 2
137 99
1 5 2
120 206
1 5 2
302 472
1 10 2
279 196
1 6 2
358 273
1 3 2
318 385
1 11 2
214 278
1 10 2
255 0
1 13 2
98 63
1 3 2
135 68
1 6 2
393 5
1 7 2
440 274
1 3 2
474 28
1 3 2
252 285
1 5 2
197 337
1 5 2
250 270
1 3 2
344 24
1 4 2
319 212
1 11 2
148 207
1 14 2
166 185
1 10 2
437 282
1 14 2
210 103
1 2 2
56 126
1 15 2
68 484
1 9 2
432 258
1 15 2
102 486
1 5 2
251 140
1 14 2
167 144
1 11 2
485 271
1 3 2
251 109
1 5 2
19 458
1 10 2
396 350
1 3 2
267 90
1 14 2
411 366
1 7 2
259 248
1 7 2
149 274
1 9 2
150 80
1 6 2
215 386
1 5 2
55 103
1 2 2
94 38
1 8 2
85 229
1 4 2
175 366
1 8 2
287 210
1 3 2
355 489
1 13 2
347 290
1 13 2
94 297
1 8 2
414 334
1 5 2
423 39
1 8 2
137 210
1 6 2
241 108
1 5 2
179 89
1 3 2
131 177
1 10 2
46 166
1 4 2
121 48
1 6 2
158 97
1 11 2
246 365
1 6 2
321 8
1 15 2
420 60
1 3 2
114 30
1 5 2
450 231
1 9 2
497 88
1 3 2
282 290
1 11 2
114 211
1 11 2
483 180
1 10 2
447 95
1 8 2
18 213
1 5 2
75 490
1 11 2
365 101
1 11 2
490 269
1 7 2
101 48
1 10 2
360 35
1 11 2
221 208
1 15 2
141 224
1 5 2
406 235
1 15 2
63 273
1 2 2
400 3
1 3 2
498 408
1 11 2
146 136
1 13 2
28 129
1 6 2
13 175
1 9 2
221 106
1 5 2
62 33
1 13 2
292 41
1 5 2
492 201
1 2 2
166 223
1 7 2
47 97
1 15 2
222 315
1 14 2
52 112
1 10 2
327 453
1 8 2
150 38
1 5 2
267 1
1 9 2
90 292
1 7 2
137 241
1 9 2
340 249
1 13 2
42 197
1 8 2
465 229
1 10 2
184 64
1 14 2
498 179
1 12 2
152 187
1 7 2
351 409
1 3 2
227 274
1 2 2
241 328
1 12 2
433 122
1 6 2
73 346
1 6 2
95 272
1 3 2
4 299
1 10 2
29 343
1 10 2
384 257
1 2 2
314 53
1 12 2
276 479
1 3 2
251 8
1 8 2
332 414
1 5 2
205 423
1 2 2
425 418
1 6 2
35 315
1 7 2
413 173
1 10 2
134 192
1 11 2
472 381
1 13 2
445 228
1 3 2
172 480
1 11 2
25 386
1 12 2
356 478
1 9 2
440 366
1 15 2
494 313
1 4 2
385 251
1 2 2
354 365
1 12 2
35 239
1 3 2
383 100
1 11 2
492 365
1 6 2
69 45
1 3 2
485 304
1 12 2
296 253
1 8 2
448 350
1 12 2
111 487
1 11 2
305 94
1 2 2
22 154
1 12 2
465 343
1 5 2
212 417
1 7 2
290 391
1 8 2
12 369
1 2 2
375 24
1 2 2
453 103
1 8 2
475 325
1 7 2
295 471
1 6 2
451 52
1 8 2
409 433
1 13 2
9 447
1 14 2
35 425
1 12 2
310 172
1 12 2
369 61
1 8 2
382 482
1 12 2
151 12
1 5 2
418 423
1 7 2
393 342
1 5 2
193 391
1 5 2
417 372
1 5 2
19 455
1 4 2
92 485
1 2 2
32 476
1 10 2
308 378
1 9 2
462 289
1 6 2
463 327
1 3 2
268 199
1 14 2
84 363
1 8 2
161 115
1 9 2
419 215
1 9 2
490 380
1 13 2
255 102
1 6 2
232 355
1 8 2
347 405
1 10 2
309 358
1 2 2
55 217
1 11 2
45 406
1 12 2
37 410
1 15 2
91 498
1 2 2
392 211
1 15 2
11 361
1 12 2
475 263
1 13 2
209 75
1 7 2
135 496
1 7 2
99 35
1 5 2
11 176
1 15 2
63 116
1 2 2
326 139
1 10 2
250 498
1 10 2
316 345
1 9 2
433 278
1 7 2
472 325
1 8 2
381 311
1 11 2
320 458
1 11 2
262 374
1 14 2
365 40
1 10 2
238 426
1 9 2
158 456
1 5 2
25 479
1 13 2
49 76
1 3 2
321 180
1 9 2
0 315
1 12 2
257 140
1 15 2
273 427
1 3 2
428 185
1 12 2
262 424
1 14 2
455 491
1 7 2
167 65
1 4 2
84 191
1 8 2
351 189
1 10 2
195 189
1 13 2
110 284
1 12 2
43 49
1 3 2
212 328
1 15 2
186 31
1 2 2
92 182
1 6 2
381 182
1 13 2
201 387
1 11 2
485 13
1 8 2
286 261
1 14 2
377 105
1 14 2
204 244
1 3 2
336 433
1 15 2
300 258
1 11 2
409 445
1 3 2
177 112
1 11 2
196 435
1 9 2
222 214
1 7 2
198 226
1 6 2
108 345
1 2 2
179 392
1 4 2
1 422
1 2 2
441 301
1 6 2
142 186
1 13 2
413 377
1 7 2
312 242
1 14 2
38 258
1 13 2
100 164
1 9 2
191 27
1 9 2
192 94
1 9 2
440 409
1 9 2
364 53
1 2 2
117 303
1 9 2
112 194
1 8 2
358 86
1 13 2
87 492
1 4 2
445 375
1 7 2
235 180
1 15 2
191 203
1 7 2
337 345
1 8 2
322 252
1 2 2
232 53
1 11 2
448 247
1 13 2
437 47
1 5 2
2 471
1 5 2
100 166
1 12 2
386 469
1 10 2
443 315
1 13 2
63 114
1 13 2
7 470
1 8 2
108 95
1 11 2
354 202
1 15 2
141 283
1 15 2
128 170
1 12 2
259 439
1 14 2
362 134
1 4 2
436 454
1 12 2
46 360
1 15 2
261 293
1 14 2
173 437
1 3 2
367 104
1 15 2
467 41
1 8 2
442 366
1 3 2
109 428
1 14 2
174 301
1 4 2
480 160
1 10 2
358 162
1 14 2
307 215
1 7 2
280 287
1 4 2
270 354
1 6 2
30 287
1 11 2
177 388
1 10 2
9 196
1 15 2
106 472
1 13 2
285 301
1 13 2
159 303
1 11 2
249 309
1 5 2
229 479
1 7 2
444 450
1 15 2
264 116
1 11 2
132 268
1 5 2
305 318
1 6 2
44 429
1 6 2
315 317
1 11 2
150 170
1 2 2
163 392
1 6 2
228 390
1 15 2
290 192
1 8 2
78 228
1 2 2
7 90
1 3 2
316 164
1 10 2
411 56
1 2 2
220 456
1 2 2
159 317
1 11 2
11 104
1 10 2
480 133
1 12 2
365 104
1 9 2
269 255
1 5 2
384 76
1 12 2
324 176
1 4 2
197 32
1 11 2
415 48
1 10 2
371 305
1 12 2
476 212
1 7 2
296 54
1 10 2
251 123
1 6 2
2 105
1 15 2
359 404
1 3 2
22 180
1 6 2
358 17
1 15 2
162 374
1 9 2
147 319
1 7 2
454 318
1 11 2
199 110
1 4 2
286 39
1 13 2
243 100
1 11 2
110 454
1 14 2
478 362
1 7 2
457 41
1 2 2
80 496
1 11 2
356 78
1 13 2
243 51
1 10 2
497 133
1 11 2
79 364
1 2 2
347 84
1 12 2
196 343
1 12 2
167 492
1 13 2
391 469
1 5 2
456 38
1 7 2
3 306
1 13 2
473 72
1 15 2
359 401
1 10 2
307 443
1 14 2
491 354
1 6 2
436 469
1 5 2
487 298
1 13 2
479 76
1 7 2
395 200
1 15 2
16 289
1 11 2
390 331
1 7 2
188 250
1 5 2
97 350
1 13 2
33 158
1 2 2
0 314
1 9 2
187 55
1 13 2
438 264
1 13 2
201 218
1 11 2
376 366
1 7 2
343 294
1 8 2
408 168
1 3 2
39 319
1 3 2
101 194
1 12 2
133 460
1 15 2
323 7
1 15 2
152 262
1 11 2
72 125
1 8 2
382 406
1 4 2
61 162
1 2 2
82 28
1 3 2
435 176
1 5 2
198 144
1 10 2
388 381
1 4 2
131 335
1 2 2
387 94
1 2 2
177 117
1 2 2
441 271
1 5 2
423 497
1 3 2
385 31
1 14 2
306 51
1 8 2
406 215
1 14 2
266 454
1 5 2
251 107
1 8 2
212 157
1 4 2
328 357
1 5 2
351 370
1 10 2
331 201
1 10 2
117 400
1 5 2
267 411
1 15 2
197 423
1 11 2
317 191
1 4 2
462 73
1 4 2
229 477
1 7 2
281 466
1 15 2
113 162
1 4 2
94 70
1 14 2
483 62
1 3 2
88 328
1 13 2
249 258
1 11 2
57 130
1 15 2
471 277
1 14 2
439 85
1 3 2
11 193
1 3 2
169 118
1 13 2
419 354
1 9 2
7 150
1 10 2
125 273
1 4 2
89 497
1 4 2
466 103
1 13 2
125 362
1 6 2
388 426
1 12 2
255 46
1 4 2
34 391
1 5 2
444 145
1 12 2
295 211
1 12 2
435 486
1 9 2
284 43
1 11 2
294 411
1 13 2
312 426
1 11 2
108 416
1 3 2
170 361
1 13 2
210 127
1 5 2
351 165
1 9 2
363 428
1 11 2
207 385
1 5 2
213 404
1 3 2
165 66
1 13 2
207 93
1 6 2
250 464
1 14 2
205 217
1 5 2
54 351
1 6 2
311 347
1 9 2
208 175
1 11 2
422 342
1 15 2
371 254
1 3 2
322 378
1 5 2
159 483
1 15 2
110 36
1 2 2
493 118
1 3 2
295 419
1 14 2
73 424
1 12 2
209 199
1 8 2
131 400
1 11 2
99 147
1 12 2
432 427
1 7 2
444 229
1 6 2
225 294
1 2 2
81 84
1 7 2
210 381
1 2 2
195 202
1 12 2
102 243
1 13 2
283 291
1 7 2
153 69
1 8 2
370 467
1 6 2
103 390
1 9 2
243 231
1 8 2
439 153
1 6 2
326 131
1 10 2
480 73
1 5 2
375 81
1 4 2
387 421
1 2 2
391 382
1 6 2
301 325
1 11 2
261 383
1 12 2
237 132
1 9 2
117 413
1 6 2
94 394
1 12 2
34 476
1 8 2
374 128
1 11 2
190 404
1 8 2
99 412
1 10 2
277 268
1 9 2
83 78
1 15 2
404 118
1 5 2
105 207
1 12 2
216 382
1 5 2
358 374
1 7 2
30 292
1 4 2
92 211
1 14 2
461 340
1 9 2
487 15
1 6 2
119 276
1 14 2
347 410
1 12 2
473 491
1 7 2
398 391
1 14 2
152 430
1 13 2
80 103
1 14 2
68 228
1 2 2
334 335
1 6 2
263 319
1 9 2
182 247
1 10 2
170 484
1 4 2
233 54
1 5 2
25 24
1 5 2
467 229
1 7 2
82 35
1 12 2
102 5
1 12 2
360 369
1 4 2
99 193
1 10 2
181 189
1 9 2
479 428
1 3 2
492 137
1 3 2
309 131
1 12 2
170 60
1 12 2
468 392
1 5 2
113 467
1 6 2
492 34
1 11 2
87 419
1 7 2
74 303
1 5 2
203 462
1 12 2
400 227
1 7 2
207 370
1 15 2
79 207
1 7 2
420 403
1 4 2
290 494
1 9 2
155 156
1 7 2
199 255
1 4 2
477 237
1 3 2
165 50
1 5 2
354 484
1 11 2
286 141
1 9 2
324 361
1 14 2
169 327
1 15 2
202 456
1 3 2
380 121
1 12 2
56 340
1 4 2
283 491
1 7 2
186 376
1 3 2
406 418
1 9 2
211 354
1 5 2
199 251
1 7 2
69 474
1 9 2
116 247
1 5 2
212 376
1 7 2
18 319
1 6 2
46 19
1 8 2
157 266
1 3 2
369 376
1 9 2
184 449
1 3 2
252 54
1 2 2
105 272
1 15 2
154 184
1 11 2
101 10
1 9 2
220 198
1 5 2
246 109
1 15 2
169 29
1 4 2
109 245
1 6 2
90 295
1 14 2
361 8
1 14 2
45 84
1 15 2
331 417
1 9 2
172 105
1 7 2
458 243
1 13 2
15 32
1 8 2
345 94
1 11 2
105 154
1 14 2
193 300
1 8 2
390 136
1 2 2
363 461
1 3 2
181 190
1 7 2
297 476
1 8 2
270 408
1 2 2
21 151
1 3 2
484 290
1 14 2
15 13
1 7 2
390 29
1 11 2
343 285
1 4 2
284 63
1 2 2
62 214
1 10 2
109 265
1 4 2
116 392
1 10 2
460 50
1 2 2
312 150
1 15 2
121 437
1 11 2
219 156
1 3 2
148 330
1 15 2
325 402
1 7 2
195 19
1 3 2
263 285
1 12 2
391 96
1 8 2
256 102
1 13 2
384 452
1 4 2
466 8
1 6 2
163 329
1 4 2
168 66
1 8 2
48 151
1 6 2
351 272
1 6 2
82 112
1 11 2
391 101
1 3 2
171 67
1 8 2
454 473
1 12 2
267 59
1 6 2
183 449
1 15 2
251 463
1 14 2
178 131
1 7 2
318 20
1 5 2
345 69
1 8 2
132 362
1 10 2
155 42
1 11 2
58 395
1 11 2
147 193
1 3 2
29 285
1 4 2
494 209
1 12 2
167 184
1 10 2
70 443
1 13 2
133 303
1 14 2
299 233
1 3 2
428 462
1 7 2
146 269
1 11 2
9 189
1 10 2
6 379
1 9 2
33 435
1 11 2
249 387
1 6 2
107 266
1 5 2
319 134
1 9 2
337 459
1 15 2
209 422
1 14 2
353 36
1 6 2
48 128
1 9 2
466 274
1 2 2
275 208
1 14 2
16 266
1 8 2
178 368
1 3 2
494 337
1 2 2
80 341
1 2 2
134 227
1 3 2
296 451
1 8 2
174 366
1 4 2
237 349
1 7 2
128 433
1 6 2
49 23
1 4 2
145 444
1 4 2
204 326
1 12 2
152 317
1 10 2
312 86
1 13 2
169 112
1 15 2
256 262
1 11 2
163 430
1 12 2
420 402
1 12 2
95 157
1 3 2
140 333
1 8 2
87 89
1 4 2
435 487
1 15 2
153 176
1 12 2
472 373
1 8 2
157 116
1 10 2
218 8
1 2 2
102 136
1 9 2
460 183
1 11 2
30 83
1 14 2
279 301
1 4 2
98 83
1 4 2
356 192
1 14 2
95 455
1 5 2
90 219
1 9 2
29 376
1 9 2
188 232
1 14 2
327 391
1 3 2
331 426
1 6 2
207 419
1 9 2
302 388
1 8 2
76 305
1 12 2
37 445
1 3 2
427 216
1 9 2
288 115
1 2 2
357 483
1 11 2
408 5
1 5 2
183 51
1 2 2
94 219
1 10 2
491 31
1 14 2
258 343
1 8 2
45 182
1 12 2
254 243
1 7 2
206 242
1 4 2
435 94
1 12 2
389 344
1 14 2
71 8
1 11 2
462 321
1 5 2
117 93
1 7 2
416 21
1 5 2
145 262
1 4 2
403 122
1 9 2
129 120
1 6 2
204 402
1 11 2
48 432
1 4 2
180 459
1 11 2
321 476
1 4 2
462 471
1 6 2
301 95
1 13 2
355 280
1 12 2
263 26
1 11 2
184 251
1 8 2
120 79
1 13 2
350 193
1 11 2
205 437
1 2 2
467 40
1 5 2
85 145
1 10 2
5 94
1 14 2
32 162
1 11 2
488 154
1 9 2
320 43
1 14 2
377 227
1 7 2
76 16
1 6 2
473 352
1 14 2
373 345
1 8 2
196 8
1 11 2
97 342
1 15 2
20 330
1 7 2
242 247
1 14 2
292 239
1 6 2
84 202
1 11 2
246 82
1 9 2
281 62
1 10 2
249 205
1 7 2
423 405
1 11 2
69 489
1 12 2
328 149
1 4 2
184 0
1 2 2
252 351
1 3 2
21 35
1 5 2
418 260
1 3 2
166 53
1 2 2
338 262
1 15 2
172 316
1 5 2
445 347
1 4 2
157 59
1 4 2
47 473
1 11 2
194 9
1 6 2
47 208
1 15 2
363 193
1 10 2
274 212
1 3 2
37 498
1 6 2
324 140
1 5 2
239 22
1 2 2
93 75
1 12 2
67 212
1 15 2
184 88
1 12 2
252 366
1 11 2
374 282
1 10 2
87 463
1 9 2
241 206
1 9 2
109 105
1 5 2
326 23
1 4 2
476 492
1 9 2
133 241
1 15 2
51 276
1 12 2
412 264
1 2 2
440 150
1 15 2
363 437
1 9 2
232 406
1 13 2
51 392
1 10 2
320 322
1 13 2
223 228
1 5 2
219 61
1 7 2
93 364
1 13 2
433 369
1 10 2
239 200
1 9 2
458 132
1 13 2
52 253
1 6 2
26 249
1 12 2
334 353
1 15 2
456 276
1 6 2
176 295
1 7 2
20 287
1 9 2
364 374
1 5 2
151 50
1 12 2
8 41
1 6 2
3 104
1 15 2
220 89
1 3 2
190 328
1 10 2
422 425
1 5 2
462 381
1 9 2
50 402
1 9 2
18 453
1 10 2
368 419
1 5 2
446 94
1 2 2
491 383
1 6 2
305 256
1 5 2
349 305
1 13 2
467 206
1 9 2
67 411
1 12 2
112 270
1 10 2
438 35
1 13 2
438 37
1 8 2
439 438
1 2 2
11 319
1 8 2
221 91
1 13 2
276 54
1 9 2
202 364
1 8 2
325 6
1 11 2
420 125
1 5 2
156 381
1 15 2
186 427
1 10 2
236 325
1 12 2
348 104
1 8 2
245 199
1 11 2
216 398
1 4 2
121 317
1 7 2
70 231
1 3 2
24 27
1 4 2
232 153
1 5 2
246 461
1 13 2
287 23
1 12 2
225 340
1 3 2
473 308
1 4 2
434 276
1 9 2
137 6
1 3 2
2 170
1 12 2
22 238
1 8 2
324 428
1 7 2
390 165
1 14 2
370 356
1 2 2
220 123
1 4 2
346 268
1 3 2
483 424
1 15 2
243 266
1 10 2
378 453
1 15 2
364 345
1 15 2
140 262
1 2 2
41 209
1 10 2
490 168
1 3 2
193 39
1 15 2
269 311
1 4 2
187 424
1 6 2
352 361
1 9 2
95 381
1 12 2
18 315
1 6 2
165 419
1 11 2
442 214
1 11 2
253 110
1 13 2
358 71
1 9 2
109 337
1 5 2
349 102
1 5 2
112 374
1 7 2
495 429
1 12 2
193 17
1 2 2
29 329
1 9 2
252 112
1 4 2
278 343
1 10 2
309 238
1 4 2
120 103
1 9 2
55 62
1 11 2
207 49
1 10 2
228 411
1 6 2
433 279
1 2 2
91 182
1 14 2
135 408
1 13 2
124 14
1 3 2
324 3
1 14 2
317 423
1 14 2
43 166
1 5 2
156 361
1 3 2
184 486
1 2 2
154 407
1 4 2
472 442
1 3 2
70 357
1 3 2
456 449
1 12 2
400 208
1 3 2
232 367
1 9 2
96 255
1 3 2
104 380
1 6 2
299 270
1 12 2
297 341
1 3 2
16 90
1 14 2
220 143
1 6 2
371 11
1 14 2
394 413
1 14 2
10 4
1 9 2
271 52
1 10 2
92 119
1 12 2
344 259
1 3 2
347 12
1 9 2
195 159
1 8 2
88 335
1 4 2
165 388
1 3 2
33 153
1 8 2
380 43
1 3 2
80 224
1 4 2
106 383
1 13 2
30 112
1 7 2
51 30
1 4 2
185 271
1 3 2
4 460
1 7 2
400 2
1 2 2
360 399
1 6 2
412 292
1 3 2
37 275
1 3 2
480 255
1 11 2
224 374
1 6 2
410 190
1 2 2
86 91
1 9 2
199 333
1 5 2
415 73
1 6 2
307 290
1 15 2
191 389
1 7 2
453 307
1 6 2
441 344
1 3 2
324 369
1 12 2
498 149
1 3 2
69 236
1 2 2
333 46
1 12 2
86 35
1 13 2
392 485
1 13 2
443 109
1 11 2
451 246
1 10 2
441 216
1 12 2
271 323
1 14 2
294 168
1 3 2
353 498
1 2 2
301 33
1 13 2
211 441
1 10 2
434 204
1 3 2
219 380
1 2 2
60 88
1 14 2
440 68
1 5 2
191 119
1 12 2
64 71
1 11 2
72 376
1 12 2
134 314
1 13 2
143 216
1 14 2
22 166
1 5 2
105 103
1 10 2
132 252
1 6 2
15 473
1 9 2
231 45
1 6 2
43 279
1 11 2
151 402
1 9 2
363 310
1 11 2
460 158
1 11 2
295 411
1 12 2
467 215
1 13 2
294 193
1 5 2
482 371
1 14 2
460 139
1 3 2
26 411
1 6 2
76 396
1 14 2
147 96
1 8 2
452 389
1 8 2
76 267
1 3 2
45 7
1 13 2
46 491
1 11 2
411 104
1 10 2
308 463
1 6 2
466 224
1 5 2
421 63
1 2 2
196 480
1 15 2
193 377
1 5 2
68 127
1 11 2
435 240
1 5 2
121 384
1 10 2
308 368
1 8 2
32 251
1 4 2
283 143
1 7 2
315 303
1 6 2
440 197
1 3 2
2 297
1 9 2
188 269
1 9 2
173 304
1 15 2
378 23
1 7 2
456 99
1 12 2
491 484
1 4 2
391 36
1 14 2
11 221
1 3 2
437 181
1 2 2
411 473
1 3 2
281 300
1 3 2
469 333
1 15 2
292 161
1 3 2
377 78
1 14 2
78 398
1 4 2
47 21
1 14 2
125 405
1 13 2
377 35
1 10 2
89 101
1 13 2
466 53
1 13 2
18 1
1 14 2
28 349
1 12 2
108 344
1 8 2
120 230
1 2 2
278 158
1 3 2
352 227
1 10 2
164 421
1 3 2
292 266
1 9 2
9 40
1 6 2
41 224
1 13 2
97 92
1 11 2
138 382
1 11 2
103 195
1 10 2
301 184
1 2 2
112 117
1 3 2
290 33
1 3 2
350 147
1 12 2
71 362
1 7 2
2 456
1 15 2
286 352
1 14 2
412 308
1 3 2
491 463
1 3 2
86 206
1 13 2
148 233
1 3 2
163 108
1 14 2
423 117
1 10 2
76 229
1 3 2
382 42
1 2 2
291 272
1 7 2
97 117
1 13 2
260 62
1 11 2
460 426
1 15 2
209 167
1 8 2
337 178
1 7 2
287 379
1 4 2
465 134
1 14 2
271 331
1 10 2
422 6
1 4 2
211 410
1 15 2
194 435
1 4 2
59 54
1 7 2
160 225
1 11 2
65 134
1 5 2
367 210
1 15 2
385 9
1 15 2
154 304
1 12 2
492 14
1 15 2
155 338
1 14 2
368 323
1 12 2
61 255
1 15 2
422 60
1 8 2
332 412
1 3 2
153 22
1 13 2
382 126
1 8 2
268 457
1 9 2
120 130
1 9 2
447 251
1 10 2
136 50
1 2 2
12 416
1 9 2
454 258
1 11 2
351 467
1 6 2
42 429
1 9 2
479 355
1 13 2
348 245
1 8 2
257 137
1 13 2
165 454
1 11 2
71 443
1 11 2
233 6
1 11 2
267 146
1 14 2
383 417
1 5 2
465 334
1 2 2
146 297
1 7 2
152 181
1 11 2
321 203
1 15 2
400 296
1 9 2
444 71
1 12 2
299 93
1 6 2
420 452
1 9 2
489 85
1 12 2
138 387
1 13 2
75 405
1 8 2
395 429
1 14 2
308 43
1 5 2
317 376
1 6 2
54 12
1 13 2
101 70
1 9 2
37 208
1 7 2
177 133
1 2 2
341 278
1 6 2
166 345
1 11 2
287 247
1 6 2
22 45
1 9 2
384 32
1 9 2
266 438
1 10 2
318 74
1 6 2
171 399
1 4 2
232 91
1 2 2
315 378
1 5 2
77 80
1 13 2
378 267
1 3 2
344 294
1 6 2
269 160
1 9 2
220 24
1 4 2
469 54
1 12 2
16 101
1 13 2
59 25
1 10 2
298 201
1 15 2
206 286
1 14 2
260 49
1 7 2
372 137
1 5 2
161 479
1 9 2
470 288
1 14 2
130 403
1 14 2
270 17
1 7 2
473 250
1 14 2
32 217
1 9 2
338 174
1 6 2
288 216
1 15 2
17 458
1 9 2
419 62
1 13 2
380 218
1 12 2
175 374
1 8 2
182 14
1 3 2
218 33
1 14 2
463 55
1 10 2
438 191
1 2 2
234 473
1 6 2
376 268
1 13 2
364 55
1 3 2
194 485
1 8 2
365 237
1 12 2
254 6
1 14 2
205 463
1 15 2
165 87
1 8 2
202 209
1 6 2
135 164
1 12 2
237 204
1 11 2
232 116
1 5 2
496 386
1 11 2
297 467
1 12 2
252 27
1 8 2
140 134
1 9 2
330 0
1 9 2
90 433
1 4 2
169 273
1 10 2
457 478
1 4 2
337 97
1 8 2
335 415
1 8 2
217 406
1 12 2
230 496
1 6 2
268 21
1 13 2
356 51
1 6 2
18 113
1 2 2
193 484
1 4 2
150 450
1 14 2
50 248
1 14 2
398 142
1 13 2
459 416
1 7 2
154 257
1 5 2
228 467
1 4 2
141 49
1 7 2
489 350
1 15 2
485 24
1 8 2
252 79
1 6 2
28 471
1 8 2
157 461
1 4 2
278 326
1 5 2
249 76
1 15 2
258 366
1 10 2
397 278
1 4 2
387 476
1 7 2
226 391
1 13 2
247 259
1 4 2
6 105
1 10 2
466 427
1 7 2
486 267
1 2 2
489 218
1 7 2
123 427
1 5 2
326 95
1 15 2
361 383
1 10 2
479 212
1 7 2
17 193
1 3 2
324 166
1 2 2
304 315
1 4 2
356 445
1 5 2
292 212
1 15 2
131 6
1 15 2
365 91
1 12 2
251 420
1 14 2
371 489
1 5 2
367 38
1 5 2
165 418
1 13 2
110 472
1 10 2
203 41
1 15 2
360 201
1 3 2
414 331
1 11 2
225 0
1 6 2
405 36
1 11 2
484 337
1 12 2
468 409
1 15 2
488 414
1 2 2
5 59
1 5 2
82 16
1 7 2
493 201
1 12 2
489 367
1 9 2
129 306
1 8 2
478 31
1 4 2
17 400
1 2 2
175 86
1 8 2
325 55
1 4 2
499 226
1 11 2
57 247
1 6 2
276 323
1 13 2
34 381
1 6 2
423 223
1 10 2
221 110
1 9 2
245 355
1 15 2
399 135
1 5 2
75 159
1 14 2
61 105
1 15 2
310 405
1 9 2
436 83
1 5 2
397 112
1 13 2
386 365
1 11 2
189 291
1 15 2
262 477
1 9 2
346 262
1 8 2
452 133
1 7 2
70 409
1 4 2
499 130
1 5 2
226 107
1 8 2
200 208
1 13 2
280 457
1 2 2
489 81
1 6 2
12 6
1 4 2
140 50
1 13 2
160 54
1 12 2
77 462
1 14 2
458 66
1 2 2
28 378
1 13 2
355 225
1 6 2
498 79
1 8 2
316 403
1 14 2
192 441
1 3 2
431 360
1 4 2
68 145
1 8 2
124 125
1 14 2
142 366
1 6 2
86 433
1 2 2
96 444
1 15 2
264 296
1 6 2
62 100
1 10 2
0 152
1 12 2
398 78
1 15 2
111 172
1 11 2
224 239
1 11 2
233 53
1 2 2
150 59
1 11 2
282 201
1 12 2
129 106
1 4 2
173 349
1 10 2
243 256
1 12 2
281 5
1 5 2
194 448
1 3 2
286 331
1 10 2
110 357
1 2 2
253 122
1 8 2
248 107
1 9 2
41 158
1 5 2
385 306
1 3 2
128 310
1 12 2
268 95
1 2 2
453 205
1 15 2
125 459
1 4 2
297 210
1 7 2
276 498
1 12 2
358 9
1 11 2
33 473
1 15 2
232 345
1 6 2
294 254
1 12 2
288 309
1 3 2
36 189
1 12 2
488 208
1 7 2
405 439
1 14 2
461 168
1 5 2
31 320
1 9 2
11 478
1 11 2
130 114
1 10 2
458 159
1 3 2
70 5
1 4 2
30 387
1 12 2
72 81
1 5 2
46 395
1 7 2
401 113
1 11 2
329 143
1 11 2
314 402
1 3 2
305 6
1 3 2
259 401
1 10 2
73 51
1 14 2
203 1
1 4 2
222 120
1 5 2
478 212
1 14 2
327 377
1 8 2
48 377
1 13 2
197 246
1 3 2
16 306
1 15 2
184 307
1 12 2
374 179
1 15 2
311 290
1 11 2
245 60
1 9 2
197 328
1 8 2
355 166
1 12 2
444 219
1 13 2
93 112
1 7 2
39 486
1 15 2
125 193
1 12 2
126 322
1 7 2
116 207
1 3 2
158 225
1 3 2
450 63
1 8 2
227 465
1 4 2
252 281
1 6 2
72 212
1 12 2
151 215
1 6 2
18 74
1 5 2
234 161
1 14 2
436 124
1 3 2
298 83
1 8 2
345 200
1 14 2
464 436
1 7 2
160 475
1 13 2
169 55
1 7 2
205 238
1 12 2
313 432
1 4 2
494 375
1 14 2
317 64
1 5 2
89 256
1 5 2
205 86
1 5 2
338 156
1 11 2
190 135
1 2 2
374 302
1 4 2
130 275
1 15 2
385 135
1 7 2
393 315
1 10 2
374 125
1 8 2
167 338
1 2 2
240 198
1 13 2
91 307
1 9 2
148 67
1 12 2
170 495
1 7 2
173 453
1 9 2
119 375
1 10 2
330 167
1 7 2
177 312
1 8 2
194 105
1 12 2
142 430
1 10 2
437 209
1 12 2
312 59
1 5 2
342 401
1 4 2
284 42
1 3 2
299 254
1 2 2
427 368
1 11 2
9 255
1 11 2
178 284
1 13 2
72 404
1 15 2
49 382
1 9 2
349 264
1 8 2
300 118
1 2 2
268 312
1 10 2
0 355
1 13 2
224 237
1 8 2
405 471
1 10 2
459 167
1 14 2
332 42
1 2 2
280 299
1 3 2
69 276
1 5 2
92 42
1 3 2
217 306
1 13 2
162 34
1 14 2
267 63
1 13 2
335 343
1 3 2
164 194
1 3 2
235 349
1 7 2
158 450
1 12 2
138 10
1 14 2
297 471
1 4 2
172 264
1 12 2
75 338
1 6 2
345 180
1 2 2
435 210
1 13 2
101 172
1 14 2
238 319
1 10 2
118 499
1 10 2
440 422
1 11 2
32 51
1 5 2
164 19
1 13 2
475 190
1 14 2
107 340
1 12 2
323 79
1 15 2
101 193
1 12 2
249 485
1 11 2
324 459
1 14 2
159 348
1 6 2
106 58
1 11 2
445 204
1 6 2
261 356
1 4 2
453 413
1 2 2
367 137
1 2 2
361 130
1 3 2
195 321
1 8 2
263 312
1 12 2
294 352
1 7 2
82 491
1 11 2
20 19
1 15 2
185 341
1 10 2
58 129
1 3 2
13 393
1 9 2
96 70
1 5 2
42 296
1 9 2
239 25
1 13 2
307 266
1 4 2
487 302
1 4 2
167 61
1 12 2
424 447
1 6 2
68 471
1 4 2
332 180
1 10 2
230 293
1 15 2
11 285
1 2 2
256 230
1 15 2
254 215
1 11 2
457 249
1 9 2
116 122
1 14 2
147 92
1 2 2
296 41
1 13 2
424 350
1 7 2
202 492
1 12 2
350 311
1 6 2
413 199
1 8 2
434 61
1 13 2
353 142
1 9 2
194 41
1 4 2
330 478
1 12 2
464 208
1 10 2
57 234
1 13 2
433 301
1 13 2
190 115
1 3 2
187 97
1 14 2
104 248
1 8 2
190 224
1 6 2
352 2
1 8 2
260 16
1 2 2
66 490
1 10 2
409 489
1 6 2
155 38
1 15 2
402 80
1 12 2
101 221
1 10 2
424 388
1 14 2
103 84
1 14 2
192 457
1 9 2
146 409
1 6 2
153 372
1 5 2
461 410
1 12 2
257 9
1 4 2
483 394
1 4 2
33 214
1 12 2
369 278
1 4 2
143 374
1 8 2
187 104
1 14 2
27 473
1 15 2
180 324
1 10 2
256 437
1 9 2
182 442
1 5 2
491 173
1 13 2
172 179
1 9 2
121 12
1 15 2
147 91
1 8 2
381 248
1 5 2
98 227
1 2 2
203 459
1 11 2
111 368
1 10 2
236 178
1 9 2
67 238
1 4 2
272 337
1 4 2
33 248
1 14 2
149 41
1 14 2
468 109
1 5 2
420 48
1 6 2
138 318
1 10 2
491 90
1 8 2
281 389
1 11 2
199 212
1 6 2
377 363
1 3 2
359 418
1 14 2
419 406
1 7 2
121 127
1 8 2
338 187
1 14 2
349 426
1 3 2
287 292
1 2 2
462 231
1 12 2
395 59
1 8 2
142 267
1 5 2
231 354
1 8 2
336 51
1 4 2
386 169
1 9 2
5 99
1 10 2
142 450
1 6 2
162 24
1 3 2
474 409
1 5 2
144 304
1 4 2
304 326
1 11 2
444 69
1 13 2
499 92
1 12 2
59 387
1 12 2
290 183
1 5 2
322 195
1 8 2
40 284
1 9 2
207 133
1 6 2
99 187
1 6 2
272 106
1 14 2
71 396
1 5 2
242 430
1 8 2
36 214
1 14 2
286 320
1 9 2
60 378
1 7 2
34 482
1 14 2
495 450
1 2 2
421 102
1 2 2
168 214
1 6 2
113 16
1 7 2
159 370
1 10 2
226 441
1 15 2
331 81
1 14 2
439 113
1 9 2
5 429
1 13 2
124 30
1 2 2
490 489
1 12 2
197 297
1 2 2
74 488
1 2 2
145 270
1 2 2
280 427
1 14 2
314 159
1 13 2
169 80
1 15 2
160 400
1 14 2
57 337
1 10 2
374 407
1 7 2
97 120
1 9 2
171 228
1 11 2
119 451
1 6 2
426 91
1 5 2
145 10
1 15 2
406 462
1 7 2
266 394
1 5 2
285 178
1 15 2
401 419
1 8 2
73 173
1 8 2
452 350
1 15 2
242 372
1 2 2
433 491
1 8 2
210 180
1 13 2
205 185
1 2 2
149 140
1 4 2
437 459
1 3 2
64 133
1 7 2
229 490
1 6 2
56 207
1 12 2
4 328
1 7 2
474 359
1 6 2
48 96
1 6 2
347 40
1 11 2
291 230
1 4 2
334 62
1 6 2
266 419
1 9 2
174 258
1 5 2
369 60
1 8 2
169 482
1 3 2
150 457
1 14 2
2 273
1 10 2
28 155
1 10 2
441 8
1 11 2
234 440
1 11 2
320 370
1 8 2
4 86
1 11 2
171 307
1 8 2
443 497
1 6 2
442 336
1 4 2
240 274
1 9 2
75 138
1 12 2
372 47
1 8 2
84 150
1 2 2
140 213
1 2 2
421 71
1 14 2
173 0
1 7 2
200 87
1 5 2
125 491
1 10 2
61 289
1 12 2
333 29
1 7 2
338 164
1 10 2
85 22
1 13 2
441 377
1 8 2
365 379
1 9 2
123 339
1 6 2
174 407
1 2 2
53 167
1 12 2
493 24
1 11 2
131 245
1 12 2
174 209
1 6 2
312 354
1 14 2
299 23
1 5 2
243 346
1 7 2
485 379
1 14 2
454 17
1 7 2
197 344
1 11 2
204 266
1 2 2
295 282
1 15 2
158 174
1 15 2
421 318
1 14 2
19 105
1 12 2
76 326
1 9 2
27 17
1 4 2
351 20
1 13 2
464 34
1 2 2
137 143
1 3 2
422 344
1 7 2
413 296
1 10 2
248 181
1 5 2
23 152
1 5 2
91 451
1 15 2
365 218
1 15 2
168 410
1 11 2
256 22
1 15 2
327 11
1 5 2
391 489
1 11 2
435 300
1 3 2
492 384
1 13 2
9 373
1 13 2
288 388
1 5 2
128 491
1 4 2
65 28
1 9 2
54 354
1 4 2
146 311
1 6 2
156 148
1 14 2
89 147
1 9 2
253 204
1 2 2
305 117
1 4 2
216 75
1 6 2
301 46
1 6 2
488 388
1 11 2
346 394
1 2 2
398 38
1 8 2
71 234
1 9 2
160 99
1 6 2
202 262
1 7 2
339 2
1 5 2
153 71
1 12 2
66 493
1 4 2
183 396
1 15 2
242 216
1 13 2
189 308
1 3 2
275 441
1 11 2
410 26
1 10 2
179 220
1 9 2
82 239
1 15 2
256 269
1 6 2
399 193
1 14 2
464 225
1 8 2
43 289
1 4 2
466 385
1 11 2
473 12
1 5 2
166 391
1 6 2
272 13
1 5 2
348 325
1 4 2
91 130
1 6 2
83 116
1 7 2
293 81
1 4 2
92 151
1 10 2
215 379
1 2 2
216 277
1 14 2
116 260
1 4 2
353 385
1 8 2
372 173
1 11 2
141 261
1 11 2
30 203
1 13 2
33 44
1 7 2
66 173
1 4 2
175 36
1 5 2
128 355
1 4 2
317 276
1 4 2
91 18
1 11 2
308 196
1 10 2
326 37
1 2 2
71 336
1 12 2
488 123
1 5 2
58 111
1 5 2
258 122
1 8 2
118 305
1 8 2
319 276
1 8 2
474 210
1 11 2
78 425
1 9 2
385 285
1 6 2
228 229
1 5 2
62 48
1 6 2
335 133
1 5 2
396 228
1 7 2
334 59
1 5 2
215 83
1 14 2
487 358
1 14 2
335 328
1 5 2
310 38
1 10 2
165 398
1 11 2
218 393
1 6 2
192 272
1 2 2
228 458
1 4 2
147 299
1 13 2
97 273
1 7 2
382 197
1 11 2
270 285
1 12 2
57 465
1 6 2
441 226
1 3 2
42 161
1 7 2
498 325
1 5 2
460 133
1 14 2
299 395
1 11 2
331 119
1 15 2
26 344
1 11 2
155 387
1 8 2
439 450
1 12 2
351 302
1 6 2
174 414
1 7 2
361 386
1 5 2
221 489
1 10 2
116 362
1 6 2
181 474
1 15 2
68 219
1 5 2
92 29
1 2 2
429 478
1 10 2
485 365
1 3 2
295 126
1 15 2
118 230
1 6 2
147 224
1 14 2
486 255
1 10 2
230 47
1 6 2
217 279
1 5 2
120 429
1 7 2
333 167
1 4 2
88 20
1 11 2
127 77
1 14 2
442 168
1 13 2
212 50
1 8 2
19 83
1 13 2
62 444
1 9 2
483 212
1 5 2
46 199
1 9 2
206 98
1 7 2
404 417
1 8 2
427 86
1 5 2
236 421
1 13 2
223 36
1 4 2
354 295
1 4 2
137 395
1 15 2
208 91
1 14 2
151 114
1 8 2
316 93
1 9 2
127 113
1 7 2
76 144
1 9 2
171 34
1 13 2
444 83
1 13 2
267 128
1 2 2
193 233
1 4 2
272 123
1 8 2
220 19
1 2 2
156 122
1 5 2
128 20
1 3 2
484 457
1 13 2
104 284
1 11 2
34 213
1 5 2
314 457
1 13 2
480 243
1 2 2
462 303
1 11 2
270 0
1 13 2
196 279
1 6 2
16 71
1 14 2
109 236
1 8 2
74 359
1 4 2
46 12
1 7 2
284 458
1 8 2
285 127
1 12 2
230 83
1 12 2
103 207
1 15 2
485 220
1 13 2
488 32
1 11 2
305 499
1 10 2
226 425
1 10 2
222 266
1 6 2
197 46
1 7 2
405 430
1 15 2
122 388
1 9 2
275 140
1 13 2
426 219
1 2 2
490 12
1 8 2
465 38
1 9 2
163 185
1 12 2
156 347
1 2 2
318 171
1 7 2
6 16
1 4 2
149 444
1 12 2
107 278
1 2 2
23 89
1 14 2
202 488
1 10 2
386 447
1 9 2
446 382
1 8 2
9 440
1 13 2
390 36
1 15 2
32 308
1 4 2
144 78
1 2 2
447 445
1 14 2
243 175
1 4 2
399 489
1 13 2
330 157
1 3 2
4 412
1 11 2
102 47
1 4 2
74 397
1 7 2
391 124
1 13 2
480 495
1 10 2
113 494
1 8 2
44 357
1 14 2
432 259
1 8 2
29 441
1 5 2
417 326
1 11 2
179 337
1 2 2
370 178
1 10 2
18 288
1 10 2
199 37
1 15 2
76 470
1 5 2
390 495
1 14 2
229 126
1 13 2
79 356
1 8 2
153 37
1 13 2
165 102
1 3 2
398 83
1 8 2
315 99
1 11 2
406 177
1 14 2
270 63
1 10 2
303 365
1 14 2
249 235
1 2 2
264 218
1 7 2
0 408
1 4 2
245 41
1 9 2
170 177
1 15 2
375 356
1 7 2
149 250
1 12 2
270 148
1 4 2
490 132
1 3 2
315 199
1 4 2
486 197
1 8 2
490 312
1 15 2
166 68
1 6 2
327 247
1 13 2
183 152
1 9 2
348 144
1 4 2
291 393
1 5 2
361 471
1 3 2
316 296
1 12 2
187 467
1 4 2
239 7
1 8 2
231 325
1 11 2
7 241
1 13 2
104 488
1 7 2
11 37
1 10 2
472 405
1 10 2
364 325
1 12 2
12 495
1 3 2
97 444
1 15 2
18 317
1 12 2
134 306
1 4 2
17 452
1 7 2
432 327
1 11 2
178 411
1 2 2
260 202
1 8 2
478 492
1 12 2
432 358
1 9 2
58 44
1 7 2
463 107
1 12 2
131 418
1 11 2
281 66
1 10 2
133 20
1 12 2
395 42
1 14 2
468 87
1 7 2
42 329
1 10 2
6 473
1 9 2
218 183
1 8 2
309 220
1 6 2
491 349
1 3 2
408 300
1 3 2
370 193
1 6 2
69 56
1 4 2
105 22
1 2 2
398 322
1 8 2
344 41
1 14 2
227 34
1 14 2
324 323
1 5 2
426 408
1 6 2
454 79
1 4 2
281 319
1 14 2
139 454
1 11 2
470 334
1 5 2
425 349
1 11 2
373 342
1 15 2
362 373
1 5 2
333 220
1 3 2
471 96
1 5 2
256 163
1 13 2
196 149
1 4 2
362 466
1 11 2
456 300
1 4 2
394 308
1 15 2
129 50
1 11 2
196 75
1 4 2
8 228
1 15 2
343 239
1 7 2
349 298
1 9 2
158 105
1 9 2
4 146
1 15 2
359 434
1 4 2
74 51
1 9 2
312 353
1 6 2
185 13
1 8 2
240 243
1 6 2
405 219
1 7 2
320 259
1 11 2
186 285
1 13 2
238 355
1 4 2
126 329
1 10 2
17 405
1 9 2
464 137
1 8 2
423 72
1 13 2
312 338
1 5 2
75 129
1 6 2
246 162
1 9 2
269 491
1 15 2
16 37
1 10 2
336 148
1 4 2
414 351
1 5 2
231 221
1 4 2
7 394
1 5 2
351 62
1 6 2
493 215
1 9 2
76 149
1 6 2
410 44
1 6 2
397 360
1 2 2
209 303
1 12 2
327 359
1 13 2
433 103
1 4 2
269 211
1 14 2
469 146
1 13 2
152 25
1 4 2
85 405
1 7 2
496 162
1 10 2
135 147
1 10 2
207 64
1 10 2
483 162
1 8 2
175 65
1 14 2
435 392
1 14 2
81 46
1 11 2
481 110
1 14 2
478 394
1 14 2
443 391
1 13 2
226 493
1 2 2
172 317
1 2 2
132 233
1 5 2
245 166
1 4 2
187 85
1 9 2
76 70
1 2 2
120 376
1 13 2
359 373
1 5 2
346 482
1 5 2
407 333
1 11 2
17 282
1 12 2
46 9
1 5 2
156 451
1 13 2
155 144
1 14 2
103 381
1 7 2
334 182
1 12 2
258 420
1 6 2
309 169
1 7 2
21 158
1 5 2
466 299
1 2 2
58 394
1 6 2
267 334
1 13 2
269 186
1 12 2
151 344
1 5 2
478 386
1 2 2
460 122
1 7 2
396 31
1 8 2
165 428
1 10 2
370 489
1 7 2
214 136
1 13 2
89 367
1 10 2
335 207
1 2 2
305 206
1 5 2
269 209
1 15 2
11 40
1 3 2
216 238
1 9 2
334 408
1 2 2
237 283
1 9 2
493 96
1 6 2
303 322
1 14 2
329 489
1 8 2
91 472
1 11 2
429 116
1 2 2
310 20
1 5 2
24 144
1 11 2
413 359
1 10 2
358 31
1 11 2
132 323
1 15 2
291 98
1 11 2
495 163
1 2 2
161 481
1 3 2
138 227
1 6 2
461 274
1 2 2
421 349
1 7 2
288 264
1 7 2
220 256
1 7 2
206 281
1 3 2
419 13
1 13 2
278 191
1 7 2
489 320
1 11 2
437 314
1 8 2
399 295
1 5 2
7 76
1 4 2
97 360
1 8 2
351 118
1 15 2
278 154
1 2 2
37 177
1 15 2
403 468
1 3 2
369 137
1 8 2
450 238
1 15 2
407 98
1 9 2
477 179
1 11 2
404 23
1 6 2
60 326
1 12 2
401 233
1 18 2
104 163
1 6 2
473 463
1 24 2
333 342
1 8 2
349 473
1 16 2
484 495
1 4 2
42 356
1 8 2
170 287
1 12 2
116 182
