500 2991 1500
8 9 5 8 9 8 16 25 14 15 21 20 21 9 25 16 10 9 11 14 16 11 6 18 18 17 24 9 12 5 19 6 7 17 9 20 18 21 11 16 18 24 14 24 12 24 6 22 14 9 13 7 8 14 8 8 9 25 6 13 21 8 12 24 15 20 18 11 24 15 13 15 16 22 5 14 18 16 21 23 5 13 20 6 19 10 15 6 18 23 21 19 22 5 23 11 15 24 21 18 11 8 10 9 5 16 13 9 10 15 24 9 20 7 15 20 8 8 15 7 6 19 21 8 18 13 5 20 16 8 9 21 17 15 25 24 19 16 16 11 18 20 16 13 20 25 23 18 25 18 20 6 16 18 19 9 17 18 6 9 8 10 25 19 13 14 22 20 11 13 22 11 24 17 19 21 13 18 12 12 15 21 13 10 12 20 13 25 21 17 22 25 18 14 24 16 23 19 22 25 15 12 18 13 22 25 14 18 13 14 19 16 25 18 24 16 6 16 23 8 15 9 12 11 25 5 19 18 21 14 16 7 6 13 17 22 24 10 15 13 8 10 24 14 10 24 21 18 11 15 20 20 21 18 10 18 23 8 23 25 9 16 17 10 23 13 8 6 13 11 24 11 21 15 21 14 10 19 22 24 13 18 21 23 17 21 24 21 9 7 17 8 8 10 23 19 18 25 25 25 24 22 22 7 7 8 12 17 6 23 12 14 19 18 18 5 21 22 19 10 22 15 10 6 10 15 5 16 7 19 24 13 23 9 11 24 9 7 14 25 25 14 6 24 6 5 17 9 9 12 10 20 14 17 13 13 5 9 6 23 15 7 20 12 19 21 5 22 20 7 20 15 5 11 15 23 6 25 19 11 24 10 15 6 13 18 25 25 14 14 25 10 14 21 23 13 15 10 24 8 24 21 23 25 7 12 19 8 17 6 7 11 10 15 8 13 8 6 21 22 13 12 24 24 23 20 24 19 6 24 10 24 25 10 11 23 25 18 22 5 14 18 9 24 21 23 23 24 13 21 21 14 15 8 15 18 13 17 8 14 21 22 16 17 5 12 13 11 14 12 13 12 5 13 19 11 25 19 21 6 13 21 13 5 17 23 7 8 14 21 6 5 5 10 5 20 23 20 8 14
3 16 10 11 20 10 9 5 19 11 4 16 6 16 3 10 5 20 19 8 16 11 20 16 17 9 19 18 3 14 7 10 9 5 20 16 7 18 16 4 9 8 14 9 12 19 10 16 20 4 6 4 13 20 4 6 3 7 6 19 20 15 4 3 16 13 3 15 6 18 17 6 19 13 11 20 18 19 5 19 11 12 17 12 18 14 7 14 3 16 7 20 4 13 18 11 19 9 17 19 6 7 8 14 3 12 9 20 3 16 20 5 13 15 4 8 20 5 6 16 5 9 10 19 17 8 8 10 8 9 18 11 18 14 7 15 3 16 16 15 3 4 10 19 15 19 10 8 13 14 6 9 16 13 10 5 20 3 7 13 17 16 13 19 12 12 4 16 15 15 4 11 8 10 20 4 8 7 10 9 9 19 7 20 16 15 11 15 20 11 9 8 15 18 18 20 16 10 9 17 12 12 15 7 3 4 10 15 16 11 16 20 15 11 15 19 8 9 6 14 5 18 19 8 18 10 18 19 6 15 13 9 7 14 9 15 6 12 3 4 19 4 13 4 16 19 10 17 9 15 4 13 14 5 8 6 16 6 12 4 15 4 13 9 15 15 5 13 5 15 6 17 13 14 8 12 3 15 16 5 3 12 5 13 20 17 14 14 18 3 11 8 4 16 20 11 7 3 7 12 15 13 6 15 10 16 3 13 6 5 4 19 9 6 9 19 14 11 18 8 4 14 8 12 14 8 20 10 8 20 17 20 8 4 16 19 19 3 4 18 8 9 17 10 6 16 5 10 14 15 14 9 8 7 12 20 7 3 6 19 4 5 15 3 7 19 19 15 17 17 14 6 3 4 16 5 15 11 4 9 14 14 8 7 15 15 15 3 20 11 5 7 5 12 9 3 8 10 9 16 6 16 6 10 15 16 19 3 7 20 20 10 12 7 12 8 6 19 14 4 18 6 16 17 9 17 20 5 13 14 8 4 8 6 10 3 20 8 7 15 16 6 20 8 13 9 14 15 14 14 17 13 11 13 17 5 7 4 12 6 15 15 19 12 5 4 11 18 13 9 8 16 3 10 18 19 16 14 6 15 10 14 17 18 3 12 7 3 17 19 10 19 12 7 12 3 11 8 5 12
1 15 2
55 250
1 3 2
38 378
1 2 2
66 215
1 2 2
267 387
1 10 2
43 412
1 10 2
195 449
1 5 2
333 335
1 13 2
86 78
1 11 2
281 276
1 6 2
251 439
1 3 2
334 476
1 12 2
212 277
1 2 2
282 227
1 14 2
1 341
1 14 2
27 144
1 15 2
460 479
1 12 2
98 277
1 11 2
442 399
1 15 2
20 341
1 10 2
74 434
1 11 2
88 125
1 7 2
316 76
1 12 2
230 28
1 4 2
105 320
1 3 2
351 282
1 4 2
17 5
1 12 2
296 197
1 2 2
367 197
1 4 2
199 434
1 9 2
260 87
1 12 2
185 162
1 9 2
303 368
1 5 2
218 397
1 5 2
441 271
1 15 2
77 486
1 10 2
65 263
1 15 2
214 438
1 7 2
120 140
1 11 2
447 364
1 8 2
175 288
1 5 2
98 385
1 10 2
179 21
1 4 2
106 150
1 15 2
203 454
1 3 2
30 312
1 13 2
375 394
1 4 2
384 100
1 3 2
428 203
1 4 2
199 453
1 9 2
390 296
1 10 2
471 384
1 6 2
207 328
1 10 2
465 281
1 15 2
224 329
1 13 2
383 413
1 8 2
305 427
1 5 2
204 459
1 5 2
6 339
1 11 2
494 410
1 15 2
348 63
1 7 2
371 6
1 2 2
407 463
1 9 2
291 415
1 9 2
188 356
1 7 2
162 225
1 9 2
407 111
1 9 2
461 282
1 7 2
7 129
1 2 2
23 238
1 12 2
168 225
1 3 2
56 1
1 6 2
82 46
1 15 2
449 111
1 5 2
170 146
1 6 2
250 73
1 3 2
70 357
1 12 2
5 249
1 10 2
313 154
1 10 2
180 452
1 14 2
194 404
1 14 2
415 366
1 8 2
326 12
1 12 2
327 55
1 11 2
139 363
1 4 2
259 211
1 6 2
313 160
1 12 2
259 323
1 12 2
196 487
1 11 2
29 307
1 2 2
283 9
1 5 2
326 487
1 10 2
251 294
1 12 2
155 71
1 7 2
11 271
1 5 2
100 137
1 11 2
345 69
1 11 2
56 135
1 12 2
97 89
1 4 2
484 227
1 14 2
430 124
1 6 2
397 466
1 5 2
142 475
1 7 2
338 150
1 10 2
214 253
1 15 2
45 218
1 5 2
228 165
1 10 2
13 133
1 10 2
497 373
1 15 2
489 386
1 5 2
242 98
1 7 2
160 428
1 11 2
1 93
1 10 2
272 155
1 7 2
487 161
1 3 2
234 107
1 2 2
401 348
1 13 2
82 9
1 6 2
30 267
1 10 2
218 324
1 6 2
392 371
1 8 2
26 5
1 12 2
345 199
1 13 2
327 90
1 10 2
313 310
1 15 2
448 199
1 10 2
233 41
1 8 2
108 241
1 14 2
426 138
1 12 2
404 430
1 12 2
95 236
1 13 2
411 350
1 8 2
359 256
1 5 2
297 96
1 14 2
400 238
1 12 2
132 101
1 3 2
368 109
1 3 2
388 68
1 9 2
10 250
1 10 2
27 363
1 9 2
130 67
1 9 2
143 478
1 11 2
471 473
1 11 2
239 57
1 13 2
265 127
1 3 2
154 3
1 12 2
433 247
1 15 2
385 90
1 13 2
344 117
1 4 2
227 382
1 5 2
242 499
1 7 2
334 29
1 6 2
136 217
1 13 2
101 115
1 7 2
316 375
1 9 2
107 118
1 12 2
172 233
1 3 2
334 224
1 9 2
128 366
1 4 2
288 309
1 12 2
388 168
1 3 2
192 381
1 10 2
232 289
1 5 2
64 73
1 12 2
223 336
1 13 2
490 288
1 11 2
405 47
1 9 2
53 418
1 4 2
313 401
1 4 2
248 25
1 6 2
490 338
1 5 2
365 282
1 15 2
462 227
1 5 2
132 391
1 11 2
412 55
1 9 2
276 242
1 6 2
58 390
1 9 2
53 267
1 13 2
260 173
1 10 2
463 29
1 14 2
146 115
1 4 2
7 10
1 7 2
492 220
1 12 2
308 118
1 10 2
477 322
1 14 2
224 254
1 5 2
283 274
1 7 2
139 348
1 11 2
287 203
1 8 2
67 225
1 10 2
242 364
1 4 2
426 385
1 8 2
259 439
1 4 2
477 400
1 4 2
264 398
1 11 2
91 387
1 4 2
138 261
1 10 2
461 16
1 4 2
136 455
1 5 2
49 120
1 12 2
15 190
1 13 2
212 84
1 11 2
83 86
1 9 2
461 357
1 2 2
83 222
1 7 2
465 302
1 6 2
401 247
1 2 2
170 160
1 5 2
130 131
1 2 2
305 412
1 15 2
67 134
1 11 2
148 348
1 4 2
331 474
1 14 2
124 111
1 13 2
285 277
1 14 2
372 6
1 15 2
357 36
1 5 2
141 71
1 7 2
144 203
1 12 2
131 2
1 11 2
234 154
1 5 2
32 474
1 3 2
48 238
1 4 2
242 236
1 2 2
193 390
1 13 2
463 205
1 5 2
394 253
1 15 2
8 317
1 9 2
136 335
1 14 2
43 93
1 13 2
230 304
1 9 2
339 350
1 15 2
286 382
1 12 2
92 370
1 6 2
295 290
1 2 2
192 348
1 8 2
187 244
1 3 2
127 410
1 3 2
224 488
1 8 2
394 0
1 12 2
56 36
1 8 2
337 378
1 13 2
279 53
1 5 2
184 224
1 14 2
264 246
1 11 2
369 183
1 6 2
94 405
1 14 2
157 275
1 7 2
350 89
1 13 2
372 388
1 15 2
479 488
1 11 2
90 69
1 12 2
84 146
1 14 2
11 162
1 11 2
349 244
1 3 2
255 47
1 13 2
359 207
1 6 2
416 156
1 12 2
476 401
1 2 2
113 190
1 8 2
111 450
1 10 2
282 174
1 8 2
435 82
1 2 2
351 309
1 4 2
242 431
1 3 2
171 409
1 4 2
142 216
1 5 2
0 234
1 10 2
93 417
1 4 2
455 463
1 5 2
31 173
1 15 2
39 279
1 4 2
161 13
1 4 2
340 302
1 2 2
409 63
1 10 2
53 453
1 3 2
150 344
1 10 2
238 422
1 14 2
84 81
1 3 2
396 323
1 6 2
141 91
1 15 2
40 107
1 14 2
100 421
1 2 2
347 287
1 10 2
59 162
1 11 2
269 365
1 11 2
11 145
1 6 2
145 4
1 5 2
393 399
1 9 2
315 123
1 9 2
132 30
1 9 2
276 238
1 5 2
199 293
1 4 2
166 186
1 4 2
108 228
1 8 2
186 162
1 9 2
242 162
1 7 2
430 388
1 3 2
150 270
1 14 2
26 326
1 5 2
8 42
1 10 2
450 241
1 7 2
32 196
1 10 2
440 323
1 13 2
87 81
1 12 2
13 28
1 9 2
302 39
1 2 2
126 351
1 8 2
467 233
1 8 2
22 23
1 4 2
207 271
1 6 2
196 310
1 12 2
104 257
1 8 2
489 498
1 6 2
272 268
1 12 2
499 54
1 14 2
144 344
1 7 2
492 123
1 12 2
427 426
1 8 2
405 325
1 10 2
183 26
1 14 2
160 87
1 2 2
456 234
1 6 2
139 336
1 10 2
412 387
1 5 2
123 233
1 5 2
85 481
1 7 2
455 161
1 2 2
299 450
1 11 2
290 337
1 15 2
484 431
1 2 2
220 3
1 14 2
161 43
1 4 2
15 104
1 3 2
402 408
1 8 2
390 78
1 9 2
235 131
1 5 2
491 306
1 2 2
287 243
1 11 2
354 361
1 4 2
464 152
1 4 2
34 409
1 9 2
34 410
1 15 2
193 119
1 14 2
401 12
1 12 2
245 17
1 2 2
131 5
1 7 2
90 181
1 8 2
323 453
1 15 2
181 445
1 9 2
242 141
1 7 2
17 333
1 8 2
38 92
1 11 2
480 40
1 5 2
176 207
1 7 2
37 241
1 5 2
397 27
1 8 2
124 233
1 15 2
3 216
1 11 2
411 209
1 7 2
419 404
1 3 2
400 67
1 4 2
209 200
1 9 2
284 240
1 12 2
463 58
1 12 2
239 460
1 11 2
145 7
1 12 2
47 100
1 2 2
219 116
1 13 2
260 99
1 15 2
408 189
1 12 2
4 382
1 12 2
214 255
1 10 2
196 201
1 10 2
9 389
1 7 2
317 436
1 13 2
384 402
1 6 2
495 321
1 6 2
189 84
1 5 2
386 320
1 12 2
71 176
1 5 2
398 173
1 10 2
445 340
1 14 2
194 369
1 12 2
146 361
1 14 2
76 432
1 8 2
12 227
1 2 2
444 137
1 3 2
70 308
1 7 2
319 67
1 3 2
90 180
1 5 2
71 360
1 15 2
384 56
1 8 2
147 280
1 3 2
89 423
1 4 2
24 307
1 8 2
429 6
1 12 2
149 291
1 13 2
479 193
1 7 2
369 187
1 2 2
208 401
1 2 2
191 495
1 6 2
339 161
1 7 2
262 87
1 4 2
402 75
1 8 2
384 409
1 10 2
270 266
1 4 2
418 252
1 12 2
40 404
1 11 2
34 134
1 15 2
172 218
1 14 2
396 284
1 13 2
112 444
1 7 2
7 191
1 3 2
164 113
1 15 2
294 161
1 5 2
36 283
1 3 2
12 236
1 14 2
313 49
1 13 2
55 124
1 14 2
386 190
1 2 2
16 98
1 11 2
370 455
1 6 2
28 325
1 13 2
279 289
1 12 2
154 241
1 12 2
152 106
1 6 2
323 236
1 4 2
432 19
1 7 2
311 142
1 14 2
72 120
1 5 2
466 312
1 14 2
234 260
1 11 2
90 495
1 5 2
404 343
1 14 2
38 125
1 13 2
171 427
1 4 2
251 474
1 7 2
63 342
1 11 2
228 337
1 10 2
230 329
1 12 2
458 146
1 5 2
463 0
1 9 2
488 144
1 13 2
29 319
1 7 2
269 96
1 12 2
110 315
1 13 2
491 356
1 2 2
119 272
1 5 2
388 2
1 9 2
166 75
1 15 2
98 107
1 13 2
130 314
1 2 2
82 1
1 4 2
57 434
1 3 2
62 223
1 5 2
92 491
1 10 2
201 227
1 4 2
219 462
1 9 2
63 434
1 8 2
308 429
1 4 2
204 4
1 14 2
396 219
1 2 2
364 317
1 5 2
362 376
1 8 2
92 29
1 9 2
237 331
1 3 2
229 388
1 2 2
46 158
1 8 2
88 144
1 3 2
457 10
1 4 2
47 368
1 8 2
135 306
1 10 2
217 62
1 2 2
470 170
1 9 2
456 110
1 7 2
41 87
1 2 2
125 181
1 10 2
272 186
1 8 2
332 254
1 5 2
110 361
1 14 2
70 64
1 3 2
198 115
1 6 2
301 112
1 10 2
355 26
1 2 2
195 60
1 10 2
246 398
1 11 2
467 410
1 14 2
53 487
1 8 2
99 312
1 4 2
185 313
1 3 2
227 98
1 6 2
308 176
1 7 2
140 71
1 10 2
260 402
1 11 2
375 430
1 12 2
291 211
1 2 2
286 425
1 3 2
215 29
1 7 2
177 51
1 5 2
486 153
1 6 2
193 353
1 13 2
475 189
1 5 2
184 350
1 6 2
152 138
1 3 2
184 476
1 9 2
341 404
1 13 2
306 51
1 3 2
259 472
1 2 2
305 204
1 7 2
21 381
1 14 2
328 258
1 2 2
86 108
1 3 2
158 485
1 10 2
371 144
1 15 2
240 252
1 6 2
321 79
1 11 2
272 448
1 11 2
302 252
1 10 2
345 55
1 14 2
201 189
1 6 2
283 34
1 6 2
38 122
1 12 2
356 40
1 8 2
1 257
1 11 2
154 213
1 3 2
99 49
1 7 2
308 310
1 6 2
28 250
1 10 2
370 341
1 13 2
343 113
1 14 2
8 495
1 15 2
324 78
1 14 2
353 268
1 13 2
316 489
1 9 2
27 225
1 3 2
225 495
1 2 2
476 429
1 14 2
9 24
1 11 2
413 218
1 4 2
226 173
1 13 2
83 48
1 5 2
281 67
1 2 2
176 363
1 9 2
417 255
1 6 2
407 147
1 3 2
438 189
1 14 2
237 318
1 4 2
451 276
1 13 2
393 151
1 15 2
320 97
1 11 2
438 112
1 11 2
172 448
1 9 2
186 365
1 14 2
148 346
1 5 2
498 203
1 12 2
325 121
1 2 2
238 350
1 6 2
400 225
1 12 2
301 234
1 4 2
68 32
1 11 2
422 460
1 3 2
145 255
1 15 2
70 241
1 4 2
139 102
1 10 2
456 266
1 10 2
324 147
1 12 2
4 212
1 13 2
345 47
1 13 2
139 185
1 4 2
42 204
1 7 2
374 102
1 5 2
17 359
1 11 2
439 366
1 3 2
87 483
1 13 2
5 387
1 6 2
258 214
1 5 2
458 46
1 6 2
5 100
1 15 2
439 380
1 3 2
143 319
1 4 2
236 183
1 15 2
301 414
1 10 2
233 321
1 8 2
249 81
1 14 2
364 493
1 12 2
88 494
1 7 2
137 164
1 12 2
366 309
1 2 2
50 68
1 11 2
354 300
1 4 2
77 219
1 7 2
459 331
1 5 2
468 339
1 8 2
446 103
1 9 2
125 389
1 14 2
407 178
1 11 2
0 367
1 6 2
278 457
1 14 2
169 97
1 10 2
175 127
1 2 2
483 438
1 14 2
387 109
1 13 2
459 29
1 13 2
179 28
1 2 2
311 278
1 8 2
164 466
1 15 2
383 179
1 5 2
259 218
1 7 2
61 29
1 5 2
71 46
1 2 2
232 338
1 14 2
66 429
1 9 2
128 474
1 9 2
494 384
1 4 2
145 120
1 8 2
292 221
1 3 2
5 153
1 15 2
125 436
1 6 2
411 196
1 6 2
301 200
1 11 2
133 340
1 13 2
264 169
1 7 2
93 157
1 15 2
226 329
1 13 2
453 469
1 7 2
259 285
1 9 2
438 466
1 14 2
164 481
1 13 2
295 409
1 15 2
497 316
1 13 2
186 139
1 8 2
45 145
1 9 2
380 227
1 7 2
359 354
1 15 2
418 479
1 3 2
302 185
1 3 2
474 9
1 2 2
445 341
1 2 2
391 496
1 3 2
321 350
1 3 2
131 231
1 6 2
264 35
1 6 2
381 35
1 9 2
302 218
1 3 2
140 402
1 4 2
97 302
1 7 2
362 164
1 11 2
235 460
1 3 2
215 487
1 13 2
204 444
1 6 2
449 82
1 9 2
166 20
1 13 2
225 122
1 4 2
162 109
1 13 2
208 269
1 5 2
58 260
1 11 2
113 78
1 11 2
124 482
1 7 2
225 167
1 13 2
49 423
1 5 2
473 231
1 13 2
295 463
1 13 2
418 171
1 2 2
255 239
1 4 2
480 461
1 10 2
355 155
1 2 2
408 421
1 15 2
147 469
1 4 2
353 429
1 3 2
140 418
1 12 2
369 92
1 4 2
416 438
1 8 2
472 164
1 5 2
148 99
1 8 2
473 26
1 3 2
433 25
1 12 2
295 231
1 7 2
77 260
1 9 2
42 14
1 8 2
305 385
1 8 2
54 254
1 2 2
150 436
1 7 2
117 61
1 15 2
324 489
1 9 2
181 78
1 15 2
282 411
1 10 2
233 223
1 5 2
266 22
1 2 2
251 377
1 10 2
312 118
1 10 2
352 335
1 2 2
387 305
1 7 2
2 370
1 10 2
368 323
1 13 2
162 398
1 7 2
7 72
1 7 2
312 263
1 14 2
166 210
1 10 2
406 489
1 13 2
146 436
1 15 2
480 173
1 3 2
153 487
1 10 2
14 307
1 12 2
315 256
1 12 2
251 278
1 5 2
294 25
1 10 2
448 176
1 3 2
142 402
1 10 2
255 168
1 9 2
210 359
1 2 2
250 447
1 7 2
355 418
1 5 2
14 168
1 15 2
311 291
1 10 2
459 13
1 6 2
499 119
1 7 2
137 362
1 12 2
400 189
1 8 2
221 281
1 12 2
149 117
1 12 2
161 219
1 3 2
351 305
1 8 2
33 464
1 9 2
378 2
1 8 2
265 121
1 3 2
31 68
1 4 2
171 422
1 3 2
338 457
1 9 2
308 233
1 8 2
122 353
1 3 2
379 387
1 14 2
242 72
1 10 2
116 152
1 15 2
495 315
1 4 2
323 404
1 15 2
14 184
1 14 2
180 122
1 11 2
224 213
1 4 2
171 376
1 14 2
402 244
1 9 2
180 456
1 15 2
492 459
1 13 2
355 41
1 13 2
87 284
1 6 2
194 311
1 3 2
64 99
1 12 2
394 319
1 11 2
364 18
1 13 2
460 34
1 11 2
136 33
1 3 2
284 362
1 13 2
109 377
1 11 2
256 177
1 5 2
4 218
1 6 2
49 279
1 2 2
110 466
1 14 2
342 484
1 6 2
68 375
1 11 2
4 130
1 10 2
297 491
1 11 2
267 315
1 6 2
107 236
1 5 2
441 205
1 15 2
176 380
1 13 2
468 96
1 9 2
349 378
1 12 2
83 30
1 9 2
416 320
1 8 2
354 475
1 7 2
491 338
1 10 2
21 173
1 6 2
366 132
1 11 2
136 11
1 14 2
395 270
1 11 2
79 347
1 13 2
452 439
1 8 2
369 8
1 4 2
452 296
1 15 2
392 11
1 12 2
204 146
1 9 2
439 209
1 8 2
453 398
1 8 2
166 472
1 2 2
179 376
1 9 2
222 0
1 6 2
87 189
1 12 2
303 347
1 12 2
400 416
1 5 2
324 289
1 12 2
274 406
1 12 2
93 355
1 12 2
76 389
1 6 2
1 375
1 11 2
100 188
1 14 2
416 83
1 14 2
157 69
1 15 2
52 91
1 5 2
371 243
1 8 2
194 316
1 5 2
208 261
1 6 2
262 106
1 7 2
96 254
1 5 2
193 480
1 9 2
101 87
1 4 2
239 282
1 11 2
296 429
1 5 2
133 425
1 15 2
177 139
1 14 2
55 202
1 8 2
231 51
1 8 2
428 104
1 4 2
95 87
1 8 2
173 241
1 8 2
152 53
1 4 2
351 382
1 7 2
445 494
1 3 2
20 110
1 13 2
367 396
1 12 2
466 414
1 11 2
230 102
1 9 2
86 176
1 2 2
376 19
1 2 2
117 20
1 4 2
487 489
1 8 2
190 209
1 7 2
475 14
1 14 2
135 89
1 8 2
468 374
1 13 2
172 270
1 4 2
169 343
1 12 2
128 311
1 7 2
234 385
1 11 2
104 53
1 13 2
31 78
1 13 2
346 187
1 12 2
237 216
1 3 2
428 413
1 12 2
132 251
1 11 2
343 436
1 13 2
447 151
1 11 2
243 351
1 4 2
339 68
1 12 2
64 321
1 10 2
127 396
1 5 2
498 322
1 6 2
208 127
1 12 2
435 272
1 6 2
221 26
1 2 2
35 351
1 3 2
204 47
1 9 2
444 268
1 7 2
308 359
1 2 2
239 146
1 12 2
279 304
1 6 2
428 36
1 13 2
426 114
1 12 2
303 208
1 2 2
435 253
1 5 2
234 323
1 13 2
19 33
1 11 2
30 291
1 14 2
247 138
1 13 2
173 266
1 12 2
164 289
1 2 2
111 461
1 2 2
282 447
1 3 2
170 215
1 9 2
267 4
1 8 2
364 432
1 2 2
99 338
1 6 2
3 231
1 3 2
483 299
1 4 2
159 175
1 3 2
216 111
1 4 2
92 193
1 9 2
425 379
1 12 2
284 148
1 5 2
374 214
1 5 2
197 147
1 6 2
204 306
1 5 2
333 438
1 11 2
304 161
1 6 2
295 18
1 10 2
171 88
1 2 2
171 407
1 13 2
111 259
1 2 2
44 64
1 4 2
25 31
1 2 2
227 47
1 15 2
246 166
1 3 2
371 387
1 11 2
144 422
1 11 2
155 149
1 8 2
121 210
1 14 2
376 147
1 14 2
236 406
1 7 2
323 366
1 5 2
179 55
1 12 2
437 141
1 5 2
288 216
1 15 2
362 126
1 14 2
158 359
1 9 2
354 141
1 10 2
150 448
1 12 2
189 377
1 2 2
427 362
1 7 2
361 29
1 8 2
438 315
1 7 2
65 202
1 4 2
423 73
1 6 2
317 291
1 7 2
228 463
1 14 2
346 138
1 7 2
80 48
1 3 2
482 364
1 7 2
103 452
1 2 2
383 435
1 4 2
225 373
1 8 2
231 234
1 14 2
190 482
1 3 2
342 481
1 2 2
309 86
1 11 2
418 237
1 3 2
57 488
1 14 2
352 60
1 10 2
305 369
1 13 2
419 361
1 10 2
352 87
1 5 2
29 387
1 14 2
191 427
1 5 2
11 192
1 3 2
259 366
1 12 2
330 484
1 3 2
13 26
1 14 2
151 80
1 12 2
92 219
1 12 2
133 242
1 14 2
273 290
1 5 2
275 296
1 4 2
407 0
1 7 2
104 64
1 12 2
68 7
1 8 2
492 334
1 12 2
435 96
1 4 2
422 393
1 8 2
99 89
1 14 2
60 497
1 4 2
139 181
1 10 2
104 314
1 12 2
19 252
1 14 2
295 473
1 13 2
457 112
1 8 2
404 33
1 5 2
478 162
1 10 2
423 178
1 15 2
170 12
1 14 2
217 180
1 2 2
275 376
1 7 2
333 386
1 9 2
193 145
1 4 2
169 417
1 6 2
186 420
1 5 2
276 45
1 7 2
81 321
1 15 2
218 409
1 8 2
496 236
1 10 2
469 90
1 13 2
412 134
1 2 2
459 110
1 4 2
431 357
1 14 2
295 160
1 12 2
71 82
1 15 2
276 227
1 12 2
308 476
1 6 2
386 464
1 4 2
326 300
1 14 2
282 109
1 6 2
398 277
1 8 2
331 282
1 12 2
211 411
1 10 2
66 251
1 6 2
131 34
1 10 2
412 431
1 12 2
103 440
1 12 2
366 390
1 2 2
425 393
1 6 2
430 121
1 8 2
315 488
1 15 2
289 199
1 7 2
5 104
1 14 2
490 68
1 2 2
214 99
1 10 2
12 35
1 3 2
29 313
1 9 2
352 162
1 3 2
123 42
1 12 2
124 387
1 10 2
275 459
1 9 2
312 373
1 11 2
64 138
1 5 2
182 318
1 4 2
346 291
1 8 2
358 283
1 3 2
452 213
1 8 2
320 221
1 6 2
461 442
1 15 2
495 293
1 11 2
402 150
1 11 2
274 416
1 2 2
361 181
1 10 2
406 447
1 3 2
20 497
1 4 2
281 163
1 13 2
488 94
1 7 2
320 315
1 2 2
387 9
1 12 2
265 397
1 14 2
108 7
1 9 2
403 352
1 5 2
161 467
1 9 2
440 207
1 11 2
208 166
1 15 2
429 489
1 2 2
494 35
1 5 2
374 277
1 3 2
389 155
1 5 2
218 229
1 9 2
180 168
1 10 2
69 374
1 9 2
84 490
1 5 2
453 215
1 13 2
426 246
1 7 2
201 437
1 4 2
179 238
1 4 2
33 89
1 10 2
373 196
1 9 2
23 312
1 6 2
84 257
1 15 2
87 119
1 6 2
301 358
1 3 2
12 167
1 3 2
214 2
1 11 2
103 111
1 8 2
38 112
1 10 2
167 14
1 15 2
376 491
1 3 2
204 341
1 14 2
114 257
1 11 2
288 218
1 14 2
319 366
1 7 2
358 352
1 7 2
95 58
1 6 2
453 282
1 10 2
495 31
1 6 2
76 43
1 5 2
429 395
1 10 2
420 479
1 4 2
301 227
1 10 2
377 495
1 15 2
244 296
1 8 2
25 289
1 14 2
350 45
1 5 2
31 82
1 14 2
124 373
1 12 2
205 57
1 5 2
31 434
1 4 2
148 248
1 15 2
237 133
1 6 2
312 259
1 10 2
296 76
1 5 2
279 4
1 14 2
284 329
1 6 2
245 45
1 4 2
97 215
1 10 2
11 193
1 8 2
245 388
1 4 2
91 52
1 6 2
273 55
1 11 2
326 446
1 11 2
93 91
1 2 2
486 2
1 14 2
123 369
1 14 2
150 133
1 2 2
73 44
1 10 2
454 282
1 3 2
231 176
1 5 2
121 155
1 12 2
452 403
1 11 2
346 203
1 14 2
192 336
1 7 2
189 173
1 12 2
259 24
1 8 2
31 446
1 7 2
266 491
1 14 2
260 360
1 14 2
254 415
1 11 2
242 232
1 11 2
116 219
1 8 2
51 44
1 11 2
258 95
1 14 2
152 394
1 3 2
167 357
1 2 2
215 47
1 7 2
365 122
1 8 2
9 488
1 12 2
360 291
1 12 2
455 386
1 10 2
466 495
1 10 2
485 298
1 15 2
383 486
1 6 2
85 391
1 14 2
239 340
1 15 2
79 158
1 11 2
66 480
1 10 2
178 205
1 8 2
365 239
1 11 2
73 97
1 8 2
58 328
1 4 2
245 120
1 10 2
22 244
1 11 2
328 403
1 3 2
28 142
1 15 2
459 200
1 3 2
354 107
1 11 2
268 464
1 4 2
50 414
1 13 2
345 425
1 11 2
339 445
1 11 2
287 356
1 3 2
79 373
1 13 2
118 487
1 6 2
340 207
1 10 2
124 58
1 12 2
267 426
1 8 2
139 377
1 3 2
155 60
1 13 2
460 217
1 4 2
25 207
1 10 2
125 157
1 11 2
368 348
1 9 2
376 450
1 6 2
332 348
1 9 2
148 393
1 3 2
25 137
1 8 2
96 304
1 6 2
299 178
1 8 2
496 193
1 13 2
355 485
1 2 2
143 251
1 2 2
475 363
1 7 2
426 465
1 2 2
23 64
1 13 2
136 187
1 7 2
452 268
1 10 2
451 471
1 11 2
47 220
1 13 2
273 184
1 12 2
166 279
1 9 2
194 301
1 14 2
383 488
1 3 2
473 23
1 7 2
150 322
1 9 2
120 40
1 10 2
453 372
1 12 2
34 420
1 15 2
338 289
1 10 2
48 291
1 15 2
257 464
1 13 2
496 329
1 12 2
286 183
1 8 2
455 291
1 5 2
366 251
1 11 2
171 26
1 15 2
302 243
1 4 2
193 262
1 15 2
155 7
1 5 2
354 363
1 8 2
131 194
1 11 2
181 246
1 5 2
164 214
1 5 2
473 414
1 10 2
243 202
1 6 2
82 420
1 15 2
220 97
1 13 2
350 154
1 2 2
489 349
1 12 2
367 296
1 8 2
10 260
1 11 2
468 427
1 2 2
275 71
1 3 2
93 49
1 15 2
228 278
1 10 2
429 353
1 12 2
147 264
1 7 2
31 280
1 5 2
293 37
1 14 2
139 2
1 12 2
418 206
1 9 2
328 309
1 13 2
276 8
1 12 2
455 60
1 15 2
313 4
1 10 2
338 238
1 15 2
50 59
1 10 2
7 109
1 13 2
33 12
1 11 2
187 248
1 13 2
426 442
1 12 2
420 151
1 3 2
200 266
1 7 2
393 373
1 7 2
402 395
1 13 2
420 138
1 9 2
460 453
1 6 2
470 71
1 12 2
50 298
1 9 2
340 290
1 7 2
293 162
1 15 2
393 435
1 4 2
467 414
1 10 2
405 328
1 5 2
44 309
1 14 2
415 357
1 2 2
15 119
1 3 2
449 422
1 2 2
67 343
1 11 2
233 499
1 4 2
301 35
1 4 2
461 61
1 5 2
423 25
1 13 2
223 209
1 8 2
136 207
1 7 2
493 237
1 6 2
483 335
1 4 2
347 381
1 13 2
286 412
1 13 2
159 41
1 14 2
200 208
1 4 2
187 25
1 5 2
187 18
1 6 2
133 446
1 7 2
152 213
1 2 2
175 320
1 13 2
59 72
1 7 2
140 61
1 5 2
421 435
1 14 2
41 176
1 8 2
23 387
1 9 2
325 291
1 12 2
221 472
1 15 2
176 445
1 15 2
295 23
1 11 2
225 81
1 5 2
453 430
1 8 2
142 279
1 12 2
182 176
1 14 2
496 415
1 3 2
499 154
1 6 2
99 424
1 6 2
98 234
1 3 2
224 281
1 2 2
371 58
1 10 2
200 314
1 6 2
431 180
1 6 2
295 441
1 11 2
301 233
1 6 2
234 103
1 9 2
8 232
1 10 2
19 366
1 11 2
90 388
1 4 2
359 406
1 6 2
78 393
1 4 2
316 393
1 6 2
139 28
1 8 2
158 462
1 11 2
1 260
1 2 2
50 272
1 3 2
83 110
1 5 2
51 251
1 5 2
456 329
1 13 2
131 322
1 13 2
430 434
1 3 2
143 257
1 14 2
96 469
1 12 2
491 86
1 11 2
229 112
1 3 2
158 409
1 2 2
69 115
1 15 2
91 56
1 9 2
380 256
1 5 2
213 55
1 14 2
167 75
1 2 2
440 167
1 4 2
410 447
1 15 2
299 275
1 3 2
272 102
1 11 2
247 248
1 4 2
138 69
1 11 2
165 168
1 12 2
17 328
1 14 2
134 388
1 14 2
73 465
1 4 2
242 35
1 2 2
95 313
1 12 2
162 139
1 7 2
441 142
1 10 2
70 363
1 5 2
284 155
1 7 2
427 79
1 12 2
482 100
1 4 2
357 89
1 2 2
144 67
1 8 2
328 388
1 12 2
223 69
1 13 2
365 90
1 8 2
263 438
1 3 2
476 379
1 8 2
8 163
1 2 2
5 199
1 10 2
305 201
1 14 2
138 96
1 8 2
80 412
1 9 2
403 436
1 6 2
354 76
1 6 2
495 450
1 10 2
453 192
1 6 2
282 249
1 6 2
136 441
1 10 2
447 497
1 2 2
237 396
1 5 2
469 387
1 8 2
437 351
1 8 2
454 234
1 7 2
141 446
1 5 2
43 323
1 2 2
63 164
1 6 2
340 222
1 2 2
95 155
1 13 2
185 112
1 5 2
264 367
1 4 2
303 411
1 6 2
301 337
1 5 2
287 440
1 3 2
335 140
1 11 2
221 246
1 8 2
395 31
1 15 2
40 327
1 11 2
477 366
1 6 2
433 300
1 2 2
25 134
1 12 2
372 42
1 3 2
439 168
1 3 2
93 392
1 7 2
127 442
1 2 2
188 239
1 8 2
274 161
1 12 2
239 261
1 4 2
360 482
1 3 2
91 476
1 3 2
12 442
1 7 2
157 322
1 2 2
43 279
1 3 2
102 464
1 12 2
17 144
1 7 2
75 200
1 10 2
60 326
1 2 2
32 164
1 12 2
472 391
1 15 2
390 361
1 10 2
299 354
1 12 2
135 235
1 13 2
18 360
1 4 2
180 82
1 13 2
92 40
1 2 2
51 232
1 6 2
342 433
1 8 2
328 491
1 8 2
180 107
1 10 2
260 431
1 8 2
499 121
1 4 2
29 428
1 7 2
361 453
1 8 2
58 428
1 4 2
334 396
1 9 2
378 136
1 4 2
265 69
1 5 2
20 306
1 4 2
248 317
1 5 2
105 377
1 3 2
402 229
1 6 2
107 376
1 12 2
254 348
1 15 2
197 102
1 2 2
482 147
1 4 2
251 431
1 2 2
450 130
1 15 2
318 481
1 5 2
313 342
1 7 2
396 344
1 7 2
43 278
1 14 2
449 135
1 5 2
182 385
1 5 2
428 267
1 3 2
392 191
1 11 2
152 21
1 9 2
334 448
1 10 2
140 447
1 12 2
411 361
1 10 2
206 474
1 10 2
154 164
1 3 2
283 178
1 4 2
275 461
1 7 2
284 135
1 8 2
435 133
1 5 2
457 317
1 10 2
476 484
1 12 2
3 248
1 7 2
410 144
1 9 2
263 390
1 13 2
59 336
1 2 2
173 403
1 9 2
209 99
1 8 2
415 432
1 7 2
372 351
1 2 2
104 415
1 13 2
238 36
1 13 2
54 445
1 14 2
280 64
1 8 2
453 176
1 14 2
262 109
1 3 2
265 73
1 10 2
171 366
1 3 2
174 498
1 3 2
486 73
1 9 2
459 134
1 5 2
280 348
1 6 2
382 183
1 13 2
73 348
1 3 2
49 155
1 5 2
126 447
1 14 2
168 161
1 13 2
308 472
1 4 2
372 279
1 7 2
189 228
1 8 2
148 205
1 5 2
453 401
1 4 2
478 104
1 14 2
250 394
1 10 2
482 227
1 5 2
425 447
1 6 2
155 363
1 9 2
479 341
1 10 2
218 16
1 15 2
408 378
1 7 2
212 296
1 4 2
416 112
1 9 2
144 20
1 3 2
107 185
1 7 2
450 231
1 6 2
436 28
1 8 2
54 42
1 12 2
408 211
1 4 2
102 107
1 12 2
367 61
1 3 2
493 226
1 10 2
194 373
1 9 2
492 222
1 3 2
429 225
1 6 2
448 277
1 3 2
9 174
1 7 2
249 498
1 7 2
304 386
1 9 2
482 441
1 6 2
109 412
1 5 2
152 298
1 7 2
326 224
1 10 2
187 80
1 15 2
398 193
1 11 2
237 313
1 4 2
137 60
1 6 2
206 4
1 11 2
257 225
1 7 2
355 102
1 6 2
19 389
1 9 2
358 398
1 9 2
419 264
1 10 2
268 369
1 6 2
148 475
1 3 2
459 46
1 5 2
174 382
1 5 2
464 275
1 14 2
471 224
1 5 2
450 229
1 13 2
471 182
1 3 2
486 467
1 6 2
249 52
1 3 2
421 307
1 2 2
100 180
1 2 2
215 254
1 5 2
27 403
1 14 2
335 264
1 2 2
252 300
1 15 2
304 420
1 11 2
452 486
1 11 2
52 114
1 10 2
144 489
1 11 2
300 210
1 15 2
66 222
1 2 2
114 179
1 3 2
213 245
1 14 2
458 32
1 5 2
448 12
1 15 2
390 47
1 15 2
330 436
1 13 2
99 206
1 5 2
70 167
1 2 2
40 397
1 10 2
28 158
1 4 2
70 79
1 11 2
81 373
1 11 2
473 66
1 4 2
440 473
1 14 2
179 124
1 13 2
181 73
1 12 2
88 375
1 3 2
151 142
1 6 2
346 37
1 15 2
405 207
1 3 2
473 28
1 5 2
109 407
1 5 2
448 467
1 15 2
362 144
1 4 2
55 446
1 12 2
396 292
1 8 2
315 379
1 14 2
49 430
1 4 2
114 176
1 10 2
152 379
1 9 2
194 44
1 13 2
206 5
1 9 2
444 267
1 8 2
448 436
1 2 2
412 244
1 6 2
67 150
1 11 2
421 139
1 14 2
388 272
1 15 2
191 168
1 3 2
34 54
1 15 2
453 53
1 12 2
431 453
1 13 2
401 492
1 6 2
102 252
1 3 2
457 36
1 3 2
454 103
1 11 2
302 424
1 10 2
131 419
1 10 2
141 431
1 4 2
405 318
1 3 2
26 440
1 4 2
286 323
1 3 2
38 166
1 11 2
335 454
1 10 2
368 132
1 14 2
400 465
1 2 2
330 232
1 2 2
329 336
1 3 2
264 486
1 14 2
318 431
1 12 2
351 462
1 5 2
417 195
1 14 2
205 135
1 9 2
441 80
1 7 2
366 288
1 9 2
70 417
1 10 2
156 364
1 12 2
457 330
1 2 2
159 293
1 13 2
221 400
1 11 2
449 226
1 8 2
80 448
1 7 2
116 37
1 14 2
240 89
1 5 2
252 390
1 15 2
104 155
1 2 2
398 148
1 5 2
437 157
1 15 2
25 447
1 2 2
69 319
1 6 2
453 395
1 2 2
9 284
1 15 2
245 424
1 4 2
297 351
1 9 2
152 64
1 5 2
68 93
1 9 2
388 135
1 5 2
483 297
1 10 2
194 165
1 12 2
186 386
1 4 2
112 74
1 2 2
252 472
1 8 2
59 108
1 11 2
401 96
1 15 2
455 454
1 2 2
449 272
1 3 2
498 370
1 9 2
229 148
1 7 2
442 21
1 14 2
50 453
1 8 2
231 84
1 10 2
124 349
1 11 2
443 241
1 5 2
339 146
1 8 2
474 225
1 13 2
57 206
1 8 2
462 231
1 4 2
233 176
1 3 2
6 384
1 7 2
198 312
1 15 2
439 167
1 11 2
15 487
1 10 2
107 471
1 9 2
252 106
1 14 2
254 228
1 10 2
258 5
1 2 2
166 483
1 5 2
24 488
1 2 2
227 3
1 6 2
308 152
1 5 2
400 182
1 14 2
21 431
1 15 2
321 457
1 6 2
307 171
1 11 2
343 159
1 10 2
116 399
1 11 2
200 335
1 6 2
28 56
1 10 2
470 81
1 8 2
11 148
1 3 2
4 349
1 5 2
399 496
1 6 2
130 362
1 3 2
115 127
1 5 2
335 367
1 6 2
139 323
1 3 2
277 317
1 14 2
452 49
1 12 2
253 425
1 14 2
177 209
1 5 2
367 431
1 8 2
429 178
1 7 2
429 77
1 10 2
61 219
1 13 2
75 326
1 11 2
194 254
1 15 2
205 450
1 12 2
92 75
1 11 2
150 419
1 2 2
232 362
1 11 2
20 348
1 13 2
474 231
1 6 2
397 229
1 10 2
248 204
1 13 2
157 166
1 8 2
375 321
1 11 2
162 441
1 8 2
196 117
1 15 2
411 444
1 15 2
451 85
1 2 2
228 206
1 6 2
341 120
1 10 2
413 297
1 3 2
348 441
1 15 2
173 493
1 5 2
111 126
1 2 2
256 44
1 4 2
307 327
1 10 2
35 125
1 11 2
495 85
1 10 2
359 332
1 3 2
372 3
1 4 2
472 161
1 15 2
261 242
1 6 2
118 111
1 6 2
494 72
1 14 2
101 382
1 8 2
293 409
1 15 2
16 425
1 14 2
261 135
1 15 2
212 221
1 11 2
37 474
1 15 2
261 13
1 15 2
339 345
1 2 2
45 240
1 7 2
398 67
1 6 2
124 431
1 3 2
28 473
1 10 2
462 296
1 5 2
57 186
1 11 2
189 436
1 14 2
206 234
1 9 2
372 409
1 14 2
327 368
1 2 2
477 201
1 9 2
88 284
1 15 2
186 86
1 11 2
485 495
1 6 2
487 350
1 14 2
325 453
1 5 2
380 434
1 4 2
145 294
1 2 2
196 188
1 12 2
37 451
1 6 2
70 11
1 12 2
369 301
1 4 2
240 191
1 2 2
292 347
1 7 2
447 181
1 4 2
204 349
1 4 2
337 36
1 3 2
286 47
1 14 2
185 204
1 9 2
128 84
1 11 2
295 278
1 13 2
243 342
1 5 2
496 367
1 14 2
88 288
1 11 2
308 454
1 14 2
317 0
1 10 2
365 497
1 6 2
252 305
1 9 2
316 388
1 3 2
110 421
1 5 2
311 498
1 6 2
485 451
1 6 2
374 160
1 15 2
471 353
1 4 2
462 377
1 14 2
38 375
1 15 2
429 397
1 7 2
350 22
1 4 2
229 375
1 10 2
189 59
1 8 2
27 140
1 3 2
42 285
1 9 2
79 398
1 14 2
377 145
1 8 2
81 80
1 14 2
172 499
1 3 2
235 12
1 13 2
15 391
1 9 2
289 327
1 5 2
443 414
1 13 2
335 271
1 5 2
262 333
1 2 2
287 484
1 5 2
299 440
1 7 2
293 344
1 13 2
53 122
1 5 2
378 442
1 7 2
42 459
1 14 2
279 160
1 4 2
97 461
1 6 2
81 91
1 9 2
265 214
1 6 2
337 170
1 6 2
403 153
1 13 2
98 161
1 12 2
15 234
1 9 2
3 446
1 15 2
51 286
1 3 2
214 224
1 11 2
151 338
1 12 2
470 74
1 5 2
58 402
1 3 2
356 388
1 4 2
202 425
1 3 2
121 368
1 14 2
251 99
1 14 2
445 292
1 15 2
400 326
1 12 2
366 328
1 10 2
251 241
1 2 2
476 46
1 10 2
282 25
1 13 2
202 57
1 11 2
154 380
1 4 2
464 254
1 2 2
320 63
1 7 2
203 182
1 7 2
453 261
1 7 2
58 255
1 10 2
231 186
1 7 2
279 463
1 2 2
401 340
1 9 2
341 226
1 3 2
111 42
1 15 2
69 353
1 14 2
190 280
1 14 2
314 249
1 9 2
248 10
1 11 2
341 85
1 4 2
229 244
1 5 2
156 182
1 8 2
430 161
1 6 2
50 472
1 13 2
480 341
1 5 2
314 115
1 13 2
491 231
1 13 2
62 190
1 7 2
234 213
1 9 2
31 165
1 3 2
489 395
1 9 2
366 43
1 13 2
327 350
1 15 2
170 110
1 14 2
179 126
1 12 2
79 18
1 15 2
43 264
1 14 2
434 429
1 15 2
225 317
1 2 2
402 355
1 3 2
214 46
1 2 2
113 219
1 6 2
173 12
1 6 2
231 325
1 15 2
381 330
1 3 2
133 400
1 13 2
375 172
1 4 2
294 203
1 15 2
283 394
1 10 2
59 207
1 2 2
444 387
1 2 2
245 474
1 5 2
157 486
1 11 2
400 39
1 7 2
80 44
1 6 2
259 145
1 4 2
406 383
1 14 2
252 496
1 5 2
91 19
1 3 2
474 385
1 9 2
117 354
1 2 2
226 123
1 6 2
66 382
1 13 2
188 263
1 8 2
95 188
1 11 2
30 235
1 5 2
378 399
1 8 2
146 124
1 9 2
11 61
1 9 2
168 336
1 5 2
51 139
1 6 2
482 136
1 3 2
89 314
1 7 2
144 249
1 2 2
463 380
1 3 2
139 175
1 13 2
443 259
1 5 2
97 397
1 6 2
136 275
1 6 2
248 193
1 15 2
95 411
1 15 2
201 472
1 11 2
275 65
1 4 2
263 221
1 7 2
210 439
1 13 2
113 234
1 6 2
2 102
1 3 2
128 329
1 6 2
377 394
1 13 2
175 134
1 8 2
155 61
1 7 2
199 486
1 10 2
488 240
1 14 2
144 395
1 11 2
355 472
1 6 2
126 119
1 11 2
207 156
1 4 2
53 178
1 2 2
339 170
1 7 2
385 300
1 7 2
94 27
1 9 2
88 470
1 8 2
278 466
1 14 2
113 132
1 11 2
427 475
1 10 2
83 180
1 13 2
170 128
1 3 2
7 159
1 4 2
261 454
1 4 2
380 267
1 2 2
361 318
1 3 2
87 494
1 10 2
456 386
1 12 2
431 59
1 12 2
158 481
1 15 2
252 478
1 13 2
475 341
1 7 2
235 335
1 3 2
463 303
1 4 2
39 325
1 3 2
153 294
1 15 2
60 44
1 8 2
214 216
1 6 2
360 76
1 15 2
248 259
1 2 2
331 100
1 12 2
36 150
1 14 2
301 430
1 6 2
264 359
1 5 2
168 48
1 11 2
306 158
1 9 2
120 207
1 15 2
440 319
1 15 2
358 154
1 11 2
458 40
1 8 2
399 433
1 7 2
295 431
1 5 2
296 420
1 13 2
386 400
1 2 2
414 52
1 5 2
379 114
1 6 2
489 201
1 5 2
97 3
1 6 2
279 444
1 12 2
249 351
1 9 2
272 173
1 13 2
71 407
1 7 2
200 302
1 10 2
472 182
1 4 2
193 106
1 9 2
400 236
1 14 2
33 429
1 2 2
409 211
1 6 2
435 334
1 9 2
139 332
1 10 2
29 438
1 14 2
23 345
1 14 2
75 251
1 2 2
94 278
1 7 2
178 478
1 7 2
488 175
1 4 2
497 451
1 2 2
4 496
1 7 2
444 204
1 12 2
19 222
1 8 2
394 460
1 13 2
139 34
1 5 2
352 334
1 11 2
59 464
1 6 2
308 204
1 6 2
96 233
1 8 2
80 149
1 5 2
105 392
1 15 2
17 199
1 11 2
48 302
1 9 2
430 345
1 3 2
82 392
1 4 2
303 74
1 4 2
427 359
1 12 2
487 364
1 15 2
483 223
1 14 2
150 372
1 3 2
380 314
1 12 2
482 411
1 4 2
126 175
1 15 2
340 382
1 4 2
149 219
1 8 2
289 404
1 5 2
365 498
1 9 2
396 18
1 11 2
54 39
1 8 2
283 498
1 5 2
334 17
1 11 2
225 173
1 4 2
399 150
1 8 2
445 44
1 4 2
374 40
1 2 2
374 269
1 6 2
30 103
1 4 2
53 401
1 8 2
49 250
1 12 2
233 209
1 5 2
47 221
1 4 2
21 3
1 15 2
461 112
1 11 2
1 421
1 5 2
294 85
1 2 2
258 138
1 3 2
150 220
1 13 2
389 362
1 6 2
185 77
1 3 2
411 342
1 15 2
452 442
1 9 2
99 138
1 10 2
446 188
1 12 2
327 319
1 5 2
495 185
1 2 2
401 244
1 4 2
258 450
1 3 2
394 178
1 8 2
188 473
1 9 2
176 49
1 5 2
297 372
1 7 2
293 3
1 15 2
358 152
1 15 2
489 445
1 13 2
258 444
1 14 2
322 210
1 4 2
87 283
1 6 2
388 404
1 13 2
482 317
1 5 2
36 378
1 13 2
56 223
1 6 2
274 445
1 4 2
349 481
1 2 2
186 170
1 7 2
119 459
1 14 2
116 377
1 9 2
77 57
1 3 2
255 80
1 12 2
123 25
1 4 2
144 76
1 15 2
128 48
1 11 2
300 308
1 15 2
390 206
1 13 2
43 112
1 3 2
365 94
1 13 2
457 410
1 4 2
244 436
1 13 2
297 133
1 10 2
182 351
1 12 2
265 253
1 8 2
484 132
1 10 2
345 390
1 5 2
227 371
1 5 2
448 334
1 7 2
314 107
1 8 2
173 454
1 3 2
165 436
1 6 2
410 337
1 5 2
198 307
1 4 2
426 349
1 9 2
131 204
1 8 2
78 129
1 8 2
292 268
1 4 2
196 98
1 5 2
156 289
1 4 2
433 0
1 2 2
266 37
1 13 2
72 338
1 13 2
124 191
1 3 2
137 297
1 7 2
185 224
1 12 2
118 187
1 9 2
188 1
1 15 2
431 372
1 14 2
434 202
1 2 2
392 94
1 5 2
418 231
1 12 2
348 458
1 14 2
242 314
1 6 2
215 18
1 12 2
212 184
1 3 2
255 266
1 4 2
253 306
1 15 2
496 395
1 14 2
154 372
1 12 2
131 446
1 5 2
57 492
1 10 2
257 173
1 2 2
272 33
1 7 2
238 22
1 11 2
15 383
1 6 2
285 425
1 13 2
75 17
1 15 2
231 134
1 9 2
233 42
1 13 2
296 234
1 14 2
483 292
1 10 2
168 417
1 7 2
155 442
1 13 2
381 222
1 14 2
461 373
1 4 2
81 360
1 10 2
271 410
1 5 2
499 85
1 5 2
103 82
1 14 2
417 376
1 11 2
396 64
1 14 2
389 321
1 2 2
51 69
1 14 2
213 383
1 9 2
10 266
1 2 2
288 276
1 9 2
230 199
1 15 2
157 383
1 8 2
171 229
1 11 2
136 54
1 11 2
355 178
1 10 2
91 326
1 2 2
443 364
1 10 2
13 420
1 3 2
397 106
1 13 2
418 313
1 5 2
255 181
1 3 2
84 99
1 12 2
301 466
1 8 2
272 124
1 13 2
269 195
1 6 2
346 54
1 12 2
350 147
1 4 2
332 4
1 2 2
437 74
1 9 2
419 288
1 8 2
331 1
1 5 2
424 369
1 2 2
134 497
1 8 2
226 13
1 3 2
280 394
1 6 2
185 223
1 15 2
476 222
1 8 2
92 108
1 7 2
352 435
1 4 2
326 123
1 6 2
332 134
1 14 2
302 398
1 5 2
452 493
1 12 2
110 3
1 3 2
291 25
1 12 2
383 344
1 6 2
160 138
1 10 2
47 202
1 8 2
477 350
1 13 2
229 249
1 9 2
101 170
1 10 2
398 116
1 9 2
237 492
1 14 2
104 63
1 12 2
450 315
1 13 2
277 252
1 7 2
268 191
1 7 2
373 287
1 14 2
73 236
1 6 2
307 302
1 13 2
269 327
1 3 2
350 301
1 12 2
355 368
1 5 2
13 137
1 10 2
47 54
1 10 2
83 386
1 13 2
35 108
1 6 2
7 447
1 10 2
443 34
1 4 2
352 258
1 13 2
166 433
1 6 2
74 423
1 15 2
395 380
1 10 2
146 347
1 8 2
234 441
1 13 2
163 21
1 2 2
99 262
1 11 2
271 330
1 11 2
187 314
1 5 2
434 213
1 8 2
271 149
1 4 2
463 396
1 2 2
239 224
1 10 2
326 481
1 6 2
262 416
1 14 2
231 52
1 13 2
14 207
1 11 2
178 293
1 2 2
436 104
1 9 2
20 122
1 10 2
40 305
1 11 2
472 7
1 2 2
16 222
1 9 2
149 474
1 11 2
156 76
1 13 2
413 447
1 10 2
318 89
1 2 2
392 158
1 15 2
92 107
1 13 2
115 172
1 6 2
69 338
1 15 2
274 255
1 8 2
104 394
1 12 2
12 387
1 6 2
43 131
1 5 2
68 422
1 11 2
17 168
1 3 2
407 399
1 5 2
283 333
1 11 2
146 433
1 13 2
75 419
1 10 2
339 477
1 8 2
78 489
1 14 2
55 325
1 9 2
183 266
1 7 2
236 454
1 12 2
235 437
1 11 2
83 118
1 2 2
312 58
1 8 2
357 369
1 9 2
466 440
1 14 2
56 153
1 3 2
394 172
1 2 2
475 447
1 11 2
252 253
1 5 2
295 291
1 6 2
377 142
1 9 2
274 211
1 3 2
431 249
1 6 2
300 378
1 2 2
111 187
1 15 2
86 422
1 13 2
290 116
1 8 2
211 188
1 4 2
48 396
1 4 2
89 297
1 14 2
472 26
1 6 2
118 129
1 9 2
477 140
1 4 2
202 104
1 11 2
130 13
1 14 2
89 182
1 13 2
409 363
1 6 2
3 201
1 10 2
420 344
1 8 2
415 495
1 3 2
48 277
1 10 2
392 458
1 11 2
141 20
1 8 2
309 36
1 14 2
144 455
1 12 2
303 448
1 6 2
199 439
1 12 2
442 140
1 4 2
252 151
1 13 2
295 361
1 13 2
459 307
1 13 2
359 181
1 5 2
135 442
1 3 2
42 206
1 7 2
364 184
1 10 2
173 304
1 12 2
311 72
1 12 2
208 180
1 4 2
158 262
1 15 2
260 489
1 13 2
418 378
1 14 2
493 166
1 12 2
168 41
1 2 2
31 275
1 14 2
127 21
1 11 2
32 199
1 5 2
98 437
1 9 2
496 362
1 14 2
55 247
1 14 2
407 8
1 4 2
148 442
1 15 2
17 188
1 6 2
395 36
1 6 2
355 249
1 5 2
476 23
1 2 2
14 349
1 15 2
51 464
1 8 2
125 189
1 8 2
277 340
1 15 2
75 462
1 10 2
408 291
1 15 2
420 224
1 3 2
212 332
1 2 2
277 374
1 11 2
218 321
1 12 2
199 368
1 11 2
35 117
1 8 2
188 463
1 7 2
440 214
1 2 2
120 446
1 6 2
346 477
1 2 2
424 25
1 10 2
127 105
1 8 2
459 344
1 8 2
301 21
1 15 2
21 451
1 5 2
16 91
1 6 2
453 413
1 10 2
137 33
1 13 2
319 25
1 5 2
497 363
1 7 2
357 204
1 8 2
217 318
1 11 2
129 75
1 8 2
307 251
1 7 2
269 400
1 8 2
468 30
1 6 2
498 57
1 4 2
244 204
1 13 2
403 43
1 5 2
410 133
1 2 2
216 289
1 6 2
97 75
1 3 2
361 234
1 10 2
125 450
1 8 2
332 56
1 3 2
379 166
1 8 2
242 63
1 15 2
231 289
1 14 2
257 280
1 8 2
170 129
1 12 2
467 408
1 2 2
234 70
1 8 2
104 278
1 12 2
399 50
1 4 2
334 479
1 2 2
353 161
1 6 2
272 28
1 13 2
22 179
1 8 2
50 115
1 14 2
54 151
1 3 2
193 454
1 3 2
397 81
1 4 2
246 98
1 13 2
255 107
1 8 2
70 72
1 10 2
490 285
1 7 2
315 83
1 12 2
151 413
1 7 2
116 402
1 15 2
320 227
1 9 2
493 160
1 12 2
283 200
1 13 2
475 11
1 15 2
64 209
1 6 2
9 204
1 8 2
86 415
1 8 2
293 299
1 7 2
470 266
1 12 2
369 437
1 5 2
88 257
1 9 2
409 169
1 10 2
418 305
1 6 2
84 362
1 8 2
54 218
1 4 2
225 241
1 7 2
271 273
1 14 2
436 453
1 11 2
4 330
1 5 2
303 90
1 15 2
18 242
1 10 2
296 435
1 13 2
352 300
1 5 2
336 70
1 5 2
11 77
1 2 2
105 402
1 3 2
396 271
1 7 2
400 90
1 9 2
495 1
1 15 2
32 264
1 11 2
101 420
1 7 2
14 220
1 13 2
259 316
1 5 2
359 113
1 15 2
371 477
1 4 2
49 417
1 12 2
52 344
1 10 2
438 496
1 3 2
170 25
1 13 2
97 244
1 8 2
432 345
1 10 2
197 206
1 6 2
192 392
1 7 2
368 279
1 15 2
79 374
1 12 2
6 335
1 9 2
275 24
1 3 2
100 64
1 7 2
438 390
1 12 2
8 217
1 13 2
70 216
1 6 2
287 186
1 4 2
31 334
1 11 2
361 54
1 15 2
59 122
1 11 2
474 217
1 13 2
490 321
1 15 2
9 138
1 12 2
63 311
1 4 2
422 275
1 6 2
472 33
1 4 2
134 464
1 4 2
21 499
1 11 2
169 318
1 6 2
229 201
1 9 2
60 444
1 15 2
9 252
1 2 2
391 274
1 13 2
70 490
1 4 2
296 63
1 4 2
190 216
1 9 2
486 366
1 7 2
350 458
1 15 2
200 252
1 2 2
435 209
1 13 2
68 12
1 6 2
294 136
1 13 2
346 416
1 4 2
465 123
1 15 2
284 317
1 12 2
126 273
1 15 2
294 342
1 9 2
45 331
1 4 2
20 227
1 2 2
349 402
1 15 2
246 336
1 10 2
48 208
1 9 2
74 186
1 4 2
355 301
1 3 2
200 113
1 8 2
440 239
1 7 2
465 116
1 10 2
113 62
1 12 2
440 210
1 12 2
290 92
1 3 2
14 353
1 5 2
424 401
1 2 2
6 304
1 10 2
205 425
1 13 2
208 108
1 14 2
361 189
1 10 2
200 482
1 9 2
304 352
1 5 2
79 205
1 4 2
483 15
1 3 2
343 101
1 3 2
140 138
1 9 2
314 261
1 7 2
364 79
1 13 2
237 76
1 5 2
392 140
1 5 2
427 148
1 7 2
373 7
1 5 2
207 496
1 14 2
104 461
1 8 2
158 122
1 4 2
5 259
1 2 2
83 111
1 8 2
486 450
1 6 2
264 183
1 15 2
288 322
1 8 2
199 272
1 2 2
455 227
1 13 2
19 242
1 3 2
406 218
1 7 2
447 167
1 6 2
196 368
1 15 2
449 14
1 13 2
250 313
1 2 2
487 61
1 2 2
331 171
1 3 2
221 422
1 4 2
465 439
1 6 2
190 231
1 4 2
137 122
1 3 2
488 475
1 15 2
200 232
1 13 2
254 257
1 11 2
19 201
1 6 2
368 145
1 11 2
322 230
1 6 2
36 332
1 7 2
411 407
1 6 2
124 42
1 6 2
143 314
1 11 2
284 39
1 13 2
188 373
1 6 2
239 471
1 15 2
463 492
1 8 2
94 228
1 14 2
70 271
1 4 2
190 163
1 8 2
179 352
1 6 2
315 212
1 8 2
441 328
1 4 2
116 263
1 12 2
429 312
1 5 2
72 74
1 12 2
233 97
1 6 2
411 8
1 8 2
484 154
1 10 2
271 298
1 7 2
54 412
1 7 2
320 383
1 11 2
456 255
1 10 2
372 34
1 2 2
160 314
1 2 2
429 421
1 6 2
343 444
1 4 2
30 245
1 12 2
354 124
1 11 2
386 75
1 5 2
127 437
1 14 2
49 130
1 3 2
482 150
1 14 2
298 348
1 7 2
396 385
1 13 2
213 444
1 9 2
257 202
1 10 2
121 228
1 15 2
16 99
1 9 2
63 1
1 12 2
285 58
1 8 2
486 483
1 3 2
21 373
1 6 2
311 116
1 9 2
1 136
1 5 2
463 175
1 4 2
404 5
1 10 2
346 332
1 13 2
295 59
1 6 2
424 353
1 8 2
288 391
1 5 2
214 226
1 14 2
235 392
1 13 2
165 372
1 11 2
172 176
1 15 2
434 467
1 3 2
306 389
1 10 2
357 60
1 2 2
223 164
1 11 2
20 476
1 2 2
422 117
1 10 2
124 385
1 7 2
150 131
1 11 2
104 110
1 8 2
236 202
1 11 2
419 452
1 4 2
103 161
1 15 2
281 19
1 3 2
57 177
1 2 2
4 301
1 8 2
429 278
1 15 2
275 377
1 11 2
139 320
1 14 2
384 444
1 11 2
431 298
1 11 2
445 356
1 11 2
320 170
1 4 2
475 241
1 2 2
135 430
1 3 2
432 201
1 7 2
6 358
1 4 2
66 82
1 6 2
382 403
1 7 2
123 358
1 5 2
290 277
1 10 2
351 128
1 2 2
93 85
1 11 2
109 283
1 9 2
278 379
1 6 2
337 15
1 14 2
52 443
1 4 2
3 238
1 9 2
277 481
1 5 2
417 239
1 12 2
17 146
1 6 2
107 356
1 9 2
14 182
1 7 2
345 395
1 14 2
95 21
1 14 2
53 493
1 10 2
450 88
1 13 2
411 443
1 7 2
200 449
1 6 2
425 381
1 2 2
110 69
1 7 2
499 421
1 10 2
28 408
1 3 2
265 223
1 6 2
166 219
1 6 2
413 368
1 4 2
403 358
1 15 2
337 148
1 7 2
127 186
1 6 2
350 278
1 10 2
175 209
1 7 2
2 110
1 12 2
435 266
1 3 2
300 321
1 6 2
417 207
1 4 2
439 30
1 2 2
238 411
1 2 2
88 21
1 14 2
477 347
1 13 2
316 439
1 6 2
411 39
1 10 2
294 210
1 8 2
27 34
1 8 2
273 468
1 13 2
349 250
1 14 2
95 271
1 8 2
212 42
1 3 2
339 105
1 4 2
173 281
1 9 2
192 295
1 4 2
478 422
1 5 2
326 264
1 3 2
371 197
1 9 2
245 223
1 14 2
195 82
1 13 2
161 100
1 13 2
24 50
1 6 2
154 343
1 2 2
99 150
1 11 2
307 246
1 7 2
52 282
1 11 2
248 274
1 15 2
304 427
1 2 2
460 420
1 6 2
87 15
1 9 2
255 299
1 3 2
457 241
1 12 2
44 238
1 13 2
248 287
1 3 2
397 426
1 12 2
302 226
1 6 2
284 206
1 13 2
145 8
1 15 2
105 434
1 11 2
214 76
1 5 2
455 117
1 15 2
235 134
1 5 2
313 350
1 4 2
360 259
1 13 2
199 255
1 15 2
403 265
1 11 2
73 230
1 9 2
83 99
1 9 2
26 184
1 10 2
10 27
1 9 2
61 268
1 8 2
234 381
1 4 2
6 62
1 14 2
257 385
1 11 2
482 422
1 2 2
471 17
1 8 2
470 271
1 12 2
163 449
1 15 2
406 46
1 7 2
124 494
1 9 2
345 469
1 15 2
361 319
1 5 2
81 96
1 4 2
227 268
1 15 2
160 158
1 8 2
195 337
1 14 2
41 351
1 11 2
285 209
1 8 2
240 236
1 4 2
228 99
1 2 2
485 90
1 5 2
81 449
1 6 2
365 267
1 7 2
108 268
1 6 2
96 197
1 12 2
400 176
1 9 2
301 360
1 2 2
183 83
1 15 2
120 344
1 13 2
413 169
1 14 2
483 260
1 2 2
106 153
1 11 2
233 312
1 6 2
67 311
1 8 2
84 36
1 12 2
239 80
1 13 2
41 429
1 4 2
301 467
1 7 2
80 302
1 14 2
419 25
1 7 2
273 282
1 3 2
163 223
1 15 2
417 107
1 8 2
137 378
1 4 2
309 20
1 5 2
116 350
1 2 2
275 88
1 11 2
457 163
1 12 2
3 62
1 7 2
304 283
1 10 2
152 67
1 10 2
301 116
1 14 2
429 351
1 3 2
111 83
1 5 2
381 398
1 8 2
259 411
1 8 2
166 333
1 4 2
366 380
1 10 2
90 40
1 10 2
416 49
1 6 2
281 457
1 5 2
496 342
1 5 2
384 313
1 13 2
275 322
1 2 2
376 219
1 5 2
459 16
1 8 2
483 408
1 8 2
485 136
1 15 2
259 161
1 11 2
431 369
1 10 2
351 203
1 8 2
490 308
1 8 2
225 38
1 4 2
33 446
1 6 2
89 428
1 4 2
46 296
1 10 2
304 400
1 5 2
171 16
1 4 2
415 266
1 2 2
491 140
1 7 2
347 48
1 13 2
467 404
1 14 2
466 294
1 3 2
208 372
1 10 2
36 163
1 11 2
216 358
1 8 2
426 2
1 9 2
42 159
1 7 2
226 261
1 6 2
293 345
1 7 2
190 115
1 4 2
442 31
1 12 2
209 405
1 13 2
135 175
1 15 2
102 202
1 2 2
302 152
1 11 2
24 332
1 4 2
469 34
1 3 2
214 458
1 6 2
152 285
1 12 2
494 16
1 10 2
277 427
1 2 2
99 268
1 6 2
386 119
1 4 2
150 96
1 9 2
293 101
1 6 2
211 53
1 2 2
363 113
1 2 2
189 169
1 8 2
335 39
1 14 2
498 319
1 3 2
54 93
1 15 2
311 458
1 3 2
140 16
1 15 2
488 193
1 12 2
391 485
1 9 2
383 440
1 11 2
22 110
1 10 2
27 227
1 8 2
250 200
1 9 2
138 488
1 11 2
1 336
1 15 2
139 92
1 13 2
471 76
1 12 2
217 392
1 13 2
153 12
1 11 2
137 407
1 13 2
125 385
1 14 2
68 36
1 5 2
83 360
1 3 2
316 159
1 10 2
373 322
1 7 2
374 419
1 7 2
139 464
1 10 2
76 461
1 6 2
377 447
1 10 2
255 491
1 14 2
153 48
1 13 2
266 360
1 11 2
146 424
1 11 2
219 366
1 6 2
238 349
1 7 2
173 473
1 12 2
152 44
1 8 2
271 231
1 3 2
169 55
1 14 2
474 48
1 12 2
472 172
1 2 2
325 307
1 9 2
235 449
1 3 2
283 86
1 2 2
40 443
1 9 2
279 283
1 14 2
55 3
1 12 2
55 22
1 13 2
5 149
1 7 2
384 105
1 6 2
280 228
1 12 2
358 356
1 9 2
117 473
1 8 2
203 126
1 6 2
150 338
1 14 2
374 343
1 6 2
381 331
1 3 2
421 352
1 5 2
440 285
1 2 2
168 477
1 14 2
117 356
1 13 2
214 132
1 5 2
0 318
1 10 2
193 99
1 10 2
162 352
1 7 2
232 415
1 10 2
312 277
1 7 2
137 101
1 15 2
411 293
1 7 2
107 239
1 12 2
333 382
1 15 2
195 382
1 2 2
107 270
1 14 2
60 234
1 10 2
115 484
1 15 2
386 166
1 6 2
256 415
1 12 2
290 402
1 7 2
465 437
1 15 2
278 140
1 5 2
403 185
1 8 2
17 243
1 11 2
283 63
1 2 2
449 207
1 13 2
82 276
1 2 2
333 388
1 4 2
210 193
1 10 2
289 0
1 14 2
464 135
1 15 2
336 253
1 12 2
355 473
1 13 2
332 283
1 4 2
485 8
1 2 2
218 392
1 8 2
475 221
1 5 2
272 416
1 5 2
223 446
1 10 2
334 429
1 4 2
403 99
1 10 2
442 292
1 11 2
387 25
1 12 2
451 315
1 13 2
16 122
1 2 2
49 375
1 4 2
357 171
1 15 2
272 422
1 11 2
182 44
1 8 2
380 185
1 15 2
421 306
1 6 2
335 479
1 9 2
128 443
1 5 2
34 477
1 13 2
285 38
1 11 2
234 236
1 15 2
93 17
1 14 2
408 333
1 2 2
266 319
1 6 2
479 118
1 2 2
182 387
1 2 2
343 290
1 13 2
449 97
1 13 2
68 279
1 9 2
410 96
1 13 2
323 67
1 11 2
497 251
1 9 2
463 1
1 6 2
76 393
1 4 2
441 431
1 11 2
298 4
1 13 2
306 105
1 12 2
304 470
1 4 2
213 441
1 8 2
371 350
1 2 2
462 451
1 6 2
189 120
1 13 2
179 318
1 2 2
341 97
1 8 2
0 488
1 9 2
277 454
1 6 2
174 121
1 7 2
108 269
1 6 2
126 280
1 13 2
129 316
1 6 2
412 195
1 2 2
155 180
1 11 2
21 208
1 8 2
236 20
1 6 2
243 109
1 12 2
182 220
1 4 2
79 297
1 7 2
160 192
1 7 2
11 376
1 12 2
5 386
1 6 2
266 64
1 6 2
382 422
1 10 2
447 449
1 2 2
61 454
1 5 2
333 390
1 3 2
72 29
1 6 2
351 199
1 14 2
221 28
1 5 2
114 196
1 9 2
113 444
1 12 2
438 175
1 15 2
460 140
1 9 2
383 439
1 14 2
469 400
1 13 2
51 92
1 11 2
464 393
1 6 2
133 436
1 14 2
446 234
1 10 2
120 222
1 2 2
157 87
1 6 2
206 167
1 6 2
214 121
1 15 2
212 488
1 2 2
42 480
1 13 2
115 225
1 7 2
357 368
1 2 2
144 451
1 2 2
151 389
1 15 2
100 258
1 15 2
127 459
1 3 2
342 122
1 7 2
218 463
1 5 2
271 114
1 3 2
467 280
1 15 2
462 411
1 11 2
205 436
1 6 2
472 328
1 7 2
361 254
1 4 2
169 385
1 10 2
362 148
1 13 2
409 301
1 6 2
389 352
1 9 2
274 3
1 11 2
398 275
1 9 2
393 197
1 12 2
174 397
1 5 2
216 487
1 9 2
406 100
1 10 2
199 127
1 13 2
111 14
1 13 2
187 216
1 15 2
192 25
1 8 2
374 136
1 11 2
84 284
1 14 2
30 431
1 11 2
487 11
1 5 2
376 348
1 7 2
479 338
1 7 2
130 102
1 11 2
407 68
1 4 2
266 367
1 13 2
325 141
1 11 2
418 310
1 10 2
82 232
1 10 2
215 271
1 5 2
173 249
1 6 2
309 46
1 15 2
37 49
1 3 2
438 280
1 11 2
192 67
1 10 2
356 6
1 8 2
352 467
1 3 2
397 141
1 3 2
45 338
1 2 2
468 66
1 14 2
305 422
1 13 2
60 334
1 14 2
19 344
1 14 2
58 196
1 2 2
270 189
1 14 2
265 344
1 6 2
150 210
1 24 2
381 153
1 24 2
16 34
1 30 2
107 433
1 20 2
22 147
1 4 2
199 336
1 20 2
180 134
1 12 2
376 31
