500 2986 1500
5 25 13 6 12 24 13 5 23 9 5 13 11 11 19 18 18 21 11 17 7 19 21 6 16 8 22 5 7 18 17 13 8 17 11 18 15 19 20 19 18 17 21 23 23 9 11 15 12 5 12 14 23 9 24 11 12 11 12 9 9 6 17 18 7 20 22 5 15 6 8 8 23 21 23 7 11 22 12 21 6 22 18 21 13 6 24 22 24 21 21 19 11 20 21 17 12 22 25 21 6 23 15 16 14 25 13 13 25 17 10 14 10 24 8 14 20 21 15 16 24 10 8 21 12 12 13 16 17 7 19 7 5 11 13 17 16 8 14 8 25 6 16 9 16 24 17 8 23 8 12 23 7 16 19 14 23 25 14 23 25 15 22 19 22 17 6 11 5 6 17 22 7 23 22 9 11 18 18 8 22 21 17 18 5 8 18 18 23 6 10 15 24 14 5 13 23 21 11 19 20 20 10 17 23 14 7 10 19 13 10 21 13 15 6 20 6 8 10 15 9 24 6 16 11 17 17 24 7 22 9 7 22 12 25 14 15 18 7 24 25 21 6 5 25 23 11 11 9 9 7 18 13 22 24 10 21 22 12 6 11 24 19 13 11 17 24 20 22 17 17 25 18 17 6 9 6 13 13 23 7 18 5 25 17 7 7 13 15 21 16 7 22 13 8 22 21 8 13 22 14 6 22 10 11 18 6 16 11 24 22 25 25 5 25 15 12 17 17 21 7 13 17 13 19 5 9 22 21 25 16 12 5 5 5 7 7 17 12 22 11 6 15 17 24 7 22 13 15 14 16 25 21 17 12 8 18 19 9 21 12 8 12 17 19 14 10 24 24 20 21 12 15 18 7 9 10 8 20 7 20 15 17 5 13 12 22 16 24 16 20 21 8 7 7 19 12 17 11 5 21 5 14 22 11 13 17 24 10 24 20 25 25 8 11 23 9 8 22 21 7 15 8 23 5 16 8 23 9 11 14 11 7 6 21 10 7 24 24 23 16 10 19 6 16 15 25 20 22 5 23 5 16 15 24 23 22 18 9 8 20 11 8 17 25 6 11 19 11 10 11 23 18 13 9 12 12 21 20 13 25 18 20 9 19 18 25 8 22 22 12 23 14 8 13 23 16 25 6 6
3 18 12 17 6 5 14 13 11 3 6 6 12 11 4 17 10 5 3 6 11 5 4 5 10 20 18 7 9 10 19 8 9 12 13 8 14 6 6 5 3 10 10 17 7 10 12 7 18 5 9 17 14 11 9 5 7 9 13 3 4 20 14 3 20 18 4 7 11 14 20 12 3 7 18 19 7 3 19 5 19 19 7 15 15 5 18 6 18 9 3 9 4 9 13 3 5 14 16 4 16 7 8 20 9 16 14 8 16 8 10 6 20 18 8 16 3 5 16 12 17 17 8 16 9 11 16 4 9 18 3 9 7 17 3 4 20 9 8 6 11 11 7 15 20 6 10 13 15 10 4 10 8 19 11 13 15 15 13 3 16 4 10 6 12 17 9 17 18 10 4 6 8 5 3 5 14 8 7 17 20 11 9 15 12 9 4 3 12 7 7 20 3 10 3 8 3 18 7 10 17 12 3 10 5 15 20 16 19 6 9 5 16 8 18 15 4 13 9 3 3 19 13 15 3 8 5 7 11 6 16 9 14 19 9 15 20 8 4 7 12 4 10 12 16 12 5 4 5 11 7 18 15 6 8 20 6 5 10 20 13 17 7 10 5 6 11 17 20 9 15 3 12 12 11 14 4 16 19 15 16 16 7 18 17 20 5 19 8 19 4 16 15 8 18 5 4 3 12 14 3 19 20 8 9 11 3 11 12 7 4 8 12 3 8 6 20 4 16 19 10 15 15 15 17 9 14 8 10 11 17 9 5 4 20 8 15 5 9 11 16 4 16 19 11 5 4 12 8 12 11 18 14 3 15 9 6 20 20 8 19 9 3 8 7 16 4 7 10 17 9 15 11 8 4 11 8 14 9 9 7 18 5 18 20 19 11 13 20 7 19 17 6 8 8 7 6 17 7 13 20 12 3 10 13 16 3 19 16 10 13 14 11 3 16 19 5 4 16 18 5 20 15 10 8 6 14 7 16 13 10 11 12 11 10 11 10 13 16 17 7 13 13 12 14 19 5 17 15 17 5 4 9 13 11 11 3 5 11 17 20 19 19 3 5 12 17 13 11 11 9 3 16 3 18 15 3 12 3 12 7 4 5 12 10 12 14 13 6 17 10 6 20 11 20 7 12 18 16 12
1 14 2
462 194
1 3 2
340 296
1 5 2
137 340
1 7 2
66 250
1 2 2
327 366
1 14 2
442 200
1 5 2
200 115
1 15 2
285 111
1 14 2
132 354
1 14 2
155 121
1 12 2
370 361
1 6 2
90 112
1 5 2
155 235
1 4 2
11 114
1 5 2
177 181
1 6 2
381 184
1 10 2
1 314
1 11 2
153 272
1 5 2
411 440
1 14 2
119 454
1 15 2
248 66
1 5 2
118 481
1 6 2
353 16
1 5 2
420 247
1 13 2
159 278
1 8 2
225 346
1 4 2
311 167
1 3 2
315 153
1 8 2
341 330
1 5 2
125 318
1 10 2
203 29
1 11 2
56 414
1 4 2
335 208
1 14 2
41 452
1 8 2
361 167
1 13 2
140 474
1 8 2
402 232
1 2 2
149 365
1 5 2
47 460
1 7 2
117 308
1 12 2
395 237
1 8 2
383 257
1 15 2
149 61
1 13 2
46 141
1 5 2
188 4
1 6 2
122 51
1 13 2
360 477
1 11 2
70 419
1 4 2
469 61
1 7 2
169 294
1 2 2
436 489
1 15 2
285 435
1 8 2
189 60
1 2 2
285 148
1 14 2
384 94
1 5 2
124 280
1 5 2
112 67
1 12 2
319 272
1 13 2
221 495
1 2 2
392 349
1 5 2
50 43
1 6 2
81 119
1 7 2
341 132
1 3 2
226 293
1 6 2
163 254
1 4 2
270 98
1 6 2
138 253
1 9 2
386 195
1 11 2
341 206
1 10 2
127 266
1 8 2
191 214
1 15 2
62 317
1 9 2
203 394
1 13 2
380 440
1 11 2
165 182
1 8 2
221 308
1 8 2
483 171
1 6 2
397 479
1 11 2
307 67
1 12 2
59 394
1 4 2
300 297
1 6 2
356 161
1 8 2
473 420
1 8 2
218 278
1 6 2
107 134
1 12 2
158 4
1 7 2
424 427
1 8 2
27 60
1 7 2
87 84
1 13 2
146 306
1 15 2
106 383
1 8 2
32 366
1 15 2
497 272
1 7 2
161 473
1 10 2
396 378
1 14 2
465 484
1 7 2
209 100
1 2 2
262 259
1 5 2
118 434
1 4 2
106 237
1 13 2
496 394
1 11 2
11 420
1 5 2
370 177
1 5 2
33 34
1 14 2
228 411
1 6 2
399 225
1 9 2
160 264
1 7 2
50 407
1 11 2
339 311
1 6 2
212 455
1 13 2
124 30
1 7 2
60 206
1 11 2
296 100
1 6 2
44 172
1 9 2
385 401
1 9 2
202 2
1 3 2
220 372
1 15 2
17 378
1 13 2
486 116
1 12 2
434 121
1 4 2
304 194
1 3 2
371 293
1 2 2
84 464
1 15 2
489 102
1 6 2
5 310
1 4 2
43 279
1 8 2
265 220
1 12 2
27 108
1 5 2
127 269
1 11 2
411 3
1 8 2
485 46
1 13 2
136 394
1 8 2
186 445
1 8 2
353 68
1 9 2
476 182
1 7 2
104 365
1 9 2
121 91
1 3 2
434 162
1 13 2
308 43
1 8 2
372 228
1 8 2
338 400
1 6 2
322 142
1 11 2
436 325
1 14 2
313 120
1 15 2
293 261
1 2 2
96 173
1 4 2
51 8
1 10 2
123 137
1 9 2
356 25
1 3 2
260 350
1 8 2
168 370
1 6 2
261 471
1 11 2
81 189
1 12 2
493 463
1 14 2
216 309
1 8 2
15 424
1 2 2
417 402
1 14 2
343 192
1 11 2
60 351
1 13 2
115 355
1 9 2
0 210
1 10 2
365 478
1 11 2
75 283
1 7 2
361 368
1 5 2
424 421
1 10 2
9 196
1 5 2
300 115
1 11 2
120 412
1 4 2
268 175
1 11 2
38 93
1 6 2
5 170
1 6 2
193 362
1 3 2
425 34
1 5 2
46 340
1 2 2
281 407
1 2 2
478 179
1 9 2
313 55
1 8 2
225 358
1 4 2
142 71
1 14 2
16 222
1 11 2
179 95
1 9 2
217 74
1 3 2
232 475
1 11 2
243 119
1 10 2
161 469
1 3 2
498 303
1 13 2
429 332
1 11 2
183 344
1 11 2
405 204
1 8 2
104 121
1 5 2
324 26
1 8 2
457 88
1 13 2
130 141
1 14 2
1 405
1 8 2
198 265
1 7 2
473 193
1 14 2
5 396
1 15 2
37 479
1 3 2
325 176
1 6 2
388 51
1 6 2
16 201
1 6 2
28 219
1 14 2
312 378
1 14 2
215 386
1 7 2
76 135
1 13 2
77 337
1 9 2
231 385
1 5 2
35 10
1 4 2
219 354
1 7 2
372 275
1 12 2
41 473
1 15 2
65 162
1 7 2
286 217
1 3 2
329 209
1 5 2
264 194
1 5 2
83 257
1 15 2
159 461
1 3 2
376 329
1 9 2
24 343
1 11 2
354 445
1 8 2
469 338
1 4 2
212 48
1 7 2
353 108
1 2 2
155 236
1 11 2
173 90
1 6 2
133 378
1 3 2
24 460
1 15 2
278 80
1 13 2
468 446
1 11 2
475 402
1 9 2
253 211
1 6 2
335 114
1 15 2
253 60
1 5 2
15 311
1 15 2
427 220
1 8 2
197 310
1 6 2
316 113
1 7 2
382 437
1 3 2
180 194
1 9 2
478 242
1 6 2
210 35
1 13 2
135 273
1 7 2
318 82
1 14 2
247 334
1 7 2
53 28
1 3 2
168 29
1 13 2
95 403
1 12 2
143 24
1 9 2
185 332
1 9 2
249 311
1 3 2
363 324
1 5 2
188 1
1 14 2
396 69
1 11 2
109 391
1 12 2
28 348
1 2 2
477 437
1 12 2
414 359
1 14 2
119 169
1 6 2
56 318
1 4 2
2 332
1 15 2
118 281
1 8 2
471 317
1 14 2
477 8
1 6 2
111 149
1 5 2
310 89
1 5 2
252 329
1 6 2
248 306
1 12 2
460 214
1 11 2
149 194
1 7 2
60 80
1 9 2
488 27
1 6 2
85 13
1 7 2
57 151
1 6 2
65 98
1 5 2
290 206
1 14 2
135 85
1 14 2
391 60
1 7 2
323 194
1 6 2
93 224
1 8 2
247 241
1 5 2
373 304
1 7 2
245 359
1 8 2
116 426
1 14 2
49 99
1 13 2
256 288
1 9 2
159 9
1 10 2
369 72
1 15 2
31 110
1 4 2
202 426
1 2 2
469 161
1 8 2
483 331
1 5 2
499 142
1 15 2
293 169
1 9 2
226 93
1 2 2
366 326
1 10 2
32 285
1 3 2
247 491
1 2 2
312 242
1 6 2
350 218
1 15 2
60 94
1 12 2
246 266
1 4 2
305 340
1 3 2
211 239
1 7 2
440 89
1 7 2
4 385
1 2 2
345 146
1 11 2
472 372
1 10 2
417 180
1 12 2
93 249
1 9 2
83 379
1 7 2
77 483
1 15 2
14 249
1 3 2
136 35
1 9 2
146 55
1 8 2
22 336
1 4 2
157 24
1 4 2
176 272
1 13 2
211 38
1 7 2
336 355
1 15 2
160 59
1 15 2
320 36
1 2 2
310 236
1 12 2
365 162
1 5 2
420 148
1 4 2
388 187
1 6 2
428 117
1 6 2
72 37
1 10 2
51 339
1 5 2
418 38
1 6 2
305 125
1 9 2
150 15
1 11 2
57 389
1 12 2
106 497
1 11 2
442 225
1 9 2
472 175
1 14 2
312 116
1 7 2
241 480
1 15 2
372 17
1 5 2
171 129
1 7 2
207 447
1 9 2
201 116
1 9 2
371 378
1 2 2
22 187
1 15 2
403 168
1 6 2
297 311
1 2 2
262 465
1 4 2
40 146
1 10 2
188 309
1 4 2
279 43
1 3 2
257 221
1 7 2
239 294
1 4 2
234 65
1 3 2
482 53
1 2 2
325 331
1 7 2
216 289
1 15 2
275 179
1 6 2
382 456
1 14 2
324 77
1 14 2
249 101
1 2 2
158 254
1 11 2
386 366
1 11 2
110 45
1 11 2
51 486
1 4 2
383 478
1 6 2
484 276
1 8 2
71 49
1 7 2
377 141
1 15 2
123 291
1 13 2
361 418
1 3 2
58 309
1 3 2
8 464
1 2 2
372 343
1 2 2
95 353
1 13 2
443 91
1 9 2
157 383
1 7 2
412 27
1 8 2
469 393
1 4 2
424 8
1 15 2
441 217
1 10 2
149 270
1 15 2
192 376
1 11 2
404 226
1 8 2
428 120
1 3 2
389 5
1 9 2
32 455
1 3 2
423 118
1 4 2
320 498
1 5 2
54 142
1 11 2
391 323
1 2 2
58 303
1 15 2
256 223
1 10 2
381 177
1 14 2
140 297
1 3 2
134 464
1 10 2
185 323
1 3 2
389 419
1 14 2
434 321
1 9 2
490 227
1 3 2
298 106
1 3 2
18 43
1 13 2
120 192
1 7 2
243 478
1 9 2
145 285
1 8 2
413 322
1 10 2
427 88
1 9 2
470 310
1 7 2
229 88
1 11 2
414 99
1 8 2
221 401
1 5 2
405 461
1 10 2
123 195
1 3 2
55 344
1 3 2
363 12
1 11 2
492 290
1 9 2
376 31
1 10 2
260 85
1 11 2
100 208
1 13 2
420 371
1 10 2
32 341
1 14 2
57 425
1 11 2
476 101
1 3 2
409 102
1 8 2
464 187
1 14 2
213 5
1 3 2
464 360
1 5 2
177 394
1 8 2
265 202
1 4 2
125 206
1 10 2
67 166
1 4 2
215 317
1 15 2
219 161
1 2 2
415 91
1 12 2
120 455
1 7 2
321 156
1 7 2
382 275
1 12 2
99 216
1 13 2
22 23
1 14 2
74 462
1 8 2
192 321
1 10 2
54 373
1 2 2
5 267
1 12 2
480 222
1 13 2
83 300
1 7 2
48 426
1 4 2
206 290
1 5 2
360 394
1 11 2
140 42
1 7 2
415 465
1 5 2
201 298
1 14 2
162 452
1 5 2
274 388
1 7 2
495 11
1 13 2
37 169
1 15 2
353 240
1 9 2
443 316
1 8 2
4 140
1 15 2
464 129
1 5 2
459 217
1 2 2
35 397
1 13 2
203 266
1 11 2
156 11
1 2 2
36 46
1 11 2
35 215
1 2 2
482 179
1 10 2
277 352
1 14 2
141 244
1 6 2
235 242
1 15 2
468 487
1 2 2
223 215
1 14 2
458 328
1 9 2
487 268
1 11 2
250 7
1 2 2
219 96
1 3 2
397 476
1 5 2
402 448
1 7 2
144 313
1 12 2
63 475
1 6 2
258 285
1 7 2
468 126
1 3 2
398 47
1 6 2
311 284
1 15 2
145 427
1 4 2
53 457
1 7 2
286 368
1 11 2
123 92
1 13 2
247 487
1 8 2
355 145
1 11 2
41 391
1 5 2
209 406
1 8 2
185 203
1 14 2
480 10
1 4 2
68 432
1 8 2
145 437
1 12 2
306 119
1 4 2
107 283
1 11 2
46 149
1 5 2
139 388
1 5 2
418 168
1 12 2
469 255
1 6 2
123 400
1 6 2
451 78
1 5 2
37 224
1 3 2
67 175
1 6 2
125 75
1 7 2
400 476
1 3 2
421 473
1 12 2
487 274
1 11 2
118 250
1 2 2
356 4
1 14 2
411 54
1 8 2
13 168
1 6 2
32 140
1 14 2
310 287
1 11 2
460 170
1 10 2
148 378
1 3 2
395 445
1 11 2
57 491
1 6 2
67 284
1 5 2
371 194
1 8 2
485 455
1 12 2
473 197
1 9 2
271 328
1 2 2
462 315
1 7 2
444 407
1 15 2
326 477
1 11 2
162 410
1 4 2
310 463
1 15 2
89 452
1 5 2
337 433
1 7 2
95 68
1 15 2
301 337
1 3 2
132 251
1 4 2
442 79
1 7 2
202 44
1 4 2
396 30
1 2 2
76 389
1 15 2
375 41
1 13 2
7 272
1 3 2
17 196
1 5 2
352 351
1 15 2
368 166
1 7 2
407 293
1 2 2
390 154
1 5 2
405 400
1 4 2
238 303
1 10 2
491 52
1 12 2
328 224
1 11 2
14 194
1 2 2
28 312
1 8 2
353 278
1 8 2
135 358
1 10 2
310 420
1 12 2
142 40
1 12 2
136 54
1 7 2
133 480
1 13 2
312 45
1 13 2
3 298
1 10 2
307 64
1 11 2
274 19
1 12 2
133 266
1 8 2
268 481
1 3 2
255 378
1 7 2
184 191
1 14 2
157 271
1 10 2
25 141
1 5 2
486 236
1 4 2
203 54
1 14 2
322 192
1 14 2
384 143
1 5 2
64 74
1 13 2
374 289
1 5 2
458 79
1 2 2
114 211
1 3 2
442 322
1 5 2
208 466
1 11 2
240 7
1 14 2
181 375
1 5 2
13 102
1 11 2
79 369
1 2 2
398 459
1 10 2
378 433
1 14 2
329 304
1 5 2
477 417
1 5 2
461 301
1 12 2
157 51
1 7 2
412 447
1 5 2
149 164
1 11 2
224 103
1 10 2
413 297
1 13 2
431 123
1 13 2
479 31
1 15 2
167 320
1 2 2
267 352
1 4 2
239 267
1 4 2
76 104
1 4 2
282 362
1 15 2
359 80
1 11 2
174 400
1 4 2
365 443
1 6 2
150 185
1 9 2
201 132
1 9 2
402 126
1 3 2
258 412
1 2 2
11 13
1 2 2
391 327
1 5 2
421 54
1 11 2
179 342
1 11 2
227 228
1 4 2
265 87
1 7 2
400 56
1 15 2
23 133
1 5 2
366 44
1 12 2
4 316
1 2 2
374 184
1 5 2
180 361
1 4 2
185 279
1 2 2
22 390
1 7 2
143 158
1 5 2
22 271
1 6 2
294 126
1 6 2
81 421
1 3 2
304 386
1 12 2
128 187
1 13 2
462 228
1 13 2
109 286
1 2 2
497 41
1 8 2
456 265
1 10 2
28 163
1 14 2
257 301
1 7 2
437 36
1 8 2
14 94
1 13 2
490 132
1 15 2
210 336
1 10 2
354 118
1 9 2
169 177
1 5 2
481 421
1 15 2
159 140
1 9 2
393 46
1 9 2
498 24
1 11 2
184 360
1 4 2
426 293
1 10 2
262 480
1 11 2
241 126
1 12 2
145 208
1 14 2
299 474
1 3 2
42 366
1 4 2
49 290
1 10 2
228 147
1 2 2
11 393
1 11 2
52 276
1 10 2
255 452
1 10 2
126 406
1 8 2
110 435
1 4 2
355 55
1 12 2
298 296
1 3 2
112 405
1 4 2
273 423
1 11 2
427 75
1 9 2
271 404
1 14 2
57 168
1 12 2
159 183
1 4 2
14 231
1 4 2
57 72
1 10 2
244 185
1 12 2
29 45
1 14 2
284 246
1 4 2
456 81
1 12 2
441 425
1 14 2
481 24
1 9 2
198 359
1 15 2
279 239
1 12 2
437 411
1 5 2
443 379
1 7 2
482 339
1 15 2
122 67
1 3 2
116 139
1 9 2
78 374
1 9 2
464 423
1 14 2
432 186
1 13 2
393 233
1 4 2
206 436
1 5 2
293 405
1 14 2
88 338
1 11 2
91 77
1 6 2
3 199
1 12 2
135 251
1 3 2
30 141
1 8 2
160 122
1 2 2
43 206
1 8 2
117 198
1 13 2
133 464
1 13 2
258 83
1 4 2
318 70
1 11 2
279 362
1 9 2
404 367
1 10 2
265 125
1 5 2
98 440
1 15 2
471 381
1 14 2
35 56
1 10 2
11 423
1 10 2
24 289
1 8 2
326 21
1 9 2
459 451
1 12 2
364 19
1 3 2
322 253
1 8 2
123 377
1 3 2
268 467
1 15 2
261 172
1 4 2
451 329
1 12 2
344 354
1 10 2
387 206
1 15 2
380 270
1 9 2
171 220
1 3 2
480 233
1 9 2
485 115
1 11 2
106 462
1 15 2
91 243
1 13 2
379 105
1 13 2
242 397
1 7 2
361 292
1 2 2
276 16
1 15 2
93 279
1 2 2
129 296
1 11 2
306 63
1 3 2
140 444
1 9 2
94 207
1 15 2
33 117
1 9 2
396 484
1 14 2
190 484
1 13 2
20 361
1 12 2
168 341
1 3 2
194 230
1 7 2
84 283
1 13 2
401 29
1 15 2
278 368
1 3 2
462 377
1 2 2
226 471
1 10 2
245 219
1 11 2
14 135
1 4 2
96 155
1 4 2
159 387
1 8 2
90 71
1 14 2
100 499
1 13 2
341 16
1 2 2
184 125
1 9 2
367 53
1 6 2
377 168
1 4 2
11 259
1 8 2
228 136
1 13 2
365 19
1 11 2
445 147
1 5 2
291 238
1 9 2
250 404
1 2 2
98 435
1 3 2
132 215
1 6 2
66 5
1 10 2
55 246
1 4 2
80 322
1 4 2
454 192
1 7 2
354 293
1 4 2
337 78
1 5 2
366 236
1 10 2
480 305
1 15 2
272 7
1 2 2
403 258
1 12 2
174 130
1 15 2
490 352
1 13 2
121 19
1 8 2
392 214
1 2 2
358 402
1 7 2
331 45
1 3 2
194 352
1 13 2
298 238
1 12 2
339 373
1 8 2
377 383
1 2 2
182 485
1 9 2
23 333
1 14 2
106 242
1 11 2
265 481
1 14 2
474 477
1 14 2
390 191
1 7 2
489 326
1 8 2
240 451
1 11 2
261 468
1 14 2
126 205
1 2 2
307 119
1 9 2
225 306
1 2 2
83 316
1 4 2
188 94
1 15 2
154 396
1 11 2
74 15
1 8 2
326 160
1 2 2
317 379
1 2 2
486 360
1 9 2
319 124
1 11 2
164 113
1 11 2
126 415
1 4 2
358 136
1 9 2
264 417
1 5 2
250 423
1 9 2
266 34
1 7 2
229 212
1 9 2
400 487
1 14 2
356 132
1 14 2
139 321
1 8 2
438 306
1 7 2
381 371
1 4 2
0 240
1 5 2
453 160
1 12 2
32 478
1 12 2
294 344
1 13 2
238 177
1 7 2
301 496
1 12 2
55 350
1 4 2
125 333
1 11 2
463 20
1 2 2
467 487
1 15 2
414 210
1 3 2
389 297
1 6 2
59 401
1 9 2
85 2
1 4 2
170 62
1 11 2
12 233
1 13 2
336 224
1 7 2
113 31
1 3 2
52 46
1 10 2
211 114
1 4 2
289 73
1 15 2
209 283
1 2 2
480 434
1 10 2
436 421
1 12 2
414 441
1 10 2
121 329
1 11 2
69 56
1 3 2
164 18
1 8 2
274 51
1 4 2
139 49
1 8 2
74 227
1 6 2
184 279
1 8 2
101 42
1 5 2
117 119
1 15 2
111 131
1 12 2
275 152
1 5 2
149 170
1 2 2
0 484
1 12 2
349 32
1 9 2
146 499
1 15 2
64 485
1 2 2
152 243
1 12 2
167 281
1 11 2
367 182
1 5 2
262 53
1 9 2
53 237
1 3 2
394 488
1 7 2
43 141
1 8 2
404 352
1 11 2
169 70
1 3 2
61 335
1 13 2
329 485
1 10 2
302 433
1 13 2
488 419
1 15 2
497 423
1 9 2
198 27
1 15 2
62 232
1 11 2
61 395
1 4 2
246 67
1 2 2
285 326
1 9 2
330 256
1 12 2
97 401
1 10 2
451 420
1 12 2
98 67
1 13 2
477 100
1 7 2
468 74
1 6 2
261 202
1 2 2
41 142
1 2 2
353 115
1 15 2
48 188
1 6 2
268 267
1 9 2
137 492
1 5 2
404 182
1 13 2
172 53
1 4 2
363 86
1 14 2
351 241
1 10 2
8 242
1 13 2
89 475
1 10 2
187 417
1 6 2
273 62
1 12 2
203 477
1 15 2
11 85
1 12 2
440 91
1 12 2
474 78
1 10 2
50 166
1 14 2
399 186
1 7 2
440 252
1 5 2
162 78
1 11 2
97 44
1 6 2
294 440
1 15 2
349 225
1 2 2
487 2
1 7 2
333 2
1 5 2
241 445
1 8 2
253 85
1 6 2
466 494
1 10 2
318 386
1 10 2
63 452
1 5 2
310 426
1 4 2
159 146
1 7 2
430 473
1 12 2
136 29
1 11 2
146 211
1 6 2
94 421
1 14 2
143 342
1 5 2
435 121
1 10 2
159 123
1 12 2
90 91
1 13 2
160 108
1 5 2
74 404
1 3 2
30 481
1 6 2
340 385
1 5 2
14 323
1 3 2
475 44
1 7 2
388 265
1 12 2
173 141
1 11 2
24 494
1 12 2
356 152
1 10 2
435 394
1 9 2
129 431
1 8 2
402 44
1 3 2
131 23
1 9 2
420 330
1 3 2
294 404
1 14 2
20 34
1 6 2
483 13
1 3 2
449 197
1 4 2
8 487
1 4 2
71 146
1 2 2
124 298
1 11 2
194 222
1 4 2
113 184
1 4 2
298 353
1 11 2
276 426
1 10 2
179 122
1 7 2
9 395
1 13 2
309 263
1 7 2
32 449
1 4 2
493 434
1 8 2
399 486
1 9 2
222 173
1 7 2
35 227
1 7 2
257 308
1 9 2
130 319
1 4 2
144 26
1 5 2
65 365
1 9 2
377 37
1 9 2
395 161
1 4 2
16 441
1 7 2
23 405
1 14 2
404 236
1 6 2
12 87
1 14 2
368 496
1 10 2
421 471
1 5 2
447 345
1 12 2
89 151
1 11 2
103 26
1 10 2
399 396
1 13 2
209 398
1 15 2
367 14
1 14 2
341 76
1 15 2
105 220
1 14 2
315 438
1 8 2
361 226
1 2 2
121 475
1 8 2
261 433
1 14 2
290 390
1 3 2
163 308
1 12 2
235 36
1 3 2
141 333
1 13 2
303 453
1 14 2
236 84
1 7 2
67 75
1 2 2
130 159
1 10 2
463 163
1 13 2
286 128
1 2 2
235 123
1 11 2
185 96
1 13 2
73 258
1 10 2
395 459
1 9 2
492 74
1 4 2
217 143
1 7 2
296 223
1 10 2
392 461
1 7 2
48 430
1 11 2
127 55
1 7 2
127 238
1 7 2
302 7
1 3 2
246 212
1 9 2
294 314
1 14 2
398 253
1 9 2
41 204
1 13 2
475 79
1 9 2
450 88
1 7 2
149 114
1 12 2
15 482
1 9 2
186 410
1 3 2
48 44
1 3 2
129 373
1 11 2
459 365
1 4 2
129 469
1 10 2
243 18
1 15 2
420 256
1 7 2
426 348
1 11 2
63 292
1 10 2
447 297
1 3 2
206 100
1 14 2
144 370
1 12 2
150 300
1 8 2
175 418
1 8 2
33 111
1 6 2
69 235
1 13 2
418 446
1 5 2
437 410
1 6 2
150 14
1 5 2
490 397
1 10 2
249 480
1 14 2
47 10
1 7 2
397 18
1 3 2
131 166
1 8 2
188 147
1 5 2
44 153
1 13 2
62 269
1 3 2
440 20
1 6 2
310 199
1 2 2
92 263
1 10 2
479 373
1 13 2
126 270
1 2 2
45 64
1 3 2
21 423
1 6 2
62 266
1 9 2
89 382
1 14 2
330 240
1 4 2
130 444
1 14 2
10 338
1 12 2
27 111
1 8 2
476 120
1 6 2
219 271
1 2 2
37 270
1 3 2
378 282
1 12 2
207 217
1 8 2
178 38
1 7 2
497 362
1 10 2
148 278
1 3 2
52 310
1 10 2
238 46
1 3 2
430 476
1 7 2
466 14
1 5 2
396 297
1 5 2
145 181
1 10 2
414 446
1 13 2
182 313
1 2 2
348 54
1 2 2
387 459
1 2 2
165 385
1 15 2
134 326
1 10 2
138 168
1 3 2
284 82
1 15 2
236 100
1 9 2
8 389
1 8 2
134 220
1 5 2
16 467
1 2 2
356 213
1 3 2
298 287
1 13 2
51 432
1 12 2
121 497
1 8 2
70 330
1 4 2
211 403
1 2 2
396 440
1 7 2
82 360
1 9 2
125 371
1 7 2
126 370
1 7 2
499 480
1 15 2
448 451
1 10 2
26 435
1 12 2
296 423
1 3 2
378 332
1 2 2
178 290
1 7 2
71 417
1 14 2
202 375
1 4 2
254 9
1 14 2
32 9
1 6 2
206 168
1 12 2
45 104
1 8 2
159 222
1 9 2
435 323
1 8 2
112 17
1 3 2
452 26
1 5 2
99 458
1 3 2
352 307
1 7 2
11 437
1 3 2
26 138
1 5 2
98 71
1 8 2
165 261
1 12 2
2 460
1 15 2
39 233
1 13 2
144 484
1 9 2
463 331
1 11 2
204 347
1 11 2
355 307
1 8 2
389 92
1 7 2
396 415
1 4 2
214 115
1 2 2
229 26
1 12 2
239 160
1 10 2
435 135
1 4 2
110 285
1 7 2
63 477
1 13 2
365 288
1 3 2
450 210
1 14 2
289 86
1 8 2
255 158
1 8 2
170 379
1 10 2
338 351
1 8 2
85 91
1 6 2
445 146
1 6 2
338 136
1 7 2
294 176
1 5 2
59 113
1 5 2
180 185
1 5 2
59 410
1 12 2
384 374
1 2 2
170 268
1 9 2
269 472
1 2 2
329 38
1 12 2
231 232
1 5 2
238 285
1 6 2
425 373
1 5 2
66 221
1 2 2
3 448
1 3 2
6 379
1 6 2
408 499
1 7 2
48 488
1 7 2
308 467
1 9 2
239 254
1 8 2
131 222
1 12 2
49 144
1 15 2
192 10
1 12 2
243 238
1 14 2
448 213
1 9 2
449 144
1 3 2
28 87
1 6 2
8 246
1 12 2
123 113
1 7 2
331 177
1 4 2
302 162
1 9 2
209 412
1 2 2
297 135
1 5 2
315 380
1 10 2
125 160
1 2 2
468 347
1 13 2
405 182
1 4 2
365 43
1 8 2
305 293
1 6 2
489 173
1 5 2
349 21
1 6 2
381 84
1 4 2
479 410
1 4 2
112 270
1 10 2
209 445
1 6 2
376 135
1 8 2
317 328
1 14 2
161 293
1 2 2
124 252
1 8 2
337 362
1 7 2
480 299
1 2 2
138 267
1 3 2
182 419
1 15 2
411 146
1 10 2
190 456
1 15 2
232 480
1 9 2
41 215
1 9 2
419 412
1 11 2
245 345
1 12 2
443 34
1 6 2
3 144
1 11 2
494 192
1 8 2
485 423
1 3 2
397 149
1 8 2
429 37
1 7 2
354 297
1 9 2
458 100
1 11 2
464 480
1 14 2
259 64
1 13 2
115 439
1 2 2
102 472
1 8 2
334 380
1 15 2
264 52
1 15 2
113 42
1 5 2
350 244
1 8 2
321 475
1 13 2
240 163
1 10 2
292 216
1 4 2
345 206
1 12 2
494 389
1 9 2
319 336
1 3 2
293 211
1 15 2
434 377
1 7 2
449 264
1 11 2
99 234
1 7 2
88 8
1 14 2
102 256
1 12 2
419 476
1 15 2
208 199
1 14 2
229 218
1 14 2
444 2
1 13 2
7 452
1 3 2
478 374
1 2 2
310 136
1 13 2
61 479
1 12 2
43 423
1 9 2
385 28
1 15 2
403 176
1 4 2
97 291
1 3 2
70 413
1 6 2
363 128
1 2 2
387 230
1 11 2
124 56
1 5 2
454 475
1 3 2
470 385
1 15 2
295 173
1 9 2
96 434
1 11 2
204 223
1 6 2
248 64
1 10 2
362 107
1 3 2
448 404
1 15 2
477 3
1 9 2
139 423
1 3 2
178 172
1 10 2
106 292
1 2 2
81 403
1 12 2
168 200
1 13 2
66 187
1 2 2
75 63
1 2 2
200 30
1 7 2
481 378
1 8 2
222 343
1 13 2
375 101
1 12 2
189 231
1 9 2
101 483
1 4 2
311 126
1 10 2
205 85
1 7 2
138 376
1 12 2
145 154
1 12 2
354 270
1 13 2
38 175
1 10 2
380 62
1 4 2
346 120
1 7 2
181 297
1 6 2
151 246
1 12 2
12 161
1 14 2
422 86
1 11 2
271 156
1 5 2
316 192
1 2 2
199 287
1 7 2
249 274
1 14 2
393 294
1 9 2
84 355
1 14 2
495 1
1 13 2
85 289
1 14 2
286 151
1 15 2
339 328
1 10 2
84 489
1 5 2
50 142
1 2 2
108 31
1 10 2
200 191
1 8 2
67 400
1 12 2
272 282
1 8 2
100 431
1 4 2
383 114
1 3 2
64 184
1 11 2
61 99
1 9 2
123 111
1 3 2
109 473
1 15 2
424 118
1 13 2
312 348
1 9 2
294 289
1 4 2
83 36
1 6 2
383 126
1 15 2
329 11
1 13 2
108 37
1 2 2
428 216
1 3 2
200 245
1 10 2
184 425
1 7 2
318 359
1 6 2
473 190
1 5 2
173 272
1 7 2
297 381
1 12 2
155 353
1 4 2
431 210
1 7 2
310 347
1 7 2
261 19
1 3 2
446 217
1 15 2
419 19
1 8 2
37 15
1 6 2
384 404
1 3 2
167 27
1 15 2
167 463
1 5 2
311 376
1 15 2
138 452
1 5 2
354 67
1 13 2
302 315
1 10 2
350 274
1 2 2
296 215
1 4 2
153 107
1 6 2
314 34
1 12 2
249 27
1 10 2
88 499
1 14 2
89 334
1 10 2
262 450
1 14 2
243 159
1 10 2
32 271
1 8 2
378 186
1 13 2
262 356
1 11 2
268 86
1 11 2
404 416
1 7 2
497 169
1 15 2
134 309
1 9 2
101 264
1 5 2
199 295
1 10 2
442 13
1 12 2
374 175
1 9 2
187 464
1 4 2
100 274
1 4 2
83 499
1 15 2
58 484
1 7 2
80 427
1 12 2
263 494
1 15 2
120 94
1 15 2
233 82
1 13 2
79 62
1 12 2
52 372
1 10 2
121 141
1 8 2
428 247
1 15 2
432 465
1 15 2
103 86
1 3 2
457 269
1 4 2
420 77
1 10 2
281 399
1 2 2
294 299
1 15 2
121 478
1 13 2
149 470
1 4 2
117 335
1 5 2
64 47
1 14 2
477 97
1 3 2
145 104
1 6 2
358 229
1 7 2
8 248
1 10 2
177 17
1 12 2
379 65
1 8 2
4 284
1 4 2
442 469
1 15 2
353 148
1 3 2
75 264
1 12 2
316 295
1 10 2
414 460
1 12 2
102 375
1 3 2
287 118
1 14 2
187 164
1 4 2
20 148
1 13 2
170 462
1 12 2
452 100
1 6 2
315 26
1 12 2
216 498
1 2 2
152 358
1 6 2
375 368
1 4 2
485 256
1 11 2
437 139
1 11 2
211 296
1 8 2
55 485
1 14 2
189 306
1 6 2
374 402
1 15 2
110 261
1 13 2
116 278
1 14 2
294 372
1 15 2
231 198
1 12 2
278 190
1 5 2
24 366
1 14 2
497 420
1 10 2
153 372
1 14 2
265 198
1 3 2
310 13
1 13 2
258 194
1 11 2
26 11
1 6 2
409 476
1 10 2
348 120
1 11 2
173 207
1 15 2
220 414
1 14 2
384 45
1 10 2
158 55
1 7 2
164 487
1 11 2
456 398
1 6 2
324 14
1 12 2
4 21
1 4 2
301 243
1 13 2
420 186
1 14 2
447 498
1 14 2
428 174
1 5 2
160 387
1 14 2
446 254
1 5 2
492 151
1 11 2
74 166
1 12 2
414 280
1 7 2
341 318
1 8 2
424 447
1 14 2
35 447
1 6 2
35 311
1 4 2
394 164
1 9 2
436 332
1 4 2
248 287
1 10 2
301 157
1 13 2
195 105
1 7 2
87 12
1 8 2
479 458
1 15 2
369 435
1 13 2
39 321
1 4 2
189 309
1 13 2
485 131
1 4 2
430 445
1 14 2
415 338
1 2 2
386 342
1 14 2
177 184
1 5 2
180 364
1 3 2
13 158
1 3 2
165 353
1 3 2
222 497
1 4 2
72 108
1 8 2
30 178
1 3 2
325 221
1 8 2
339 433
1 3 2
155 100
1 5 2
69 284
1 3 2
385 283
1 13 2
412 129
1 2 2
430 393
1 7 2
115 314
1 9 2
450 298
1 2 2
384 156
1 15 2
256 381
1 10 2
90 333
1 10 2
52 333
1 10 2
6 378
1 9 2
421 89
1 13 2
387 234
1 7 2
174 50
1 2 2
450 499
1 4 2
375 363
1 14 2
137 107
1 5 2
249 83
1 12 2
392 358
1 7 2
310 2
1 13 2
355 420
1 11 2
290 248
1 7 2
69 447
1 14 2
289 352
1 8 2
191 230
1 6 2
496 306
1 2 2
142 103
1 5 2
401 58
1 9 2
456 424
1 11 2
25 232
1 9 2
236 480
1 5 2
430 69
1 15 2
418 126
1 10 2
52 459
1 14 2
494 116
1 8 2
14 237
1 6 2
102 64
1 13 2
326 319
1 14 2
11 443
1 10 2
153 12
1 13 2
12 114
1 2 2
153 490
1 7 2
158 122
1 7 2
258 308
1 9 2
437 109
1 6 2
459 460
1 14 2
8 41
1 2 2
202 472
1 7 2
275 167
1 9 2
139 402
1 14 2
407 483
1 2 2
489 5
1 4 2
212 424
1 7 2
432 238
1 6 2
124 205
1 3 2
47 199
1 14 2
384 445
1 12 2
437 488
1 7 2
358 274
1 8 2
489 30
1 5 2
379 100
1 15 2
68 186
1 8 2
472 452
1 9 2
351 231
1 7 2
290 61
1 14 2
316 191
1 4 2
189 495
1 13 2
375 298
1 7 2
58 378
1 3 2
168 258
1 14 2
436 178
1 12 2
464 405
1 10 2
182 404
1 13 2
43 88
1 5 2
421 207
1 11 2
6 227
1 11 2
310 208
1 4 2
66 322
1 8 2
250 112
1 11 2
469 438
1 10 2
457 280
1 11 2
496 313
1 11 2
165 62
1 15 2
147 445
1 15 2
55 238
1 13 2
62 73
1 7 2
124 386
1 7 2
223 468
1 8 2
147 8
1 13 2
464 381
1 11 2
20 442
1 8 2
440 12
1 8 2
46 22
1 13 2
238 489
1 11 2
249 449
1 13 2
9 369
1 11 2
112 216
1 14 2
478 429
1 7 2
153 360
1 15 2
96 89
1 9 2
432 190
1 5 2
26 189
1 13 2
146 147
1 15 2
435 260
1 7 2
307 375
1 14 2
113 350
1 2 2
46 484
1 2 2
273 29
1 14 2
158 480
1 3 2
441 141
1 13 2
490 366
1 2 2
430 82
1 13 2
168 424
1 11 2
249 232
1 12 2
360 373
1 12 2
56 185
1 13 2
466 473
1 12 2
425 222
1 12 2
139 406
1 5 2
31 352
1 5 2
54 118
1 6 2
280 73
1 3 2
407 497
1 15 2
185 181
1 15 2
444 121
1 9 2
228 26
1 2 2
236 330
1 15 2
381 262
1 11 2
333 115
1 10 2
483 228
1 11 2
65 201
1 14 2
32 4
1 2 2
269 368
1 11 2
445 373
1 11 2
235 440
1 13 2
131 39
1 8 2
291 419
1 14 2
495 140
1 5 2
322 126
1 9 2
390 440
1 15 2
326 460
1 3 2
345 282
1 2 2
197 479
1 8 2
431 230
1 2 2
170 63
1 11 2
76 283
1 10 2
322 264
1 3 2
274 165
1 13 2
98 192
1 3 2
221 374
1 7 2
46 372
1 2 2
47 25
1 8 2
418 78
1 5 2
427 259
1 9 2
118 347
1 7 2
179 438
1 6 2
133 248
1 14 2
349 95
1 8 2
353 394
1 7 2
152 246
1 4 2
250 94
1 12 2
409 53
1 2 2
498 325
1 15 2
490 457
1 5 2
175 331
1 9 2
187 374
1 3 2
255 113
1 9 2
283 377
1 10 2
148 352
1 2 2
299 440
1 6 2
414 220
1 4 2
4 175
1 8 2
386 451
1 15 2
25 320
1 6 2
300 338
1 4 2
121 242
1 9 2
13 452
1 2 2
231 102
1 12 2
22 233
1 5 2
217 367
1 5 2
201 138
1 15 2
15 320
1 4 2
31 367
1 14 2
278 478
1 8 2
132 184
1 8 2
247 447
1 9 2
322 120
1 9 2
48 372
1 13 2
307 300
1 5 2
268 390
1 10 2
38 231
1 14 2
312 209
1 4 2
94 156
1 10 2
12 140
1 4 2
148 13
1 3 2
218 313
1 14 2
150 163
1 4 2
442 395
1 8 2
33 181
1 2 2
403 236
1 15 2
403 212
1 5 2
82 392
1 10 2
162 300
1 6 2
75 147
1 12 2
310 261
1 3 2
94 194
1 11 2
204 141
1 2 2
348 394
1 5 2
272 11
1 2 2
136 364
1 11 2
253 354
1 8 2
370 324
1 2 2
495 167
1 15 2
194 147
1 7 2
204 325
1 7 2
216 244
1 12 2
267 266
1 9 2
95 9
1 10 2
285 24
1 6 2
456 306
1 13 2
108 176
1 13 2
256 477
1 10 2
90 51
1 2 2
378 160
1 4 2
464 265
1 15 2
12 260
1 6 2
238 447
1 4 2
275 334
1 5 2
427 146
1 8 2
152 158
1 5 2
301 233
1 13 2
80 442
1 10 2
84 207
1 3 2
373 18
1 13 2
97 311
1 13 2
277 212
1 9 2
466 392
1 2 2
243 416
1 3 2
432 395
1 9 2
11 377
1 4 2
416 218
1 11 2
449 130
1 10 2
241 414
1 4 2
284 362
1 12 2
362 410
1 11 2
4 15
1 3 2
416 82
1 12 2
202 383
1 5 2
331 472
1 11 2
37 288
1 10 2
237 193
1 3 2
300 65
1 15 2
326 497
1 4 2
279 473
1 3 2
351 95
1 14 2
345 1
1 7 2
487 292
1 13 2
7 424
1 10 2
27 342
1 8 2
236 282
1 6 2
263 458
1 3 2
34 327
1 15 2
59 385
1 2 2
69 331
1 13 2
341 0
1 13 2
100 201
1 6 2
196 220
1 6 2
424 268
1 9 2
54 395
1 15 2
379 499
1 4 2
416 257
1 8 2
315 40
1 8 2
360 487
1 4 2
247 363
1 12 2
328 34
1 10 2
64 245
1 13 2
93 226
1 6 2
270 314
1 2 2
484 342
1 5 2
101 230
1 6 2
53 322
1 6 2
403 64
1 11 2
319 367
1 12 2
28 293
1 4 2
351 195
1 10 2
456 4
1 12 2
250 82
1 15 2
136 459
1 12 2
352 33
1 3 2
98 484
1 14 2
159 474
1 11 2
34 249
1 11 2
146 254
1 2 2
388 326
1 4 2
402 132
1 4 2
185 413
1 4 2
240 50
1 9 2
363 34
1 12 2
60 245
1 11 2
145 22
1 5 2
277 220
1 10 2
346 235
1 2 2
259 53
1 3 2
4 91
1 7 2
98 10
1 2 2
461 144
1 8 2
83 114
1 3 2
390 251
1 3 2
169 292
1 15 2
327 216
1 8 2
0 413
1 6 2
423 265
1 2 2
25 331
1 15 2
410 128
1 9 2
156 408
1 4 2
148 361
1 11 2
294 219
1 10 2
61 178
1 11 2
308 2
1 15 2
145 187
1 13 2
76 327
1 12 2
46 174
1 12 2
461 9
1 11 2
24 172
1 4 2
241 460
1 11 2
55 61
1 11 2
340 392
1 8 2
207 196
1 3 2
231 268
1 11 2
70 293
1 15 2
333 84
1 9 2
192 447
1 11 2
143 332
1 5 2
378 239
1 13 2
364 251
1 14 2
333 402
1 12 2
80 436
1 12 2
187 291
1 12 2
466 183
1 11 2
381 438
1 2 2
352 150
1 11 2
426 262
1 10 2
243 211
1 14 2
487 445
1 9 2
439 442
1 9 2
314 84
1 8 2
273 44
1 2 2
258 101
1 13 2
244 151
1 8 2
42 400
1 4 2
402 19
1 15 2
36 393
1 13 2
269 71
1 7 2
370 255
1 14 2
65 117
1 12 2
457 364
1 7 2
290 66
1 4 2
159 224
1 8 2
20 313
1 8 2
446 436
1 8 2
63 329
1 13 2
40 21
1 6 2
465 353
1 6 2
93 130
1 15 2
69 124
1 7 2
373 113
1 6 2
229 449
1 8 2
20 384
1 13 2
361 151
1 9 2
327 447
1 9 2
317 92
1 15 2
50 196
1 13 2
46 360
1 15 2
3 425
1 15 2
77 52
1 4 2
292 215
1 3 2
207 396
1 4 2
369 133
1 6 2
490 250
1 5 2
308 83
1 2 2
363 487
1 13 2
445 28
1 3 2
188 72
1 3 2
460 65
1 7 2
73 443
1 12 2
326 403
1 2 2
279 244
1 7 2
270 255
1 15 2
422 120
1 12 2
343 209
1 11 2
299 243
1 6 2
376 400
1 2 2
306 93
1 3 2
417 468
1 10 2
188 385
1 4 2
148 312
1 10 2
232 301
1 8 2
104 85
1 14 2
36 250
1 6 2
464 153
1 9 2
209 7
1 10 2
215 124
1 3 2
478 258
1 4 2
48 66
1 4 2
338 1
1 14 2
427 212
1 10 2
287 152
1 8 2
88 87
1 13 2
408 262
1 6 2
337 39
1 13 2
442 145
1 5 2
373 388
1 8 2
487 255
1 15 2
153 84
1 13 2
305 471
1 5 2
109 191
1 4 2
445 344
1 9 2
170 472
1 8 2
214 326
1 4 2
206 129
1 10 2
477 298
1 15 2
171 335
1 7 2
262 456
1 3 2
196 264
1 15 2
162 488
1 14 2
39 38
1 3 2
324 218
1 7 2
402 149
1 15 2
494 165
1 5 2
342 52
1 10 2
123 250
1 13 2
210 246
1 8 2
273 485
1 15 2
52 258
1 14 2
33 423
1 2 2
482 420
1 6 2
175 101
1 14 2
408 366
1 15 2
274 427
1 12 2
265 8
1 3 2
446 273
1 15 2
220 175
1 12 2
67 246
1 2 2
382 472
1 12 2
332 392
1 15 2
382 459
1 14 2
211 10
1 9 2
285 250
1 8 2
366 186
1 9 2
20 230
1 10 2
181 33
1 14 2
174 133
1 6 2
67 237
1 10 2
395 284
1 8 2
123 25
1 8 2
149 14
1 11 2
15 254
1 12 2
400 475
1 15 2
496 269
1 12 2
306 315
1 3 2
496 221
1 9 2
463 134
1 13 2
124 140
1 6 2
98 382
1 5 2
141 281
1 3 2
452 280
1 4 2
422 292
1 4 2
42 483
1 3 2
450 38
1 14 2
55 58
1 6 2
94 479
1 4 2
451 126
1 12 2
452 20
1 8 2
458 174
1 8 2
259 29
1 10 2
210 372
1 7 2
432 93
1 10 2
361 354
1 2 2
328 23
1 6 2
278 399
1 5 2
110 335
1 4 2
356 268
1 3 2
39 207
1 2 2
216 247
1 3 2
108 156
1 3 2
472 123
1 9 2
371 138
1 13 2
20 259
1 8 2
423 109
1 10 2
56 152
1 2 2
380 202
1 2 2
237 464
1 15 2
60 90
1 6 2
200 321
1 8 2
317 406
1 9 2
336 93
1 4 2
472 335
1 3 2
124 247
1 10 2
309 38
1 5 2
185 490
1 10 2
221 338
1 13 2
390 491
1 9 2
195 420
1 13 2
214 361
1 9 2
370 389
1 6 2
239 100
1 5 2
185 176
1 12 2
406 109
1 9 2
459 153
1 10 2
369 20
1 8 2
465 455
1 14 2
55 28
1 8 2
392 428
1 11 2
184 219
1 11 2
434 398
1 11 2
392 97
1 4 2
12 110
1 11 2
487 492
1 13 2
484 215
1 3 2
265 211
1 13 2
62 489
1 5 2
199 428
1 5 2
4 163
1 11 2
0 386
1 7 2
434 2
1 8 2
337 35
1 15 2
226 263
1 8 2
479 384
1 8 2
58 497
1 6 2
270 401
1 5 2
26 335
1 5 2
282 273
1 14 2
337 112
1 2 2
66 379
1 3 2
352 200
1 4 2
24 459
1 6 2
257 488
1 11 2
467 200
1 3 2
430 99
1 13 2
121 360
1 15 2
62 95
1 14 2
90 84
1 8 2
444 86
1 6 2
435 39
1 9 2
265 325
1 15 2
228 340
1 4 2
187 142
1 14 2
416 154
1 2 2
426 64
1 15 2
144 294
1 5 2
220 431
1 5 2
182 290
1 6 2
444 59
1 10 2
297 318
1 10 2
332 263
1 14 2
259 409
1 14 2
96 273
1 12 2
248 357
1 8 2
315 476
1 5 2
219 122
1 2 2
151 93
1 10 2
246 441
1 13 2
329 354
1 6 2
452 125
1 12 2
138 68
1 3 2
345 386
1 5 2
436 68
1 14 2
263 29
1 6 2
406 463
1 3 2
447 382
1 11 2
0 338
1 8 2
388 269
1 6 2
137 342
1 7 2
432 468
1 14 2
40 478
1 13 2
230 169
1 5 2
193 312
1 9 2
308 296
1 8 2
430 233
1 7 2
420 33
1 13 2
189 357
1 6 2
11 303
1 3 2
236 88
1 11 2
303 481
1 13 2
167 407
1 4 2
202 261
1 4 2
373 469
1 12 2
455 157
1 13 2
83 408
1 15 2
297 242
1 5 2
304 301
1 6 2
235 177
1 12 2
457 192
1 12 2
2 418
1 11 2
290 57
1 6 2
279 421
1 6 2
156 401
1 5 2
36 142
1 5 2
124 206
1 6 2
287 87
1 6 2
308 353
1 10 2
27 195
1 5 2
291 197
1 10 2
394 361
1 3 2
306 214
1 6 2
276 325
1 2 2
351 352
1 9 2
238 204
1 4 2
145 459
1 6 2
217 32
1 12 2
173 164
1 3 2
115 337
1 15 2
20 309
1 15 2
421 209
1 8 2
433 319
1 14 2
54 140
1 15 2
391 100
1 14 2
91 248
1 7 2
240 259
1 3 2
454 53
1 4 2
263 382
1 6 2
394 76
1 12 2
464 293
1 3 2
157 427
1 5 2
266 474
1 3 2
268 55
1 8 2
146 380
1 11 2
131 75
1 14 2
233 366
1 5 2
387 20
1 11 2
319 34
1 6 2
271 26
1 3 2
77 321
1 9 2
379 405
1 4 2
39 27
1 8 2
181 113
1 15 2
143 46
1 6 2
467 174
1 13 2
225 157
1 13 2
209 204
1 3 2
211 308
1 5 2
166 333
1 8 2
86 109
1 3 2
236 303
1 15 2
19 420
1 11 2
284 265
1 10 2
284 70
1 9 2
455 482
1 13 2
126 160
1 2 2
11 489
1 3 2
106 132
1 10 2
251 307
1 5 2
48 95
1 11 2
132 466
1 12 2
113 63
1 15 2
101 223
1 3 2
80 348
1 10 2
396 8
1 8 2
327 371
1 12 2
277 113
1 13 2
5 440
1 15 2
346 318
1 14 2
431 16
1 10 2
256 26
1 8 2
216 195
1 6 2
19 262
1 3 2
326 390
1 7 2
264 176
1 5 2
49 474
1 5 2
138 277
1 14 2
154 320
1 11 2
172 102
1 8 2
460 330
1 6 2
430 72
1 12 2
293 472
1 15 2
341 404
1 10 2
88 211
1 11 2
454 159
1 6 2
7 331
1 3 2
13 89
1 2 2
378 137
1 14 2
66 396
1 8 2
342 200
1 5 2
158 471
1 13 2
394 366
1 14 2
452 480
1 4 2
69 358
1 15 2
224 213
1 8 2
371 57
1 12 2
467 220
1 4 2
0 47
1 14 2
86 341
1 4 2
388 94
1 4 2
243 241
1 5 2
379 329
1 7 2
235 23
1 9 2
166 151
1 12 2
186 93
1 6 2
31 36
1 9 2
69 106
1 12 2
342 144
1 12 2
8 180
1 7 2
149 273
1 5 2
348 135
1 6 2
224 474
1 14 2
126 111
1 7 2
122 437
1 5 2
318 475
1 8 2
293 83
1 13 2
400 468
1 13 2
249 253
1 5 2
129 244
1 2 2
441 213
1 5 2
336 250
1 7 2
461 273
1 10 2
114 425
1 2 2
248 265
1 12 2
223 216
1 14 2
171 379
1 4 2
259 111
1 13 2
115 409
1 12 2
338 352
1 10 2
338 358
1 8 2
58 219
1 9 2
428 380
1 4 2
241 193
1 15 2
229 227
1 13 2
193 9
1 7 2
430 25
1 12 2
277 136
1 6 2
213 418
1 2 2
235 44
1 14 2
382 317
1 2 2
99 201
1 12 2
340 30
1 15 2
469 275
1 2 2
214 20
1 5 2
354 12
1 11 2
47 49
1 12 2
475 287
1 3 2
57 453
1 11 2
333 128
1 9 2
221 406
1 5 2
390 459
1 2 2
466 493
1 10 2
469 408
1 15 2
123 15
1 14 2
349 235
1 13 2
53 181
1 3 2
50 439
1 4 2
484 247
1 13 2
40 498
1 13 2
423 133
1 7 2
38 431
1 3 2
133 114
1 8 2
413 375
1 12 2
74 463
1 8 2
438 34
1 13 2
313 64
1 13 2
128 49
1 2 2
148 404
1 4 2
10 84
1 10 2
308 106
1 13 2
408 118
1 12 2
81 214
1 9 2
118 490
1 5 2
377 197
1 10 2
2 97
1 2 2
45 472
1 13 2
134 268
1 15 2
432 60
1 3 2
474 370
1 14 2
454 369
1 15 2
182 224
1 13 2
144 433
1 13 2
54 497
1 7 2
138 324
1 12 2
38 375
1 8 2
281 474
1 5 2
388 362
1 8 2
295 211
1 7 2
361 90
1 2 2
16 82
1 10 2
48 12
1 3 2
423 61
1 9 2
469 279
1 6 2
238 299
1 11 2
210 64
1 10 2
326 143
1 4 2
471 37
1 15 2
85 368
1 10 2
194 323
1 6 2
448 357
1 12 2
257 264
1 13 2
88 337
1 4 2
169 417
1 7 2
398 323
1 4 2
307 223
1 6 2
368 215
1 7 2
399 122
1 8 2
155 323
1 3 2
359 38
1 13 2
425 123
1 2 2
438 48
1 5 2
460 78
1 7 2
21 356
1 5 2
463 233
1 3 2
371 32
1 10 2
475 303
1 4 2
26 141
1 3 2
45 394
1 4 2
38 183
1 13 2
393 103
1 12 2
156 35
1 15 2
47 205
1 13 2
347 38
1 2 2
170 289
1 10 2
56 237
1 7 2
184 269
1 11 2
373 360
1 6 2
345 70
1 10 2
483 476
1 3 2
76 422
1 8 2
223 304
1 5 2
92 115
1 7 2
385 188
1 7 2
412 499
1 13 2
18 418
1 13 2
182 277
1 9 2
55 483
1 5 2
490 147
1 13 2
181 51
1 2 2
319 467
1 8 2
91 71
1 7 2
136 479
1 14 2
22 467
1 3 2
335 356
1 12 2
246 344
1 9 2
449 448
1 11 2
37 434
1 9 2
215 67
1 12 2
376 136
1 3 2
109 316
1 8 2
338 368
1 4 2
222 237
1 14 2
481 144
1 6 2
456 210
1 7 2
314 187
1 13 2
265 469
1 11 2
324 420
1 3 2
311 258
1 14 2
494 48
1 15 2
59 358
1 11 2
314 434
1 3 2
407 417
1 5 2
166 21
1 10 2
427 22
1 7 2
125 152
1 12 2
267 220
1 2 2
79 281
1 8 2
431 450
1 7 2
457 346
1 6 2
59 151
1 6 2
167 488
1 5 2
56 173
1 15 2
151 359
1 13 2
112 497
1 15 2
452 279
1 2 2
82 264
1 9 2
436 364
1 8 2
435 154
1 3 2
192 86
1 3 2
195 164
1 15 2
415 41
1 9 2
166 478
1 4 2
399 468
1 12 2
335 326
1 6 2
317 424
1 4 2
71 229
1 7 2
433 478
1 11 2
71 471
1 11 2
115 203
1 2 2
96 330
1 10 2
146 188
1 8 2
227 27
1 8 2
122 299
1 8 2
238 260
1 14 2
322 114
1 13 2
277 436
1 13 2
183 382
1 11 2
371 1
1 5 2
212 21
1 15 2
168 274
1 8 2
98 340
1 8 2
267 60
1 2 2
103 492
1 5 2
315 115
1 9 2
208 462
1 9 2
167 389
1 7 2
153 295
1 15 2
89 319
1 7 2
0 270
1 5 2
74 36
1 6 2
309 437
1 10 2
469 36
1 2 2
328 365
1 9 2
100 73
1 3 2
146 284
1 9 2
39 393
1 15 2
113 132
1 2 2
317 20
1 14 2
423 86
1 5 2
344 452
1 8 2
177 280
1 10 2
140 31
1 9 2
473 186
1 11 2
156 271
1 9 2
77 84
1 11 2
230 108
1 11 2
404 0
1 11 2
369 174
1 7 2
278 257
1 15 2
160 422
1 9 2
289 43
1 3 2
290 437
1 7 2
112 24
1 14 2
230 285
1 11 2
391 82
1 13 2
247 166
1 13 2
25 450
1 10 2
212 415
1 15 2
425 10
1 9 2
412 85
1 3 2
446 80
1 7 2
396 79
1 4 2
239 206
1 5 2
467 190
1 6 2
378 412
1 13 2
288 299
1 7 2
68 470
1 8 2
278 193
1 13 2
33 94
1 10 2
218 406
1 15 2
264 270
1 13 2
389 60
1 10 2
423 317
1 11 2
220 148
1 7 2
367 79
1 11 2
171 36
1 4 2
156 236
1 11 2
212 303
1 8 2
290 346
1 3 2
29 333
1 9 2
376 56
1 4 2
447 376
1 2 2
250 287
1 6 2
341 69
1 7 2
475 20
1 5 2
41 468
1 8 2
191 250
1 10 2
179 493
1 3 2
218 184
1 11 2
320 69
1 15 2
370 283
1 14 2
134 27
1 2 2
115 248
1 10 2
93 57
1 15 2
41 111
1 15 2
336 263
1 15 2
354 155
1 8 2
365 308
1 5 2
175 139
1 9 2
156 62
1 9 2
451 2
1 8 2
385 263
1 7 2
154 48
1 6 2
82 492
1 3 2
415 74
1 15 2
105 287
1 14 2
336 380
1 6 2
164 146
1 7 2
71 275
1 5 2
429 201
1 9 2
485 141
1 9 2
97 30
1 10 2
300 341
1 4 2
188 92
1 15 2
59 427
1 11 2
360 293
1 12 2
340 83
1 11 2
361 301
1 15 2
307 190
1 10 2
316 78
1 2 2
57 196
1 14 2
251 437
1 5 2
69 460
1 2 2
108 102
1 5 2
171 485
1 3 2
255 27
1 14 2
289 332
1 7 2
368 444
1 6 2
133 481
1 13 2
348 429
1 15 2
125 488
1 3 2
292 353
1 10 2
224 264
1 15 2
477 173
1 9 2
384 55
1 10 2
102 78
1 12 2
119 124
1 13 2
430 213
1 3 2
171 406
1 6 2
240 484
1 5 2
207 119
1 14 2
475 337
1 8 2
33 43
1 12 2
9 7
1 8 2
30 439
1 10 2
240 165
1 10 2
362 384
1 3 2
156 130
1 7 2
16 2
1 6 2
142 219
1 12 2
83 486
1 4 2
7 110
1 4 2
470 425
1 15 2
360 84
1 11 2
187 255
1 3 2
125 330
1 7 2
480 425
1 5 2
356 395
1 3 2
274 5
1 13 2
36 476
1 13 2
316 220
1 4 2
302 368
1 14 2
314 14
1 12 2
397 217
1 9 2
69 482
1 11 2
230 492
1 8 2
237 150
1 2 2
429 445
1 6 2
5 395
1 7 2
85 305
1 6 2
497 95
1 7 2
146 49
1 11 2
324 370
1 10 2
21 221
1 8 2
355 239
1 8 2
382 367
1 3 2
237 283
1 7 2
217 224
1 12 2
348 7
1 14 2
6 280
1 2 2
297 270
1 6 2
174 95
1 2 2
108 309
1 6 2
282 129
1 10 2
128 289
1 7 2
105 242
1 6 2
152 101
1 8 2
280 141
1 13 2
351 488
1 2 2
446 230
1 11 2
130 398
1 15 2
473 34
1 14 2
415 2
1 3 2
103 195
1 5 2
216 426
1 9 2
1 373
1 6 2
65 250
1 4 2
310 5
1 11 2
189 492
1 13 2
87 240
1 15 2
476 36
1 13 2
182 186
1 14 2
359 144
1 8 2
189 272
1 2 2
91 454
1 11 2
113 76
1 13 2
174 230
1 14 2
108 112
1 9 2
251 492
1 6 2
35 423
1 15 2
44 394
1 12 2
49 288
1 12 2
11 473
1 9 2
115 177
1 10 2
132 0
1 8 2
161 339
1 3 2
457 229
1 7 2
249 455
1 2 2
497 73
1 7 2
234 436
1 3 2
47 250
1 5 2
209 476
1 11 2
81 103
1 7 2
429 344
1 8 2
68 54
1 10 2
369 458
1 15 2
384 268
1 13 2
194 318
1 4 2
403 159
1 2 2
427 196
1 6 2
400 279
1 15 2
145 458
1 3 2
245 67
1 9 2
388 82
1 9 2
268 496
1 15 2
356 63
1 8 2
395 66
1 7 2
170 146
1 14 2
467 26
1 11 2
223 385
1 13 2
439 67
1 12 2
284 341
1 5 2
20 56
1 5 2
21 287
1 7 2
339 333
1 8 2
33 397
1 11 2
149 236
1 3 2
92 459
1 11 2
282 295
1 12 2
367 106
1 15 2
383 215
1 3 2
132 436
1 9 2
28 150
1 4 2
288 470
1 9 2
422 337
1 9 2
229 30
1 10 2
289 85
1 11 2
103 421
1 9 2
304 147
1 8 2
117 176
1 15 2
377 253
1 6 2
363 237
1 2 2
395 232
1 7 2
351 229
1 14 2
299 489
1 11 2
171 351
1 15 2
413 397
1 12 2
253 139
1 8 2
198 165
1 2 2
195 64
1 12 2
472 465
1 4 2
40 464
1 14 2
28 427
1 7 2
382 4
1 5 2
329 388
1 14 2
96 10
1 11 2
453 25
1 2 2
156 94
1 10 2
186 364
1 5 2
193 167
1 4 2
9 404
1 14 2
432 471
1 6 2
100 112
1 12 2
186 329
1 11 2
101 181
1 5 2
170 404
1 11 2
363 135
1 8 2
387 69
1 7 2
460 246
1 2 2
99 69
1 8 2
7 57
1 4 2
325 96
1 9 2
49 406
1 10 2
127 370
1 14 2
265 230
1 2 2
430 403
1 2 2
471 53
1 9 2
70 377
1 9 2
402 417
1 5 2
7 213
1 6 2
34 287
1 3 2
413 58
1 8 2
290 103
1 5 2
264 419
1 11 2
148 165
1 12 2
193 437
1 10 2
284 318
1 10 2
363 188
1 13 2
489 340
1 9 2
19 283
1 4 2
171 436
1 12 2
156 334
1 4 2
33 222
1 4 2
432 361
1 13 2
312 55
1 13 2
142 470
1 3 2
274 65
1 10 2
203 115
1 14 2
406 135
1 12 2
232 150
1 13 2
354 257
1 12 2
300 73
1 15 2
436 108
1 9 2
123 430
1 15 2
304 73
1 13 2
393 293
1 6 2
1 196
1 11 2
171 477
1 3 2
158 41
1 7 2
0 42
1 3 2
154 317
1 14 2
434 216
1 9 2
56 138
1 2 2
448 313
1 10 2
238 393
1 12 2
239 34
1 14 2
160 414
1 13 2
350 303
1 6 2
62 366
1 2 2
392 274
1 9 2
185 153
1 12 2
18 408
1 11 2
254 94
1 9 2
235 370
1 3 2
71 68
1 3 2
193 360
1 8 2
33 99
1 3 2
273 138
1 6 2
45 17
1 14 2
108 413
1 9 2
197 226
1 3 2
140 267
1 4 2
312 64
1 14 2
200 110
1 2 2
90 83
1 9 2
410 223
1 3 2
230 353
1 7 2
106 319
1 14 2
16 383
1 3 2
370 241
1 3 2
136 242
1 9 2
397 262
1 6 2
263 88
1 3 2
401 234
1 2 2
89 246
1 13 2
379 102
1 12 2
294 291
1 13 2
144 121
1 14 2
460 193
1 2 2
425 481
1 3 2
102 79
1 4 2
240 354
1 8 2
92 416
1 8 2
197 486
1 9 2
85 20
1 5 2
450 412
1 9 2
428 264
1 7 2
97 115
1 3 2
335 49
1 3 2
50 61
1 8 2
436 347
1 12 2
421 429
1 12 2
435 3
1 15 2
489 99
1 13 2
253 138
1 3 2
369 137
1 2 2
150 169
1 6 2
2 451
1 5 2
464 314
1 2 2
288 294
1 4 2
189 250
1 3 2
307 212
1 7 2
95 171
1 10 2
174 254
1 14 2
299 357
1 14 2
115 140
1 6 2
20 338
1 12 2
260 309
1 5 2
369 49
1 2 2
479 232
1 12 2
92 76
1 15 2
325 379
1 14 2
8 301
1 13 2
124 363
1 2 2
273 123
1 11 2
178 370
1 8 2
413 105
1 3 2
409 426
1 2 2
274 182
1 6 2
123 71
1 13 2
226 445
1 2 2
277 173
1 14 2
8 374
1 8 2
28 146
1 13 2
130 328
1 10 2
60 463
1 6 2
88 101
1 11 2
62 396
1 12 2
362 201
1 8 2
353 62
1 11 2
134 320
1 3 2
85 426
1 5 2
197 451
1 15 2
338 199
1 2 2
476 426
1 4 2
453 51
1 5 2
97 114
1 6 2
233 360
1 13 2
172 370
1 2 2
130 330
1 8 2
3 168
1 2 2
83 46
1 2 2
459 30
1 7 2
164 301
1 15 2
97 0
1 10 2
291 139
1 13 2
24 462
1 14 2
389 43
1 3 2
454 318
1 10 2
135 293
1 8 2
156 418
1 15 2
272 150
1 5 2
32 352
1 10 2
453 248
1 13 2
209 315
1 15 2
491 333
1 14 2
284 36
1 7 2
395 348
1 6 2
378 409
1 7 2
68 339
1 14 2
274 130
1 15 2
182 477
1 7 2
376 436
1 15 2
304 226
1 11 2
228 56
1 6 2
488 254
1 13 2
498 410
1 12 2
129 330
1 9 2
276 391
1 7 2
123 86
1 6 2
156 279
1 7 2
344 150
1 11 2
473 181
1 14 2
7 388
1 15 2
122 485
1 11 2
416 156
1 5 2
112 71
1 12 2
245 275
1 14 2
376 237
1 14 2
367 391
1 7 2
464 434
1 13 2
68 185
1 10 2
403 72
1 4 2
360 419
1 8 2
230 442
1 12 2
288 248
1 14 2
196 90
1 9 2
140 119
1 4 2
36 398
1 15 2
348 247
1 12 2
175 178
1 13 2
87 195
1 13 2
249 184
1 8 2
246 37
1 3 2
371 264
1 11 2
57 258
1 2 2
101 104
1 9 2
380 456
1 6 2
215 28
1 6 2
255 435
1 3 2
232 3
1 6 2
120 420
1 2 2
326 337
1 15 2
69 211
1 3 2
271 236
1 11 2
410 497
1 8 2
194 156
1 6 2
255 371
1 5 2
198 285
1 13 2
195 248
1 2 2
416 426
1 10 2
112 394
1 7 2
101 268
1 5 2
232 168
1 3 2
129 151
1 5 2
495 372
1 10 2
16 106
1 15 2
158 222
1 8 2
353 97
1 11 2
64 36
1 12 2
103 164
1 11 2
25 260
1 8 2
147 311
1 12 2
462 87
1 2 2
392 256
1 7 2
46 362
1 10 2
92 45
1 6 2
453 370
1 6 2
231 166
1 6 2
314 0
1 12 2
213 108
1 7 2
189 172
1 2 2
209 480
1 3 2
350 83
1 12 2
470 325
1 9 2
249 124
1 12 2
491 480
1 4 2
131 342
1 13 2
164 498
1 6 2
387 260
1 8 2
99 350
1 15 2
325 55
1 10 2
354 32
1 7 2
170 173
1 8 2
274 254
1 5 2
462 310
1 12 2
131 373
1 9 2
479 238
1 2 2
141 175
1 3 2
313 238
1 11 2
446 423
1 5 2
63 142
1 15 2
365 327
1 11 2
124 1
1 3 2
281 495
1 11 2
286 337
1 8 2
64 67
1 13 2
307 55
1 13 2
41 423
1 15 2
328 172
1 5 2
453 316
1 3 2
359 210
1 2 2
187 494
1 4 2
425 111
1 13 2
352 90
1 7 2
321 11
1 10 2
432 122
1 5 2
72 467
1 5 2
251 34
1 8 2
134 119
1 11 2
85 464
1 8 2
334 27
1 6 2
122 478
1 13 2
478 81
1 11 2
163 243
1 4 2
367 364
1 10 2
338 226
1 13 2
318 234
1 12 2
210 349
1 11 2
415 353
1 12 2
287 257
1 5 2
30 347
1 15 2
176 154
1 7 2
307 355
1 6 2
222 304
1 6 2
409 441
1 5 2
121 145
1 13 2
319 85
1 12 2
79 320
1 4 2
243 41
1 15 2
448 414
1 9 2
161 381
1 15 2
374 414
1 10 2
331 251
1 7 2
65 258
1 12 2
481 118
1 3 2
455 0
1 3 2
294 337
1 14 2
324 37
1 14 2
404 154
1 2 2
108 245
1 7 2
285 389
1 2 2
75 39
1 4 2
291 232
1 6 2
118 417
1 8 2
178 478
1 11 2
460 54
1 13 2
371 432
1 6 2
486 79
1 3 2
173 192
1 4 2
211 171
1 3 2
64 476
1 9 2
130 143
1 8 2
367 379
1 14 2
55 150
1 8 2
231 162
1 9 2
160 381
1 6 2
301 68
1 4 2
217 448
1 6 2
77 332
1 3 2
266 12
1 7 2
115 63
1 14 2
4 364
1 6 2
231 24
1 15 2
480 79
1 14 2
327 367
1 8 2
336 464
1 9 2
45 352
1 14 2
374 488
1 8 2
272 479
1 9 2
409 190
1 14 2
90 285
1 7 2
317 209
1 15 2
418 119
1 4 2
152 405
1 10 2
173 450
1 2 2
12 163
1 10 2
124 15
1 4 2
255 280
1 5 2
412 201
1 13 2
477 30
1 2 2
215 365
1 11 2
496 472
1 11 2
190 26
1 3 2
151 385
1 11 2
119 121
1 8 2
22 256
1 12 2
387 151
1 8 2
58 422
1 7 2
173 121
1 13 2
416 175
1 10 2
229 408
1 11 2
444 101
1 12 2
412 254
1 5 2
259 114
1 8 2
145 220
1 10 2
249 482
1 9 2
271 363
1 3 2
389 69
1 15 2
253 298
1 5 2
496 349
1 12 2
175 213
1 7 2
326 335
1 12 2
298 359
1 9 2
60 356
1 13 2
42 105
1 11 2
430 240
1 14 2
176 489
1 7 2
206 121
1 14 2
296 283
1 3 2
258 320
1 16 2
298 443
1 24 2
384 197
1 24 2
7 71
1 18 2
209 486
1 28 2
419 299
1 28 2
201 74
1 14 2
391 441
1 10 2
424 476
1 4 2
13 326
1 6 2
348 210
1 26 2
181 193
1 18 2
178 183
1 12 2
4 261
1 18 2
444 422
