500 2975 1500
6 15 20 9 23 7 19 24 19 16 20 24 6 10 25 11 24 14 18 18 6 18 21 15 20 14 9 22 25 20 23 19 24 8 6 8 25 9 8 19 10 10 8 21 9 17 11 11 24 10 19 17 5 23 19 23 15 5 7 20 12 23 23 11 20 12 6 19 11 25 12 20 9 18 16 22 11 19 16 14 23 21 9 10 23 19 22 20 8 18 24 10 16 20 23 15 25 19 9 24 13 13 6 16 8 25 22 22 7 24 13 25 7 23 20 12 6 19 11 10 11 17 20 23 10 23 16 13 7 5 14 18 19 14 21 21 21 23 18 20 14 22 25 9 22 23 8 8 19 24 16 24 17 12 12 11 20 17 7 13 14 14 19 16 15 7 11 16 18 6 12 14 13 17 11 18 18 19 18 6 11 14 6 11 10 13 5 17 25 5 12 20 25 20 11 23 21 9 13 20 16 11 10 12 9 12 10 20 11 24 23 11 14 20 16 22 25 23 10 13 23 25 21 22 10 8 16 9 24 8 10 7 16 6 23 20 21 7 10 25 10 12 14 8 18 11 23 17 5 14 6 14 7 20 12 14 9 8 8 21 10 7 15 25 9 16 7 21 17 20 6 5 17 11 18 24 9 19 7 19 16 15 24 20 5 16 8 21 13 24 6 15 17 11 17 15 13 12 12 11 24 18 11 13 14 16 10 21 17 16 12 13 10 14 17 16 13 19 19 22 13 14 18 24 22 23 6 22 19 14 14 22 23 19 25 12 13 12 8 15 12 24 5 5 23 8 13 14 6 21 20 17 21 9 19 11 12 12 5 19 25 12 8 19 12 25 17 5 6 8 15 8 9 7 25 21 24 21 24 25 14 7 6 18 14 13 18 15 23 12 8 23 7 24 20 23 9 8 6 20 5 24 12 19 13 21 17 20 25 25 23 19 18 17 10 11 8 23 14 16 8 23 21 25 20 20 16 17 21 21 5 12 7 9 9 6 24 22 10 6 10 24 25 7 15 23 11 13 10 14 23 13 23 6 16 10 15 13 12 8 20 22 9 10 19 20 18 16 8 12 18 18 6 19 22 21 11 20 9 23 25 22 16 22 20 21 6 8 23 25 6 8 20 20 21 11 7 16 18 8
3 19 5 7 20 7 9 10 10 13 6 6 15 14 5 19 14 16 3 19 11 14 10 17 16 12 17 20 3 18 11 9 10 8 6 19 20 3 9 9 19 17 8 20 11 10 14 11 3 3 7 6 13 4 9 11 11 8 19 11 10 19 3 16 7 14 19 20 15 18 5 15 5 12 3 14 4 9 16 17 11 15 12 12 13 18 12 14 16 9 3 11 9 4 9 8 3 20 7 14 10 14 11 15 3 12 19 5 18 20 6 8 6 9 3 6 20 20 20 9 12 9 19 5 19 15 20 12 13 8 16 15 6 5 12 19 19 16 8 9 3 8 17 6 12 10 13 20 14 3 14 10 7 3 7 6 17 18 14 11 17 7 13 4 9 12 7 4 4 20 5 14 7 12 14 9 17 5 13 13 20 14 20 14 16 15 4 7 3 13 8 6 15 18 15 12 20 6 16 8 16 6 10 3 11 8 15 16 6 12 6 16 10 13 19 5 4 5 6 20 12 3 3 5 3 3 14 16 13 3 5 15 15 13 5 12 9 6 5 7 4 15 16 15 20 5 20 16 3 11 9 3 3 3 4 3 17 9 15 7 14 12 16 7 12 19 12 17 15 11 17 6 17 3 4 5 5 7 19 17 15 4 16 10 4 17 7 19 5 9 15 7 6 7 20 4 8 16 19 9 11 3 19 17 20 15 17 5 15 11 6 14 14 5 6 20 10 9 15 4 20 10 19 16 15 7 14 10 5 7 5 14 5 5 20 6 6 7 12 17 5 9 13 20 19 16 20 6 12 9 20 4 10 17 19 9 7 17 13 3 16 10 12 17 16 17 3 4 7 15 9 13 17 18 6 4 5 13 8 6 12 5 15 5 7 17 13 3 13 8 7 13 4 13 16 4 20 18 12 3 10 14 17 13 12 12 4 12 4 8 12 3 16 18 7 8 15 4 17 3 12 9 18 12 7 6 12 20 3 14 15 15 9 17 5 17 17 13 11 15 19 17 12 3 20 5 14 13 4 8 8 3 7 5 20 5 15 12 7 7 11 19 8 15 7 14 5 14 11 14 17 15 3 7 8 15 3 5 9 17 16 14 7 3 7 3 4 4 8 7 10 12 10 18 18 16 3 11 15 20
1 6 2
81 364
1 13 2
58 130
1 8 2
58 126
1 13 2
94 330
1 4 2
386 257
1 8 2
429 354
1 7 2
444 415
1 9 2
3 139
1 15 2
127 168
1 12 2
473 53
1 3 2
348 77
1 15 2
466 331
1 11 2
388 199
1 11 2
115 88
1 3 2
89 201
1 7 2
18 284
1 7 2
447 433
1 15 2
252 290
1 3 2
118 3
1 2 2
270 42
1 3 2
415 281
1 3 2
268 123
1 11 2
214 318
1 12 2
252 433
1 3 2
260 104
1 14 2
93 239
1 14 2
111 28
1 9 2
323 232
1 14 2
310 248
1 4 2
127 300
1 11 2
181 320
1 15 2
169 430
1 4 2
361 441
1 4 2
418 195
1 10 2
384 351
1 7 2
382 238
1 12 2
153 210
1 9 2
149 331
1 4 2
488 143
1 12 2
367 320
1 9 2
65 320
1 4 2
43 49
1 8 2
269 114
1 9 2
422 358
1 11 2
246 86
1 7 2
490 463
1 10 2
115 231
1 6 2
219 403
1 14 2
341 266
1 15 2
223 156
1 10 2
18 60
1 5 2
262 397
1 14 2
394 114
1 7 2
312 478
1 7 2
458 383
1 14 2
74 68
1 14 2
312 162
1 11 2
334 472
1 9 2
325 395
1 9 2
322 411
1 15 2
343 180
1 8 2
492 68
1 3 2
245 364
1 7 2
438 228
1 14 2
157 473
1 10 2
212 156
1 6 2
44 58
1 12 2
141 398
1 6 2
233 113
1 5 2
359 309
1 9 2
74 443
1 2 2
422 413
1 11 2
252 492
1 14 2
63 203
1 6 2
189 377
1 13 2
263 410
1 4 2
263 207
1 9 2
393 42
1 5 2
139 130
1 11 2
123 404
1 14 2
113 459
1 14 2
80 186
1 10 2
365 79
1 13 2
52 293
1 3 2
40 90
1 7 2
116 319
1 9 2
24 42
1 7 2
118 312
1 10 2
68 105
1 6 2
439 51
1 15 2
462 449
1 8 2
237 212
1 6 2
418 378
1 9 2
89 196
1 3 2
221 136
1 7 2
331 146
1 11 2
48 133
1 9 2
192 70
1 9 2
137 127
1 6 2
361 465
1 8 2
106 133
1 11 2
377 494
1 2 2
115 415
1 9 2
361 483
1 4 2
136 84
1 5 2
64 362
1 11 2
371 459
1 12 2
218 408
1 5 2
9 321
1 6 2
47 160
1 14 2
437 387
1 6 2
364 429
1 12 2
115 248
1 14 2
231 226
1 4 2
154 3
1 9 2
327 0
1 12 2
468 483
1 5 2
290 318
1 3 2
459 7
1 7 2
320 202
1 9 2
267 245
1 14 2
425 122
1 12 2
87 204
1 3 2
373 400
1 2 2
133 94
1 2 2
389 462
1 13 2
326 482
1 2 2
30 100
1 6 2
237 368
1 7 2
308 262
1 11 2
174 473
1 12 2
429 274
1 12 2
140 78
1 9 2
192 292
1 15 2
197 118
1 11 2
431 272
1 14 2
356 454
1 13 2
8 297
1 6 2
462 333
1 3 2
32 208
1 14 2
154 157
1 7 2
251 488
1 15 2
308 391
1 13 2
200 113
1 15 2
215 476
1 9 2
349 245
1 15 2
384 251
1 14 2
327 287
1 2 2
155 325
1 12 2
212 205
1 13 2
346 175
1 10 2
135 344
1 13 2
234 133
1 2 2
321 2
1 2 2
484 490
1 3 2
397 464
1 5 2
276 258
1 13 2
101 38
1 3 2
460 7
1 3 2
415 119
1 4 2
8 355
1 2 2
298 412
1 9 2
24 481
1 5 2
94 494
1 3 2
459 484
1 10 2
395 358
1 6 2
431 330
1 2 2
55 56
1 2 2
219 322
1 7 2
39 131
1 12 2
54 304
1 3 2
241 54
1 3 2
419 378
1 9 2
330 440
1 15 2
17 421
1 11 2
141 43
1 8 2
11 180
1 11 2
280 119
1 5 2
358 464
1 12 2
278 310
1 4 2
214 414
1 6 2
46 78
1 4 2
423 167
1 9 2
429 441
1 11 2
5 272
1 7 2
196 18
1 4 2
116 108
1 13 2
251 395
1 5 2
178 185
1 11 2
440 14
1 7 2
448 87
1 9 2
155 84
1 7 2
179 117
1 2 2
158 428
1 8 2
455 196
1 5 2
67 449
1 6 2
225 477
1 5 2
450 356
1 7 2
382 432
1 14 2
119 240
1 2 2
243 412
1 15 2
296 450
1 4 2
298 44
1 12 2
456 241
1 10 2
317 450
1 3 2
121 177
1 11 2
170 268
1 12 2
276 27
1 12 2
384 323
1 3 2
496 0
1 9 2
405 111
1 4 2
327 284
1 4 2
81 483
1 15 2
328 376
1 12 2
445 259
1 6 2
415 124
1 7 2
473 12
1 3 2
206 181
1 6 2
247 252
1 8 2
32 401
1 10 2
455 44
1 6 2
341 228
1 8 2
339 498
1 2 2
9 239
1 13 2
154 487
1 7 2
353 173
1 9 2
383 486
1 11 2
424 449
1 9 2
293 292
1 11 2
64 343
1 14 2
362 168
1 12 2
460 135
1 13 2
30 19
1 14 2
279 47
1 9 2
194 291
1 14 2
496 490
1 6 2
106 122
1 14 2
122 320
1 15 2
119 387
1 8 2
338 208
1 8 2
381 285
1 7 2
63 419
1 11 2
158 357
1 14 2
340 370
1 4 2
398 189
1 3 2
447 342
1 2 2
79 12
1 10 2
360 65
1 10 2
328 498
1 6 2
169 237
1 12 2
129 165
1 5 2
42 396
1 14 2
269 486
1 11 2
463 108
1 6 2
186 442
1 5 2
328 437
1 11 2
190 243
1 4 2
326 460
1 7 2
199 236
1 13 2
218 258
1 7 2
390 238
1 8 2
89 390
1 5 2
378 166
1 14 2
306 279
1 13 2
259 411
1 4 2
261 423
1 3 2
220 278
1 5 2
162 195
1 12 2
139 103
1 11 2
499 285
1 9 2
482 60
1 7 2
286 197
1 3 2
20 277
1 9 2
51 41
1 2 2
349 74
1 10 2
405 477
1 7 2
316 231
1 13 2
167 117
1 15 2
158 436
1 15 2
218 155
1 14 2
118 78
1 11 2
261 479
1 12 2
152 206
1 5 2
350 57
1 6 2
28 366
1 15 2
205 178
1 10 2
330 399
1 9 2
265 55
1 14 2
431 499
1 13 2
185 25
1 15 2
131 16
1 12 2
25 238
1 8 2
86 291
1 3 2
1 463
1 13 2
296 103
1 15 2
238 96
1 11 2
249 130
1 6 2
376 235
1 9 2
93 23
1 10 2
335 401
1 11 2
67 200
1 14 2
78 265
1 8 2
201 259
1 11 2
352 396
1 10 2
396 127
1 2 2
68 409
1 8 2
417 382
1 7 2
5 384
1 12 2
349 189
1 3 2
2 393
1 8 2
6 455
1 11 2
29 174
1 7 2
240 170
1 6 2
161 9
1 2 2
247 8
1 11 2
300 115
1 14 2
234 173
1 10 2
433 298
1 10 2
130 111
1 13 2
395 399
1 13 2
375 218
1 13 2
5 470
1 10 2
319 197
1 5 2
60 247
1 4 2
418 216
1 15 2
176 135
1 9 2
254 465
1 2 2
386 400
1 10 2
20 155
1 15 2
231 486
1 10 2
266 375
1 15 2
158 254
1 15 2
178 373
1 11 2
431 14
1 12 2
143 387
1 6 2
460 495
1 5 2
267 284
1 3 2
458 190
1 7 2
354 29
1 8 2
23 437
1 11 2
466 280
1 3 2
330 131
1 10 2
53 229
1 6 2
377 184
1 9 2
104 33
1 15 2
149 20
1 7 2
83 126
1 3 2
362 266
1 15 2
469 263
1 3 2
192 336
1 11 2
85 225
1 13 2
174 331
1 12 2
475 270
1 8 2
477 373
1 4 2
274 275
1 8 2
404 432
1 15 2
306 291
1 11 2
292 309
1 10 2
139 221
1 15 2
221 181
1 10 2
335 331
1 8 2
201 122
1 6 2
9 167
1 3 2
81 231
1 15 2
171 264
1 10 2
265 263
1 12 2
256 189
1 14 2
26 338
1 15 2
239 147
1 11 2
256 370
1 15 2
181 190
1 14 2
10 450
1 6 2
407 313
1 14 2
196 169
1 3 2
52 115
1 3 2
216 309
1 11 2
114 173
1 15 2
281 367
1 14 2
235 58
1 6 2
387 475
1 11 2
301 32
1 4 2
159 360
1 2 2
492 469
1 13 2
28 306
1 4 2
334 424
1 15 2
177 453
1 14 2
63 166
1 7 2
53 452
1 2 2
178 369
1 9 2
239 176
1 15 2
287 368
1 2 2
368 344
1 2 2
250 228
1 2 2
258 274
1 13 2
487 381
1 4 2
393 379
1 7 2
5 408
1 11 2
133 181
1 13 2
257 298
1 13 2
392 224
1 7 2
449 223
1 5 2
291 77
1 5 2
330 180
1 11 2
17 411
1 15 2
70 459
1 15 2
133 236
1 15 2
479 326
1 8 2
195 454
1 15 2
44 200
1 4 2
377 152
1 4 2
303 274
1 7 2
346 168
1 6 2
476 345
1 9 2
429 220
1 3 2
313 450
1 8 2
354 461
1 7 2
66 141
1 15 2
341 223
1 13 2
386 208
1 2 2
239 416
1 9 2
180 289
1 15 2
94 137
1 7 2
390 304
1 2 2
475 172
1 2 2
469 39
1 2 2
467 132
1 3 2
56 276
1 6 2
459 470
1 6 2
491 282
1 2 2
466 105
1 3 2
257 271
1 10 2
11 337
1 14 2
27 137
1 7 2
180 213
1 8 2
206 303
1 7 2
348 431
1 15 2
306 51
1 3 2
79 412
1 12 2
222 286
1 7 2
131 308
1 14 2
480 470
1 14 2
418 104
1 14 2
87 1
1 6 2
45 399
1 4 2
35 429
1 7 2
135 4
1 14 2
229 240
1 5 2
37 474
1 4 2
52 433
1 15 2
52 323
1 2 2
197 438
1 9 2
260 423
1 5 2
453 298
1 14 2
440 129
1 13 2
395 152
1 12 2
342 392
1 5 2
278 458
1 15 2
244 220
1 2 2
431 497
1 2 2
237 106
1 11 2
54 56
1 10 2
302 458
1 14 2
498 306
1 3 2
146 293
1 3 2
408 104
1 11 2
320 8
1 6 2
340 303
1 8 2
238 385
1 10 2
402 196
1 5 2
433 20
1 5 2
381 372
1 5 2
479 434
1 12 2
181 439
1 6 2
306 194
1 15 2
125 15
1 4 2
241 129
1 9 2
258 348
1 4 2
362 386
1 2 2
14 385
1 10 2
246 473
1 5 2
110 51
1 15 2
219 339
1 6 2
399 129
1 9 2
45 81
1 10 2
233 490
1 2 2
301 362
1 9 2
54 339
1 9 2
290 367
1 12 2
70 420
1 11 2
463 495
1 8 2
364 32
1 15 2
358 362
1 13 2
463 364
1 5 2
421 46
1 13 2
461 341
1 13 2
41 168
1 14 2
497 332
1 12 2
361 14
1 15 2
482 360
1 2 2
214 316
1 13 2
316 204
1 12 2
371 40
1 3 2
316 370
1 15 2
146 312
1 9 2
335 180
1 6 2
391 298
1 2 2
487 466
1 5 2
78 71
1 13 2
114 286
1 3 2
192 301
1 6 2
57 183
1 13 2
84 391
1 5 2
440 234
1 4 2
296 184
1 13 2
349 401
1 7 2
115 148
1 7 2
464 44
1 13 2
81 482
1 8 2
419 81
1 4 2
253 391
1 2 2
215 78
1 12 2
432 59
1 6 2
358 364
1 4 2
185 211
1 15 2
338 390
1 4 2
240 392
1 9 2
420 199
1 10 2
445 236
1 6 2
201 217
1 7 2
355 267
1 6 2
281 245
1 10 2
369 424
1 10 2
224 165
1 10 2
407 116
1 15 2
98 177
1 9 2
487 178
1 2 2
45 402
1 14 2
495 153
1 4 2
302 117
1 6 2
286 109
1 13 2
475 192
1 14 2
296 412
1 14 2
355 269
1 15 2
40 223
1 7 2
187 456
1 14 2
272 63
1 12 2
214 200
1 4 2
147 397
1 3 2
279 394
1 2 2
136 498
1 2 2
385 111
1 14 2
296 14
1 8 2
417 183
1 3 2
371 133
1 10 2
286 209
1 2 2
165 488
1 13 2
143 443
1 7 2
285 145
1 6 2
68 256
1 15 2
83 337
1 4 2
443 237
1 7 2
222 487
1 7 2
77 325
1 12 2
378 310
1 12 2
189 130
1 10 2
311 422
1 4 2
194 191
1 12 2
264 236
1 13 2
45 137
1 11 2
342 198
1 12 2
50 95
1 7 2
83 412
1 9 2
311 164
1 5 2
242 165
1 4 2
95 348
1 5 2
382 261
1 9 2
45 444
1 15 2
400 376
1 10 2
481 268
1 10 2
64 242
1 10 2
322 472
1 11 2
62 239
1 3 2
387 241
1 11 2
447 301
1 9 2
360 455
1 5 2
148 222
1 9 2
354 110
1 8 2
186 109
1 11 2
287 462
1 11 2
188 234
1 13 2
427 277
1 3 2
375 209
1 2 2
474 335
1 13 2
430 297
1 3 2
149 107
1 7 2
187 391
1 15 2
230 484
1 13 2
202 90
1 3 2
177 300
1 8 2
303 211
1 10 2
332 99
1 6 2
106 149
1 4 2
499 486
1 11 2
114 57
1 9 2
318 398
1 3 2
164 422
1 5 2
245 68
1 4 2
318 173
1 10 2
34 452
1 13 2
75 322
1 14 2
20 385
1 11 2
46 132
1 12 2
414 126
1 2 2
134 392
1 4 2
230 205
1 5 2
350 138
1 10 2
319 422
1 5 2
95 60
1 14 2
171 63
1 8 2
14 446
1 9 2
472 184
1 2 2
454 153
1 6 2
483 466
1 9 2
349 297
1 7 2
51 278
1 7 2
345 229
1 6 2
492 218
1 4 2
188 28
1 15 2
289 226
1 15 2
58 335
1 4 2
252 179
1 12 2
118 41
1 4 2
247 232
1 4 2
133 438
1 4 2
223 103
1 8 2
146 48
1 5 2
146 484
1 4 2
404 70
1 14 2
245 116
1 3 2
461 428
1 14 2
205 439
1 5 2
132 265
1 8 2
460 373
1 6 2
41 416
1 2 2
274 315
1 4 2
24 10
1 6 2
386 37
1 2 2
396 343
1 11 2
169 193
1 10 2
215 101
1 11 2
247 231
1 8 2
84 295
1 12 2
229 305
1 6 2
277 368
1 13 2
354 478
1 13 2
138 223
1 11 2
162 365
1 11 2
453 239
1 5 2
422 24
1 5 2
79 140
1 6 2
120 189
1 4 2
47 126
1 14 2
164 280
1 9 2
3 201
1 11 2
9 477
1 7 2
109 194
1 11 2
310 494
1 2 2
52 139
1 6 2
287 234
1 2 2
459 448
1 4 2
81 49
1 11 2
171 469
1 7 2
215 31
1 2 2
443 90
1 14 2
57 486
1 7 2
100 273
1 14 2
105 460
1 8 2
456 211
1 5 2
485 252
1 15 2
18 93
1 12 2
457 347
1 9 2
116 174
1 6 2
404 295
1 11 2
157 412
1 13 2
436 8
1 12 2
296 195
1 10 2
48 494
1 14 2
180 230
1 11 2
261 309
1 2 2
240 226
1 7 2
144 226
1 6 2
489 412
1 6 2
450 23
1 9 2
276 420
1 11 2
40 336
1 8 2
351 245
1 14 2
442 449
1 6 2
329 369
1 12 2
4 404
1 4 2
33 370
1 9 2
147 443
1 2 2
112 71
1 15 2
391 417
1 2 2
95 282
1 3 2
61 147
1 7 2
330 215
1 11 2
455 290
1 8 2
188 59
1 6 2
455 200
1 4 2
287 151
1 13 2
215 293
1 6 2
186 16
1 10 2
145 235
1 5 2
169 364
1 3 2
81 1
1 3 2
287 334
1 15 2
364 128
1 10 2
297 51
1 10 2
215 292
1 5 2
246 200
1 4 2
131 93
1 3 2
2 37
1 8 2
121 203
1 12 2
202 182
1 8 2
218 497
1 15 2
259 84
1 5 2
413 43
1 3 2
274 37
1 15 2
40 265
1 8 2
261 238
1 13 2
49 179
1 12 2
486 479
1 13 2
200 217
1 13 2
228 306
1 7 2
408 121
1 14 2
201 152
1 11 2
264 33
1 12 2
471 473
1 6 2
94 484
1 8 2
236 138
1 2 2
46 325
1 14 2
495 459
1 14 2
477 45
1 11 2
407 434
1 10 2
138 488
1 5 2
218 0
1 4 2
101 89
1 12 2
322 498
1 2 2
368 403
1 2 2
266 358
1 2 2
351 468
1 15 2
111 340
1 10 2
184 221
1 12 2
248 169
1 14 2
265 217
1 4 2
343 267
1 10 2
172 75
1 13 2
269 147
1 13 2
244 249
1 7 2
281 289
1 14 2
168 255
1 12 2
203 262
1 13 2
436 142
1 9 2
129 126
1 4 2
485 286
1 15 2
271 206
1 7 2
192 140
1 4 2
106 277
1 10 2
129 329
1 12 2
489 275
1 10 2
361 313
1 12 2
491 117
1 11 2
412 49
1 3 2
196 312
1 5 2
34 226
1 2 2
283 424
1 14 2
353 349
1 10 2
183 491
1 11 2
146 12
1 11 2
122 392
1 2 2
476 446
1 4 2
388 411
1 3 2
2 482
1 6 2
70 108
1 6 2
242 244
1 15 2
193 393
1 14 2
243 268
1 5 2
174 13
1 8 2
113 178
1 5 2
331 415
1 2 2
147 450
1 7 2
13 220
1 11 2
405 220
1 14 2
357 333
1 12 2
427 130
1 12 2
464 1
1 3 2
354 396
1 2 2
454 274
1 8 2
35 278
1 11 2
299 281
1 5 2
2 228
1 8 2
321 156
1 2 2
228 309
1 3 2
376 214
1 7 2
174 371
1 14 2
174 31
1 5 2
229 165
1 13 2
427 459
1 12 2
429 347
1 2 2
300 307
1 4 2
328 475
1 4 2
394 337
1 13 2
269 32
1 7 2
479 160
1 15 2
346 162
1 3 2
263 489
1 7 2
301 183
1 9 2
55 239
1 14 2
494 163
1 2 2
240 11
1 12 2
280 0
1 15 2
234 54
1 13 2
159 144
1 15 2
36 497
1 9 2
378 35
1 4 2
270 296
1 10 2
304 368
1 8 2
486 290
1 12 2
167 112
1 7 2
331 247
1 4 2
100 41
1 9 2
448 33
1 11 2
101 204
1 2 2
147 286
1 2 2
125 5
1 5 2
332 28
1 6 2
44 253
1 2 2
267 169
1 4 2
9 142
1 2 2
304 211
1 8 2
36 77
1 9 2
343 85
1 4 2
147 348
1 4 2
112 87
1 8 2
294 457
1 4 2
79 258
1 12 2
107 463
1 5 2
55 324
1 5 2
169 266
1 12 2
46 26
1 13 2
26 386
1 15 2
470 312
1 3 2
279 152
1 10 2
411 78
1 12 2
161 340
1 10 2
469 321
1 14 2
462 166
1 13 2
108 363
1 13 2
376 390
1 14 2
277 399
1 4 2
235 348
1 11 2
253 27
1 7 2
72 313
1 9 2
391 24
1 14 2
59 135
1 11 2
428 345
1 12 2
156 154
1 3 2
469 311
1 11 2
282 23
1 4 2
343 158
1 3 2
404 234
1 4 2
312 404
1 12 2
215 217
1 7 2
152 13
1 4 2
485 444
1 13 2
469 148
1 5 2
229 256
1 8 2
280 72
1 10 2
495 467
1 5 2
306 56
1 8 2
284 383
1 5 2
416 132
1 10 2
161 16
1 15 2
39 373
1 2 2
241 78
1 10 2
274 478
1 3 2
275 456
1 14 2
367 486
1 3 2
136 60
1 4 2
70 271
1 14 2
314 74
1 2 2
369 302
1 10 2
410 315
1 11 2
473 362
1 13 2
415 330
1 12 2
379 465
1 14 2
464 301
1 13 2
314 218
1 3 2
172 200
1 8 2
314 283
1 9 2
284 208
1 2 2
215 87
1 5 2
198 267
1 5 2
393 125
1 10 2
213 56
1 6 2
32 78
1 8 2
232 116
1 7 2
393 285
1 14 2
377 474
1 14 2
64 410
1 4 2
392 351
1 2 2
188 346
1 7 2
78 177
1 14 2
165 431
1 8 2
10 159
1 8 2
464 479
1 9 2
52 196
1 7 2
265 69
1 13 2
102 294
1 5 2
197 406
1 14 2
216 320
1 14 2
145 392
1 5 2
270 283
1 7 2
61 132
1 12 2
230 26
1 8 2
322 38
1 8 2
369 455
1 3 2
280 237
1 7 2
427 263
1 12 2
48 91
1 15 2
343 412
1 5 2
73 475
1 4 2
409 39
1 15 2
106 308
1 8 2
371 285
1 13 2
187 156
1 12 2
197 404
1 4 2
190 142
1 5 2
306 386
1 12 2
98 335
1 7 2
378 296
1 13 2
218 490
1 11 2
147 303
1 10 2
177 63
1 4 2
152 392
1 8 2
137 90
1 8 2
169 488
1 10 2
427 165
1 11 2
93 73
1 9 2
90 411
1 4 2
452 64
1 8 2
474 350
1 11 2
384 497
1 14 2
364 383
1 14 2
426 400
1 6 2
267 9
1 10 2
83 344
1 4 2
112 56
1 10 2
60 250
1 10 2
439 13
1 11 2
83 361
1 3 2
454 441
1 5 2
97 224
1 2 2
57 261
1 3 2
318 337
1 4 2
307 192
1 2 2
481 37
1 6 2
339 156
1 15 2
446 414
1 3 2
161 374
1 11 2
98 368
1 12 2
456 98
1 10 2
477 425
1 10 2
399 17
1 11 2
43 390
1 8 2
438 372
1 14 2
431 76
1 3 2
268 244
1 4 2
322 9
1 6 2
57 129
1 14 2
7 396
1 12 2
408 61
1 6 2
226 97
1 4 2
87 425
1 9 2
469 414
1 10 2
122 496
1 5 2
251 128
1 7 2
164 109
1 7 2
128 225
1 14 2
318 72
1 14 2
143 423
1 7 2
498 93
1 9 2
178 53
1 10 2
137 432
1 5 2
235 349
1 12 2
73 8
1 4 2
110 22
1 4 2
204 158
1 12 2
132 63
1 8 2
402 161
1 6 2
348 210
1 6 2
257 308
1 2 2
15 185
1 9 2
39 165
1 4 2
451 261
1 5 2
363 54
1 7 2
145 343
1 6 2
163 120
1 13 2
458 337
1 12 2
445 372
1 10 2
372 357
1 9 2
166 155
1 12 2
141 193
1 5 2
277 33
1 14 2
20 17
1 7 2
71 55
1 12 2
279 213
1 14 2
139 354
1 6 2
216 487
1 6 2
133 323
1 13 2
31 309
1 10 2
27 407
1 14 2
185 265
1 4 2
79 414
1 4 2
429 422
1 14 2
213 231
1 5 2
264 179
1 13 2
47 168
1 15 2
374 39
1 12 2
11 320
1 14 2
62 480
1 5 2
446 76
1 7 2
261 246
1 15 2
306 263
1 4 2
354 200
1 4 2
332 351
1 6 2
28 301
1 10 2
124 170
1 3 2
396 94
1 8 2
244 31
1 14 2
491 325
1 9 2
185 253
1 9 2
376 120
1 13 2
302 417
1 9 2
217 94
1 5 2
262 144
1 3 2
130 57
1 14 2
93 266
1 14 2
122 473
1 5 2
201 485
1 9 2
382 267
1 4 2
249 132
1 9 2
148 480
1 8 2
92 257
1 15 2
134 124
1 14 2
113 278
1 3 2
197 352
1 13 2
490 298
1 4 2
373 320
1 15 2
388 428
1 7 2
47 334
1 14 2
274 444
1 5 2
104 268
1 3 2
85 290
1 3 2
175 219
1 12 2
203 115
1 12 2
315 302
1 6 2
149 366
1 2 2
499 484
1 5 2
418 266
1 7 2
344 86
1 4 2
172 30
1 9 2
27 133
1 15 2
242 237
1 14 2
400 116
1 11 2
421 25
1 8 2
479 24
1 4 2
407 281
1 12 2
317 252
1 9 2
72 408
1 15 2
176 494
1 2 2
340 274
1 10 2
168 155
1 3 2
236 132
1 8 2
264 147
1 7 2
66 436
1 11 2
427 241
1 9 2
53 168
1 14 2
401 305
1 7 2
70 389
1 8 2
439 273
1 6 2
287 421
1 14 2
309 407
1 5 2
62 399
1 8 2
176 66
1 3 2
297 173
1 12 2
404 446
1 14 2
434 298
1 6 2
20 418
1 14 2
60 135
1 2 2
193 489
1 2 2
481 270
1 15 2
246 160
1 6 2
154 338
1 15 2
79 6
1 8 2
40 369
1 3 2
490 436
1 11 2
270 214
1 11 2
146 256
1 15 2
342 289
1 8 2
155 451
1 9 2
185 66
1 3 2
9 366
1 13 2
318 376
1 15 2
252 141
1 3 2
90 217
1 4 2
487 224
1 3 2
429 103
1 15 2
185 134
1 4 2
482 255
1 5 2
236 75
1 13 2
148 439
1 7 2
497 170
1 2 2
345 224
1 7 2
368 169
1 2 2
316 309
1 5 2
333 408
1 10 2
137 249
1 12 2
274 163
1 3 2
56 407
1 14 2
410 431
1 6 2
112 99
1 7 2
464 374
1 3 2
412 126
1 6 2
361 456
1 15 2
136 179
1 7 2
152 148
1 2 2
419 499
1 3 2
81 209
1 9 2
296 473
1 7 2
491 182
1 11 2
210 272
1 2 2
42 395
1 4 2
80 460
1 14 2
218 407
1 9 2
213 205
1 14 2
300 448
1 6 2
212 146
1 14 2
415 487
1 9 2
32 464
1 13 2
311 486
1 10 2
203 477
1 4 2
428 348
1 11 2
471 446
1 9 2
88 373
1 15 2
25 73
1 4 2
188 413
1 5 2
425 170
1 3 2
234 223
1 3 2
102 483
1 15 2
418 287
1 14 2
366 20
1 10 2
270 231
1 2 2
100 129
1 12 2
362 182
1 6 2
214 29
1 5 2
438 292
1 12 2
127 161
1 5 2
345 103
1 2 2
490 340
1 8 2
350 393
1 13 2
186 313
1 6 2
335 226
1 11 2
132 405
1 9 2
373 499
1 10 2
403 442
1 4 2
436 355
1 10 2
181 113
1 8 2
124 201
1 15 2
399 75
1 2 2
193 54
1 11 2
118 435
1 3 2
94 29
1 2 2
24 386
1 10 2
387 105
1 9 2
425 468
1 9 2
350 236
1 6 2
487 151
1 5 2
157 208
1 10 2
248 130
1 10 2
322 266
1 7 2
59 422
1 5 2
6 12
1 12 2
40 181
1 5 2
62 417
1 5 2
315 366
1 15 2
206 433
1 3 2
304 326
1 13 2
175 194
1 2 2
117 17
1 3 2
370 65
1 14 2
351 141
1 2 2
127 62
1 6 2
183 188
1 4 2
289 131
1 4 2
93 155
1 7 2
357 236
1 5 2
36 2
1 8 2
375 183
1 10 2
32 481
1 15 2
194 22
1 3 2
184 270
1 12 2
488 410
1 6 2
124 405
1 12 2
152 201
1 14 2
273 271
1 10 2
400 184
1 2 2
491 241
1 2 2
442 54
1 5 2
38 259
1 5 2
0 431
1 3 2
188 410
1 9 2
192 378
1 8 2
119 307
1 12 2
160 483
1 11 2
470 321
1 7 2
429 468
1 4 2
488 235
1 7 2
405 494
1 10 2
193 104
1 3 2
183 331
1 4 2
14 193
1 14 2
46 190
1 4 2
268 220
1 13 2
469 106
1 9 2
148 118
1 5 2
484 362
1 8 2
333 164
1 10 2
423 399
1 11 2
217 465
1 12 2
430 187
1 5 2
167 437
1 10 2
408 327
1 12 2
198 197
1 15 2
114 306
1 8 2
495 150
1 2 2
61 380
1 2 2
45 141
1 15 2
45 246
1 11 2
78 143
1 7 2
110 296
1 10 2
311 115
1 3 2
47 466
1 13 2
383 381
1 14 2
44 403
1 7 2
328 281
1 8 2
98 276
1 3 2
84 158
1 8 2
492 56
1 10 2
44 251
1 10 2
293 479
1 9 2
478 411
1 4 2
395 81
1 9 2
191 263
1 12 2
121 285
1 13 2
496 366
1 4 2
13 391
1 9 2
372 104
1 6 2
176 458
1 14 2
93 216
1 10 2
183 295
1 4 2
246 316
1 6 2
363 273
1 8 2
446 229
1 8 2
335 51
1 4 2
134 235
1 12 2
307 491
1 3 2
197 247
1 8 2
175 36
1 2 2
98 301
1 12 2
107 17
1 5 2
451 307
1 6 2
342 104
1 8 2
484 15
1 5 2
21 214
1 15 2
245 420
1 2 2
38 30
1 5 2
0 42
1 6 2
143 266
1 4 2
339 222
1 14 2
9 77
1 11 2
51 68
1 4 2
304 165
1 4 2
367 202
1 14 2
144 196
1 14 2
250 151
1 9 2
258 321
1 2 2
376 324
1 10 2
352 64
1 4 2
48 107
1 11 2
101 359
1 12 2
216 277
1 7 2
462 455
1 14 2
39 415
1 11 2
112 102
1 13 2
181 119
1 3 2
498 85
1 7 2
79 280
1 2 2
192 24
1 13 2
348 20
1 3 2
181 240
1 12 2
262 248
1 10 2
465 485
1 14 2
392 368
1 2 2
274 273
1 13 2
238 242
1 4 2
138 434
1 5 2
189 168
1 2 2
243 38
1 10 2
60 293
1 13 2
160 124
1 10 2
385 246
1 4 2
369 441
1 6 2
325 51
1 10 2
262 403
1 8 2
253 326
1 5 2
445 239
1 10 2
154 462
1 15 2
352 335
1 9 2
157 459
1 11 2
291 8
1 3 2
315 103
1 2 2
390 132
1 9 2
349 255
1 11 2
325 499
1 3 2
431 178
1 8 2
235 293
1 9 2
361 52
1 8 2
345 51
1 9 2
497 208
1 3 2
446 58
1 6 2
73 284
1 2 2
14 227
1 13 2
48 222
1 13 2
447 388
1 13 2
21 184
1 6 2
382 234
1 3 2
290 218
1 15 2
216 127
1 6 2
427 345
1 4 2
241 269
1 15 2
198 232
1 3 2
250 180
1 11 2
158 268
1 4 2
376 122
1 11 2
148 106
1 8 2
310 439
1 6 2
312 242
1 9 2
228 38
1 10 2
412 434
1 11 2
331 229
1 9 2
414 381
1 11 2
232 75
1 2 2
224 142
1 10 2
163 230
1 8 2
464 115
1 10 2
208 298
1 11 2
498 134
1 2 2
37 189
1 8 2
259 148
1 13 2
217 81
1 13 2
390 295
1 5 2
46 418
1 6 2
313 489
1 12 2
181 369
1 3 2
390 323
1 10 2
359 13
1 12 2
225 256
1 9 2
193 226
1 5 2
256 490
1 5 2
379 230
1 3 2
442 327
1 4 2
498 358
1 4 2
91 282
1 7 2
479 223
1 7 2
183 431
1 15 2
492 329
1 12 2
107 267
1 3 2
72 354
1 8 2
148 165
1 9 2
119 121
1 15 2
168 461
1 13 2
471 88
1 14 2
155 114
1 8 2
101 250
1 9 2
444 89
1 10 2
169 385
1 12 2
321 69
1 10 2
111 87
1 6 2
225 345
1 10 2
122 272
1 7 2
432 4
1 8 2
475 452
1 4 2
32 106
1 14 2
348 494
1 13 2
203 166
1 13 2
135 366
1 6 2
70 479
1 13 2
67 37
1 2 2
438 99
1 9 2
430 303
1 8 2
204 121
1 3 2
378 58
1 11 2
28 64
1 5 2
299 266
1 9 2
354 275
1 8 2
44 92
1 15 2
395 491
1 10 2
374 439
1 8 2
304 28
1 5 2
178 224
1 9 2
211 92
1 11 2
285 412
1 13 2
115 19
1 10 2
208 24
1 6 2
160 278
1 5 2
15 183
1 9 2
390 309
1 7 2
147 85
1 5 2
169 321
1 3 2
413 70
1 5 2
295 71
1 10 2
319 64
1 11 2
151 17
1 9 2
293 99
1 4 2
276 86
1 10 2
385 350
1 8 2
399 397
1 15 2
140 2
1 2 2
474 162
1 9 2
262 395
1 6 2
468 8
1 6 2
328 183
1 14 2
308 201
1 7 2
356 276
1 10 2
401 248
1 9 2
377 234
1 13 2
69 33
1 6 2
81 371
1 13 2
304 187
1 6 2
450 143
1 14 2
330 287
1 14 2
241 314
1 8 2
138 156
1 10 2
308 354
1 7 2
332 195
1 10 2
325 169
1 15 2
157 475
1 13 2
224 355
1 5 2
480 141
1 10 2
273 275
1 8 2
282 452
1 11 2
154 155
1 14 2
274 318
1 9 2
211 38
1 10 2
329 340
1 3 2
440 169
1 9 2
170 359
1 12 2
95 112
1 6 2
323 427
1 6 2
148 272
1 11 2
82 499
1 13 2
71 351
1 5 2
384 143
1 5 2
465 193
1 6 2
8 264
1 8 2
202 237
1 10 2
359 358
1 10 2
266 79
1 11 2
201 35
1 11 2
355 23
1 7 2
40 263
1 11 2
438 132
1 11 2
219 62
1 2 2
290 397
1 12 2
209 78
1 15 2
158 124
1 11 2
233 359
1 4 2
295 225
1 3 2
362 1
1 4 2
392 198
1 2 2
310 478
1 12 2
366 492
1 8 2
380 31
1 2 2
57 93
1 12 2
195 317
1 10 2
65 278
1 10 2
162 109
1 12 2
193 181
1 5 2
191 266
1 3 2
75 90
1 6 2
438 138
1 10 2
234 268
1 5 2
43 481
1 8 2
124 262
1 7 2
365 22
1 3 2
335 495
1 8 2
418 0
1 3 2
386 16
1 11 2
422 207
1 12 2
110 331
1 5 2
312 320
1 12 2
474 240
1 9 2
11 240
1 4 2
193 372
1 8 2
6 242
1 4 2
380 497
1 10 2
20 154
1 8 2
451 362
1 6 2
488 439
1 9 2
229 272
1 9 2
215 245
1 13 2
432 442
1 7 2
5 298
1 15 2
429 373
1 13 2
491 80
1 3 2
418 296
1 2 2
170 368
1 8 2
318 382
1 4 2
44 474
1 8 2
448 376
1 8 2
85 160
1 13 2
415 128
1 4 2
207 267
1 12 2
104 305
1 4 2
457 329
1 8 2
21 249
1 14 2
348 387
1 7 2
307 292
1 8 2
149 378
1 14 2
260 21
1 4 2
432 406
1 6 2
212 300
1 13 2
280 462
1 12 2
158 35
1 3 2
21 3
1 13 2
168 183
1 7 2
89 476
1 14 2
144 198
1 14 2
227 409
1 3 2
143 131
1 3 2
64 365
1 14 2
132 47
1 6 2
31 8
1 14 2
320 285
1 4 2
159 394
1 11 2
458 218
1 9 2
410 387
1 9 2
33 11
1 7 2
150 158
1 5 2
346 13
1 3 2
487 48
1 15 2
176 102
1 9 2
191 396
1 4 2
435 64
1 12 2
298 457
1 8 2
395 18
1 4 2
138 180
1 14 2
494 274
1 13 2
292 145
1 5 2
463 61
1 14 2
360 25
1 13 2
485 486
1 9 2
401 485
1 10 2
185 160
1 13 2
92 320
1 10 2
184 252
1 13 2
146 482
1 13 2
269 239
1 3 2
228 325
1 4 2
372 281
1 9 2
315 33
1 7 2
400 275
1 14 2
260 403
1 4 2
138 342
1 4 2
466 116
1 14 2
482 421
1 12 2
156 356
1 2 2
337 51
1 14 2
217 220
1 8 2
483 437
1 3 2
339 276
1 15 2
233 321
1 6 2
428 296
1 7 2
320 207
1 3 2
45 350
1 14 2
416 247
1 8 2
56 302
1 9 2
400 469
1 7 2
165 390
1 14 2
465 297
1 6 2
273 261
1 11 2
38 405
1 9 2
129 22
1 11 2
145 406
1 2 2
279 361
1 14 2
80 232
1 4 2
34 350
1 5 2
146 186
1 2 2
251 70
1 8 2
6 392
1 6 2
396 492
1 6 2
221 69
1 6 2
47 390
1 15 2
466 398
1 12 2
361 12
1 10 2
304 108
1 15 2
354 50
1 5 2
228 39
1 8 2
299 341
1 8 2
274 364
1 11 2
77 188
1 10 2
70 43
1 15 2
16 388
1 15 2
123 93
1 10 2
412 14
1 5 2
376 461
1 11 2
213 339
1 9 2
283 70
1 9 2
470 471
1 5 2
193 370
1 7 2
215 38
1 3 2
12 465
1 13 2
379 344
1 2 2
312 98
1 10 2
360 310
1 2 2
428 385
1 11 2
312 336
1 13 2
413 21
1 8 2
5 178
1 14 2
461 295
1 9 2
365 267
1 2 2
324 379
1 13 2
270 354
1 14 2
494 391
1 11 2
224 159
1 8 2
223 126
1 8 2
207 2
1 9 2
247 461
1 4 2
20 127
1 2 2
220 250
1 14 2
261 352
1 2 2
35 177
1 11 2
119 358
1 9 2
145 374
1 9 2
296 194
1 3 2
118 311
1 9 2
278 189
1 4 2
87 451
1 12 2
312 247
1 11 2
240 372
1 2 2
478 86
1 4 2
27 64
1 7 2
62 93
1 10 2
116 339
1 4 2
229 437
1 5 2
291 131
1 2 2
154 238
1 8 2
217 63
1 2 2
187 444
1 12 2
440 117
1 14 2
244 134
1 13 2
72 321
1 6 2
158 245
1 5 2
374 108
1 7 2
60 233
1 3 2
235 144
1 9 2
104 57
1 3 2
142 290
1 9 2
178 455
1 14 2
132 161
1 13 2
172 142
1 6 2
355 433
1 5 2
87 34
1 11 2
290 366
1 12 2
254 313
1 14 2
401 475
1 7 2
2 18
1 8 2
153 278
1 3 2
298 379
1 9 2
423 341
1 4 2
266 283
1 12 2
10 93
1 2 2
47 493
1 4 2
169 224
1 11 2
178 299
1 5 2
194 49
1 8 2
165 110
1 4 2
159 451
1 15 2
466 237
1 6 2
288 166
1 8 2
20 330
1 7 2
488 135
1 2 2
353 59
1 2 2
66 473
1 7 2
204 203
1 8 2
54 223
1 13 2
267 116
1 14 2
144 149
1 8 2
110 280
1 10 2
44 436
1 14 2
55 269
1 7 2
152 150
1 3 2
10 102
1 8 2
217 322
1 4 2
432 20
1 13 2
283 434
1 2 2
196 251
1 15 2
225 374
1 15 2
101 129
1 14 2
491 74
1 3 2
499 438
1 13 2
356 367
1 10 2
177 140
1 2 2
204 202
1 5 2
126 158
1 4 2
75 34
1 5 2
460 426
1 13 2
406 176
1 3 2
393 196
1 10 2
145 481
1 8 2
294 192
1 11 2
314 26
1 6 2
253 176
1 14 2
270 297
1 4 2
206 163
1 15 2
354 189
1 6 2
132 496
1 15 2
43 254
1 13 2
445 401
1 14 2
444 154
1 14 2
222 212
1 14 2
363 296
1 12 2
465 99
1 9 2
5 468
1 3 2
297 23
1 14 2
16 86
1 8 2
494 487
1 8 2
17 449
1 2 2
448 292
1 4 2
364 260
1 7 2
59 79
1 6 2
433 153
1 12 2
11 449
1 11 2
75 78
1 15 2
298 36
1 5 2
201 189
1 2 2
353 235
1 15 2
301 331
1 6 2
275 167
1 8 2
420 437
1 15 2
213 206
1 7 2
263 24
1 10 2
79 88
1 4 2
70 432
1 9 2
213 129
1 4 2
400 174
1 9 2
252 118
1 14 2
155 265
1 8 2
202 405
1 10 2
299 428
1 2 2
70 19
1 5 2
426 438
1 7 2
202 347
1 9 2
344 13
1 12 2
373 454
1 14 2
53 279
1 5 2
13 48
1 7 2
264 445
1 9 2
205 438
1 2 2
175 254
1 4 2
422 451
1 13 2
57 496
1 13 2
182 129
1 9 2
144 175
1 5 2
18 181
1 13 2
175 499
1 9 2
339 167
1 6 2
210 42
1 6 2
4 358
1 9 2
101 34
1 10 2
274 2
1 13 2
137 481
1 5 2
262 76
1 3 2
485 420
1 11 2
39 140
1 15 2
466 487
1 7 2
410 48
1 2 2
132 482
1 4 2
163 367
1 5 2
91 60
1 8 2
157 17
1 8 2
201 256
1 5 2
368 477
1 12 2
285 101
1 3 2
368 54
1 13 2
265 12
1 3 2
129 171
1 6 2
87 23
1 6 2
385 26
1 13 2
348 468
1 10 2
141 291
1 5 2
306 183
1 12 2
145 332
1 5 2
401 320
1 11 2
71 336
1 8 2
240 162
1 4 2
36 383
1 5 2
211 111
1 3 2
237 163
1 9 2
348 482
1 5 2
155 57
1 8 2
22 493
1 7 2
241 304
1 12 2
488 261
1 7 2
76 285
1 10 2
161 1
1 15 2
118 51
1 8 2
448 123
1 9 2
66 121
1 12 2
17 450
1 6 2
404 151
1 3 2
380 257
1 10 2
329 48
1 4 2
64 50
1 2 2
260 331
1 13 2
412 419
1 7 2
382 419
1 11 2
199 325
1 9 2
359 409
1 4 2
190 15
1 14 2
458 2
1 2 2
101 351
1 3 2
302 334
1 2 2
383 42
1 3 2
21 74
1 3 2
277 161
1 15 2
93 319
1 5 2
259 465
1 5 2
349 58
1 5 2
257 125
1 9 2
484 59
1 12 2
92 47
1 15 2
142 391
1 9 2
95 356
1 5 2
268 68
1 15 2
387 423
1 8 2
18 250
1 4 2
335 133
1 15 2
490 172
1 6 2
470 8
1 9 2
165 33
1 15 2
75 244
1 6 2
347 15
1 13 2
309 119
1 9 2
238 46
1 11 2
418 280
1 3 2
161 167
1 7 2
466 332
1 14 2
170 349
1 13 2
437 165
1 14 2
238 321
1 12 2
267 128
1 15 2
20 192
1 8 2
470 451
1 14 2
106 109
1 3 2
18 389
1 3 2
373 362
1 9 2
446 117
1 15 2
375 216
1 6 2
220 76
1 14 2
307 21
1 9 2
22 403
1 5 2
65 112
1 6 2
302 59
1 14 2
53 125
1 13 2
168 465
1 3 2
298 465
1 11 2
200 411
1 12 2
458 11
1 2 2
46 474
1 5 2
319 277
1 15 2
280 457
1 12 2
379 432
1 5 2
297 458
1 14 2
389 143
1 6 2
49 272
1 5 2
198 405
1 9 2
312 260
1 7 2
318 252
1 13 2
428 175
1 4 2
22 140
1 8 2
351 45
1 7 2
161 7
1 5 2
360 445
1 11 2
218 190
1 14 2
199 279
1 15 2
392 153
1 15 2
119 304
1 8 2
336 68
1 14 2
403 59
1 2 2
190 366
1 15 2
280 48
1 4 2
105 328
1 7 2
122 20
1 12 2
25 210
1 14 2
345 209
1 8 2
443 395
1 2 2
344 152
1 10 2
232 319
1 8 2
247 79
1 7 2
274 289
1 7 2
455 187
1 15 2
120 276
1 3 2
15 270
1 7 2
218 71
1 4 2
10 82
1 5 2
262 169
1 4 2
373 209
1 7 2
188 6
1 12 2
445 391
1 14 2
23 474
1 4 2
375 225
1 15 2
360 26
1 5 2
387 295
1 7 2
351 307
1 7 2
163 280
1 4 2
419 328
1 3 2
413 60
1 7 2
259 49
1 2 2
198 233
1 11 2
29 150
1 12 2
256 495
1 14 2
220 372
1 12 2
218 244
1 3 2
495 245
1 2 2
58 462
1 15 2
307 379
1 14 2
0 52
1 3 2
276 403
1 11 2
137 197
1 8 2
344 423
1 9 2
172 233
1 4 2
470 1
1 3 2
260 310
1 3 2
113 253
1 6 2
272 308
1 12 2
55 473
1 13 2
196 373
1 3 2
204 105
1 15 2
410 368
1 10 2
489 409
1 6 2
377 323
1 5 2
460 25
1 7 2
226 249
1 7 2
200 439
1 8 2
91 128
1 13 2
496 183
1 3 2
316 350
1 14 2
417 113
1 9 2
75 21
1 12 2
461 165
1 14 2
256 227
1 8 2
185 232
1 4 2
490 76
1 9 2
111 49
1 6 2
247 56
1 11 2
444 385
1 7 2
102 52
1 13 2
103 130
1 8 2
12 132
1 13 2
301 16
1 11 2
144 209
1 7 2
111 99
1 14 2
290 13
1 6 2
158 209
1 11 2
174 374
1 14 2
79 487
1 7 2
386 314
1 9 2
347 456
1 4 2
3 435
1 5 2
499 410
1 11 2
246 55
1 8 2
467 490
1 12 2
285 242
1 15 2
253 311
1 11 2
430 232
1 10 2
284 354
1 11 2
31 104
1 4 2
469 484
1 10 2
331 73
1 2 2
41 373
1 5 2
369 196
1 5 2
284 182
1 13 2
71 311
1 6 2
351 419
1 9 2
62 188
1 3 2
368 234
1 11 2
267 145
1 10 2
466 267
1 13 2
72 294
1 10 2
15 150
1 14 2
119 74
1 4 2
246 315
1 9 2
302 16
1 3 2
397 380
1 2 2
484 47
1 7 2
343 371
1 13 2
27 50
1 8 2
181 401
1 3 2
302 75
1 15 2
91 179
1 11 2
97 300
1 9 2
195 386
1 13 2
246 17
1 12 2
143 230
1 2 2
82 151
1 9 2
356 12
1 10 2
106 278
1 3 2
204 4
1 13 2
111 96
1 14 2
197 356
1 3 2
487 111
1 12 2
46 147
1 5 2
341 356
1 14 2
241 416
1 5 2
448 139
1 8 2
7 34
1 13 2
479 373
1 3 2
368 222
1 4 2
195 427
1 11 2
85 122
1 12 2
269 291
1 14 2
122 232
1 6 2
333 447
1 7 2
109 341
1 15 2
389 399
1 9 2
487 445
1 4 2
104 200
1 10 2
186 335
1 6 2
111 428
1 8 2
245 274
1 13 2
170 462
1 2 2
85 156
1 11 2
294 19
1 2 2
495 417
1 2 2
172 53
1 14 2
31 472
1 14 2
319 336
1 3 2
327 226
1 12 2
333 294
1 11 2
28 130
1 9 2
64 62
1 8 2
265 176
1 5 2
307 466
1 6 2
203 375
1 2 2
283 148
1 10 2
444 201
1 4 2
484 480
1 3 2
409 319
1 3 2
387 257
1 8 2
223 164
1 14 2
88 54
1 5 2
137 321
1 2 2
429 482
1 14 2
192 490
1 9 2
298 394
1 12 2
325 456
1 15 2
435 333
1 15 2
136 253
1 13 2
151 466
1 5 2
330 295
1 6 2
470 381
1 7 2
475 494
1 8 2
384 19
1 7 2
319 255
1 9 2
472 238
1 10 2
93 406
1 13 2
469 191
1 15 2
406 106
1 8 2
400 425
1 14 2
487 363
1 3 2
454 343
1 7 2
313 394
1 2 2
38 152
1 3 2
136 315
1 8 2
151 413
1 10 2
490 163
1 9 2
115 404
1 8 2
85 333
1 10 2
393 227
1 4 2
226 109
1 8 2
378 434
1 12 2
29 338
1 6 2
471 110
1 2 2
43 307
1 12 2
79 105
1 2 2
397 336
1 15 2
34 490
1 7 2
475 266
1 9 2
75 48
1 8 2
324 256
1 14 2
309 331
1 6 2
270 363
1 2 2
10 306
1 6 2
145 403
1 10 2
64 272
1 9 2
373 224
1 15 2
243 419
1 6 2
81 326
1 8 2
168 225
1 13 2
209 308
1 8 2
309 139
1 9 2
269 143
1 12 2
418 397
1 7 2
173 309
1 3 2
246 152
1 6 2
384 343
1 5 2
387 317
1 15 2
473 356
1 7 2
6 122
1 11 2
390 466
1 12 2
403 243
1 5 2
149 209
1 9 2
318 145
1 2 2
131 10
1 8 2
204 399
1 7 2
405 40
1 15 2
401 39
1 7 2
492 327
1 11 2
89 265
1 14 2
301 85
1 9 2
463 182
1 3 2
384 122
1 3 2
400 14
1 11 2
389 96
1 2 2
286 242
1 4 2
260 176
1 10 2
50 79
1 10 2
123 124
1 11 2
143 33
1 6 2
278 62
1 14 2
355 481
1 14 2
57 66
1 13 2
141 399
1 13 2
214 137
1 4 2
13 17
1 4 2
323 248
1 7 2
317 199
1 8 2
125 451
1 12 2
439 319
1 3 2
194 265
1 7 2
8 437
1 9 2
420 472
1 15 2
152 195
1 4 2
402 1
1 10 2
193 474
1 13 2
293 119
1 13 2
359 471
1 14 2
84 337
1 9 2
312 152
1 4 2
7 488
1 13 2
375 252
1 10 2
484 111
1 3 2
70 362
1 14 2
163 336
1 3 2
118 343
1 5 2
278 78
1 2 2
443 109
1 5 2
240 340
1 11 2
368 399
1 12 2
387 22
1 12 2
211 458
1 4 2
470 366
1 3 2
190 244
1 9 2
45 189
1 5 2
282 240
1 12 2
268 398
1 13 2
360 67
1 7 2
166 456
1 13 2
367 13
1 13 2
123 131
1 10 2
362 24
1 7 2
478 107
1 7 2
197 67
1 3 2
297 67
1 6 2
393 114
1 11 2
422 199
1 7 2
90 449
1 4 2
364 327
1 7 2
195 400
1 13 2
137 40
1 15 2
120 356
1 15 2
104 118
1 10 2
102 163
1 4 2
237 405
1 12 2
452 34
1 5 2
10 379
1 2 2
124 444
1 7 2
461 99
1 12 2
195 8
1 15 2
414 279
1 8 2
109 285
1 2 2
71 184
1 11 2
166 310
1 13 2
499 300
1 13 2
456 367
1 7 2
347 111
1 15 2
337 299
1 5 2
131 121
1 13 2
338 114
1 2 2
115 1
1 7 2
467 47
1 8 2
128 487
1 15 2
388 376
1 11 2
69 451
1 6 2
216 130
1 11 2
67 11
1 3 2
93 242
1 10 2
165 237
1 8 2
90 361
1 7 2
376 59
1 9 2
297 147
1 14 2
98 85
1 3 2
91 412
1 2 2
294 478
1 15 2
34 375
1 7 2
466 108
1 14 2
336 316
1 13 2
211 497
1 10 2
358 262
1 9 2
110 368
1 2 2
362 93
1 7 2
113 177
1 14 2
388 188
1 8 2
142 170
1 7 2
474 477
1 15 2
131 289
1 13 2
166 267
1 3 2
134 57
1 6 2
63 111
1 10 2
219 414
1 8 2
88 354
1 11 2
430 141
1 5 2
221 231
1 6 2
125 236
1 9 2
286 399
1 8 2
463 302
1 4 2
265 277
1 14 2
462 206
1 7 2
134 162
1 15 2
205 367
1 6 2
89 416
1 5 2
31 474
1 2 2
129 310
1 11 2
204 87
1 3 2
76 97
1 5 2
464 213
1 15 2
184 245
1 13 2
203 481
1 3 2
318 163
1 14 2
189 84
1 14 2
463 165
1 7 2
252 485
1 3 2
482 149
1 5 2
383 271
1 4 2
403 493
1 3 2
94 314
1 9 2
153 488
1 12 2
368 174
1 15 2
223 124
1 12 2
179 119
1 8 2
199 68
1 13 2
282 450
1 13 2
223 88
1 3 2
330 240
1 14 2
46 54
1 15 2
162 281
1 5 2
347 245
1 4 2
95 171
1 2 2
78 166
1 2 2
112 264
1 3 2
493 442
1 8 2
221 100
1 9 2
215 25
1 14 2
468 339
1 3 2
472 123
1 11 2
191 379
1 3 2
298 208
1 6 2
246 491
1 3 2
87 457
1 9 2
66 254
1 13 2
245 374
1 2 2
405 480
1 4 2
65 288
1 4 2
182 166
1 6 2
396 254
1 15 2
144 142
1 13 2
95 297
1 6 2
389 405
1 5 2
174 124
1 9 2
418 47
1 10 2
424 237
1 3 2
419 65
1 11 2
178 40
1 15 2
147 455
1 14 2
270 411
1 15 2
414 89
1 5 2
453 78
1 15 2
99 321
1 15 2
300 302
1 3 2
450 426
1 6 2
395 430
1 5 2
322 164
1 13 2
467 480
1 6 2
266 457
1 9 2
320 494
1 15 2
266 296
1 8 2
139 468
1 15 2
309 162
1 9 2
283 152
1 13 2
411 272
1 7 2
9 350
1 10 2
466 77
1 6 2
469 345
1 8 2
30 85
1 4 2
295 32
1 8 2
469 270
1 13 2
232 265
1 9 2
307 256
1 8 2
237 8
1 12 2
167 93
1 15 2
289 27
1 14 2
458 352
1 5 2
344 134
1 9 2
403 94
1 7 2
82 188
1 3 2
408 28
1 2 2
341 196
1 6 2
210 450
1 8 2
295 73
1 9 2
303 476
1 12 2
450 160
1 12 2
355 0
1 14 2
332 495
1 7 2
206 341
1 8 2
371 284
1 6 2
119 25
1 14 2
41 61
1 5 2
156 21
1 12 2
250 373
1 4 2
346 477
1 10 2
368 202
1 14 2
437 449
1 7 2
400 465
1 13 2
326 160
1 8 2
213 45
1 14 2
29 62
1 13 2
269 404
1 4 2
301 329
1 12 2
103 233
1 4 2
288 433
1 9 2
401 178
1 9 2
201 166
1 13 2
433 75
1 3 2
22 66
1 7 2
357 416
1 2 2
367 237
1 10 2
107 328
1 11 2
271 199
1 8 2
447 17
1 5 2
24 428
1 14 2
493 6
1 11 2
324 14
1 8 2
95 83
1 14 2
390 443
1 5 2
342 214
1 10 2
278 11
1 14 2
151 39
1 11 2
330 473
1 3 2
68 46
1 7 2
171 309
1 6 2
282 193
1 4 2
476 73
1 14 2
115 481
1 7 2
298 94
1 6 2
346 466
1 13 2
338 138
1 6 2
65 30
1 13 2
373 360
1 4 2
383 472
1 15 2
341 304
1 10 2
361 243
1 3 2
466 285
1 3 2
100 237
1 7 2
277 172
1 6 2
88 441
1 15 2
10 492
1 13 2
85 128
1 13 2
273 294
1 7 2
446 473
1 15 2
190 64
1 3 2
294 57
1 3 2
227 120
1 6 2
425 202
1 15 2
311 400
1 7 2
421 478
1 11 2
48 458
1 10 2
70 240
1 3 2
248 161
1 10 2
239 270
1 2 2
477 462
1 6 2
313 406
1 10 2
12 418
1 10 2
491 15
1 13 2
109 385
1 15 2
187 273
1 14 2
174 112
1 6 2
31 140
1 13 2
78 307
1 9 2
114 106
1 6 2
367 125
1 2 2
194 82
1 6 2
190 137
1 5 2
105 255
1 6 2
210 224
1 15 2
257 499
1 10 2
403 463
1 13 2
330 444
1 14 2
451 182
1 6 2
193 30
1 6 2
13 205
1 9 2
48 370
1 11 2
294 82
1 3 2
391 269
1 3 2
139 120
1 5 2
167 494
1 10 2
290 312
1 6 2
466 343
1 3 2
202 302
1 10 2
389 360
1 10 2
406 335
1 13 2
443 375
1 2 2
386 73
1 13 2
286 187
1 3 2
350 358
1 9 2
157 232
1 6 2
492 63
1 10 2
74 27
1 3 2
368 143
1 3 2
279 424
1 14 2
454 324
1 14 2
401 483
1 12 2
3 395
1 9 2
409 273
1 14 2
89 96
1 3 2
213 49
1 3 2
242 36
1 12 2
379 299
1 12 2
398 339
1 11 2
320 463
1 2 2
458 167
1 9 2
121 429
1 14 2
250 363
1 14 2
118 293
1 6 2
362 100
1 10 2
467 198
1 14 2
1 137
1 10 2
404 118
1 11 2
162 75
1 2 2
176 275
1 8 2
14 188
1 9 2
45 448
1 8 2
219 455
1 11 2
44 19
1 11 2
53 471
1 6 2
396 405
1 11 2
31 111
1 14 2
397 481
1 6 2
241 272
1 4 2
102 308
1 14 2
117 165
1 7 2
346 375
1 12 2
138 276
1 12 2
342 63
1 14 2
408 303
1 8 2
243 187
1 8 2
112 451
1 3 2
168 40
1 15 2
45 469
1 9 2
185 106
1 11 2
262 219
1 14 2
213 379
1 13 2
118 438
1 14 2
34 322
1 7 2
448 361
1 13 2
283 172
1 14 2
35 407
1 10 2
405 270
1 4 2
348 167
1 7 2
391 359
1 2 2
218 324
1 8 2
206 223
1 7 2
228 469
1 3 2
368 278
1 7 2
35 406
1 9 2
87 58
1 14 2
218 470
1 8 2
248 189
1 4 2
412 448
1 14 2
124 297
1 5 2
193 39
1 13 2
437 463
1 15 2
443 437
1 2 2
107 19
1 13 2
100 243
1 12 2
77 22
1 9 2
309 45
1 7 2
315 184
1 12 2
498 321
1 11 2
295 103
1 11 2
29 15
1 4 2
289 184
1 14 2
491 26
1 11 2
453 45
1 5 2
145 377
1 3 2
450 317
1 6 2
467 412
1 9 2
232 360
1 15 2
247 78
1 9 2
4 395
1 10 2
157 30
1 4 2
303 50
1 14 2
397 30
1 12 2
210 63
1 14 2
239 439
1 4 2
194 40
1 4 2
440 63
1 8 2
356 381
1 3 2
460 237
1 10 2
316 491
1 5 2
346 469
1 6 2
153 339
1 13 2
210 430
1 10 2
382 82
1 8 2
484 130
1 14 2
453 451
1 4 2
245 242
1 7 2
236 382
1 3 2
320 311
1 2 2
397 367
1 11 2
451 265
1 10 2
325 410
1 2 2
67 123
1 4 2
374 55
1 14 2
52 89
1 15 2
11 92
1 12 2
183 72
1 5 2
149 96
1 3 2
138 194
1 7 2
418 191
1 2 2
199 444
1 11 2
111 300
1 4 2
252 282
1 4 2
271 37
1 9 2
387 315
1 11 2
60 252
1 5 2
177 401
1 7 2
219 416
1 3 2
104 79
1 11 2
82 207
1 13 2
229 157
1 4 2
411 300
1 6 2
375 435
1 15 2
135 146
1 7 2
484 381
1 9 2
174 435
1 8 2
261 345
1 14 2
67 32
1 2 2
87 52
1 4 2
296 365
1 14 2
403 488
1 15 2
269 186
1 11 2
380 145
1 14 2
337 498
1 5 2
32 359
1 15 2
81 448
1 3 2
459 78
1 12 2
239 369
1 8 2
339 285
1 4 2
359 137
1 6 2
423 303
1 6 2
432 431
1 9 2
357 104
1 12 2
425 331
1 6 2
419 114
1 3 2
325 452
1 3 2
299 389
1 9 2
109 498
1 10 2
230 482
1 9 2
215 422
1 9 2
86 487
1 10 2
443 129
1 7 2
116 200
1 13 2
222 299
1 6 2
497 65
1 9 2
227 139
1 15 2
21 121
1 8 2
144 459
1 2 2
474 404
1 14 2
149 428
1 3 2
132 114
1 11 2
54 118
1 12 2
234 139
1 7 2
202 336
1 14 2
292 493
1 5 2
237 88
1 15 2
28 148
1 11 2
219 87
1 15 2
478 177
1 15 2
215 299
1 14 2
352 120
1 8 2
176 422
1 12 2
498 278
1 5 2
23 206
1 10 2
288 427
1 10 2
17 277
1 14 2
390 164
1 13 2
134 398
1 6 2
372 365
1 15 2
422 360
1 8 2
29 275
1 14 2
292 358
1 14 2
493 350
1 7 2
306 314
1 4 2
206 429
1 12 2
496 45
1 15 2
358 154
1 13 2
267 475
1 5 2
444 316
1 9 2
446 220
1 5 2
165 217
1 10 2
476 28
1 6 2
215 129
1 15 2
448 144
1 11 2
151 294
1 11 2
29 190
1 2 2
379 124
1 3 2
173 346
1 14 2
209 390
1 7 2
481 288
1 7 2
48 55
1 7 2
272 113
1 2 2
128 386
1 2 2
357 461
1 12 2
31 218
1 3 2
404 182
1 9 2
132 442
1 5 2
211 301
1 7 2
259 418
1 7 2
249 5
1 8 2
26 189
1 6 2
293 382
1 3 2
320 384
1 2 2
339 425
1 13 2
301 71
1 13 2
8 345
1 13 2
284 95
1 7 2
237 231
1 7 2
435 213
1 15 2
347 256
1 10 2
394 381
1 14 2
341 443
1 8 2
441 7
1 15 2
489 323
1 15 2
141 136
1 5 2
423 232
1 8 2
312 72
1 7 2
27 473
1 7 2
255 43
1 7 2
47 347
1 4 2
409 12
1 3 2
281 416
1 13 2
82 289
1 8 2
132 285
1 11 2
157 432
1 2 2
360 293
1 13 2
210 135
1 15 2
387 258
1 7 2
240 286
1 11 2
7 366
1 2 2
340 487
1 8 2
381 414
1 4 2
289 306
1 4 2
249 122
1 7 2
56 330
1 14 2
369 247
1 4 2
48 285
1 11 2
370 27
1 5 2
498 450
1 10 2
485 29
1 14 2
384 352
1 7 2
310 283
1 4 2
107 439
1 14 2
109 240
1 15 2
312 13
1 12 2
104 11
1 7 2
110 431
1 3 2
148 358
1 9 2
302 375
1 9 2
288 120
1 6 2
162 482
1 8 2
328 269
1 10 2
302 325
1 11 2
478 145
1 6 2
96 252
1 7 2
271 421
1 5 2
282 305
1 13 2
134 292
1 7 2
75 476
1 5 2
429 496
1 3 2
417 318
1 12 2
225 490
1 8 2
83 245
1 12 2
256 278
1 9 2
196 460
1 10 2
327 57
1 8 2
279 407
1 8 2
23 227
1 2 2
383 11
1 10 2
464 278
1 5 2
79 304
1 9 2
77 483
1 9 2
228 227
1 13 2
7 89
1 13 2
91 79
1 6 2
43 413
1 3 2
230 452
1 5 2
423 462
1 9 2
212 280
1 10 2
251 437
1 14 2
303 46
1 15 2
195 224
1 12 2
35 76
1 5 2
138 310
1 13 2
41 235
1 15 2
76 44
1 13 2
424 438
1 13 2
114 196
1 5 2
249 393
1 10 2
85 144
1 13 2
315 319
1 4 2
212 221
1 10 2
198 183
1 11 2
324 18
1 3 2
24 122
1 10 2
35 208
1 14 2
352 297
1 6 2
142 147
1 11 2
427 28
1 12 2
385 118
1 12 2
391 209
1 12 2
331 70
1 8 2
189 286
1 8 2
342 112
1 9 2
214 258
1 9 2
458 212
1 11 2
112 414
1 10 2
78 94
1 13 2
41 327
1 14 2
268 240
1 15 2
123 79
1 5 2
469 208
1 5 2
144 391
1 5 2
447 126
1 2 2
332 283
1 12 2
321 20
1 14 2
184 19
1 5 2
198 27
1 6 2
227 402
1 4 2
79 144
1 9 2
493 121
1 11 2
162 207
1 7 2
126 115
1 10 2
126 37
1 10 2
60 488
1 7 2
33 325
1 6 2
346 111
1 11 2
307 432
1 15 2
207 128
1 7 2
218 440
1 8 2
409 479
1 8 2
208 305
1 13 2
431 117
1 4 2
182 227
1 11 2
163 116
1 4 2
216 499
1 3 2
403 461
1 13 2
436 426
1 5 2
17 250
1 10 2
173 419
1 10 2
160 496
1 10 2
476 255
1 11 2
311 442
1 4 2
171 319
1 3 2
144 121
1 5 2
316 408
1 9 2
281 30
1 10 2
357 465
1 15 2
168 138
1 3 2
496 378
1 9 2
205 312
1 15 2
15 5
1 3 2
79 403
1 7 2
288 320
1 5 2
139 324
1 13 2
491 113
1 15 2
61 100
1 3 2
59 455
1 2 2
374 309
1 5 2
108 68
1 12 2
102 5
1 9 2
178 41
1 3 2
249 68
1 13 2
346 8
1 3 2
292 401
1 6 2
125 376
1 12 2
327 75
1 5 2
273 405
1 8 2
64 322
1 3 2
78 285
1 9 2
403 64
1 15 2
414 335
1 11 2
403 319
1 15 2
277 187
1 7 2
360 385
1 10 2
370 83
1 2 2
391 383
1 15 2
231 185
1 5 2
189 141
1 14 2
304 430
1 8 2
397 402
1 9 2
113 16
1 9 2
356 250
1 2 2
117 406
1 15 2
101 441
1 7 2
82 468
1 10 2
3 479
1 5 2
431 36
1 5 2
27 81
1 5 2
184 480
1 12 2
253 379
1 13 2
88 493
1 14 2
263 239
1 13 2
272 127
1 11 2
318 331
1 9 2
349 495
1 12 2
273 377
1 5 2
333 435
1 14 2
328 190
1 6 2
61 234
1 15 2
167 101
1 8 2
11 196
1 4 2
208 412
1 2 2
289 384
1 14 2
443 257
1 3 2
105 280
1 5 2
28 180
1 10 2
356 494
1 4 2
470 460
1 2 2
0 193
1 15 2
174 178
1 8 2
39 470
1 7 2
281 166
1 5 2
257 44
1 13 2
72 493
1 6 2
338 106
1 14 2
177 227
1 11 2
333 339
1 14 2
33 73
1 7 2
452 301
1 3 2
390 123
1 10 2
147 496
1 15 2
261 348
1 14 2
55 340
1 7 2
124 290
1 5 2
494 159
1 15 2
233 289
1 13 2
425 29
1 8 2
495 73
1 2 2
365 298
1 15 2
449 216
1 4 2
368 322
1 6 2
446 67
1 7 2
284 111
1 13 2
472 258
1 15 2
367 293
1 2 2
362 248
1 15 2
272 206
1 9 2
450 306
1 7 2
196 480
1 10 2
80 256
1 14 2
93 326
1 7 2
430 14
1 2 2
151 63
1 3 2
244 93
1 12 2
108 129
1 8 2
467 218
1 5 2
147 361
1 9 2
72 259
1 13 2
301 92
1 11 2
365 258
1 8 2
137 78
1 15 2
252 146
1 8 2
144 160
1 6 2
303 371
1 6 2
99 252
1 15 2
115 217
1 4 2
94 289
1 8 2
100 448
1 15 2
93 474
1 9 2
385 284
1 3 2
295 288
1 15 2
499 376
1 11 2
415 14
1 4 2
6 330
1 4 2
421 376
1 7 2
109 118
1 11 2
302 103
1 5 2
429 23
1 4 2
48 171
1 10 2
253 275
1 4 2
316 457
1 8 2
413 10
1 8 2
177 59
1 9 2
271 119
1 14 2
399 235
1 4 2
58 345
1 6 2
319 235
1 4 2
10 308
1 24 2
443 57
1 16 2
276 58
1 16 2
213 349
1 10 2
10 401
1 26 2
266 469
1 30 2
101 459
1 6 2
263 406
1 26 2
281 437
1 22 2
117 321
1 30 2
404 341
1 18 2
167 368
1 22 2
195 110
1 24 2
190 53
1 24 2
113 23
1 28 2
462 117
1 26 2
374 173
1 12 2
143 424
1 14 2
234 423
1 14 2
458 328
1 26 2
74 175
1 18 2
102 26
1 26 2
333 33
1 6 2
296 179
1 26 2
260 380
1 18 2
400 139
