500 2986 1500
23 11 16 12 9 12 8 8 10 7 24 15 25 20 22 22 9 18 14 11 15 14 7 21 5 19 8 25 9 6 19 17 19 25 11 17 13 14 25 17 15 19 17 14 24 16 17 25 23 24 5 11 19 5 10 22 14 12 14 11 12 22 11 22 13 12 6 14 9 24 19 25 8 13 17 16 10 9 15 11 13 19 18 7 15 5 23 12 11 21 20 14 13 22 19 5 20 15 8 25 9 5 17 18 25 18 24 22 18 8 8 8 23 18 25 14 14 23 7 15 18 21 11 14 16 5 9 18 21 19 9 15 23 25 8 6 15 6 22 6 22 11 17 17 12 23 8 19 14 11 20 13 16 11 7 9 24 20 18 24 14 21 25 16 10 25 6 11 5 23 10 12 21 9 9 25 22 13 21 19 10 6 18 18 24 24 20 25 10 19 21 12 10 20 23 20 19 22 13 20 6 6 16 6 5 6 22 5 10 5 16 11 22 16 16 12 17 22 5 16 5 10 14 11 12 17 9 16 8 15 13 13 8 25 6 15 5 17 7 14 22 6 5 15 13 21 22 16 23 9 13 24 19 14 13 22 6 10 6 23 18 6 15 18 5 17 15 7 16 10 22 8 14 23 5 24 9 8 23 24 13 24 18 9 18 14 16 10 14 24 14 23 16 6 6 22 18 22 9 19 20 15 9 7 19 12 22 9 6 8 22 6 23 19 25 20 23 20 16 21 5 13 10 11 22 15 6 25 8 20 10 19 16 17 16 5 8 11 7 7 19 5 11 11 5 6 9 25 5 18 20 10 5 21 16 18 8 17 17 16 20 22 16 8 7 19 14 6 17 6 22 6 24 19 12 15 19 21 23 25 20 25 12 17 5 23 5 22 22 11 17 5 20 8 19 16 13 7 7 25 10 25 6 13 8 17 17 24 13 21 13 23 9 25 14 21 14 6 9 21 19 10 13 25 21 13 11 17 23 11 23 21 12 5 9 25 16 22 14 6 22 23 10 8 24 8 18 21 15 20 6 24 20 9 23 5 20 13 20 18 25 23 16 20 24 17 7 7 20 16 7 18 10 23 7 18 14 11 5 24 8 11 25 15 10 14 6 13 24 19 14 19 10 7 21 20 14 23 11 5
3 15 10 4 12 17 11 12 4 7 8 17 12 19 20 10 8 7 6 16 10 3 5 14 15 16 5 10 11 6 19 6 12 3 12 19 5 12 4 6 4 17 15 11 6 12 17 19 5 12 19 10 16 4 4 5 4 4 10 10 9 3 14 15 7 3 10 11 14 19 19 5 20 12 12 17 14 12 8 17 9 11 4 7 3 3 15 9 8 3 15 17 5 14 20 11 7 12 14 14 12 10 10 17 5 5 13 19 16 20 15 16 11 19 17 7 6 12 5 6 18 14 20 6 15 14 12 13 7 15 19 19 14 17 9 19 14 19 17 19 14 17 13 16 17 18 9 6 17 16 7 9 9 7 20 15 7 18 12 11 5 15 3 19 15 10 9 13 7 19 6 5 10 10 9 6 4 10 3 14 6 14 8 7 9 18 11 3 6 6 18 19 8 15 16 18 10 7 10 6 20 12 19 11 11 6 15 6 9 17 18 4 9 4 9 9 9 8 20 9 14 6 8 13 10 8 15 16 3 8 19 20 9 18 4 18 7 8 8 11 14 20 18 7 19 19 17 20 8 12 17 6 3 19 18 16 9 17 13 16 11 12 13 12 13 4 20 13 14 9 11 9 16 12 6 6 15 20 3 15 13 3 16 16 4 13 6 16 5 19 3 11 20 12 6 20 9 19 8 11 13 19 5 6 20 10 11 9 9 20 15 15 13 18 17 13 20 15 12 9 3 11 9 14 15 19 14 3 3 5 16 14 19 10 20 3 19 19 3 6 5 3 12 13 6 14 17 12 3 11 16 8 14 8 4 16 19 13 10 8 7 18 5 18 7 19 4 7 14 17 14 7 4 8 11 17 20 18 11 7 16 18 6 5 8 14 7 5 13 13 17 13 13 10 13 12 16 11 13 14 8 11 7 20 9 7 13 19 5 19 10 18 18 9 4 10 17 18 5 11 6 12 4 12 19 14 16 5 17 8 13 17 8 13 8 6 3 20 9 7 5 9 5 5 7 15 14 3 12 13 19 7 6 20 20 20 17 20 3 12 16 10 17 4 16 4 4 17 17 8 20 9 4 15 20 13 13 18 10 11 6 13 9 15 9 17 10 6 14 9 19 3 8 7 20 8 6 9 5 15
1 5 2
221 96
1 2 2
239 32
1 13 2
37 22
1 4 2
302 116
1 7 2
105 378
1 6 2
262 128
1 9 2
249 8
1 11 2
217 400
1 10 2
366 209
1 2 2
12 25
1 2 2
363 117
1 10 2
123 57
1 7 2
69 422
1 10 2
298 351
1 12 2
471 457
1 9 2
265 218
1 12 2
486 15
1 13 2
172 419
1 13 2
166 494
1 2 2
90 195
1 3 2
341 461
1 14 2
167 353
1 2 2
407 286
1 8 2
31 39
1 2 2
251 410
1 8 2
231 310
1 4 2
58 101
1 10 2
364 156
1 10 2
485 202
1 14 2
373 332
1 10 2
329 461
1 7 2
456 248
1 11 2
251 158
1 13 2
345 250
1 12 2
366 124
1 10 2
115 298
1 2 2
98 22
1 9 2
276 304
1 8 2
118 140
1 10 2
32 89
1 10 2
176 497
1 8 2
265 433
1 11 2
1 236
1 8 2
120 435
1 12 2
4 429
1 9 2
230 217
1 15 2
239 428
1 12 2
213 467
1 6 2
38 274
1 13 2
28 109
1 11 2
304 109
1 14 2
144 79
1 9 2
86 25
1 8 2
178 173
1 10 2
259 328
1 12 2
257 107
1 8 2
139 252
1 10 2
153 461
1 4 2
272 466
1 12 2
284 155
1 13 2
197 369
1 5 2
353 167
1 11 2
192 309
1 12 2
310 196
1 5 2
372 484
1 11 2
295 116
1 12 2
440 234
1 5 2
462 11
1 6 2
62 0
1 7 2
110 279
1 12 2
251 306
1 6 2
256 150
1 2 2
289 305
1 3 2
470 287
1 5 2
32 237
1 5 2
242 205
1 3 2
483 397
1 8 2
5 77
1 14 2
1 451
1 11 2
44 7
1 13 2
135 267
1 15 2
491 347
1 7 2
462 300
1 2 2
353 436
1 10 2
440 495
1 6 2
297 419
1 3 2
337 5
1 2 2
440 450
1 11 2
329 364
1 2 2
487 175
1 3 2
446 497
1 8 2
377 7
1 2 2
52 306
1 10 2
195 71
1 8 2
384 140
1 5 2
37 459
1 13 2
108 207
1 15 2
115 411
1 2 2
65 395
1 9 2
279 44
1 10 2
120 103
1 13 2
62 3
1 13 2
11 480
1 9 2
31 414
1 13 2
128 279
1 11 2
231 394
1 10 2
189 356
1 6 2
492 289
1 7 2
214 291
1 13 2
40 370
1 9 2
360 318
1 13 2
260 334
1 10 2
495 15
1 12 2
220 194
1 3 2
418 423
1 5 2
309 452
1 7 2
332 240
1 7 2
37 57
1 6 2
318 180
1 2 2
58 308
1 2 2
71 11
1 9 2
415 145
1 15 2
295 73
1 4 2
267 339
1 4 2
268 8
1 8 2
13 444
1 7 2
462 89
1 5 2
495 464
1 8 2
278 140
1 5 2
195 120
1 9 2
293 394
1 2 2
219 296
1 14 2
326 338
1 11 2
75 38
1 12 2
322 110
1 15 2
248 52
1 13 2
257 237
1 7 2
470 439
1 10 2
17 476
1 3 2
252 262
1 2 2
70 259
1 8 2
483 350
1 4 2
312 373
1 14 2
132 262
1 13 2
310 445
1 4 2
49 107
1 9 2
8 408
1 13 2
456 299
1 12 2
7 117
1 7 2
301 216
1 2 2
49 386
1 8 2
204 347
1 4 2
473 184
1 8 2
209 75
1 13 2
128 88
1 8 2
218 431
1 3 2
35 482
1 10 2
265 35
1 4 2
321 359
1 11 2
368 282
1 7 2
278 380
1 10 2
82 404
1 2 2
74 46
1 7 2
447 494
1 14 2
60 319
1 5 2
145 128
1 13 2
108 440
1 15 2
349 10
1 10 2
440 57
1 10 2
76 99
1 4 2
302 187
1 14 2
91 305
1 4 2
369 228
1 6 2
341 90
1 15 2
235 307
1 9 2
332 169
1 15 2
236 354
1 6 2
110 410
1 13 2
126 280
1 14 2
17 488
1 3 2
35 270
1 10 2
235 409
1 10 2
59 172
1 5 2
334 456
1 14 2
27 351
1 5 2
191 367
1 12 2
52 69
1 15 2
353 68
1 10 2
433 140
1 2 2
241 72
1 12 2
472 484
1 14 2
64 22
1 11 2
255 395
1 2 2
269 130
1 14 2
306 376
1 7 2
490 338
1 9 2
15 118
1 13 2
425 169
1 15 2
10 421
1 13 2
245 446
1 11 2
298 308
1 9 2
236 375
1 9 2
304 77
1 7 2
29 114
1 12 2
333 149
1 9 2
15 301
1 8 2
483 205
1 5 2
42 52
1 4 2
170 272
1 11 2
370 434
1 3 2
5 257
1 8 2
468 145
1 4 2
78 277
1 11 2
448 74
1 10 2
313 298
1 2 2
57 58
1 14 2
399 375
1 5 2
54 335
1 7 2
73 349
1 15 2
136 68
1 14 2
211 470
1 12 2
416 44
1 13 2
17 208
1 3 2
16 226
1 5 2
250 48
1 5 2
414 195
1 4 2
11 424
1 3 2
240 458
1 12 2
441 54
1 11 2
274 387
1 7 2
137 259
1 8 2
188 9
1 8 2
258 188
1 5 2
419 158
1 3 2
315 383
1 6 2
333 29
1 7 2
381 136
1 7 2
37 433
1 8 2
128 241
1 9 2
270 131
1 8 2
431 316
1 3 2
316 25
1 6 2
234 279
1 15 2
407 263
1 4 2
86 63
1 5 2
171 125
1 12 2
122 159
1 10 2
465 49
1 8 2
412 288
1 10 2
96 356
1 3 2
123 440
1 7 2
76 261
1 11 2
283 178
1 10 2
210 321
1 13 2
151 111
1 8 2
288 311
1 12 2
466 309
1 15 2
327 179
1 5 2
374 398
1 15 2
139 191
1 12 2
377 109
1 5 2
276 452
1 10 2
330 381
1 9 2
168 17
1 6 2
38 383
1 8 2
53 90
1 10 2
341 316
1 9 2
452 203
1 10 2
243 172
1 7 2
109 89
1 7 2
219 137
1 7 2
324 447
1 14 2
335 124
1 2 2
316 117
1 4 2
356 420
1 14 2
341 293
1 9 2
139 109
1 15 2
271 345
1 6 2
45 474
1 6 2
293 281
1 12 2
349 147
1 9 2
494 153
1 11 2
232 477
1 15 2
106 153
1 5 2
414 206
1 13 2
289 223
1 9 2
301 28
1 12 2
63 305
1 6 2
251 237
1 2 2
90 188
1 7 2
54 209
1 12 2
338 478
1 14 2
359 377
1 2 2
322 363
1 10 2
234 374
1 9 2
401 356
1 8 2
224 202
1 8 2
251 24
1 3 2
298 43
1 9 2
124 58
1 12 2
238 302
1 3 2
318 54
1 14 2
128 363
1 11 2
154 370
1 10 2
23 138
1 3 2
468 14
1 11 2
24 470
1 3 2
405 332
1 7 2
86 444
1 14 2
414 161
1 2 2
4 189
1 8 2
354 129
1 7 2
292 32
1 12 2
314 307
1 4 2
425 319
1 9 2
215 454
1 11 2
113 130
1 6 2
472 58
1 11 2
390 183
1 8 2
73 69
1 10 2
453 248
1 6 2
414 291
1 5 2
416 389
1 14 2
11 2
1 9 2
165 112
1 11 2
285 336
1 5 2
294 3
1 2 2
37 337
1 5 2
354 496
1 13 2
296 220
1 14 2
353 411
1 5 2
130 327
1 3 2
102 470
1 2 2
17 322
1 13 2
197 199
1 4 2
207 50
1 8 2
378 288
1 14 2
118 243
1 3 2
217 249
1 12 2
304 357
1 9 2
479 493
1 3 2
403 256
1 14 2
329 375
1 12 2
435 441
1 14 2
74 392
1 4 2
328 472
1 13 2
360 347
1 12 2
149 440
1 6 2
432 188
1 12 2
239 303
1 15 2
482 162
1 12 2
499 328
1 8 2
73 37
1 6 2
363 247
1 3 2
170 320
1 7 2
59 21
1 7 2
97 422
1 7 2
395 496
1 3 2
9 347
1 5 2
164 413
1 12 2
208 201
1 14 2
347 317
1 4 2
62 288
1 8 2
290 445
1 12 2
299 223
1 6 2
26 229
1 3 2
190 189
1 12 2
163 103
1 7 2
182 450
1 8 2
64 107
1 9 2
68 226
1 4 2
422 22
1 6 2
178 478
1 4 2
453 480
1 13 2
455 77
1 10 2
29 349
1 6 2
373 194
1 15 2
63 449
1 4 2
224 174
1 15 2
300 334
1 9 2
162 369
1 9 2
414 129
1 2 2
122 160
1 4 2
33 125
1 2 2
47 183
1 6 2
322 17
1 3 2
365 47
1 2 2
250 219
1 6 2
370 58
1 2 2
350 318
1 8 2
340 267
1 6 2
362 216
1 14 2
155 368
1 2 2
84 238
1 2 2
238 298
1 2 2
106 362
1 2 2
44 160
1 13 2
243 16
1 14 2
212 404
1 6 2
75 384
1 4 2
413 262
1 13 2
482 282
1 7 2
299 405
1 9 2
293 341
1 12 2
65 92
1 5 2
218 234
1 12 2
349 118
1 7 2
154 124
1 15 2
371 204
1 8 2
63 32
1 13 2
9 136
1 2 2
429 55
1 13 2
316 415
1 9 2
264 103
1 2 2
69 351
1 14 2
335 341
1 11 2
297 7
1 3 2
386 439
1 7 2
21 227
1 5 2
37 357
1 7 2
408 472
1 15 2
118 342
1 14 2
239 316
1 6 2
324 312
1 13 2
498 193
1 12 2
252 307
1 6 2
153 2
1 12 2
89 359
1 3 2
366 439
1 6 2
201 262
1 15 2
221 417
1 10 2
3 215
1 11 2
320 141
1 14 2
205 245
1 8 2
399 494
1 7 2
326 7
1 7 2
498 372
1 15 2
332 476
1 8 2
402 96
1 7 2
482 183
1 7 2
328 399
1 2 2
128 353
1 7 2
485 492
1 13 2
205 68
1 4 2
369 280
1 14 2
472 85
1 10 2
492 66
1 6 2
55 356
1 10 2
85 196
1 11 2
357 58
1 7 2
432 130
1 6 2
143 117
1 13 2
49 219
1 4 2
135 140
1 11 2
211 302
1 9 2
93 130
1 14 2
122 188
1 11 2
363 424
1 14 2
11 335
1 8 2
469 398
1 7 2
109 368
1 4 2
456 213
1 14 2
79 439
1 11 2
75 178
1 8 2
451 448
1 9 2
179 307
1 15 2
7 358
1 4 2
98 249
1 11 2
102 484
1 11 2
234 363
1 9 2
200 255
1 2 2
349 344
1 11 2
370 352
1 7 2
291 122
1 3 2
154 224
1 6 2
482 391
1 13 2
153 207
1 13 2
255 194
1 8 2
216 496
1 11 2
168 241
1 2 2
36 415
1 3 2
81 196
1 7 2
183 175
1 9 2
398 104
1 11 2
496 21
1 14 2
57 449
1 3 2
37 52
1 10 2
468 232
1 2 2
153 263
1 15 2
80 180
1 2 2
301 228
1 7 2
16 456
1 4 2
129 306
1 9 2
175 306
1 9 2
486 191
1 5 2
180 10
1 5 2
478 6
1 6 2
258 365
1 10 2
137 496
1 9 2
383 460
1 2 2
379 376
1 3 2
261 195
1 15 2
132 157
1 8 2
92 199
1 15 2
489 6
1 15 2
114 472
1 6 2
452 81
1 9 2
340 119
1 15 2
346 217
1 10 2
68 305
1 15 2
96 230
1 12 2
270 294
1 3 2
197 403
1 6 2
327 434
1 6 2
11 476
1 13 2
106 318
1 14 2
238 103
1 8 2
138 13
1 12 2
475 206
1 8 2
438 377
1 13 2
165 193
1 4 2
197 73
1 2 2
499 63
1 8 2
281 299
1 12 2
209 160
1 13 2
441 28
1 15 2
216 299
1 12 2
405 165
1 13 2
150 163
1 2 2
313 494
1 13 2
364 460
1 6 2
49 62
1 14 2
235 84
1 12 2
218 222
1 13 2
304 392
1 6 2
32 450
1 11 2
223 96
1 12 2
383 308
1 8 2
479 165
1 13 2
122 413
1 8 2
412 81
1 8 2
384 307
1 9 2
227 383
1 3 2
248 97
1 3 2
129 153
1 15 2
233 103
1 4 2
327 46
1 15 2
440 184
1 4 2
307 220
1 3 2
228 166
1 10 2
279 143
1 7 2
168 99
1 14 2
136 4
1 9 2
257 223
1 6 2
368 11
1 10 2
44 389
1 4 2
321 124
1 2 2
361 346
1 6 2
20 212
1 6 2
495 308
1 10 2
316 469
1 3 2
286 219
1 9 2
46 147
1 14 2
156 76
1 13 2
58 179
1 3 2
111 6
1 3 2
188 322
1 13 2
429 328
1 9 2
366 322
1 2 2
61 12
1 4 2
330 352
1 14 2
362 29
1 12 2
496 314
1 7 2
47 137
1 9 2
240 462
1 6 2
52 3
1 15 2
215 18
1 12 2
197 456
1 8 2
344 88
1 8 2
127 220
1 10 2
182 263
1 2 2
366 343
1 8 2
184 86
1 13 2
27 427
1 7 2
394 128
1 7 2
46 81
1 6 2
88 3
1 2 2
280 350
1 12 2
499 464
1 5 2
442 383
1 13 2
15 336
1 10 2
261 10
1 8 2
401 322
1 15 2
99 464
1 14 2
311 52
1 7 2
247 36
1 10 2
156 45
1 3 2
282 210
1 2 2
121 276
1 15 2
164 352
1 4 2
422 257
1 12 2
372 381
1 3 2
342 61
1 13 2
346 474
1 11 2
476 42
1 14 2
251 147
1 2 2
177 181
1 10 2
384 374
1 7 2
290 383
1 11 2
376 338
1 13 2
416 452
1 14 2
178 486
1 6 2
110 96
1 6 2
376 423
1 7 2
272 266
1 14 2
27 385
1 3 2
200 137
1 15 2
392 76
1 7 2
59 270
1 13 2
347 446
1 7 2
450 357
1 10 2
37 24
1 11 2
8 190
1 5 2
315 136
1 12 2
210 133
1 13 2
489 43
1 9 2
445 219
1 9 2
397 23
1 15 2
465 219
1 4 2
427 332
1 6 2
114 144
1 4 2
124 225
1 15 2
239 63
1 11 2
458 46
1 10 2
337 365
1 9 2
406 155
1 14 2
161 453
1 11 2
321 294
1 3 2
265 25
1 6 2
301 376
1 4 2
295 411
1 14 2
428 341
1 14 2
82 110
1 15 2
348 474
1 10 2
363 5
1 3 2
404 274
1 9 2
498 297
1 2 2
117 399
1 10 2
192 202
1 15 2
371 205
1 4 2
275 193
1 3 2
213 429
1 14 2
418 7
1 9 2
153 391
1 6 2
399 427
1 12 2
453 265
1 6 2
100 9
1 6 2
361 4
1 4 2
462 397
1 2 2
418 173
1 7 2
371 193
1 15 2
303 177
1 8 2
484 31
1 12 2
171 53
1 15 2
169 342
1 13 2
383 381
1 10 2
70 334
1 7 2
381 103
1 3 2
100 212
1 11 2
67 429
1 14 2
142 265
1 9 2
143 424
1 3 2
416 440
1 10 2
109 148
1 8 2
260 316
1 2 2
344 268
1 15 2
393 175
1 7 2
94 309
1 2 2
285 94
1 2 2
395 478
1 5 2
164 225
1 4 2
312 450
1 6 2
133 227
1 5 2
10 290
1 8 2
348 19
1 8 2
208 157
1 9 2
85 58
1 11 2
294 138
1 2 2
274 138
1 4 2
181 107
1 11 2
113 482
1 3 2
100 296
1 4 2
243 344
1 4 2
52 372
1 3 2
215 162
1 6 2
430 284
1 2 2
419 458
1 15 2
430 385
1 3 2
496 165
1 12 2
97 41
1 10 2
450 313
1 13 2
38 44
1 13 2
128 52
1 4 2
110 117
1 3 2
476 235
1 8 2
99 437
1 6 2
57 252
1 14 2
137 385
1 5 2
449 395
1 4 2
461 54
1 9 2
282 489
1 8 2
430 141
1 9 2
255 380
1 6 2
472 62
1 9 2
320 305
1 12 2
211 178
1 6 2
111 26
1 7 2
13 319
1 9 2
100 122
1 2 2
303 181
1 15 2
352 254
1 11 2
271 68
1 10 2
186 358
1 6 2
7 241
1 6 2
346 175
1 10 2
454 423
1 7 2
462 6
1 13 2
75 193
1 15 2
2 249
1 9 2
202 217
1 14 2
39 144
1 4 2
191 465
1 9 2
64 450
1 6 2
210 445
1 13 2
461 30
1 10 2
221 190
1 9 2
102 192
1 13 2
392 404
1 8 2
416 36
1 9 2
462 355
1 13 2
335 381
1 2 2
119 45
1 12 2
272 18
1 8 2
336 277
1 9 2
267 470
1 13 2
60 164
1 13 2
479 120
1 6 2
374 364
1 4 2
158 164
1 6 2
184 489
1 5 2
289 281
1 13 2
493 141
1 15 2
379 284
1 9 2
25 134
1 12 2
387 169
1 12 2
85 345
1 7 2
458 92
1 2 2
13 478
1 9 2
198 443
1 9 2
419 54
1 15 2
446 216
1 13 2
197 67
1 8 2
89 155
1 7 2
369 421
1 3 2
437 235
1 7 2
200 402
1 7 2
429 260
1 11 2
288 269
1 5 2
264 67
1 4 2
116 383
1 11 2
432 233
1 4 2
280 340
1 13 2
318 410
1 10 2
269 78
1 2 2
410 323
1 6 2
205 236
1 6 2
114 155
1 7 2
182 185
1 7 2
359 43
1 5 2
250 85
1 11 2
450 117
1 2 2
409 280
1 4 2
217 30
1 2 2
273 102
1 4 2
310 180
1 15 2
252 259
1 14 2
183 114
1 4 2
440 22
1 11 2
483 242
1 15 2
85 13
1 5 2
383 2
1 14 2
94 249
1 14 2
465 226
1 5 2
195 224
1 13 2
391 336
1 3 2
283 209
1 13 2
240 17
1 14 2
357 393
1 11 2
350 462
1 6 2
25 400
1 5 2
127 294
1 9 2
371 381
1 2 2
309 54
1 13 2
56 152
1 12 2
439 404
1 8 2
218 91
1 7 2
250 379
1 4 2
307 197
1 4 2
350 286
1 7 2
204 256
1 15 2
292 401
1 2 2
460 466
1 2 2
184 436
1 13 2
429 272
1 4 2
117 312
1 8 2
279 290
1 8 2
113 32
1 2 2
391 214
1 11 2
24 420
1 12 2
473 153
1 14 2
283 52
1 4 2
453 255
1 5 2
436 429
1 7 2
383 55
1 13 2
415 343
1 11 2
10 360
1 7 2
433 481
1 4 2
79 141
1 8 2
170 51
1 8 2
22 322
1 14 2
445 225
1 6 2
49 30
1 2 2
476 426
1 5 2
79 338
1 13 2
342 481
1 7 2
284 187
1 6 2
324 88
1 14 2
274 126
1 6 2
326 21
1 7 2
454 228
1 6 2
78 411
1 7 2
298 34
1 3 2
306 271
1 3 2
485 341
1 9 2
272 284
1 2 2
58 307
1 5 2
358 441
1 2 2
66 443
1 14 2
165 236
1 14 2
60 459
1 7 2
208 328
1 6 2
359 347
1 4 2
33 248
1 4 2
463 98
1 11 2
128 401
1 13 2
338 62
1 3 2
430 452
1 3 2
71 265
1 2 2
155 42
1 8 2
125 311
1 4 2
45 86
1 14 2
101 207
1 3 2
246 189
1 11 2
402 21
1 9 2
269 234
1 7 2
239 125
1 12 2
413 207
1 14 2
467 75
1 14 2
216 341
1 9 2
214 109
1 3 2
315 258
1 11 2
167 407
1 13 2
52 99
1 11 2
113 292
1 12 2
23 289
1 9 2
485 405
1 12 2
217 346
1 8 2
163 439
1 15 2
14 453
1 8 2
297 27
1 7 2
34 47
1 2 2
166 119
1 9 2
493 346
1 2 2
336 212
1 6 2
272 180
1 12 2
165 358
1 4 2
451 418
1 10 2
431 403
1 6 2
186 78
1 9 2
376 250
1 13 2
195 196
1 15 2
434 173
1 15 2
219 136
1 8 2
220 490
1 8 2
405 316
1 14 2
336 327
1 15 2
25 247
1 13 2
125 219
1 13 2
457 126
1 2 2
184 163
1 10 2
370 319
1 6 2
93 27
1 8 2
251 271
1 15 2
395 291
1 9 2
27 98
1 10 2
26 211
1 13 2
171 477
1 11 2
313 362
1 11 2
91 177
1 7 2
268 163
1 15 2
25 81
1 10 2
106 285
1 3 2
3 128
1 3 2
466 419
1 5 2
274 343
1 10 2
307 297
1 5 2
117 204
1 9 2
217 223
1 13 2
339 223
1 4 2
7 123
1 4 2
308 15
1 6 2
331 42
1 3 2
215 11
1 15 2
39 327
1 5 2
46 337
1 5 2
105 26
1 5 2
267 459
1 8 2
203 414
1 6 2
120 361
1 9 2
179 77
1 14 2
209 173
1 3 2
467 329
1 5 2
2 258
1 9 2
241 4
1 12 2
480 449
1 3 2
215 458
1 9 2
84 17
1 9 2
397 350
1 15 2
478 65
1 12 2
383 227
1 6 2
138 279
1 13 2
372 27
1 11 2
9 31
1 6 2
278 20
1 2 2
428 21
1 10 2
260 461
1 12 2
297 179
1 4 2
452 405
1 15 2
67 247
1 4 2
250 401
1 7 2
216 266
1 12 2
49 242
1 6 2
113 277
1 12 2
228 286
1 4 2
447 13
1 5 2
175 312
1 4 2
483 391
1 4 2
195 340
1 8 2
248 135
1 11 2
127 82
1 8 2
127 414
1 9 2
95 463
1 7 2
437 462
1 10 2
471 475
1 7 2
396 84
1 6 2
207 69
1 14 2
285 136
1 3 2
466 98
1 4 2
109 376
1 7 2
4 108
1 4 2
462 314
1 14 2
27 315
1 4 2
163 61
1 13 2
336 491
1 4 2
74 56
1 13 2
244 240
1 11 2
219 134
1 10 2
105 114
1 11 2
93 433
1 4 2
331 200
1 4 2
222 174
1 9 2
43 260
1 2 2
122 17
1 13 2
88 25
1 4 2
460 362
1 7 2
248 433
1 14 2
438 456
1 10 2
174 443
1 8 2
132 283
1 12 2
106 150
1 12 2
160 83
1 14 2
332 222
1 15 2
202 332
1 15 2
79 487
1 14 2
419 73
1 3 2
326 66
1 6 2
415 431
1 3 2
398 269
1 13 2
479 169
1 11 2
440 337
1 13 2
355 145
1 12 2
15 36
1 6 2
475 426
1 8 2
169 14
1 10 2
203 240
1 10 2
217 317
1 7 2
326 470
1 11 2
301 37
1 12 2
448 425
1 8 2
471 59
1 9 2
202 181
1 2 2
252 476
1 2 2
373 18
1 3 2
326 104
1 12 2
213 475
1 3 2
352 79
1 4 2
183 293
1 13 2
419 314
1 15 2
196 253
1 13 2
490 373
1 3 2
135 352
1 3 2
337 444
1 11 2
85 469
1 10 2
43 150
1 3 2
485 182
1 15 2
453 441
1 8 2
376 398
1 13 2
289 227
1 13 2
430 138
1 11 2
17 21
1 5 2
107 169
1 3 2
351 144
1 9 2
132 400
1 9 2
186 315
1 6 2
455 344
1 6 2
9 447
1 15 2
85 377
1 15 2
209 13
1 6 2
202 44
1 6 2
289 18
1 7 2
46 244
1 13 2
115 405
1 13 2
492 151
1 7 2
419 245
1 13 2
204 270
1 8 2
189 456
1 13 2
284 338
1 6 2
9 317
1 9 2
318 399
1 14 2
489 352
1 7 2
5 401
1 11 2
434 303
1 11 2
288 399
1 14 2
260 493
1 8 2
26 183
1 13 2
181 62
1 11 2
461 343
1 11 2
200 336
1 2 2
345 493
1 6 2
214 32
1 13 2
74 299
1 2 2
83 441
1 14 2
302 142
1 12 2
95 97
1 7 2
323 104
1 8 2
436 52
1 3 2
197 30
1 8 2
93 303
1 10 2
322 386
1 5 2
58 274
1 9 2
149 130
1 4 2
67 370
1 12 2
459 135
1 3 2
95 346
1 12 2
436 67
1 8 2
196 460
1 4 2
219 110
1 2 2
309 199
1 14 2
379 197
1 15 2
344 301
1 7 2
149 431
1 5 2
317 28
1 12 2
446 195
1 6 2
417 338
1 11 2
53 247
1 9 2
106 332
1 14 2
431 460
1 13 2
9 253
1 6 2
234 39
1 15 2
349 213
1 2 2
338 143
1 9 2
182 9
1 12 2
2 209
1 15 2
266 492
1 7 2
395 497
1 6 2
29 82
1 2 2
345 466
1 7 2
309 482
1 5 2
310 379
1 2 2
346 297
1 13 2
98 212
1 7 2
50 133
1 5 2
157 304
1 9 2
395 173
1 10 2
492 257
1 9 2
107 256
1 7 2
398 402
1 13 2
499 474
1 14 2
173 259
1 13 2
355 413
1 10 2
470 139
1 14 2
214 355
1 4 2
182 439
1 5 2
106 162
1 4 2
336 81
1 13 2
379 338
1 11 2
140 225
1 3 2
288 357
1 12 2
308 426
1 15 2
468 79
1 6 2
367 316
1 13 2
182 411
1 5 2
429 182
1 10 2
329 112
1 15 2
442 314
1 4 2
207 256
1 10 2
351 161
1 4 2
256 168
1 5 2
132 115
1 11 2
61 404
1 9 2
6 482
1 4 2
456 457
1 7 2
185 172
1 9 2
304 470
1 12 2
315 401
1 2 2
104 127
1 7 2
318 490
1 14 2
387 333
1 6 2
451 200
1 3 2
279 35
1 7 2
389 270
1 13 2
416 28
1 9 2
348 243
1 3 2
280 330
1 2 2
328 488
1 7 2
176 155
1 2 2
478 406
1 6 2
116 460
1 6 2
246 394
1 2 2
8 33
1 10 2
346 341
1 3 2
130 87
1 14 2
423 334
1 2 2
157 472
1 6 2
449 485
1 15 2
414 230
1 14 2
368 4
1 14 2
158 6
1 2 2
371 108
1 6 2
279 40
1 9 2
82 226
1 13 2
25 299
1 15 2
247 412
1 5 2
233 253
1 15 2
35 222
1 3 2
316 488
1 15 2
329 44
1 9 2
493 150
1 3 2
211 407
1 10 2
102 413
1 9 2
304 6
1 11 2
166 273
1 5 2
381 405
1 3 2
428 459
1 4 2
263 112
1 7 2
286 137
1 6 2
417 205
1 3 2
466 111
1 3 2
335 226
1 11 2
11 224
1 13 2
98 289
1 13 2
417 304
1 11 2
460 83
1 6 2
355 19
1 3 2
416 92
1 2 2
30 244
1 14 2
455 32
1 4 2
422 410
1 7 2
220 319
1 6 2
359 470
1 13 2
459 458
1 11 2
411 263
1 13 2
311 294
1 15 2
67 207
1 5 2
265 6
1 13 2
412 440
1 13 2
403 363
1 15 2
302 203
1 8 2
210 10
1 7 2
427 228
1 2 2
341 91
1 8 2
228 377
1 13 2
3 24
1 13 2
96 426
1 10 2
372 447
1 8 2
185 358
1 9 2
394 458
1 3 2
407 46
1 10 2
267 367
1 11 2
488 320
1 11 2
291 125
1 15 2
58 346
1 3 2
93 424
1 8 2
273 348
1 9 2
3 130
1 2 2
138 58
1 9 2
362 300
1 13 2
494 88
1 6 2
170 496
1 6 2
2 42
1 9 2
449 168
1 11 2
202 229
1 6 2
131 462
1 13 2
459 79
1 4 2
472 431
1 6 2
480 390
1 5 2
493 186
1 5 2
239 297
1 14 2
212 164
1 12 2
193 404
1 10 2
188 401
1 12 2
241 90
1 9 2
61 150
1 9 2
371 453
1 9 2
385 289
1 8 2
5 389
1 12 2
352 18
1 4 2
146 115
1 10 2
156 369
1 7 2
429 460
1 15 2
92 72
1 13 2
97 176
1 6 2
305 137
1 8 2
354 481
1 8 2
309 472
1 12 2
144 43
1 15 2
172 469
1 7 2
113 366
1 14 2
201 20
1 6 2
291 358
1 15 2
220 260
1 15 2
304 175
1 2 2
367 474
1 4 2
37 310
1 6 2
393 303
1 2 2
339 97
1 5 2
418 166
1 6 2
75 180
1 7 2
233 21
1 5 2
187 164
1 11 2
81 356
1 9 2
325 231
1 11 2
401 111
1 4 2
391 319
1 3 2
281 469
1 8 2
372 380
1 15 2
304 466
1 13 2
327 245
1 12 2
346 450
1 7 2
431 170
1 2 2
324 77
1 13 2
180 278
1 15 2
391 387
1 9 2
209 103
1 14 2
338 390
1 8 2
487 57
1 4 2
232 124
1 11 2
305 441
1 15 2
67 347
1 7 2
131 80
1 12 2
2 200
1 15 2
30 462
1 2 2
171 320
1 3 2
139 169
1 11 2
469 81
1 11 2
53 448
1 12 2
207 316
1 10 2
235 135
1 10 2
406 24
1 2 2
229 182
1 14 2
180 215
1 13 2
125 51
1 8 2
291 183
1 4 2
276 152
1 11 2
334 131
1 12 2
405 98
1 9 2
348 90
1 6 2
137 175
1 13 2
315 376
1 13 2
476 460
1 8 2
16 454
1 14 2
74 469
1 3 2
317 154
1 4 2
145 318
1 14 2
271 1
1 13 2
163 129
1 3 2
356 317
1 11 2
321 46
1 2 2
202 61
1 8 2
491 453
1 4 2
138 196
1 6 2
11 262
1 2 2
326 114
1 7 2
344 445
1 6 2
454 232
1 10 2
169 468
1 14 2
147 37
1 13 2
214 340
1 4 2
251 356
1 15 2
228 416
1 13 2
323 169
1 10 2
196 459
1 15 2
176 179
1 12 2
292 54
1 12 2
432 394
1 3 2
488 441
1 13 2
271 97
1 12 2
488 388
1 8 2
13 270
1 12 2
63 44
1 10 2
268 347
1 2 2
483 349
1 15 2
40 354
1 9 2
330 231
1 4 2
485 61
1 4 2
6 34
1 9 2
328 451
1 12 2
487 37
1 6 2
42 91
1 3 2
176 56
1 5 2
204 412
1 5 2
365 483
1 6 2
376 4
1 5 2
30 485
1 12 2
127 229
1 12 2
98 478
1 11 2
497 352
1 5 2
92 475
1 9 2
449 24
1 8 2
395 405
1 4 2
414 275
1 9 2
178 205
1 10 2
165 393
1 8 2
375 325
1 2 2
257 468
1 5 2
209 86
1 5 2
486 108
1 2 2
320 375
1 3 2
422 108
1 15 2
343 112
1 3 2
300 306
1 3 2
116 131
1 13 2
148 126
1 5 2
246 43
1 4 2
396 160
1 6 2
494 142
1 8 2
265 453
1 9 2
322 493
1 10 2
109 329
1 15 2
86 480
1 4 2
431 296
1 15 2
54 176
1 14 2
286 92
1 6 2
322 214
1 14 2
376 284
1 14 2
124 442
1 3 2
296 214
1 14 2
53 451
1 3 2
354 355
1 2 2
484 112
1 8 2
116 453
1 10 2
357 228
1 7 2
258 305
1 12 2
82 397
1 10 2
269 464
1 11 2
417 101
1 2 2
59 256
1 6 2
188 469
1 12 2
409 79
1 15 2
126 489
1 6 2
372 253
1 10 2
489 260
1 15 2
215 366
1 12 2
188 119
1 7 2
165 226
1 2 2
417 153
1 12 2
72 172
1 14 2
368 374
1 13 2
180 399
1 7 2
295 352
1 3 2
493 24
1 15 2
123 463
1 10 2
132 210
1 14 2
12 372
1 14 2
12 431
1 2 2
421 349
1 12 2
113 92
1 11 2
446 452
1 13 2
43 311
1 5 2
353 291
1 8 2
185 432
1 6 2
472 475
1 9 2
3 281
1 13 2
331 355
1 15 2
359 271
1 10 2
197 272
1 3 2
334 403
1 6 2
39 493
1 7 2
129 471
1 15 2
236 242
1 7 2
245 363
1 8 2
44 82
1 10 2
53 70
1 15 2
23 192
1 14 2
61 153
1 3 2
208 362
1 5 2
255 226
1 5 2
8 153
1 14 2
118 210
1 7 2
199 195
1 4 2
368 321
1 5 2
17 443
1 13 2
367 188
1 7 2
383 48
1 8 2
96 302
1 15 2
101 151
1 5 2
150 234
1 6 2
43 486
1 7 2
49 157
1 15 2
23 162
1 13 2
124 165
1 5 2
310 178
1 6 2
36 392
1 6 2
171 41
1 6 2
201 61
1 15 2
93 8
1 4 2
272 449
1 13 2
359 318
1 6 2
26 127
1 5 2
437 429
1 11 2
479 183
1 5 2
171 276
1 5 2
80 427
1 6 2
380 121
1 12 2
177 385
1 10 2
382 256
1 14 2
390 337
1 8 2
245 118
1 15 2
328 240
1 9 2
418 393
1 15 2
359 97
1 10 2
136 425
1 9 2
300 88
1 12 2
60 339
1 6 2
189 130
1 11 2
351 242
1 12 2
170 457
1 15 2
382 248
1 7 2
38 286
1 14 2
395 483
1 7 2
182 420
1 15 2
110 405
1 13 2
164 281
1 2 2
173 450
1 13 2
481 52
1 15 2
191 90
1 7 2
92 81
1 13 2
81 169
1 6 2
249 230
1 15 2
455 21
1 2 2
354 298
1 10 2
148 362
1 12 2
427 249
1 15 2
405 344
1 4 2
118 328
1 6 2
397 359
1 8 2
133 117
1 5 2
51 476
1 5 2
15 390
1 8 2
441 369
1 8 2
423 378
1 9 2
313 67
1 6 2
331 10
1 8 2
32 300
1 10 2
253 66
1 9 2
355 495
1 7 2
285 57
1 7 2
335 406
1 15 2
28 21
1 9 2
4 63
1 3 2
106 420
1 10 2
37 403
1 8 2
259 343
1 8 2
34 218
1 12 2
386 30
1 2 2
478 8
1 13 2
64 458
1 5 2
106 307
1 13 2
378 365
1 8 2
105 281
1 5 2
275 443
1 9 2
395 121
1 3 2
389 370
1 3 2
362 240
1 10 2
13 286
1 13 2
177 172
1 11 2
432 299
1 15 2
280 327
1 4 2
347 361
1 11 2
32 211
1 6 2
80 169
1 9 2
277 492
1 15 2
395 172
1 7 2
44 416
1 10 2
332 124
1 6 2
303 360
1 5 2
136 407
1 6 2
440 467
1 12 2
298 12
1 6 2
272 453
1 15 2
157 121
1 14 2
24 349
1 4 2
57 246
1 6 2
483 113
1 14 2
403 343
1 13 2
392 442
1 9 2
299 426
1 3 2
20 73
1 10 2
346 47
1 6 2
475 381
1 4 2
123 67
1 7 2
153 193
1 10 2
342 102
1 7 2
55 112
1 9 2
101 329
1 10 2
146 288
1 13 2
298 176
1 10 2
217 41
1 5 2
78 378
1 10 2
396 279
1 4 2
451 426
1 14 2
186 491
1 13 2
185 256
1 6 2
87 473
1 12 2
277 262
1 4 2
338 435
1 12 2
282 468
1 2 2
192 417
1 9 2
291 35
1 9 2
92 287
1 2 2
404 196
1 4 2
368 3
1 7 2
315 316
1 6 2
3 161
1 3 2
368 449
1 11 2
440 396
1 7 2
206 496
1 9 2
198 135
1 2 2
136 192
1 9 2
179 85
1 12 2
283 138
1 12 2
231 416
1 9 2
305 209
1 3 2
112 31
1 15 2
170 41
1 15 2
435 409
1 14 2
317 324
1 14 2
299 45
1 7 2
324 171
1 5 2
303 182
1 12 2
278 353
1 10 2
433 490
1 3 2
115 134
1 12 2
350 290
1 10 2
43 58
1 11 2
47 352
1 15 2
361 459
1 13 2
324 40
1 15 2
281 278
1 14 2
16 458
1 3 2
148 460
1 9 2
471 450
1 9 2
127 78
1 10 2
53 222
1 13 2
305 313
1 10 2
153 295
1 9 2
31 106
1 12 2
460 160
1 6 2
425 494
1 7 2
149 33
1 15 2
417 139
1 7 2
294 91
1 13 2
199 482
1 10 2
313 4
1 7 2
495 116
1 4 2
142 36
1 8 2
380 498
1 13 2
415 148
1 8 2
135 390
1 11 2
483 252
1 14 2
124 345
1 3 2
197 327
1 6 2
412 185
1 14 2
121 108
1 6 2
463 443
1 2 2
271 227
1 4 2
380 181
1 8 2
120 198
1 13 2
12 263
1 15 2
100 58
1 2 2
379 344
1 10 2
285 12
1 12 2
375 439
1 15 2
346 383
1 14 2
10 216
1 8 2
421 171
1 14 2
92 476
1 4 2
37 84
1 4 2
143 210
1 7 2
280 128
1 10 2
494 448
1 3 2
22 442
1 4 2
350 249
1 7 2
234 266
1 9 2
34 392
1 7 2
159 109
1 5 2
59 164
1 14 2
171 336
1 2 2
95 6
1 9 2
254 195
1 6 2
208 393
1 9 2
378 76
1 10 2
232 318
1 4 2
84 177
1 10 2
212 273
1 9 2
50 105
1 3 2
318 358
1 14 2
419 16
1 6 2
404 165
1 10 2
232 70
1 6 2
38 258
1 2 2
310 402
1 7 2
32 328
1 13 2
398 351
1 9 2
37 422
1 8 2
142 134
1 3 2
291 480
1 9 2
225 265
1 12 2
392 373
1 5 2
462 443
1 9 2
407 27
1 3 2
103 11
1 8 2
497 6
1 4 2
497 336
1 13 2
289 59
1 11 2
403 7
1 5 2
331 167
1 8 2
67 334
1 14 2
220 12
1 7 2
93 224
1 2 2
28 468
1 12 2
158 372
1 13 2
270 309
1 11 2
60 86
1 7 2
173 326
1 14 2
194 170
1 14 2
77 348
1 9 2
96 496
1 5 2
396 371
1 11 2
475 37
1 11 2
114 119
1 2 2
418 124
1 4 2
250 346
1 3 2
477 288
1 7 2
297 45
1 13 2
352 178
1 11 2
235 373
1 15 2
320 115
1 9 2
235 120
1 11 2
465 233
1 15 2
113 216
1 12 2
388 328
1 3 2
339 294
1 5 2
158 47
1 8 2
236 286
1 12 2
244 70
1 8 2
462 8
1 9 2
466 416
1 2 2
370 475
1 2 2
487 498
1 10 2
194 268
1 2 2
475 472
1 10 2
190 427
1 14 2
436 7
1 2 2
12 482
1 10 2
407 442
1 6 2
79 263
1 2 2
495 361
1 6 2
403 28
1 14 2
366 260
1 5 2
304 229
1 2 2
315 468
1 9 2
245 259
1 3 2
386 0
1 7 2
104 411
1 2 2
332 368
1 14 2
35 140
1 7 2
377 458
1 14 2
58 378
1 6 2
373 199
1 13 2
455 295
1 10 2
225 39
1 7 2
302 462
1 7 2
328 36
1 7 2
314 486
1 9 2
186 390
1 2 2
377 460
1 2 2
124 276
1 10 2
475 94
1 14 2
333 428
1 9 2
408 262
1 8 2
251 244
1 5 2
213 232
1 5 2
461 35
1 12 2
129 387
1 8 2
177 1
1 5 2
200 298
1 13 2
309 316
1 8 2
269 399
1 15 2
93 83
1 3 2
146 12
1 5 2
247 210
1 10 2
363 27
1 11 2
82 270
1 3 2
271 246
1 3 2
214 69
1 9 2
350 189
1 9 2
428 312
1 13 2
299 472
1 8 2
297 287
1 2 2
163 33
1 12 2
492 32
1 10 2
472 222
1 12 2
323 246
1 3 2
136 402
1 11 2
86 199
1 3 2
320 442
1 4 2
188 438
1 5 2
418 460
1 15 2
380 162
1 11 2
17 224
1 4 2
356 154
1 7 2
390 353
1 9 2
321 411
1 10 2
106 191
1 10 2
440 35
1 3 2
420 414
1 6 2
226 400
1 8 2
263 495
1 9 2
269 354
1 9 2
367 219
1 5 2
117 178
1 2 2
175 37
1 11 2
60 337
1 4 2
333 52
1 7 2
127 424
1 2 2
430 33
1 14 2
419 301
1 10 2
372 291
1 8 2
173 420
1 15 2
425 303
1 10 2
20 44
1 5 2
45 143
1 5 2
212 185
1 15 2
168 275
1 9 2
134 56
1 14 2
497 399
1 11 2
476 276
1 15 2
269 21
1 11 2
198 54
1 13 2
443 392
1 3 2
442 224
1 8 2
402 91
1 15 2
182 99
1 13 2
460 24
1 6 2
321 433
1 13 2
32 246
1 4 2
399 161
1 6 2
325 154
1 5 2
365 170
1 14 2
266 458
1 14 2
32 181
1 4 2
114 463
1 12 2
164 48
1 14 2
343 132
1 10 2
145 475
1 14 2
316 437
1 2 2
138 40
1 14 2
1 147
1 8 2
105 116
1 10 2
494 271
1 12 2
147 302
1 2 2
380 436
1 2 2
116 206
1 11 2
282 314
1 14 2
474 61
1 10 2
148 408
1 2 2
170 269
1 7 2
235 296
1 4 2
260 74
1 3 2
459 479
1 10 2
137 233
1 9 2
252 398
1 5 2
280 256
1 13 2
457 212
1 11 2
315 435
1 4 2
169 464
1 3 2
264 396
1 11 2
333 378
1 4 2
293 98
1 13 2
369 76
1 11 2
53 153
1 4 2
359 457
1 10 2
417 134
1 7 2
59 385
1 11 2
79 75
1 12 2
41 215
1 4 2
358 136
1 7 2
183 216
1 5 2
177 113
1 12 2
372 441
1 9 2
40 489
1 5 2
385 499
1 6 2
313 314
1 8 2
433 431
1 13 2
19 341
1 9 2
463 155
1 4 2
444 482
1 8 2
9 32
1 8 2
488 109
1 15 2
238 203
1 13 2
315 446
1 6 2
92 226
1 8 2
298 246
1 6 2
286 346
1 2 2
130 318
1 7 2
45 467
1 14 2
346 323
1 6 2
268 57
1 2 2
239 4
1 4 2
48 207
1 10 2
34 27
1 8 2
68 43
1 11 2
403 338
1 5 2
334 35
1 5 2
372 379
1 9 2
458 464
1 2 2
264 282
1 14 2
427 48
1 2 2
144 333
1 15 2
91 383
1 7 2
423 385
1 9 2
141 134
1 15 2
293 38
1 11 2
144 35
1 12 2
118 279
1 9 2
102 156
1 7 2
499 148
1 4 2
421 145
1 7 2
277 86
1 8 2
455 482
1 6 2
395 419
1 15 2
192 12
1 6 2
61 219
1 10 2
60 494
1 2 2
325 450
1 11 2
310 277
1 15 2
264 148
1 14 2
151 201
1 4 2
365 396
1 8 2
356 2
1 12 2
311 325
1 6 2
436 121
1 4 2
306 197
1 2 2
254 370
1 2 2
74 20
1 13 2
473 61
1 3 2
297 160
1 14 2
362 371
1 15 2
364 370
1 10 2
183 301
1 3 2
5 272
1 15 2
41 235
1 13 2
34 160
1 10 2
48 267
1 8 2
100 102
1 2 2
66 478
1 11 2
238 398
1 12 2
268 489
1 7 2
199 346
1 3 2
370 281
1 10 2
166 262
1 11 2
433 178
1 2 2
33 129
1 11 2
369 407
1 6 2
130 395
1 3 2
493 488
1 5 2
133 486
1 5 2
441 464
1 5 2
121 89
1 6 2
291 499
1 13 2
279 183
1 11 2
94 138
1 8 2
328 147
1 4 2
337 109
1 12 2
52 269
1 7 2
339 1
1 2 2
33 494
1 12 2
333 76
1 3 2
373 348
1 7 2
373 120
1 15 2
176 340
1 3 2
467 227
1 12 2
358 228
1 14 2
469 152
1 7 2
429 450
1 8 2
305 211
1 14 2
308 256
1 3 2
420 57
1 2 2
103 79
1 12 2
142 34
1 9 2
64 315
1 2 2
63 85
1 14 2
243 127
1 7 2
403 491
1 4 2
423 157
1 4 2
41 17
1 7 2
364 135
1 14 2
17 382
1 6 2
39 19
1 8 2
35 181
1 12 2
469 74
1 6 2
183 404
1 12 2
223 248
1 8 2
115 283
1 8 2
396 193
1 9 2
57 321
1 4 2
414 294
1 14 2
260 171
1 6 2
137 248
1 13 2
471 226
1 4 2
61 19
1 7 2
219 5
1 11 2
448 479
1 13 2
326 55
1 15 2
498 392
1 7 2
173 430
1 9 2
218 276
1 10 2
59 494
1 7 2
208 302
1 15 2
255 165
1 3 2
181 109
1 6 2
478 287
1 15 2
249 285
1 12 2
186 449
1 2 2
29 455
1 8 2
493 405
1 9 2
310 27
1 5 2
453 443
1 5 2
5 331
1 5 2
393 39
1 6 2
431 304
1 8 2
234 294
1 15 2
433 293
1 9 2
181 491
1 15 2
27 387
1 2 2
423 202
1 15 2
494 409
1 6 2
243 142
1 2 2
40 6
1 9 2
237 122
1 10 2
229 429
1 11 2
433 85
1 11 2
468 188
1 13 2
12 328
1 5 2
350 238
1 3 2
493 458
1 11 2
172 73
1 12 2
439 450
1 2 2
322 85
1 7 2
123 13
1 9 2
289 116
1 2 2
311 399
1 7 2
6 130
1 3 2
477 125
1 2 2
385 46
1 5 2
109 458
1 10 2
355 296
1 2 2
351 280
1 4 2
382 442
1 14 2
33 306
1 2 2
358 17
1 10 2
62 12
1 2 2
376 174
1 13 2
330 111
1 3 2
124 362
1 5 2
115 406
1 15 2
272 162
1 2 2
229 443
1 15 2
385 319
1 14 2
113 140
1 12 2
158 228
1 2 2
456 259
1 12 2
399 180
1 6 2
307 272
1 6 2
316 458
1 6 2
469 157
1 13 2
286 5
1 11 2
347 193
1 5 2
209 255
1 3 2
287 80
1 3 2
210 236
1 4 2
417 161
1 11 2
260 417
1 8 2
49 412
1 9 2
25 390
1 4 2
476 118
1 10 2
137 446
1 2 2
246 396
1 10 2
86 70
1 14 2
328 483
1 4 2
220 349
1 14 2
456 383
1 12 2
56 19
1 9 2
297 126
1 7 2
289 448
1 14 2
187 66
1 15 2
145 105
1 5 2
122 34
1 5 2
270 301
1 4 2
76 78
1 4 2
178 170
1 8 2
185 122
1 10 2
371 87
1 13 2
484 391
1 8 2
414 187
1 7 2
481 118
1 8 2
443 289
1 12 2
329 193
1 7 2
444 109
1 10 2
484 255
1 15 2
37 33
1 4 2
63 21
1 5 2
426 337
1 10 2
68 28
1 15 2
408 65
1 8 2
268 320
1 5 2
117 488
1 4 2
279 223
1 7 2
77 310
1 13 2
250 412
1 3 2
407 344
1 4 2
405 318
1 5 2
65 112
1 3 2
294 266
1 9 2
189 271
1 10 2
295 254
1 13 2
163 102
1 7 2
463 433
1 8 2
404 491
1 12 2
185 458
1 2 2
56 321
1 12 2
426 301
1 15 2
78 39
1 11 2
384 412
1 10 2
284 259
1 9 2
454 370
1 11 2
397 337
1 7 2
88 400
1 14 2
302 43
1 8 2
113 397
1 14 2
400 36
1 10 2
147 32
1 2 2
113 201
1 8 2
416 150
1 12 2
267 116
1 14 2
418 430
1 14 2
117 364
1 7 2
279 31
1 3 2
322 145
1 12 2
51 113
1 2 2
75 479
1 10 2
116 355
1 7 2
343 282
1 4 2
387 437
1 3 2
240 206
1 2 2
326 327
1 13 2
195 153
1 11 2
417 85
1 5 2
368 422
1 5 2
316 271
1 7 2
8 115
1 8 2
32 494
1 10 2
251 74
1 11 2
462 12
1 12 2
171 93
1 9 2
461 273
1 8 2
291 97
1 13 2
435 75
1 3 2
243 106
1 13 2
276 250
1 2 2
220 287
1 6 2
341 222
1 15 2
356 365
1 5 2
210 422
1 15 2
174 412
1 12 2
223 156
1 12 2
498 207
1 10 2
54 83
1 13 2
305 345
1 14 2
456 458
1 6 2
467 254
1 2 2
264 211
1 12 2
380 479
1 10 2
43 173
1 4 2
203 94
1 13 2
390 111
1 13 2
6 371
1 4 2
107 6
1 6 2
412 364
1 5 2
175 52
1 4 2
227 387
1 8 2
384 68
1 11 2
397 441
1 2 2
16 498
1 14 2
125 85
1 11 2
387 13
1 9 2
341 378
1 10 2
446 210
1 2 2
311 444
1 10 2
94 467
1 4 2
359 17
1 14 2
489 171
1 8 2
475 11
1 4 2
327 321
1 6 2
476 424
1 4 2
120 364
1 15 2
0 333
1 2 2
295 133
1 7 2
425 126
1 8 2
202 274
1 9 2
164 184
1 4 2
374 453
1 7 2
194 497
1 3 2
448 495
1 10 2
165 91
1 4 2
333 469
1 15 2
342 89
1 10 2
247 158
1 8 2
345 328
1 9 2
7 173
1 11 2
106 154
1 3 2
448 169
1 13 2
306 480
1 12 2
442 362
1 14 2
244 62
1 13 2
488 232
1 5 2
36 391
1 6 2
35 43
1 2 2
159 269
1 3 2
479 84
1 14 2
283 342
1 5 2
295 22
1 7 2
292 267
1 3 2
285 445
1 10 2
105 153
1 4 2
448 188
1 2 2
164 353
1 10 2
342 69
1 8 2
197 225
1 12 2
303 174
1 6 2
417 0
1 15 2
361 217
1 7 2
440 34
1 13 2
159 328
1 4 2
14 366
1 15 2
164 0
1 11 2
464 201
1 3 2
3 14
1 8 2
489 293
1 9 2
311 404
1 13 2
336 371
1 15 2
242 463
1 2 2
158 276
1 2 2
468 163
1 13 2
168 343
1 10 2
190 139
1 12 2
311 283
1 10 2
471 192
1 5 2
268 361
1 3 2
356 227
1 2 2
400 274
1 14 2
193 374
1 4 2
358 349
1 12 2
51 221
1 4 2
36 89
1 7 2
367 185
1 2 2
209 410
1 4 2
93 45
1 14 2
386 32
1 3 2
473 146
1 15 2
263 367
1 6 2
489 277
1 4 2
99 179
1 3 2
330 317
1 4 2
20 227
1 15 2
385 374
1 10 2
449 335
1 13 2
68 157
1 6 2
302 320
1 5 2
24 89
1 9 2
103 110
1 12 2
485 445
1 4 2
277 171
1 14 2
326 484
1 9 2
294 384
1 6 2
471 232
1 10 2
293 498
1 10 2
13 185
1 15 2
185 5
1 7 2
261 111
1 3 2
471 109
1 14 2
472 356
1 3 2
189 361
1 10 2
239 425
1 7 2
287 27
1 9 2
417 249
1 5 2
138 416
1 12 2
308 283
1 7 2
271 54
1 2 2
209 219
1 13 2
133 225
1 7 2
1 405
1 15 2
306 200
1 8 2
261 75
1 4 2
366 292
1 9 2
179 336
1 13 2
225 447
1 7 2
381 425
1 9 2
488 456
1 3 2
435 140
1 8 2
322 325
1 7 2
315 97
1 4 2
466 403
1 13 2
107 179
1 5 2
243 174
1 12 2
148 360
1 4 2
28 86
1 9 2
209 38
1 6 2
172 363
1 11 2
205 219
1 9 2
123 48
1 11 2
143 41
1 7 2
332 153
1 5 2
77 407
1 3 2
320 53
1 5 2
206 291
1 6 2
258 143
1 15 2
419 370
1 4 2
361 498
1 15 2
290 323
1 13 2
34 1
1 3 2
353 434
1 11 2
496 292
1 10 2
307 164
1 12 2
277 281
1 5 2
26 61
1 12 2
495 24
1 4 2
129 225
1 5 2
376 197
1 8 2
463 420
1 11 2
413 420
1 11 2
148 71
1 2 2
346 454
1 2 2
496 26
1 12 2
391 305
1 10 2
120 157
1 8 2
356 290
1 9 2
122 152
1 4 2
239 460
1 13 2
1 435
1 8 2
63 107
1 12 2
238 204
1 2 2
67 218
1 4 2
273 425
1 5 2
9 427
1 5 2
454 417
1 5 2
209 143
1 4 2
76 34
1 8 2
406 216
1 4 2
256 440
1 12 2
142 68
1 6 2
394 419
1 14 2
96 174
1 13 2
153 241
1 10 2
482 402
1 4 2
418 156
1 8 2
418 321
1 13 2
32 456
1 15 2
443 394
1 7 2
73 45
1 12 2
321 97
1 15 2
458 342
1 9 2
281 211
1 14 2
335 411
1 8 2
495 438
1 9 2
384 3
1 11 2
291 300
1 13 2
286 128
1 3 2
221 52
1 5 2
168 465
1 2 2
175 25
1 14 2
492 355
1 9 2
163 68
1 10 2
247 221
1 10 2
419 120
1 14 2
408 120
1 8 2
395 193
1 4 2
331 74
1 2 2
210 117
1 8 2
269 60
1 12 2
290 113
1 15 2
178 414
1 7 2
469 476
1 11 2
411 229
1 9 2
46 108
1 5 2
49 360
1 12 2
150 209
1 2 2
322 138
1 4 2
85 170
1 9 2
289 199
1 13 2
74 95
1 4 2
225 493
1 6 2
405 3
1 10 2
121 437
1 7 2
91 153
1 13 2
190 497
1 7 2
5 302
1 4 2
155 382
1 2 2
310 168
1 14 2
314 313
1 13 2
329 362
1 6 2
220 297
1 3 2
203 461
1 11 2
438 336
1 3 2
342 332
1 11 2
404 72
1 2 2
107 358
1 8 2
377 244
1 9 2
217 392
1 13 2
61 486
1 11 2
434 440
1 12 2
349 425
1 2 2
216 99
1 9 2
20 294
1 2 2
312 296
1 9 2
247 16
1 2 2
464 177
1 7 2
370 90
1 14 2
82 314
1 5 2
389 198
1 14 2
256 66
1 4 2
316 454
1 12 2
296 170
1 10 2
301 333
1 6 2
333 452
1 15 2
222 307
1 7 2
161 432
1 14 2
487 329
1 15 2
480 230
1 2 2
346 126
1 5 2
472 11
1 9 2
99 149
1 11 2
115 76
1 13 2
483 420
1 13 2
153 294
1 15 2
313 339
1 9 2
353 124
1 8 2
198 171
1 7 2
340 418
1 3 2
474 464
1 14 2
134 365
1 15 2
94 238
1 11 2
265 474
1 13 2
259 85
1 12 2
306 148
1 9 2
214 397
1 7 2
120 135
1 7 2
482 374
1 10 2
338 301
1 9 2
383 112
1 10 2
344 323
1 3 2
305 483
1 10 2
33 140
1 14 2
455 372
1 8 2
85 435
1 5 2
293 192
1 7 2
383 448
1 15 2
156 475
1 9 2
405 338
1 8 2
50 26
1 5 2
199 259
1 7 2
294 228
1 4 2
320 492
1 6 2
156 75
1 15 2
449 241
1 3 2
315 349
1 5 2
423 473
1 4 2
230 274
1 14 2
329 395
1 12 2
325 412
1 2 2
478 241
1 12 2
373 249
1 2 2
449 119
1 9 2
84 82
1 10 2
141 139
1 11 2
472 25
1 15 2
264 129
1 4 2
195 412
1 11 2
395 208
1 10 2
176 331
1 8 2
348 53
1 13 2
375 390
1 2 2
289 373
1 3 2
287 93
1 8 2
231 437
1 14 2
176 295
1 12 2
151 44
1 13 2
485 467
1 12 2
370 437
1 5 2
324 86
1 12 2
415 210
1 9 2
0 176
1 7 2
148 191
1 7 2
326 217
1 6 2
373 362
1 10 2
52 95
1 4 2
484 78
1 7 2
343 473
1 11 2
16 373
1 13 2
62 221
1 2 2
402 291
1 15 2
269 215
1 11 2
370 261
1 13 2
425 88
1 8 2
51 406
1 3 2
194 219
1 8 2
444 459
1 15 2
198 191
1 7 2
495 453
1 2 2
368 96
1 9 2
352 350
1 7 2
31 129
1 6 2
438 370
1 4 2
493 339
1 14 2
452 250
1 6 2
300 145
1 14 2
237 316
1 8 2
362 473
1 13 2
276 460
1 11 2
479 53
1 2 2
176 399
1 2 2
353 355
1 9 2
343 150
1 7 2
408 346
1 10 2
130 443
1 3 2
380 330
1 12 2
429 212
1 2 2
444 179
1 11 2
270 188
1 13 2
319 238
1 2 2
15 281
1 12 2
6 415
1 9 2
87 64
1 15 2
221 337
1 2 2
53 194
1 6 2
420 256
1 9 2
363 126
1 13 2
378 102
1 6 2
360 467
1 7 2
117 100
1 11 2
222 446
1 8 2
135 14
1 12 2
415 10
1 13 2
38 283
1 12 2
125 82
1 2 2
134 435
1 6 2
218 479
1 9 2
213 454
1 13 2
398 89
1 11 2
31 169
1 2 2
347 371
1 13 2
152 391
1 7 2
81 448
1 8 2
283 67
1 7 2
279 423
1 9 2
248 144
1 14 2
190 73
1 6 2
429 436
1 7 2
458 272
1 11 2
74 236
1 11 2
379 129
1 2 2
89 381
1 8 2
2 186
1 8 2
378 283
1 2 2
50 226
1 15 2
80 113
1 5 2
55 199
1 11 2
469 24
1 9 2
193 219
1 6 2
118 98
1 14 2
32 84
1 12 2
9 135
1 11 2
354 48
1 14 2
239 172
1 3 2
21 64
1 13 2
179 142
1 3 2
450 397
1 15 2
374 6
1 12 2
357 76
1 12 2
253 459
1 2 2
392 399
1 3 2
389 268
1 10 2
349 355
1 4 2
386 475
1 13 2
362 36
1 4 2
97 143
1 2 2
259 272
1 3 2
320 434
1 4 2
111 133
1 8 2
126 71
1 11 2
93 75
1 9 2
39 168
1 12 2
20 315
1 14 2
496 305
1 12 2
304 315
1 13 2
112 256
1 5 2
466 205
1 2 2
187 263
1 9 2
65 181
1 5 2
326 336
1 11 2
181 110
1 8 2
158 271
1 5 2
175 281
1 13 2
373 46
1 12 2
383 335
1 15 2
117 335
1 10 2
294 47
1 8 2
275 306
1 7 2
75 297
1 4 2
185 352
1 10 2
226 124
1 10 2
33 307
1 7 2
445 331
1 12 2
4 307
1 9 2
280 107
1 6 2
270 375
1 7 2
464 35
1 5 2
19 179
1 9 2
326 296
1 7 2
79 410
1 10 2
264 78
1 4 2
479 202
1 14 2
426 446
1 15 2
14 176
1 12 2
250 79
1 4 2
341 443
1 5 2
370 388
1 13 2
342 399
1 9 2
325 411
1 6 2
266 281
1 3 2
328 414
1 7 2
451 38
1 3 2
238 45
1 12 2
87 218
1 8 2
139 182
1 10 2
422 284
1 7 2
423 408
1 7 2
51 300
1 7 2
430 472
1 6 2
403 129
1 14 2
381 364
1 10 2
487 24
1 10 2
421 381
1 4 2
477 410
1 7 2
204 400
1 9 2
257 429
1 7 2
115 199
1 14 2
498 166
1 12 2
208 343
1 11 2
403 413
1 3 2
8 375
1 11 2
57 94
1 4 2
411 461
1 4 2
94 483
1 5 2
237 325
1 14 2
300 53
1 7 2
214 28
1 3 2
379 384
1 4 2
363 96
1 2 2
23 459
1 9 2
49 0
1 12 2
30 177
1 10 2
109 137
1 15 2
282 26
1 3 2
36 237
1 2 2
199 184
1 15 2
19 292
1 2 2
358 457
1 15 2
117 78
1 8 2
410 397
1 8 2
383 301
1 13 2
220 209
1 14 2
292 218
1 9 2
32 23
1 6 2
474 449
1 11 2
212 123
1 8 2
300 399
1 2 2
175 55
1 3 2
280 166
1 3 2
461 280
1 11 2
303 91
1 7 2
142 104
1 4 2
423 180
1 11 2
403 210
1 8 2
100 380
1 10 2
102 134
1 12 2
20 83
1 2 2
329 289
1 9 2
220 187
1 10 2
488 193
1 13 2
372 285
1 8 2
187 93
1 14 2
175 118
1 11 2
80 377
1 4 2
406 167
1 3 2
162 95
1 2 2
470 493
1 6 2
393 214
1 5 2
458 440
1 15 2
400 490
1 10 2
104 247
1 9 2
302 163
1 5 2
68 471
1 4 2
265 297
1 2 2
392 389
1 4 2
133 457
1 8 2
156 430
1 7 2
210 123
1 6 2
110 422
1 3 2
244 425
1 13 2
401 86
1 14 2
133 306
1 13 2
16 104
1 5 2
148 25
1 8 2
80 483
1 4 2
452 306
1 5 2
81 352
1 5 2
138 24
1 6 2
361 131
1 6 2
263 379
1 6 2
439 294
1 6 2
225 385
1 2 2
105 52
1 3 2
178 328
1 9 2
145 396
1 3 2
311 117
1 10 2
296 272
1 4 2
165 426
1 14 2
217 332
1 4 2
244 7
1 4 2
328 351
1 14 2
466 250
1 11 2
392 62
1 9 2
361 63
1 11 2
452 459
1 9 2
301 124
1 2 2
34 171
1 12 2
158 298
1 7 2
221 290
1 3 2
240 126
1 2 2
270 256
1 8 2
355 336
1 2 2
406 277
1 8 2
360 223
1 8 2
302 420
1 9 2
11 228
1 4 2
428 104
1 4 2
287 274
1 3 2
43 407
1 13 2
201 52
1 9 2
395 421
1 14 2
69 315
1 9 2
137 314
1 3 2
493 80
1 11 2
102 117
1 2 2
20 49
1 14 2
490 129
1 5 2
238 121
1 9 2
353 107
1 14 2
60 156
1 12 2
468 30
1 14 2
141 96
1 14 2
46 105
1 11 2
445 163
1 2 2
151 243
1 15 2
253 413
1 10 2
280 63
1 10 2
175 213
1 11 2
49 97
1 11 2
222 312
1 2 2
439 56
1 15 2
285 81
1 3 2
389 239
1 2 2
336 145
1 4 2
109 7
1 15 2
208 467
1 12 2
479 310
1 13 2
486 483
1 10 2
213 248
1 14 2
208 154
1 4 2
385 306
1 13 2
92 2
1 13 2
363 250
1 7 2
146 325
1 3 2
341 286
1 4 2
54 259
1 5 2
282 194
1 13 2
126 400
1 14 2
144 136
1 9 2
341 164
1 15 2
155 230
1 15 2
32 15
1 14 2
390 137
1 8 2
276 471
1 5 2
7 126
1 10 2
43 431
1 7 2
454 312
1 12 2
260 275
1 6 2
324 426
1 11 2
478 64
1 7 2
417 175
1 10 2
344 14
1 8 2
15 467
1 6 2
426 290
1 10 2
121 251
1 3 2
414 34
1 7 2
162 47
1 10 2
82 109
1 15 2
402 241
1 14 2
95 126
1 4 2
425 123
1 10 2
82 201
1 9 2
327 4
1 8 2
148 263
1 6 2
431 85
1 7 2
238 206
1 3 2
183 270
1 5 2
284 417
1 13 2
391 110
1 5 2
274 266
1 8 2
360 15
1 14 2
466 254
1 6 2
194 416
1 10 2
148 241
1 10 2
33 147
1 8 2
49 79
1 11 2
462 106
1 9 2
83 56
1 5 2
453 124
1 12 2
268 301
1 5 2
25 282
1 10 2
176 138
1 4 2
91 347
1 8 2
78 356
1 7 2
199 94
1 6 2
493 430
1 12 2
476 275
1 13 2
136 49
1 4 2
106 246
1 10 2
458 298
1 6 2
338 278
1 12 2
108 201
1 15 2
140 17
1 14 2
288 108
1 7 2
482 386
1 4 2
1 70
1 7 2
172 168
1 4 2
376 458
1 7 2
11 168
1 12 2
220 290
1 12 2
375 220
1 8 2
448 31
1 4 2
221 330
1 5 2
198 241
1 2 2
437 367
1 3 2
6 96
1 11 2
157 263
1 14 2
140 283
1 8 2
409 62
1 9 2
371 439
1 11 2
329 153
1 12 2
329 242
1 12 2
489 494
1 10 2
292 404
1 14 2
208 263
1 4 2
387 457
1 13 2
338 192
1 11 2
73 347
1 9 2
241 468
1 14 2
15 159
1 8 2
233 140
1 10 2
60 201
1 7 2
179 237
1 2 2
469 389
1 7 2
97 486
1 12 2
432 194
1 3 2
295 2
1 11 2
19 379
1 12 2
57 160
1 6 2
261 149
1 3 2
78 96
1 2 2
151 307
1 13 2
442 69
1 15 2
227 416
1 15 2
307 132
1 8 2
183 250
1 11 2
377 259
1 11 2
180 391
1 14 2
41 56
1 11 2
280 338
1 6 2
229 496
1 4 2
276 280
1 6 2
62 499
1 5 2
336 481
1 6 2
37 290
1 5 2
406 189
1 4 2
4 279
1 13 2
72 117
1 11 2
193 398
1 10 2
95 378
1 12 2
391 43
1 6 2
174 169
1 6 2
333 447
1 2 2
104 402
1 14 2
195 97
1 4 2
351 393
1 8 2
194 486
1 3 2
157 182
1 14 2
386 368
1 13 2
222 176
1 2 2
10 182
1 4 2
455 101
1 14 2
417 493
1 7 2
331 441
1 9 2
49 405
1 8 2
255 488
1 10 2
445 177
1 12 2
244 172
1 10 2
63 121
1 8 2
291 422
1 9 2
22 490
1 8 2
377 246
1 8 2
240 428
1 13 2
181 32
1 3 2
319 460
1 14 2
303 6
1 15 2
53 238
1 9 2
202 67
1 4 2
316 416
1 12 2
464 341
1 5 2
344 220
1 8 2
463 299
1 14 2
399 346
1 4 2
404 82
1 2 2
139 228
1 11 2
443 254
1 6 2
211 354
1 10 2
439 118
1 9 2
224 121
1 5 2
288 53
1 3 2
70 113
1 13 2
71 387
1 4 2
47 255
1 13 2
39 373
1 10 2
405 241
1 11 2
426 72
1 8 2
412 342
1 2 2
30 22
1 13 2
238 88
1 8 2
277 419
1 12 2
336 359
1 14 2
310 174
1 3 2
262 32
1 7 2
323 358
1 3 2
74 492
1 9 2
355 351
1 4 2
450 385
1 12 2
457 366
1 7 2
281 267
1 11 2
260 97
1 5 2
412 293
1 8 2
433 404
1 6 2
406 227
1 6 2
167 131
1 13 2
419 193
1 8 2
387 445
1 11 2
15 404
1 6 2
16 413
1 4 2
3 48
1 10 2
210 375
1 14 2
94 270
1 6 2
251 474
1 14 2
191 271
1 12 2
76 444
1 13 2
203 207
1 5 2
182 252
1 10 2
487 389
1 15 2
105 142
1 13 2
245 74
1 4 2
316 417
1 8 2
318 65
1 11 2
390 264
1 12 2
97 306
1 12 2
477 405
1 9 2
84 241
1 7 2
78 285
1 4 2
260 40
1 7 2
251 12
1 13 2
300 35
1 2 2
438 440
1 15 2
383 491
1 7 2
499 433
1 6 2
371 378
1 14 2
156 327
1 8 2
223 471
1 4 2
276 425
1 8 2
84 70
1 8 2
471 249
1 4 2
101 499
1 14 2
161 128
1 6 2
26 93
1 8 2
100 128
1 15 2
66 429
1 3 2
123 474
1 6 2
179 407
1 9 2
125 264
1 5 2
234 312
1 10 2
37 293
1 3 2
13 349
1 4 2
274 122
1 7 2
367 228
1 16 2
12 297
1 22 2
209 395
1 28 2
174 459
1 6 2
485 21
1 24 2
97 397
1 4 2
495 392
1 26 2
38 312
1 8 2
467 416
1 30 2
227 323
1 12 2
251 112
1 20 2
45 40
1 4 2
35 366
1 24 2
430 134
1 22 2
131 411
