500 2983 1500
24 10 12 22 17 25 25 7 5 10 20 11 17 8 10 11 25 21 13 18 8 12 23 23 16 16 14 7 6 10 23 11 14 19 24 6 9 15 10 22 11 19 18 10 10 11 14 7 18 13 11 23 22 12 6 21 18 7 7 23 20 14 6 13 9 23 13 16 15 15 20 12 8 23 13 22 7 16 15 19 10 23 25 13 6 19 17 22 22 23 18 14 5 17 24 17 10 23 16 14 10 7 20 20 12 18 19 14 11 5 18 20 12 9 12 18 7 17 18 6 13 19 8 9 24 21 22 24 21 9 15 14 10 5 18 9 10 16 22 15 5 16 7 14 7 9 22 23 5 8 16 7 13 12 20 19 16 17 11 14 18 12 17 7 13 7 25 6 22 16 5 22 10 11 22 20 22 24 21 20 9 7 22 23 24 8 6 21 22 19 13 17 12 6 6 22 11 21 16 22 20 19 12 11 11 15 12 9 15 22 11 12 17 23 18 22 9 10 15 15 13 6 22 22 17 6 10 8 14 5 17 8 24 12 11 23 18 13 18 8 23 9 22 9 15 20 20 7 19 15 5 22 14 12 23 7 19 17 22 14 14 25 23 18 13 12 17 6 20 18 17 18 24 25 25 19 15 16 22 13 9 21 5 11 8 10 9 21 6 5 5 5 8 9 18 18 24 6 7 11 25 19 11 11 19 6 6 24 23 25 10 16 14 8 23 6 25 18 21 15 11 16 8 21 21 15 14 19 19 11 20 15 17 23 9 12 6 21 14 14 7 19 24 5 8 22 22 22 9 9 8 14 11 11 18 22 18 25 6 21 5 13 25 24 20 25 21 17 18 13 21 21 9 7 5 22 11 17 24 15 22 19 23 11 12 14 10 11 18 21 14 6 25 14 17 6 20 9 16 17 21 5 25 10 6 13 9 10 19 6 17 13 6 23 7 7 25 8 17 12 10 10 13 6 13 16 25 16 7 7 24 16 22 7 17 7 20 9 5 16 23 6 20 15 13 9 19 11 5 13 9 19 10 15 18 24 22 24 20 17 13 13 8 17 15 9 18 11 20 20 23 14 17 14 16 11 11 24 17 22 19 5 21 13 5 19 14 9 19 20 23 22 7 8 24 10 22 10 8 19
3 11 19 12 14 6 17 9 7 7 8 18 13 18 5 7 8 3 5 20 20 17 11 9 6 11 6 11 18 16 13 13 14 15 8 10 7 13 9 12 13 15 10 7 12 5 6 8 20 8 12 6 8 12 19 6 11 7 7 19 16 19 9 7 7 20 8 14 10 8 20 14 3 17 9 13 8 5 6 7 3 14 20 8 4 17 13 5 18 9 17 18 16 4 19 17 15 12 19 13 3 17 5 16 13 11 6 15 5 9 6 15 20 18 4 13 5 8 18 5 6 18 7 8 18 15 18 16 4 5 3 14 12 12 4 4 20 15 16 20 18 8 7 3 8 17 18 10 6 14 15 5 3 8 15 7 10 20 9 13 7 12 9 13 20 13 15 7 17 3 16 7 14 6 16 12 4 19 6 13 14 8 17 20 16 12 18 14 3 16 16 18 6 15 10 3 19 11 9 12 10 18 7 7 17 11 8 12 3 16 20 9 18 5 6 17 15 18 3 15 4 11 7 12 6 12 4 20 18 15 6 9 18 9 7 18 4 8 10 20 14 6 20 3 5 16 5 9 17 10 7 17 17 5 13 11 19 18 16 19 18 18 13 19 9 18 13 20 12 9 12 20 12 15 3 12 4 14 8 13 7 12 17 5 9 6 15 16 12 16 5 19 19 14 14 8 5 13 20 8 11 9 19 19 9 15 20 16 20 5 9 17 13 10 9 12 10 5 20 10 17 14 9 20 9 18 3 15 4 16 5 15 4 3 9 8 14 15 15 19 14 19 11 16 11 5 17 13 12 7 5 20 10 5 19 15 5 17 6 19 20 4 4 16 10 6 8 17 20 14 18 12 16 19 6 16 13 16 18 17 10 8 4 8 18 18 12 5 3 20 18 9 8 6 16 19 20 3 7 15 3 7 6 15 18 15 8 6 10 18 10 17 4 3 17 19 18 6 15 12 6 9 10 4 7 11 11 7 7 6 5 12 11 16 14 11 3 3 19 20 18 8 8 19 20 15 13 10 10 16 7 17 10 10 3 10 11 11 19 6 8 16 11 8 13 10 4 13 9 15 8 5 14 18 4 19 12 5 7 11 3 13 14 3 12 14 18 4 16 20 10 15 18 6 8 13 9 18 14 17
1 4 2
318 243
1 7 2
311 228
1 4 2
291 179
1 13 2
25 116
1 15 2
238 152
1 12 2
89 75
1 8 2
275 225
1 4 2
32 212
1 7 2
69 387
1 7 2
250 0
1 3 2
233 453
1 7 2
88 367
1 2 2
364 401
1 8 2
189 272
1 2 2
238 3
1 12 2
470 119
1 7 2
372 112
1 7 2
22 267
1 3 2
257 444
1 4 2
407 265
1 2 2
401 239
1 15 2
40 389
1 3 2
303 94
1 9 2
147 22
1 2 2
273 30
1 8 2
183 336
1 2 2
28 284
1 8 2
413 94
1 15 2
325 451
1 12 2
422 305
1 12 2
492 301
1 5 2
29 89
1 13 2
0 429
1 2 2
274 206
1 2 2
202 330
1 11 2
309 315
1 9 2
4 285
1 15 2
74 442
1 7 2
433 284
1 11 2
248 454
1 5 2
110 465
1 7 2
374 366
1 12 2
62 285
1 11 2
299 340
1 9 2
124 54
1 15 2
181 366
1 2 2
494 249
1 13 2
478 119
1 12 2
17 221
1 12 2
421 16
1 11 2
314 159
1 6 2
42 277
1 6 2
122 162
1 8 2
495 158
1 3 2
447 48
1 3 2
331 312
1 5 2
402 388
1 13 2
216 422
1 9 2
339 298
1 8 2
251 218
1 3 2
274 91
1 5 2
89 85
1 4 2
401 60
1 8 2
430 464
1 7 2
172 196
1 7 2
252 171
1 9 2
227 147
1 11 2
267 28
1 4 2
224 87
1 15 2
252 483
1 9 2
303 315
1 14 2
354 117
1 7 2
150 3
1 3 2
39 19
1 2 2
492 260
1 4 2
386 360
1 10 2
99 496
1 15 2
181 239
1 14 2
175 159
1 8 2
12 9
1 3 2
167 91
1 10 2
295 39
1 9 2
305 267
1 7 2
295 285
1 4 2
328 29
1 2 2
466 380
1 3 2
312 185
1 7 2
299 298
1 4 2
54 194
1 8 2
167 164
1 3 2
336 192
1 15 2
152 337
1 13 2
366 11
1 4 2
2 346
1 2 2
218 43
1 5 2
415 351
1 9 2
296 44
1 2 2
148 127
1 11 2
432 366
1 10 2
333 280
1 12 2
20 4
1 9 2
141 449
1 2 2
174 246
1 3 2
76 17
1 12 2
356 438
1 12 2
368 63
1 11 2
248 213
1 15 2
212 198
1 10 2
249 426
1 15 2
96 14
1 15 2
146 140
1 7 2
277 396
1 6 2
453 131
1 15 2
359 237
1 3 2
7 140
1 8 2
317 111
1 10 2
426 374
1 2 2
226 79
1 2 2
67 454
1 6 2
224 170
1 8 2
79 37
1 5 2
491 416
1 11 2
349 377
1 11 2
411 303
1 2 2
436 451
1 4 2
137 468
1 5 2
158 45
1 6 2
105 237
1 14 2
334 111
1 6 2
244 212
1 7 2
341 247
1 3 2
266 345
1 2 2
389 138
1 7 2
71 414
1 10 2
215 263
1 11 2
323 467
1 6 2
119 432
1 15 2
446 194
1 6 2
147 437
1 7 2
386 141
1 4 2
447 377
1 6 2
224 412
1 7 2
266 26
1 15 2
264 134
1 11 2
368 82
1 14 2
431 100
1 9 2
226 407
1 8 2
164 49
1 15 2
460 48
1 2 2
473 330
1 4 2
179 186
1 7 2
406 434
1 5 2
370 209
1 11 2
74 42
1 9 2
383 81
1 5 2
164 223
1 14 2
211 464
1 6 2
179 414
1 14 2
73 108
1 10 2
312 491
1 14 2
75 12
1 6 2
74 183
1 4 2
409 209
1 10 2
93 432
1 7 2
37 14
1 10 2
443 11
1 6 2
490 392
1 12 2
230 259
1 11 2
273 218
1 15 2
340 211
1 5 2
97 312
1 7 2
73 293
1 11 2
340 210
1 12 2
210 44
1 2 2
281 445
1 10 2
78 416
1 5 2
497 477
1 14 2
184 3
1 13 2
482 97
1 15 2
161 450
1 12 2
144 153
1 9 2
323 283
1 4 2
226 236
1 6 2
128 77
1 7 2
472 473
1 9 2
27 165
1 4 2
39 28
1 7 2
238 338
1 5 2
228 119
1 12 2
1 449
1 9 2
369 198
1 2 2
330 346
1 8 2
329 27
1 6 2
431 116
1 12 2
396 57
1 14 2
248 309
1 12 2
201 143
1 10 2
258 37
1 13 2
210 82
1 8 2
358 378
1 4 2
448 173
1 9 2
154 470
1 3 2
70 267
1 11 2
179 4
1 15 2
281 12
1 11 2
149 406
1 9 2
337 2
1 7 2
10 342
1 13 2
126 150
1 9 2
309 431
1 8 2
7 137
1 13 2
308 204
1 6 2
139 126
1 14 2
459 138
1 2 2
130 123
1 15 2
235 49
1 10 2
447 226
1 10 2
449 303
1 8 2
262 315
1 4 2
100 457
1 8 2
285 495
1 7 2
332 49
1 15 2
159 88
1 2 2
479 130
1 6 2
433 430
1 11 2
442 44
1 10 2
58 145
1 3 2
253 283
1 13 2
415 47
1 2 2
66 69
1 9 2
216 401
1 8 2
293 459
1 6 2
459 264
1 5 2
266 350
1 6 2
57 345
1 3 2
319 104
1 9 2
179 394
1 10 2
67 46
1 11 2
482 166
1 2 2
361 292
1 5 2
234 76
1 15 2
487 248
1 10 2
321 15
1 7 2
124 462
1 12 2
75 157
1 4 2
59 266
1 7 2
341 221
1 2 2
432 113
1 9 2
316 64
1 8 2
185 403
1 14 2
357 257
1 5 2
129 138
1 6 2
346 267
1 7 2
32 252
1 15 2
241 37
1 12 2
128 259
1 10 2
445 475
1 5 2
201 153
1 3 2
200 370
1 11 2
256 355
1 6 2
288 171
1 15 2
475 443
1 12 2
89 479
1 6 2
295 394
1 10 2
73 183
1 6 2
18 201
1 7 2
42 139
1 6 2
307 345
1 4 2
17 360
1 5 2
92 3
1 12 2
346 182
1 11 2
224 161
1 3 2
41 84
1 12 2
139 192
1 5 2
293 0
1 12 2
59 11
1 4 2
309 261
1 7 2
4 400
1 14 2
452 32
1 12 2
139 299
1 12 2
392 393
1 15 2
239 318
1 11 2
406 87
1 6 2
242 321
1 11 2
177 271
1 10 2
383 14
1 13 2
208 166
1 15 2
111 117
1 4 2
1 464
1 9 2
486 254
1 14 2
192 325
1 4 2
458 368
1 13 2
374 405
1 13 2
416 437
1 8 2
396 49
1 2 2
260 204
1 9 2
133 296
1 14 2
109 200
1 9 2
334 230
1 11 2
417 435
1 13 2
321 145
1 13 2
234 365
1 2 2
165 25
1 10 2
424 348
1 14 2
345 414
1 5 2
353 204
1 13 2
354 246
1 4 2
446 89
1 5 2
230 271
1 11 2
355 267
1 12 2
43 205
1 6 2
339 133
1 10 2
464 97
1 3 2
58 93
1 2 2
465 276
1 2 2
179 14
1 9 2
291 437
1 15 2
37 363
1 3 2
255 38
1 15 2
371 65
1 3 2
275 186
1 12 2
5 149
1 13 2
313 339
1 3 2
112 142
1 5 2
98 75
1 11 2
266 319
1 7 2
488 266
1 4 2
216 332
1 12 2
101 497
1 8 2
297 246
1 13 2
234 69
1 7 2
366 91
1 7 2
260 60
1 2 2
47 143
1 9 2
395 403
1 4 2
485 339
1 14 2
74 340
1 6 2
41 151
1 9 2
281 410
1 3 2
266 413
1 8 2
496 296
1 13 2
132 98
1 14 2
441 494
1 3 2
317 7
1 10 2
102 149
1 5 2
385 109
1 8 2
369 150
1 5 2
368 114
1 4 2
404 53
1 9 2
142 443
1 6 2
382 26
1 4 2
278 257
1 11 2
9 329
1 7 2
473 112
1 7 2
257 365
1 9 2
213 8
1 11 2
335 380
1 6 2
310 222
1 7 2
450 168
1 7 2
464 52
1 2 2
286 4
1 5 2
395 271
1 5 2
249 232
1 4 2
391 42
1 10 2
170 11
1 9 2
485 167
1 14 2
290 142
1 5 2
465 242
1 12 2
266 219
1 13 2
143 187
1 7 2
286 2
1 10 2
63 265
1 2 2
346 157
1 13 2
120 423
1 10 2
224 92
1 3 2
425 423
1 13 2
86 127
1 7 2
175 65
1 7 2
131 438
1 11 2
53 257
1 15 2
387 136
1 3 2
79 382
1 2 2
483 34
1 3 2
158 161
1 13 2
401 316
1 9 2
170 38
1 5 2
261 394
1 8 2
184 36
1 11 2
65 462
1 2 2
17 396
1 10 2
206 227
1 8 2
160 351
1 13 2
46 195
1 15 2
175 45
1 6 2
297 109
1 6 2
0 133
1 5 2
274 471
1 13 2
16 499
1 3 2
474 269
1 12 2
307 101
1 7 2
127 87
1 12 2
151 32
1 11 2
399 1
1 7 2
52 334
1 5 2
467 372
1 10 2
474 241
1 7 2
370 127
1 8 2
438 316
1 11 2
118 184
1 12 2
201 58
1 14 2
424 314
1 11 2
481 227
1 9 2
13 223
1 7 2
280 352
1 6 2
405 478
1 12 2
134 126
1 10 2
114 454
1 15 2
270 240
1 12 2
244 278
1 3 2
432 190
1 2 2
298 183
1 9 2
341 53
1 2 2
390 317
1 2 2
406 498
1 12 2
363 61
1 5 2
150 340
1 9 2
36 225
1 12 2
349 469
1 11 2
1 310
1 5 2
488 224
1 9 2
442 466
1 12 2
175 76
1 6 2
394 134
1 3 2
394 308
1 5 2
148 232
1 8 2
22 479
1 11 2
138 62
1 2 2
16 91
1 13 2
82 480
1 15 2
462 451
1 10 2
145 272
1 2 2
158 280
1 6 2
422 216
1 4 2
497 447
1 11 2
253 402
1 4 2
487 356
1 6 2
459 305
1 10 2
113 269
1 15 2
37 244
1 5 2
239 50
1 9 2
97 441
1 10 2
275 8
1 5 2
128 18
1 3 2
383 286
1 8 2
469 175
1 8 2
110 345
1 5 2
333 245
1 8 2
207 145
1 10 2
68 27
1 5 2
117 57
1 8 2
33 245
1 8 2
268 157
1 11 2
274 92
1 8 2
318 3
1 14 2
62 7
1 14 2
273 360
1 2 2
141 493
1 6 2
311 389
1 8 2
356 107
1 5 2
427 470
1 2 2
132 0
1 14 2
227 276
1 4 2
22 337
1 5 2
105 306
1 11 2
480 323
1 10 2
362 491
1 10 2
391 344
1 15 2
176 70
1 11 2
64 191
1 3 2
381 230
1 2 2
280 74
1 14 2
0 438
1 8 2
487 192
1 4 2
285 231
1 4 2
311 208
1 6 2
400 387
1 13 2
363 435
1 5 2
493 174
1 10 2
61 386
1 15 2
198 447
1 10 2
127 329
1 11 2
446 55
1 13 2
338 383
1 5 2
316 73
1 3 2
408 442
1 7 2
79 236
1 5 2
203 123
1 12 2
412 255
1 10 2
292 216
1 11 2
52 356
1 8 2
149 80
1 10 2
188 44
1 6 2
371 57
1 7 2
433 117
1 10 2
97 49
1 13 2
132 145
1 14 2
414 167
1 11 2
462 311
1 13 2
254 330
1 5 2
257 300
1 2 2
131 158
1 12 2
192 489
1 13 2
282 204
1 10 2
429 311
1 4 2
11 182
1 13 2
300 255
1 2 2
19 233
1 8 2
498 289
1 5 2
177 27
1 13 2
87 350
1 10 2
356 425
1 14 2
306 26
1 13 2
391 206
1 7 2
102 65
1 11 2
97 9
1 9 2
226 242
1 10 2
286 65
1 11 2
56 102
1 13 2
140 471
1 9 2
444 164
1 3 2
266 382
1 8 2
466 440
1 2 2
107 87
1 2 2
260 234
1 13 2
32 217
1 15 2
50 321
1 11 2
130 119
1 15 2
63 136
1 4 2
352 215
1 13 2
229 116
1 11 2
125 39
1 10 2
259 72
1 4 2
93 151
1 14 2
181 299
1 11 2
431 323
1 12 2
327 461
1 8 2
107 225
1 15 2
111 192
1 4 2
228 211
1 15 2
257 230
1 11 2
261 173
1 9 2
129 478
1 10 2
158 426
1 6 2
414 121
1 3 2
329 65
1 3 2
433 278
1 6 2
421 14
1 9 2
222 150
1 3 2
308 203
1 5 2
435 253
1 9 2
432 482
1 4 2
255 438
1 4 2
180 453
1 8 2
251 320
1 12 2
261 421
1 11 2
206 449
1 9 2
380 248
1 3 2
94 36
1 8 2
36 98
1 7 2
232 99
1 4 2
185 384
1 4 2
22 263
1 5 2
69 241
1 4 2
225 423
1 9 2
276 243
1 15 2
69 316
1 6 2
76 309
1 8 2
377 227
1 15 2
76 319
1 2 2
40 427
1 14 2
345 202
1 14 2
447 400
1 13 2
366 434
1 4 2
384 355
1 2 2
227 347
1 4 2
234 299
1 14 2
467 79
1 4 2
54 299
1 4 2
123 368
1 11 2
320 402
1 12 2
229 95
1 15 2
264 261
1 10 2
330 283
1 9 2
315 444
1 15 2
137 470
1 8 2
113 315
1 14 2
11 248
1 7 2
424 232
1 4 2
449 235
1 4 2
45 170
1 8 2
225 255
1 2 2
116 161
1 6 2
261 17
1 7 2
307 230
1 9 2
190 440
1 6 2
474 183
1 9 2
420 382
1 4 2
293 213
1 9 2
255 429
1 10 2
423 363
1 10 2
307 139
1 3 2
464 488
1 12 2
42 476
1 10 2
441 82
1 6 2
51 323
1 15 2
429 148
1 2 2
173 89
1 11 2
297 471
1 9 2
148 336
1 9 2
235 199
1 14 2
292 269
1 15 2
162 364
1 11 2
255 404
1 10 2
359 2
1 11 2
319 336
1 3 2
491 137
1 3 2
258 422
1 12 2
143 115
1 14 2
159 99
1 2 2
453 37
1 7 2
40 364
1 3 2
74 269
1 13 2
344 68
1 9 2
2 142
1 6 2
49 25
1 10 2
372 229
1 14 2
108 413
1 13 2
185 22
1 13 2
97 1
1 3 2
213 315
1 11 2
390 116
1 11 2
178 61
1 10 2
184 242
1 7 2
477 81
1 7 2
446 83
1 15 2
166 415
1 13 2
372 294
1 14 2
207 198
1 11 2
154 116
1 4 2
32 224
1 12 2
315 476
1 12 2
402 194
1 10 2
170 385
1 11 2
184 291
1 8 2
408 258
1 3 2
45 132
1 3 2
304 126
1 10 2
273 354
1 6 2
497 410
1 13 2
413 39
1 3 2
304 77
1 2 2
251 174
1 8 2
129 385
1 3 2
361 88
1 4 2
471 491
1 3 2
7 328
1 14 2
52 333
1 11 2
386 199
1 15 2
156 192
1 3 2
280 449
1 4 2
284 32
1 8 2
115 78
1 2 2
258 231
1 11 2
184 290
1 8 2
463 84
1 13 2
114 149
1 2 2
485 217
1 6 2
36 312
1 10 2
47 365
1 8 2
474 457
1 9 2
445 93
1 5 2
106 72
1 15 2
476 14
1 12 2
439 97
1 10 2
224 302
1 2 2
414 293
1 4 2
158 394
1 3 2
245 461
1 6 2
454 488
1 14 2
3 196
1 2 2
137 415
1 12 2
267 163
1 12 2
390 229
1 9 2
265 151
1 6 2
252 320
1 11 2
23 253
1 5 2
233 65
1 6 2
353 365
1 2 2
222 162
1 8 2
186 393
1 4 2
379 310
1 12 2
303 89
1 4 2
385 83
1 10 2
451 57
1 8 2
341 164
1 9 2
141 298
1 6 2
154 481
1 10 2
81 408
1 14 2
475 322
1 15 2
297 415
1 12 2
16 153
1 12 2
422 11
1 2 2
343 374
1 13 2
135 395
1 3 2
101 257
1 4 2
141 42
1 14 2
35 445
1 13 2
131 361
1 10 2
186 9
1 2 2
491 419
1 2 2
471 164
1 12 2
404 168
1 5 2
486 425
1 9 2
414 496
1 9 2
424 290
1 14 2
291 289
1 2 2
385 368
1 14 2
289 288
1 8 2
299 164
1 10 2
213 82
1 14 2
59 418
1 5 2
178 444
1 12 2
176 45
1 2 2
16 426
1 15 2
226 91
1 12 2
410 238
1 5 2
183 171
1 9 2
499 223
1 8 2
181 462
1 6 2
128 222
1 13 2
258 428
1 10 2
458 398
1 15 2
172 375
1 6 2
328 241
1 11 2
255 33
1 13 2
252 103
1 3 2
458 386
1 4 2
405 229
1 6 2
318 131
1 7 2
344 29
1 10 2
87 351
1 12 2
89 427
1 15 2
448 340
1 14 2
175 428
1 5 2
135 74
1 2 2
446 358
1 7 2
156 331
1 9 2
327 243
1 5 2
323 432
1 2 2
456 132
1 8 2
204 192
1 9 2
230 211
1 2 2
136 285
1 13 2
207 97
1 5 2
443 486
1 14 2
392 329
1 14 2
157 102
1 5 2
412 177
1 10 2
108 234
1 11 2
274 346
1 3 2
89 498
1 15 2
419 322
1 13 2
153 53
1 5 2
411 213
1 13 2
152 498
1 9 2
268 455
1 12 2
187 136
1 12 2
30 405
1 2 2
417 326
1 4 2
89 444
1 8 2
451 173
1 15 2
364 411
1 13 2
35 474
1 6 2
215 492
1 5 2
132 413
1 4 2
306 423
1 14 2
374 212
1 10 2
125 383
1 8 2
239 297
1 15 2
296 461
1 10 2
38 133
1 15 2
395 200
1 10 2
9 306
1 8 2
426 449
1 8 2
436 165
1 14 2
395 3
1 15 2
168 405
1 7 2
239 129
1 13 2
204 90
1 6 2
24 28
1 8 2
340 153
1 13 2
382 252
1 11 2
418 364
1 3 2
450 99
1 7 2
455 214
1 10 2
28 190
1 15 2
441 285
1 3 2
214 340
1 9 2
486 15
1 14 2
5 98
1 6 2
388 376
1 12 2
168 322
1 7 2
158 128
1 14 2
183 494
1 9 2
226 213
1 14 2
147 496
1 10 2
163 50
1 13 2
487 114
1 15 2
300 250
1 11 2
284 442
1 15 2
176 443
1 13 2
449 184
1 8 2
454 246
1 8 2
361 74
1 14 2
414 194
1 2 2
261 483
1 10 2
141 421
1 5 2
282 209
1 8 2
170 344
1 13 2
205 469
1 4 2
435 260
1 5 2
440 6
1 5 2
361 336
1 9 2
254 361
1 9 2
398 25
1 5 2
310 311
1 3 2
206 417
1 7 2
303 121
1 5 2
289 375
1 5 2
354 476
1 10 2
83 442
1 3 2
124 287
1 11 2
162 301
1 12 2
36 365
1 3 2
309 219
1 9 2
196 294
1 10 2
471 371
1 6 2
187 445
1 3 2
276 148
1 4 2
89 108
1 13 2
90 213
1 14 2
328 455
1 3 2
285 351
1 8 2
24 79
1 5 2
21 219
1 4 2
214 382
1 13 2
203 158
1 2 2
317 117
1 12 2
317 127
1 3 2
181 388
1 14 2
250 196
1 6 2
146 375
1 13 2
245 288
1 13 2
107 359
1 9 2
436 327
1 5 2
79 2
1 4 2
40 146
1 3 2
403 118
1 14 2
31 21
1 6 2
315 218
1 4 2
321 210
1 3 2
211 81
1 2 2
50 251
1 3 2
304 377
1 6 2
163 411
1 9 2
318 259
1 10 2
80 223
1 4 2
483 396
1 10 2
314 229
1 11 2
321 432
1 7 2
54 448
1 10 2
110 296
1 11 2
243 70
1 7 2
157 146
1 13 2
230 456
1 11 2
18 403
1 2 2
131 98
1 10 2
33 187
1 9 2
2 149
1 12 2
497 247
1 6 2
265 81
1 15 2
430 421
1 10 2
181 238
1 13 2
426 293
1 15 2
314 293
1 4 2
493 117
1 11 2
65 213
1 5 2
484 356
1 4 2
223 303
1 13 2
134 416
1 13 2
190 177
1 7 2
322 106
1 10 2
325 463
1 3 2
347 173
1 11 2
201 274
1 12 2
291 366
1 7 2
197 24
1 2 2
20 66
1 7 2
265 305
1 6 2
355 431
1 12 2
351 179
1 4 2
29 130
1 2 2
12 280
1 6 2
459 204
1 7 2
282 167
1 12 2
17 53
1 7 2
387 249
1 11 2
178 378
1 13 2
126 202
1 9 2
6 376
1 7 2
52 107
1 11 2
12 113
1 6 2
46 1
1 8 2
123 343
1 6 2
148 21
1 5 2
132 76
1 5 2
47 28
1 11 2
119 91
1 3 2
4 158
1 13 2
239 168
1 8 2
447 466
1 4 2
55 46
1 9 2
379 356
1 10 2
296 35
1 3 2
407 259
1 3 2
365 132
1 10 2
320 381
1 13 2
439 299
1 9 2
53 338
1 10 2
193 455
1 15 2
313 434
1 5 2
498 117
1 10 2
227 262
1 5 2
348 29
1 4 2
398 224
1 6 2
3 263
1 14 2
414 227
1 4 2
84 440
1 10 2
328 83
1 14 2
187 14
1 3 2
436 362
1 14 2
135 140
1 9 2
174 95
1 14 2
139 260
1 8 2
195 458
1 11 2
402 211
1 6 2
39 307
1 15 2
154 186
1 13 2
219 315
1 14 2
298 107
1 11 2
419 292
1 8 2
200 165
1 14 2
394 233
1 7 2
85 127
1 4 2
205 297
1 6 2
317 244
1 15 2
194 459
1 13 2
492 446
1 4 2
226 207
1 12 2
352 475
1 5 2
100 212
1 3 2
0 356
1 13 2
234 220
1 3 2
366 184
1 11 2
229 280
1 13 2
1 291
1 5 2
133 126
1 13 2
157 365
1 11 2
368 193
1 15 2
484 301
1 12 2
418 136
1 11 2
417 411
1 13 2
417 297
1 6 2
340 293
1 13 2
168 256
1 4 2
396 495
1 2 2
95 374
1 7 2
281 436
1 8 2
28 347
1 4 2
95 248
1 9 2
211 26
1 9 2
160 367
1 2 2
236 347
1 12 2
234 125
1 13 2
262 437
1 8 2
345 291
1 5 2
209 237
1 4 2
70 344
1 10 2
389 254
1 14 2
5 101
1 14 2
128 191
1 6 2
374 167
1 2 2
370 26
1 14 2
451 45
1 8 2
256 478
1 5 2
431 219
1 14 2
219 16
1 3 2
492 148
1 11 2
178 167
1 5 2
324 308
1 12 2
117 161
1 5 2
442 337
1 8 2
206 222
1 12 2
470 195
1 6 2
194 321
1 10 2
55 276
1 2 2
330 448
1 11 2
85 148
1 10 2
446 340
1 8 2
22 356
1 8 2
302 198
1 13 2
258 439
1 7 2
430 187
1 3 2
387 238
1 13 2
300 62
1 14 2
423 414
1 12 2
72 467
1 8 2
290 304
1 9 2
7 26
1 3 2
190 155
1 12 2
499 468
1 11 2
357 140
1 2 2
175 268
1 8 2
392 268
1 4 2
35 127
1 15 2
12 177
1 5 2
81 23
1 7 2
452 127
1 8 2
235 68
1 6 2
12 199
1 6 2
359 180
1 13 2
346 210
1 13 2
131 324
1 14 2
485 355
1 8 2
5 31
1 10 2
48 191
1 12 2
395 451
1 6 2
24 152
1 2 2
175 445
1 10 2
324 317
1 10 2
460 137
1 4 2
301 163
1 4 2
42 350
1 15 2
353 356
1 2 2
333 328
1 5 2
448 52
1 7 2
122 363
1 15 2
377 391
1 10 2
411 441
1 13 2
305 62
1 13 2
235 385
1 12 2
499 7
1 10 2
223 363
1 4 2
173 487
1 7 2
229 153
1 11 2
2 291
1 2 2
151 3
1 14 2
326 153
1 13 2
403 24
1 5 2
477 484
1 7 2
259 367
1 13 2
151 362
1 6 2
338 460
1 3 2
127 482
1 12 2
356 440
1 15 2
363 348
1 14 2
449 362
1 12 2
98 17
1 10 2
235 289
1 5 2
81 126
1 7 2
37 489
1 7 2
124 161
1 14 2
298 269
1 4 2
333 91
1 5 2
141 225
1 9 2
185 76
1 9 2
64 136
1 12 2
20 167
1 8 2
368 198
1 6 2
108 109
1 3 2
105 60
1 3 2
267 172
1 11 2
3 34
1 7 2
36 50
1 7 2
442 244
1 15 2
397 386
1 7 2
364 433
1 6 2
13 329
1 3 2
295 321
1 12 2
381 170
1 14 2
392 446
1 7 2
239 425
1 2 2
240 287
1 9 2
394 447
1 6 2
76 380
1 11 2
77 448
1 7 2
104 400
1 8 2
167 400
1 8 2
481 390
1 8 2
284 99
1 14 2
209 3
1 12 2
287 237
1 5 2
477 117
1 8 2
75 396
1 9 2
487 93
1 4 2
495 305
1 8 2
198 70
1 8 2
138 80
1 3 2
269 263
1 14 2
286 413
1 6 2
113 47
1 7 2
421 495
1 7 2
105 151
1 6 2
18 474
1 11 2
357 355
1 8 2
402 442
1 15 2
85 461
1 7 2
205 67
1 3 2
471 131
1 11 2
428 92
1 7 2
108 230
1 3 2
456 433
1 7 2
359 391
1 4 2
422 93
1 5 2
4 478
1 15 2
45 7
1 7 2
242 424
1 5 2
238 209
1 15 2
333 156
1 14 2
229 486
1 3 2
474 400
1 10 2
48 439
1 8 2
409 206
1 2 2
329 33
1 7 2
496 254
1 4 2
5 45
1 8 2
88 35
1 5 2
489 132
1 5 2
403 192
1 5 2
323 237
1 5 2
296 309
1 12 2
96 354
1 13 2
67 472
1 2 2
125 471
1 13 2
108 137
1 6 2
149 388
1 4 2
351 421
1 5 2
3 161
1 2 2
179 168
1 10 2
205 477
1 3 2
168 406
1 9 2
103 375
1 8 2
155 68
1 10 2
121 474
1 8 2
257 370
1 12 2
463 193
1 6 2
221 403
1 7 2
195 475
1 10 2
401 71
1 10 2
13 472
1 9 2
55 391
1 8 2
302 335
1 4 2
88 185
1 11 2
318 163
1 5 2
314 200
1 13 2
210 220
1 2 2
174 142
1 3 2
274 33
1 14 2
1 176
1 15 2
378 493
1 13 2
355 306
1 7 2
13 351
1 10 2
93 345
1 3 2
110 241
1 11 2
446 221
1 8 2
64 290
1 7 2
22 108
1 15 2
428 161
1 13 2
45 117
1 6 2
455 293
1 6 2
222 10
1 6 2
198 434
1 15 2
288 89
1 14 2
110 395
1 13 2
386 318
1 12 2
80 425
1 14 2
493 341
1 14 2
375 91
1 3 2
431 212
1 10 2
330 267
1 4 2
450 268
1 6 2
309 401
1 2 2
203 244
1 7 2
169 103
1 12 2
488 374
1 7 2
263 228
1 7 2
256 434
1 11 2
337 189
1 7 2
269 101
1 10 2
489 179
1 10 2
259 75
1 10 2
285 192
1 2 2
490 155
1 14 2
187 305
1 11 2
292 469
1 10 2
447 396
1 10 2
249 77
1 10 2
86 196
1 11 2
124 392
1 3 2
259 310
1 9 2
408 222
1 10 2
308 278
1 5 2
445 476
1 2 2
275 125
1 7 2
493 145
1 11 2
331 191
1 2 2
156 77
1 5 2
1 389
1 12 2
65 406
1 2 2
434 229
1 8 2
318 345
1 10 2
227 111
1 6 2
93 234
1 7 2
167 490
1 14 2
251 277
1 5 2
226 59
1 8 2
33 316
1 9 2
45 330
1 11 2
181 262
1 3 2
427 443
1 3 2
260 428
1 11 2
128 177
1 15 2
23 410
1 15 2
174 204
1 10 2
122 175
1 3 2
218 157
1 14 2
491 82
1 10 2
281 141
1 7 2
207 44
1 13 2
66 323
1 8 2
28 315
1 8 2
139 463
1 2 2
111 303
1 10 2
81 59
1 7 2
263 114
1 11 2
344 2
1 14 2
441 475
1 7 2
84 388
1 8 2
435 448
1 12 2
478 92
1 9 2
132 119
1 11 2
103 209
1 9 2
241 476
1 2 2
29 265
1 6 2
151 455
1 13 2
475 53
1 14 2
176 358
1 13 2
10 303
1 2 2
44 118
1 5 2
1 85
1 8 2
193 127
1 8 2
239 111
1 14 2
344 466
1 9 2
251 152
1 11 2
64 319
1 12 2
254 231
1 8 2
161 415
1 2 2
422 429
1 14 2
88 497
1 7 2
341 336
1 12 2
465 379
1 12 2
124 442
1 3 2
168 243
1 5 2
178 492
1 7 2
234 308
1 14 2
456 87
1 12 2
147 374
1 14 2
458 487
1 9 2
217 333
1 2 2
243 335
1 5 2
29 31
1 9 2
85 267
1 6 2
137 349
1 3 2
158 34
1 3 2
223 96
1 12 2
157 322
1 11 2
129 314
1 7 2
247 482
1 3 2
485 344
1 13 2
252 5
1 11 2
194 400
1 9 2
368 165
1 15 2
494 338
1 15 2
181 258
1 9 2
185 133
1 14 2
50 92
1 7 2
102 147
1 4 2
270 147
1 14 2
445 184
1 3 2
481 48
1 7 2
257 326
1 11 2
131 250
1 2 2
396 187
1 11 2
173 492
1 8 2
55 462
1 15 2
393 236
1 8 2
230 476
1 10 2
1 46
1 12 2
247 259
1 7 2
193 346
1 3 2
72 490
1 3 2
203 461
1 6 2
443 291
1 5 2
280 50
1 11 2
452 401
1 11 2
101 487
1 4 2
225 150
1 8 2
328 279
1 3 2
357 94
1 9 2
209 389
1 8 2
476 462
1 15 2
324 316
1 10 2
405 456
1 6 2
13 179
1 3 2
9 251
1 14 2
407 285
1 6 2
353 54
1 12 2
479 250
1 9 2
64 261
1 6 2
441 84
1 9 2
377 319
1 13 2
79 85
1 15 2
59 252
1 14 2
213 186
1 8 2
438 17
1 13 2
393 25
1 5 2
53 286
1 7 2
443 74
1 13 2
476 86
1 10 2
213 415
1 6 2
237 151
1 2 2
408 15
1 4 2
29 276
1 7 2
38 20
1 10 2
245 454
1 7 2
271 260
1 9 2
224 332
1 14 2
83 436
1 10 2
104 56
1 7 2
217 67
1 14 2
405 373
1 13 2
194 158
1 5 2
345 31
1 2 2
127 380
1 14 2
276 489
1 11 2
300 407
1 9 2
248 417
1 2 2
349 355
1 15 2
363 201
1 12 2
491 442
1 11 2
81 121
1 11 2
418 372
1 14 2
326 69
1 3 2
453 311
1 5 2
44 460
1 14 2
7 320
1 14 2
481 158
1 9 2
271 231
1 4 2
228 164
1 11 2
70 219
1 2 2
280 135
1 11 2
216 154
1 5 2
143 261
1 14 2
133 169
1 7 2
318 307
1 12 2
79 421
1 11 2
142 386
1 2 2
257 348
1 7 2
93 194
1 12 2
92 2
1 14 2
381 251
1 15 2
14 224
1 3 2
173 134
1 2 2
194 88
1 7 2
469 61
1 3 2
176 80
1 8 2
447 280
1 14 2
148 229
1 8 2
487 38
1 7 2
111 475
1 15 2
23 250
1 10 2
315 464
1 4 2
416 119
1 10 2
0 32
1 10 2
439 219
1 2 2
163 181
1 5 2
498 312
1 2 2
492 184
1 8 2
122 392
1 13 2
116 496
1 14 2
296 75
1 10 2
63 79
1 5 2
216 358
1 11 2
214 423
1 12 2
396 432
1 3 2
405 9
1 4 2
99 94
1 11 2
246 323
1 14 2
222 307
1 9 2
408 116
1 14 2
13 378
1 13 2
478 152
1 11 2
188 348
1 3 2
287 430
1 12 2
385 261
1 15 2
25 419
1 6 2
171 163
1 4 2
96 426
1 8 2
174 316
1 4 2
86 52
1 4 2
426 15
1 2 2
219 331
1 3 2
345 337
1 10 2
429 470
1 9 2
172 278
1 9 2
127 324
1 2 2
440 448
1 8 2
471 88
1 7 2
363 12
1 8 2
457 45
1 11 2
423 374
1 3 2
161 292
1 10 2
330 421
1 6 2
233 414
1 10 2
340 204
1 7 2
372 441
1 2 2
297 84
1 7 2
238 167
1 14 2
244 264
1 7 2
351 275
1 10 2
215 250
1 7 2
169 31
1 4 2
210 208
1 5 2
202 460
1 10 2
77 6
1 13 2
182 327
1 5 2
5 312
1 12 2
356 43
1 9 2
27 39
1 11 2
37 197
1 2 2
463 60
1 3 2
493 309
1 4 2
128 254
1 7 2
85 349
1 13 2
134 181
1 6 2
206 395
1 13 2
199 452
1 6 2
188 494
1 7 2
175 197
1 12 2
91 458
1 3 2
300 193
1 4 2
453 369
1 13 2
236 412
1 10 2
279 125
1 4 2
163 490
1 8 2
340 410
1 13 2
465 401
1 4 2
231 397
1 4 2
250 369
1 5 2
100 215
1 2 2
128 451
1 12 2
351 276
1 2 2
13 106
1 12 2
172 201
1 13 2
326 403
1 2 2
497 490
1 15 2
19 309
1 15 2
425 386
1 4 2
250 379
1 5 2
239 89
1 6 2
299 67
1 7 2
144 17
1 14 2
381 472
1 4 2
17 344
1 5 2
337 232
1 7 2
221 257
1 15 2
443 297
1 9 2
174 384
1 8 2
61 255
1 13 2
395 482
1 7 2
148 422
1 9 2
340 379
1 14 2
101 438
1 13 2
117 53
1 14 2
206 224
1 15 2
323 413
1 5 2
278 471
1 6 2
21 134
1 4 2
153 456
1 13 2
481 338
1 5 2
431 284
1 11 2
401 429
1 2 2
362 365
1 2 2
455 200
1 6 2
228 179
1 8 2
302 319
1 3 2
482 140
1 12 2
114 329
1 12 2
243 219
1 5 2
162 444
1 12 2
25 168
1 10 2
178 471
1 4 2
288 293
1 10 2
172 453
1 9 2
387 312
1 9 2
453 97
1 8 2
36 362
1 2 2
105 411
1 12 2
354 227
1 10 2
193 326
1 13 2
70 246
1 10 2
297 0
1 13 2
357 191
1 12 2
286 487
1 12 2
154 98
1 13 2
171 341
1 7 2
205 474
1 12 2
211 69
1 6 2
435 497
1 12 2
183 232
1 3 2
34 209
1 3 2
15 251
1 10 2
208 132
1 12 2
327 185
1 6 2
289 275
1 12 2
203 168
1 7 2
22 384
1 11 2
299 215
1 8 2
467 386
1 2 2
249 377
1 11 2
63 282
1 3 2
181 201
1 10 2
145 81
1 9 2
84 130
1 2 2
250 72
1 10 2
107 5
1 3 2
131 52
1 13 2
251 390
1 14 2
387 337
1 11 2
136 256
1 4 2
159 141
1 9 2
415 222
1 6 2
244 331
1 6 2
108 392
1 5 2
38 53
1 11 2
229 458
1 9 2
364 187
1 12 2
498 207
1 8 2
410 404
1 6 2
158 493
1 12 2
39 360
1 7 2
48 307
1 4 2
317 254
1 10 2
100 240
1 10 2
300 123
1 15 2
181 327
1 14 2
230 420
1 8 2
304 497
1 3 2
411 267
1 10 2
295 379
1 2 2
389 306
1 13 2
20 468
1 4 2
487 404
1 5 2
278 206
1 9 2
189 374
1 12 2
353 323
1 8 2
376 265
1 9 2
13 209
1 6 2
33 321
1 12 2
133 241
1 2 2
441 364
1 14 2
454 223
1 9 2
492 229
1 7 2
289 493
1 13 2
246 203
1 13 2
405 294
1 4 2
447 38
1 4 2
467 49
1 11 2
293 71
1 6 2
239 450
1 2 2
50 375
1 15 2
439 308
1 15 2
487 400
1 9 2
387 68
1 14 2
394 60
1 8 2
35 321
1 3 2
439 273
1 7 2
369 302
1 11 2
418 200
1 11 2
326 381
1 7 2
457 387
1 8 2
225 52
1 14 2
315 480
1 3 2
422 314
1 6 2
171 460
1 9 2
332 318
1 3 2
29 3
1 2 2
260 150
1 3 2
258 141
1 11 2
42 377
1 8 2
45 391
1 3 2
371 198
1 6 2
441 7
1 10 2
346 332
1 14 2
266 182
1 5 2
102 179
1 13 2
69 406
1 2 2
498 297
1 2 2
441 292
1 15 2
205 298
1 8 2
192 459
1 12 2
438 428
1 8 2
477 417
1 2 2
329 58
1 10 2
383 219
1 12 2
474 442
1 2 2
349 387
1 10 2
338 43
1 3 2
392 255
1 12 2
235 471
1 3 2
128 158
1 11 2
332 114
1 8 2
190 98
1 5 2
334 61
1 5 2
368 210
1 2 2
358 423
1 13 2
390 272
1 15 2
429 51
1 2 2
9 125
1 13 2
464 494
1 12 2
23 151
1 10 2
45 4
1 7 2
218 335
1 15 2
54 371
1 11 2
266 277
1 5 2
176 120
1 9 2
107 322
1 11 2
499 397
1 4 2
144 93
1 6 2
396 203
1 4 2
376 24
1 6 2
150 288
1 3 2
498 211
1 5 2
236 67
1 5 2
390 359
1 13 2
222 289
1 11 2
212 54
1 6 2
105 377
1 15 2
298 465
1 6 2
324 51
1 4 2
212 124
1 6 2
256 362
1 2 2
204 436
1 15 2
280 364
1 12 2
71 19
1 2 2
169 420
1 3 2
51 398
1 15 2
17 59
1 13 2
260 184
1 11 2
341 60
1 15 2
144 191
1 8 2
375 54
1 15 2
409 490
1 4 2
142 492
1 4 2
125 460
1 12 2
437 45
1 12 2
342 427
1 12 2
279 87
1 5 2
442 234
1 12 2
244 444
1 3 2
313 247
1 13 2
53 343
1 4 2
344 306
1 13 2
316 94
1 11 2
313 102
1 13 2
357 228
1 6 2
342 294
1 2 2
209 316
1 13 2
308 135
1 8 2
385 352
1 2 2
77 363
1 15 2
95 408
1 12 2
148 479
1 5 2
277 123
1 11 2
330 476
1 5 2
17 488
1 13 2
143 381
1 7 2
209 212
1 6 2
7 95
1 8 2
169 475
1 15 2
226 429
1 2 2
150 145
1 6 2
433 142
1 2 2
485 156
1 4 2
214 334
1 4 2
87 292
1 3 2
253 269
1 11 2
172 460
1 6 2
77 388
1 6 2
400 310
1 10 2
52 434
1 5 2
25 66
1 14 2
472 404
1 15 2
202 11
1 2 2
426 63
1 13 2
235 276
1 5 2
383 417
1 3 2
74 374
1 4 2
38 233
1 14 2
134 85
1 2 2
335 414
1 14 2
472 106
1 3 2
313 341
1 13 2
400 283
1 13 2
129 30
1 7 2
358 390
1 5 2
420 383
1 10 2
448 421
1 9 2
204 145
1 11 2
112 487
1 4 2
119 485
1 7 2
148 6
1 10 2
167 355
1 15 2
297 277
1 12 2
289 77
1 7 2
74 228
1 13 2
100 75
1 5 2
378 126
1 14 2
393 106
1 8 2
46 58
1 3 2
475 464
1 5 2
417 155
1 11 2
344 15
1 2 2
457 123
1 3 2
223 43
1 15 2
447 97
1 6 2
77 321
1 11 2
239 144
1 10 2
117 320
1 7 2
423 337
1 12 2
344 7
1 12 2
296 481
1 7 2
146 1
1 11 2
44 432
1 10 2
113 65
1 6 2
207 276
1 10 2
229 338
1 3 2
324 305
1 6 2
308 499
1 6 2
179 108
1 8 2
207 92
1 15 2
176 160
1 3 2
254 217
1 13 2
317 361
1 9 2
364 491
1 12 2
422 231
1 3 2
193 209
1 8 2
120 388
1 12 2
109 22
1 5 2
461 22
1 13 2
489 320
1 3 2
497 219
1 15 2
335 447
1 8 2
263 207
1 10 2
134 218
1 6 2
421 13
1 6 2
124 268
1 5 2
20 363
1 11 2
272 168
1 7 2
392 482
1 15 2
247 293
1 4 2
423 368
1 11 2
48 378
1 6 2
44 314
1 15 2
159 351
1 14 2
421 266
1 13 2
382 149
1 6 2
230 172
1 9 2
367 252
1 8 2
248 94
1 10 2
311 299
1 15 2
238 240
1 2 2
305 450
1 10 2
272 149
1 6 2
492 450
1 8 2
483 326
1 4 2
495 8
1 10 2
315 394
1 2 2
304 448
1 3 2
332 96
1 12 2
282 472
1 6 2
378 90
1 11 2
302 387
1 12 2
377 413
1 13 2
206 281
1 9 2
475 119
1 5 2
279 486
1 11 2
184 266
1 4 2
261 33
1 15 2
44 144
1 15 2
489 253
1 13 2
269 420
1 2 2
335 99
1 15 2
12 347
1 11 2
336 404
1 9 2
148 176
1 10 2
176 253
1 14 2
141 211
1 11 2
374 268
1 4 2
162 431
1 9 2
199 62
1 2 2
398 293
1 11 2
428 211
1 12 2
468 265
1 15 2
479 39
1 12 2
4 386
1 14 2
117 175
1 7 2
321 140
1 12 2
95 94
1 10 2
33 441
1 9 2
357 167
1 14 2
252 263
1 8 2
164 335
1 7 2
57 497
1 13 2
46 248
1 5 2
478 329
1 5 2
209 224
1 2 2
440 340
1 5 2
51 197
1 4 2
123 237
1 8 2
57 53
1 15 2
405 259
1 11 2
406 124
1 15 2
195 362
1 13 2
53 79
1 10 2
295 230
1 14 2
184 472
1 13 2
161 136
1 5 2
34 260
1 14 2
301 16
1 4 2
202 12
1 12 2
231 141
1 14 2
338 412
1 11 2
189 149
1 2 2
77 120
1 5 2
383 98
1 4 2
406 360
1 15 2
464 340
1 13 2
284 285
1 4 2
306 276
1 7 2
308 33
1 15 2
136 54
1 8 2
479 46
1 11 2
27 339
1 6 2
65 247
1 6 2
449 201
1 7 2
381 194
1 7 2
27 272
1 2 2
213 84
1 3 2
205 234
1 8 2
435 428
1 7 2
206 53
1 9 2
492 403
1 10 2
220 173
1 2 2
460 122
1 8 2
281 69
1 2 2
421 285
1 14 2
439 300
1 14 2
494 322
1 13 2
137 305
1 10 2
453 84
1 12 2
450 98
1 13 2
327 438
1 5 2
159 214
1 8 2
7 86
1 7 2
296 53
1 10 2
251 253
1 4 2
94 334
1 10 2
344 487
1 15 2
12 403
1 11 2
421 321
1 5 2
90 382
1 12 2
32 36
1 6 2
365 50
1 13 2
173 439
1 8 2
418 330
1 4 2
296 24
1 8 2
195 160
1 7 2
307 363
1 7 2
338 221
1 11 2
22 127
1 8 2
176 281
1 11 2
213 263
1 6 2
437 408
1 5 2
41 213
1 14 2
436 445
1 3 2
317 183
1 4 2
387 490
1 11 2
158 327
1 4 2
314 443
1 12 2
162 79
1 14 2
431 216
1 6 2
379 457
1 2 2
165 169
1 12 2
360 160
1 12 2
392 51
1 4 2
36 203
1 14 2
221 233
1 5 2
415 122
1 2 2
480 293
1 12 2
245 484
1 6 2
434 376
1 6 2
388 68
1 3 2
202 170
1 15 2
158 285
1 10 2
216 365
1 7 2
30 52
1 5 2
200 20
1 4 2
293 128
1 8 2
110 416
1 7 2
106 26
1 13 2
136 443
1 11 2
435 356
1 15 2
53 170
1 11 2
284 231
1 7 2
330 147
1 9 2
94 237
1 10 2
433 44
1 13 2
131 237
1 4 2
191 320
1 13 2
456 168
1 8 2
255 107
1 4 2
458 210
1 2 2
399 485
1 15 2
495 395
1 10 2
445 142
1 6 2
94 121
1 13 2
356 421
1 7 2
38 80
1 15 2
318 492
1 6 2
207 440
1 5 2
46 467
1 15 2
104 419
1 6 2
231 121
1 10 2
448 6
1 10 2
239 6
1 14 2
175 461
1 8 2
142 68
1 14 2
274 372
1 7 2
40 495
1 7 2
178 405
1 7 2
251 192
1 12 2
387 97
1 4 2
354 176
1 2 2
320 83
1 5 2
240 277
1 9 2
176 267
1 2 2
492 320
1 12 2
412 7
1 4 2
192 75
1 12 2
71 53
1 8 2
178 153
1 11 2
324 233
1 9 2
363 55
1 10 2
412 393
1 14 2
137 283
1 6 2
403 38
1 14 2
435 279
1 11 2
221 414
1 8 2
492 133
1 14 2
453 412
1 7 2
363 172
1 4 2
83 383
1 14 2
404 34
1 11 2
152 147
1 2 2
129 458
1 14 2
256 13
1 15 2
222 130
1 7 2
12 62
1 10 2
267 435
1 2 2
403 112
1 13 2
106 376
1 7 2
230 79
1 7 2
338 440
1 15 2
300 258
1 8 2
357 279
1 2 2
149 246
1 14 2
26 78
1 3 2
454 287
1 11 2
265 477
1 6 2
317 23
1 7 2
460 68
1 12 2
350 128
1 3 2
487 75
1 11 2
403 78
1 11 2
468 254
1 13 2
159 81
1 4 2
124 221
1 14 2
188 62
1 10 2
342 383
1 4 2
70 32
1 15 2
436 260
1 11 2
316 334
1 8 2
231 237
1 4 2
207 249
1 14 2
375 276
1 2 2
70 188
1 4 2
400 437
1 3 2
214 435
1 12 2
213 273
1 7 2
17 94
1 13 2
303 487
1 8 2
325 380
1 4 2
166 17
1 11 2
211 198
1 11 2
385 115
1 12 2
256 341
1 9 2
5 382
1 10 2
350 433
1 14 2
261 200
1 9 2
237 240
1 2 2
11 299
1 11 2
126 498
1 13 2
246 401
1 6 2
324 239
1 15 2
62 384
1 5 2
327 389
1 8 2
210 194
1 9 2
294 260
1 15 2
143 242
1 5 2
366 494
1 9 2
496 56
1 14 2
351 484
1 3 2
326 123
1 15 2
395 424
1 14 2
316 178
1 3 2
285 358
1 9 2
336 334
1 15 2
246 299
1 13 2
270 0
1 14 2
169 442
1 2 2
365 213
1 15 2
463 393
1 10 2
147 486
1 8 2
224 213
1 12 2
61 129
1 10 2
82 325
1 13 2
399 294
1 6 2
390 330
1 6 2
250 342
1 4 2
441 384
1 3 2
57 105
1 2 2
164 425
1 14 2
375 90
1 5 2
303 14
1 7 2
16 348
1 2 2
315 119
1 7 2
471 192
1 13 2
450 182
1 5 2
475 16
1 15 2
153 179
1 8 2
103 429
1 2 2
79 331
1 3 2
32 13
1 7 2
383 218
1 15 2
491 401
1 6 2
92 304
1 6 2
159 331
1 6 2
2 81
1 14 2
55 122
1 4 2
401 437
1 15 2
291 112
1 6 2
160 497
1 12 2
362 193
1 3 2
258 342
1 12 2
20 65
1 4 2
199 383
1 4 2
173 476
1 4 2
451 378
1 9 2
22 393
1 12 2
425 373
1 11 2
334 468
1 7 2
195 349
1 9 2
447 32
1 5 2
57 22
1 8 2
204 165
1 3 2
124 388
1 13 2
383 446
1 8 2
426 82
1 8 2
305 397
1 2 2
467 35
1 6 2
62 194
1 7 2
310 150
1 7 2
23 240
1 12 2
94 62
1 3 2
204 96
1 7 2
280 331
1 13 2
354 376
1 4 2
122 58
1 13 2
342 77
1 2 2
310 304
1 9 2
73 265
1 5 2
75 301
1 15 2
390 327
1 2 2
314 480
1 2 2
165 172
1 14 2
455 392
1 6 2
44 444
1 6 2
466 81
1 14 2
230 78
1 7 2
157 420
1 9 2
72 397
1 2 2
206 64
1 2 2
24 336
1 3 2
235 339
1 13 2
344 284
1 14 2
417 162
1 11 2
205 30
1 15 2
37 238
1 9 2
485 25
1 7 2
114 31
1 3 2
54 88
1 7 2
336 27
1 8 2
240 360
1 11 2
117 491
1 7 2
396 219
1 13 2
458 287
1 7 2
89 223
1 2 2
159 67
1 9 2
177 367
1 3 2
152 35
1 3 2
105 172
1 3 2
458 483
1 9 2
80 115
1 5 2
50 393
1 6 2
145 191
1 13 2
132 293
1 10 2
408 208
1 13 2
92 477
1 11 2
16 3
1 8 2
72 149
1 6 2
478 319
1 11 2
225 482
1 13 2
450 366
1 8 2
69 376
1 3 2
429 354
1 7 2
262 370
1 5 2
295 245
1 9 2
454 339
1 4 2
488 96
1 12 2
421 21
1 3 2
290 324
1 4 2
80 235
1 7 2
410 132
1 14 2
150 399
1 11 2
389 10
1 2 2
84 337
1 15 2
268 421
1 12 2
395 144
1 7 2
256 370
1 11 2
462 336
1 4 2
273 70
1 10 2
70 72
1 10 2
443 2
1 4 2
165 273
1 6 2
79 449
1 7 2
380 2
1 3 2
186 42
1 8 2
247 472
1 8 2
112 342
1 9 2
123 275
1 14 2
434 84
1 4 2
66 150
1 4 2
20 119
1 8 2
263 97
1 13 2
8 499
1 3 2
482 284
1 10 2
439 380
1 5 2
369 15
1 8 2
472 170
1 8 2
119 213
1 4 2
198 274
1 11 2
71 208
1 14 2
401 133
1 15 2
288 466
1 10 2
391 240
1 11 2
4 31
1 12 2
487 285
1 7 2
436 262
1 10 2
371 123
1 11 2
234 474
1 4 2
371 447
1 6 2
159 165
1 8 2
493 235
1 12 2
60 277
1 9 2
308 181
1 9 2
448 477
1 11 2
297 61
1 8 2
159 114
1 13 2
322 331
1 12 2
136 476
1 7 2
486 141
1 11 2
270 252
1 4 2
319 488
1 9 2
262 112
1 4 2
488 353
1 10 2
14 318
1 6 2
236 229
1 7 2
490 114
1 10 2
391 180
1 9 2
274 184
1 8 2
364 185
1 11 2
463 69
1 7 2
26 406
1 13 2
352 11
1 10 2
104 215
1 11 2
407 62
1 4 2
181 251
1 11 2
100 269
1 14 2
332 147
1 9 2
398 279
1 8 2
216 188
1 14 2
350 467
1 12 2
86 46
1 2 2
125 102
1 12 2
37 294
1 6 2
56 321
1 2 2
199 31
1 9 2
415 386
1 6 2
455 273
1 15 2
370 467
1 15 2
52 234
1 14 2
176 382
1 13 2
300 190
1 3 2
323 70
1 11 2
299 173
1 7 2
209 28
1 3 2
443 494
1 5 2
113 198
1 5 2
326 37
1 10 2
372 435
1 7 2
153 205
1 8 2
277 251
1 15 2
42 55
1 7 2
234 327
1 8 2
151 68
1 3 2
413 490
1 2 2
359 197
1 9 2
470 134
1 10 2
301 277
1 11 2
222 95
1 2 2
137 67
1 6 2
409 361
1 8 2
435 98
1 8 2
406 139
1 14 2
186 39
1 15 2
211 186
1 14 2
71 257
1 14 2
52 110
1 12 2
232 464
1 5 2
115 484
1 9 2
330 342
1 2 2
337 371
1 14 2
381 253
1 3 2
346 235
1 6 2
233 23
1 14 2
126 241
1 4 2
283 161
1 9 2
470 409
1 6 2
86 244
1 12 2
490 97
1 12 2
153 455
1 5 2
206 352
1 10 2
424 379
1 12 2
278 383
1 14 2
360 83
1 10 2
479 353
1 2 2
403 335
1 14 2
394 162
1 2 2
287 24
1 3 2
464 14
1 5 2
321 297
1 15 2
210 396
1 15 2
126 30
1 11 2
418 170
1 13 2
164 400
1 9 2
440 170
1 14 2
324 426
1 10 2
44 247
1 12 2
108 216
1 7 2
89 154
1 10 2
491 75
1 6 2
165 351
1 11 2
277 238
1 10 2
2 343
1 7 2
472 338
1 10 2
204 28
1 5 2
248 127
1 7 2
447 128
1 9 2
465 477
1 9 2
383 122
1 7 2
95 198
1 10 2
146 423
1 3 2
225 388
1 10 2
381 311
1 10 2
66 306
1 11 2
41 439
1 8 2
252 495
1 12 2
373 348
1 2 2
171 27
1 5 2
320 57
1 4 2
241 120
1 10 2
174 136
1 15 2
373 207
1 10 2
69 296
1 8 2
52 13
1 9 2
71 233
1 7 2
281 284
1 6 2
190 204
1 10 2
37 239
1 15 2
32 397
1 4 2
342 244
1 5 2
16 52
1 13 2
97 91
1 6 2
492 118
1 7 2
146 336
1 2 2
62 294
1 12 2
499 453
1 2 2
349 450
1 7 2
456 445
1 12 2
19 388
1 14 2
324 14
1 14 2
441 94
1 7 2
16 335
1 9 2
375 283
1 15 2
186 194
1 9 2
289 427
1 9 2
6 444
1 8 2
159 2
1 14 2
413 104
1 8 2
248 105
1 4 2
167 221
1 2 2
138 274
1 13 2
360 8
1 11 2
436 416
1 6 2
102 418
1 10 2
491 146
1 6 2
341 422
1 11 2
318 460
1 2 2
310 44
1 7 2
272 477
1 7 2
128 343
1 4 2
59 40
1 3 2
375 207
1 8 2
54 145
1 10 2
117 252
1 4 2
448 343
1 12 2
208 460
1 4 2
272 28
1 7 2
332 457
1 8 2
276 206
1 6 2
19 17
1 11 2
477 110
1 10 2
377 255
1 10 2
243 59
1 12 2
54 425
1 13 2
94 47
1 11 2
408 131
1 14 2
317 190
1 7 2
283 252
1 3 2
37 269
1 7 2
221 14
1 2 2
342 137
1 13 2
374 436
1 12 2
286 277
1 6 2
242 272
1 4 2
148 328
1 6 2
122 359
1 2 2
151 346
1 4 2
375 414
1 6 2
6 364
1 10 2
315 41
1 11 2
193 167
1 5 2
307 147
1 7 2
308 208
1 8 2
462 141
1 4 2
15 211
1 7 2
204 127
1 3 2
176 144
1 15 2
293 309
1 14 2
254 381
1 5 2
187 107
1 6 2
410 334
1 10 2
439 109
1 11 2
472 227
1 11 2
83 215
1 14 2
73 191
1 8 2
223 199
1 13 2
108 87
1 5 2
268 394
1 3 2
155 22
1 11 2
133 394
1 15 2
316 171
1 4 2
236 189
1 15 2
250 346
1 10 2
471 107
1 3 2
178 204
1 9 2
164 64
1 6 2
492 454
1 12 2
497 2
1 3 2
248 197
1 12 2
495 194
1 4 2
58 131
1 13 2
235 221
1 3 2
86 377
1 9 2
332 68
1 4 2
385 19
1 2 2
384 246
1 4 2
369 309
1 10 2
66 263
1 12 2
449 146
1 2 2
226 84
1 2 2
21 301
1 10 2
225 297
1 15 2
195 185
1 4 2
402 113
1 15 2
46 454
1 6 2
82 431
1 2 2
421 258
1 3 2
225 454
1 2 2
136 361
1 3 2
481 27
1 10 2
225 292
1 8 2
35 371
1 10 2
111 269
1 14 2
291 471
1 2 2
215 454
1 3 2
442 91
1 3 2
225 273
1 10 2
411 485
1 3 2
387 89
1 9 2
413 333
1 11 2
55 357
1 4 2
0 261
1 2 2
337 285
1 3 2
137 48
1 13 2
374 105
1 10 2
7 72
1 6 2
288 185
1 6 2
182 344
1 13 2
206 49
1 3 2
168 374
1 3 2
413 361
1 4 2
470 41
1 10 2
0 271
1 5 2
314 104
1 5 2
394 401
1 13 2
165 362
1 2 2
262 113
1 8 2
399 216
1 11 2
234 47
1 14 2
325 212
1 15 2
261 154
1 8 2
492 5
1 13 2
417 71
1 7 2
249 373
1 3 2
409 33
1 15 2
7 166
1 8 2
276 440
1 10 2
489 343
1 2 2
478 259
1 10 2
402 55
1 11 2
105 238
1 4 2
392 341
1 7 2
106 38
1 10 2
66 94
1 12 2
108 112
1 2 2
494 444
1 10 2
409 398
1 12 2
338 362
1 14 2
221 314
1 8 2
43 200
1 8 2
420 215
1 2 2
137 318
1 4 2
114 362
1 3 2
233 162
1 10 2
333 263
1 11 2
70 375
1 13 2
64 349
1 13 2
32 274
1 7 2
323 259
1 15 2
314 257
1 11 2
463 381
1 14 2
376 196
1 2 2
292 331
1 7 2
259 2
1 12 2
397 19
1 15 2
349 370
1 12 2
457 243
1 9 2
231 10
1 5 2
106 372
1 14 2
209 400
1 9 2
107 97
1 3 2
319 353
1 14 2
198 277
1 6 2
465 356
1 15 2
484 447
1 9 2
443 293
1 7 2
190 25
1 8 2
261 407
1 8 2
39 405
1 3 2
193 278
1 11 2
113 454
1 12 2
402 294
1 15 2
484 155
1 7 2
75 213
1 15 2
143 137
1 6 2
446 393
1 7 2
423 48
1 12 2
70 98
1 3 2
122 125
1 2 2
288 324
1 3 2
495 180
1 4 2
474 191
1 7 2
27 120
1 2 2
437 135
1 14 2
60 88
1 12 2
283 396
1 3 2
175 0
1 4 2
405 150
1 6 2
476 329
1 2 2
408 39
1 10 2
253 278
1 10 2
462 203
1 5 2
396 145
1 9 2
210 196
1 9 2
184 269
1 5 2
369 404
1 13 2
88 70
1 14 2
269 454
1 8 2
181 200
1 6 2
326 126
1 8 2
436 319
1 4 2
486 12
1 8 2
317 94
1 8 2
123 436
1 5 2
252 97
1 3 2
278 271
1 4 2
243 2
1 15 2
331 101
1 2 2
32 281
1 4 2
389 145
1 6 2
351 37
1 4 2
106 334
1 2 2
218 131
1 4 2
435 24
1 12 2
303 300
1 12 2
194 301
1 2 2
279 436
1 8 2
461 364
1 14 2
349 241
1 2 2
26 179
1 12 2
359 173
1 8 2
498 433
1 12 2
444 290
1 12 2
267 127
1 9 2
19 340
1 5 2
286 301
1 8 2
55 289
1 10 2
388 85
1 8 2
63 3
1 9 2
32 460
1 5 2
258 304
1 10 2
450 290
1 13 2
235 407
1 6 2
409 343
1 8 2
390 395
1 10 2
73 237
1 4 2
213 45
1 4 2
257 209
1 15 2
457 84
1 10 2
409 249
1 9 2
436 52
1 9 2
124 257
1 2 2
450 74
1 15 2
196 195
1 6 2
14 160
1 14 2
294 142
1 6 2
174 16
1 4 2
209 111
1 5 2
240 248
1 2 2
2 404
1 4 2
59 461
1 3 2
419 343
1 6 2
7 200
1 6 2
1 407
1 7 2
340 21
1 8 2
427 237
1 8 2
343 196
1 6 2
218 383
1 5 2
110 207
1 13 2
359 318
1 11 2
134 281
1 15 2
391 389
1 10 2
10 233
1 6 2
465 301
1 11 2
489 325
1 2 2
182 417
1 4 2
310 452
1 6 2
396 317
1 11 2
112 107
1 13 2
399 126
1 4 2
21 231
1 12 2
112 193
1 7 2
408 456
1 11 2
411 128
1 3 2
258 234
1 8 2
326 20
1 3 2
290 231
1 3 2
90 405
1 5 2
436 22
1 7 2
458 410
1 7 2
171 334
1 12 2
416 419
1 10 2
387 155
1 12 2
328 477
1 4 2
145 167
1 15 2
326 151
1 14 2
385 331
1 7 2
252 228
1 12 2
386 429
1 7 2
428 133
1 15 2
495 415
1 11 2
65 164
1 5 2
373 103
1 6 2
270 304
1 3 2
130 367
1 7 2
368 184
1 9 2
359 20
1 7 2
33 408
1 4 2
236 276
1 4 2
153 492
1 11 2
433 356
1 4 2
294 176
1 11 2
379 377
1 7 2
357 233
1 9 2
371 116
1 11 2
196 190
1 13 2
270 163
1 7 2
359 423
1 13 2
366 300
1 14 2
414 499
1 6 2
217 335
1 8 2
238 337
1 11 2
445 303
1 7 2
161 127
1 12 2
358 102
1 5 2
371 416
1 13 2
434 241
1 15 2
450 79
1 14 2
221 117
1 14 2
26 44
1 4 2
116 343
1 5 2
94 158
1 13 2
89 51
1 7 2
361 236
1 9 2
339 292
1 8 2
77 373
1 11 2
450 360
1 5 2
489 468
1 12 2
24 439
1 3 2
182 56
1 8 2
47 16
1 14 2
144 145
1 8 2
431 160
1 6 2
25 179
1 15 2
212 160
1 13 2
67 468
1 9 2
144 285
1 6 2
490 482
1 10 2
354 220
1 13 2
180 203
1 9 2
420 87
1 13 2
40 437
1 5 2
273 208
1 10 2
327 195
1 3 2
487 81
1 8 2
335 69
1 7 2
387 213
1 9 2
203 321
1 12 2
286 158
1 2 2
212 178
1 14 2
310 231
1 10 2
266 262
1 8 2
83 4
1 11 2
487 452
1 4 2
29 397
1 7 2
302 36
1 13 2
190 217
1 6 2
355 275
1 9 2
76 59
1 3 2
136 456
1 13 2
69 248
1 7 2
450 199
1 15 2
225 49
1 8 2
100 229
1 6 2
300 273
1 7 2
181 399
1 13 2
147 141
1 4 2
414 117
1 7 2
50 161
1 7 2
356 492
1 2 2
459 275
1 2 2
221 379
1 6 2
228 432
1 5 2
494 254
1 11 2
19 267
1 4 2
493 104
1 7 2
124 109
1 15 2
417 292
1 13 2
126 428
1 13 2
61 398
1 11 2
310 183
1 7 2
130 342
1 7 2
411 100
1 8 2
56 432
1 5 2
449 132
1 10 2
44 403
1 10 2
460 51
1 11 2
283 139
1 5 2
402 44
1 9 2
287 195
1 4 2
60 499
1 12 2
473 207
1 14 2
10 420
1 11 2
14 286
1 13 2
350 166
1 6 2
231 478
1 12 2
416 64
1 13 2
418 323
1 15 2
47 333
1 4 2
493 430
1 5 2
210 69
1 3 2
254 357
1 15 2
397 82
1 2 2
413 216
1 7 2
339 264
1 12 2
65 472
1 2 2
378 480
1 7 2
92 320
1 14 2
324 186
1 11 2
348 91
1 2 2
194 160
1 5 2
339 411
1 8 2
149 459
1 8 2
258 434
1 11 2
236 54
1 12 2
235 148
1 14 2
22 207
1 5 2
282 24
1 14 2
53 258
1 14 2
433 422
1 10 2
253 151
1 10 2
495 288
1 10 2
159 412
1 7 2
484 489
1 10 2
430 445
1 5 2
173 266
1 4 2
13 305
1 14 2
396 180
1 7 2
261 430
1 3 2
288 231
1 7 2
230 173
1 8 2
74 366
1 4 2
327 149
1 8 2
180 473
1 4 2
232 490
1 10 2
337 112
1 5 2
343 478
1 6 2
224 393
1 6 2
336 296
1 2 2
87 324
1 2 2
109 73
1 13 2
423 159
1 13 2
415 468
1 15 2
44 353
1 11 2
187 16
1 9 2
181 386
1 2 2
298 386
1 10 2
159 419
1 8 2
449 36
1 7 2
152 259
1 7 2
404 143
1 8 2
190 5
1 9 2
35 77
1 13 2
62 117
1 10 2
253 11
1 8 2
347 66
1 3 2
388 252
1 2 2
58 331
1 10 2
313 475
1 2 2
56 101
1 12 2
242 384
1 15 2
475 269
1 4 2
364 388
1 3 2
152 97
1 12 2
10 301
1 13 2
246 286
1 9 2
277 404
1 3 2
442 457
1 14 2
282 424
1 6 2
407 314
1 14 2
199 102
1 11 2
20 155
1 15 2
209 495
1 13 2
337 360
1 14 2
17 361
1 3 2
189 461
1 7 2
332 1
1 5 2
89 309
1 8 2
260 113
1 5 2
403 455
1 13 2
142 56
1 3 2
296 263
1 6 2
308 488
1 12 2
83 398
1 14 2
479 218
1 7 2
217 361
1 7 2
68 70
1 15 2
432 180
1 14 2
348 408
1 15 2
458 312
1 14 2
265 422
1 8 2
458 50
1 7 2
314 344
1 11 2
303 288
1 6 2
4 70
1 7 2
198 398
1 6 2
152 223
1 7 2
47 455
1 10 2
0 328
1 2 2
362 461
1 7 2
462 10
1 15 2
369 59
1 3 2
234 294
1 13 2
396 334
1 5 2
214 139
1 8 2
177 437
1 15 2
442 252
1 13 2
254 3
1 9 2
294 223
1 10 2
95 275
1 6 2
178 482
1 9 2
231 294
1 12 2
334 192
1 14 2
419 328
1 2 2
232 406
1 9 2
80 415
1 8 2
393 170
1 7 2
168 70
1 11 2
482 153
1 10 2
438 388
1 8 2
278 119
1 4 2
124 395
1 3 2
346 339
1 3 2
142 439
1 11 2
353 68
1 11 2
216 378
1 4 2
20 72
1 10 2
466 491
1 15 2
20 14
1 2 2
447 119
1 4 2
192 98
1 5 2
101 292
1 9 2
23 94
1 11 2
170 163
1 6 2
39 72
1 9 2
478 196
1 13 2
451 196
1 7 2
219 179
1 2 2
372 356
1 10 2
170 60
1 12 2
100 200
1 8 2
316 101
1 2 2
146 283
1 9 2
222 409
1 6 2
111 82
1 14 2
385 319
1 6 2
37 52
1 6 2
271 283
1 10 2
491 486
1 11 2
129 253
1 12 2
393 99
1 15 2
149 88
1 3 2
462 132
1 15 2
430 122
1 11 2
493 490
1 5 2
45 83
1 11 2
430 158
1 3 2
367 130
1 5 2
120 155
1 5 2
216 283
1 12 2
155 261
1 14 2
245 368
1 14 2
62 252
1 10 2
343 270
1 10 2
239 313
1 11 2
187 318
1 12 2
408 494
1 2 2
313 52
1 8 2
369 116
1 8 2
46 192
1 7 2
454 77
1 5 2
72 435
1 7 2
56 316
1 15 2
277 191
1 9 2
289 22
1 12 2
223 488
1 14 2
5 90
1 11 2
328 315
1 9 2
52 398
1 3 2
454 480
1 5 2
14 342
1 10 2
482 452
1 3 2
193 434
1 11 2
239 390
1 5 2
465 0
1 13 2
170 412
1 4 2
378 135
1 14 2
64 258
1 6 2
363 428
1 5 2
103 121
1 4 2
227 157
1 15 2
165 425
1 6 2
332 94
1 15 2
20 75
1 15 2
3 40
1 10 2
410 290
1 4 2
80 446
1 5 2
209 460
1 7 2
497 348
1 10 2
439 60
1 6 2
75 39
1 11 2
498 44
1 8 2
64 5
1 6 2
285 462
1 4 2
229 117
1 6 2
247 5
1 22 2
52 476
1 16 2
408 283
1 26 2
454 201
1 10 2
260 465
1 8 2
172 138
1 8 2
294 89
1 26 2
473 361
1 18 2
452 276
1 18 2
128 166
1 16 2
233 305
1 4 2
452 456
1 26 2
168 84
1 8 2
409 112
1 6 2
130 437
1 6 2
498 472
