700 4171 2100
17 7 23 9 15 16 18 24 11 15 7 7 20 17 18 18 12 7 10 15 17 11 23 20 16 12 25 7 10 13 6 21 9 5 16 9 20 14 8 25 14 21 12 15 23 9 19 12 18 23 15 9 20 8 10 16 21 9 11 13 5 25 11 8 13 22 15 24 12 23 18 5 13 24 5 22 6 5 9 20 22 17 19 25 13 20 18 16 9 12 12 14 13 24 25 13 16 12 10 23 21 15 25 7 20 18 8 12 20 17 21 25 19 19 11 6 12 18 21 21 18 16 7 11 6 6 25 7 22 7 15 24 25 9 5 9 19 11 16 23 12 9 21 8 25 19 14 14 17 18 9 11 9 12 23 11 9 5 5 19 19 22 21 19 13 16 12 15 17 7 22 13 22 9 21 25 5 22 13 8 22 11 11 23 13 5 23 16 16 17 9 17 24 10 8 23 6 19 5 5 25 11 9 17 11 14 18 16 21 12 11 8 25 24 16 25 5 10 19 16 8 14 19 20 20 12 15 21 21 14 7 18 11 8 10 6 5 14 12 7 22 12 8 21 11 24 8 19 22 21 8 13 12 15 21 13 25 11 20 6 15 13 20 17 12 20 8 7 19 11 5 16 24 19 10 14 20 22 7 17 18 19 25 12 5 6 12 22 24 17 8 20 18 5 24 10 8 21 25 7 11 8 17 5 22 23 18 22 20 14 10 23 23 5 18 20 7 13 17 6 22 25 6 12 14 15 21 5 16 17 18 20 24 24 24 6 19 23 5 23 11 11 11 16 23 21 23 18 16 16 7 5 11 15 19 9 8 20 19 16 25 21 20 24 11 16 17 12 21 12 5 11 19 8 16 13 5 18 23 7 21 21 11 24 15 11 10 17 16 22 18 11 15 8 12 11 21 11 22 18 21 23 5 6 9 12 14 16 25 8 15 16 23 6 12 24 23 14 24 6 19 21 9 8 19 21 12 16 11 15 13 22 9 25 8 23 7 16 24 8 15 11 24 6 23 7 13 21 12 12 5 10 16 7 6 22 22 18 12 25 19 13 15 11 24 12 10 20 15 7 12 22 20 20 24 20 9 12 7 11 8 23 16 17 20 5 9 15 12 19 6 9 25 12 23 18 20 23 16 20 23 19 21 16 7 6 19 7 15 12 13 24 19 7 6 16 25 8 23 14 20 9 20 5 11 9 16 19 25 24 13 17 12 10 15 23 5 5 6 15 24 12 25 22 7 14 7 7 13 16 17 21 14 17 12 15 17 8 19 24 24 9 13 5 17 19 22 19 17 11 17 14 9 20 10 20 15 17 14 7 20 16 23 14 14 16 23 17 13 19 11 16 18 18 11 10 12 24 8 20 8 7 25 21 20 23 18 21 17 8 25 22 20 9 22 17 20 18 11 22 23 11 10 7 10 11 8 22 9 9 13 11 14 20 14 14 23 25 21 17 17 18 11 20 14 17 20 9 14 17 13 9 18 21 17 23 20 24 24 6 13 16 20 11 10 20 7 7 13 15 10 19 19 18 12 17 13 14 22 16 17 12 9 16 10 6 13 15 21 14 9 6 13 5 25 20 15 7 15 25
3 15 5 18 14 6 6 4 5 7 14 17 18 11 12 9 15 9 11 10 15 20 15 4 4 16 9 13 5 9 5 18 20 6 12 18 18 3 14 8 6 9 12 16 18 9 11 3 10 18 4 10 4 14 18 5 9 19 11 11 13 8 9 19 5 5 16 10 10 19 6 6 18 11 11 15 7 11 6 19 9 20 18 20 16 11 19 4 15 7 6 13 6 5 17 14 17 3 8 15 11 20 3 8 14 10 16 17 14 18 12 15 15 10 7 7 3 10 13 4 3 19 5 4 4 19 18 6 10 8 11 5 12 3 6 16 18 18 10 15 10 14 10 9 6 19 7 8 8 4 15 6 13 10 10 17 6 7 13 8 4 8 12 16 15 11 6 15 16 13 18 7 18 18 11 9 12 7 17 19 14 16 8 3 6 9 17 17 12 5 20 15 19 18 15 11 3 4 17 19 6 16 9 8 8 3 16 19 15 11 11 13 11 11 6 17 15 4 20 12 6 4 3 11 12 5 10 15 19 6 5 15 8 20 4 14 3 16 3 11 9 16 4 18 19 11 19 9 15 20 10 4 11 15 7 7 16 5 12 18 16 11 11 19 5 12 3 8 8 9 19 19 17 4 17 10 17 12 13 19 14 20 11 3 4 3 11 13 10 18 14 6 7 9 5 10 8 17 20 12 12 16 17 16 13 16 10 8 4 4 16 17 4 9 7 14 5 14 12 14 14 3 12 15 16 13 5 14 14 13 9 20 9 16 3 20 5 14 18 13 6 17 16 16 3 7 16 8 19 5 10 8 9 11 17 15 6 3 20 19 16 14 20 12 12 4 18 14 11 18 7 20 17 15 9 4 5 9 4 17 17 6 14 20 7 5 7 13 20 9 10 17 18 5 15 13 10 11 12 16 4 4 18 16 15 11 20 3 9 16 8 13 11 11 9 18 11 7 6 10 15 13 8 6 18 11 20 8 4 20 13 18 4 15 13 20 3 3 11 17 6 10 6 20 18 6 11 3 19 15 5 9 13 9 7 18 13 16 19 3 5 12 9 4 7 14 16 7 3 17 5 12 11 15 11 4 17 11 5 9 18 10 15 14 16 4 14 14 17 9 10 20 11 16 19 16 19 15 17 12 14 20 5 9 10 16 15 3 14 18 20 16 16 6 20 17 13 14 9 4 8 7 4 18 3 13 13 17 12 15 16 16 11 7 6 4 16 9 8 17 16 18 5 3 20 10 17 13 10 10 8 3 19 12 9 13 15 9 3 11 5 11 14 4 9 4 17 19 5 17 9 4 18 3 6 12 9 19 18 15 15 8 4 13 19 15 5 8 6 8 6 16 12 12 14 19 13 15 20 16 5 17 14 11 7 12 3 19 18 7 16 19 15 9 4 10 12 16 4 16 19 15 6 15 6 11 8 19 13 3 12 14 3 12 16 4 12 3 6 19 7 7 9 14 11 16 13 5 16 10 18 14 20 12 10 7 7 10 5 14 17 16 5 17 9 18 8 19 4 13 18 14 13 14 3 17 9 6 5 10 15 8 8 14 16 12 9 19 9 14 13 20 3 18 15 11 4 19 9 16
1 5 2
462 306
1 14 2
180 139
1 6 2
484 277
1 9 2
116 412
1 14 2
382 439
1 12 2
286 323
1 14 2
661 517
1 5 2
200 481
1 6 2
476 580
1 10 2
336 432
1 11 2
481 7
1 4 2
570 421
1 8 2
26 106
1 15 2
444 463
1 11 2
520 576
1 13 2
392 299
1 3 2
17 271
1 3 2
439 305
1 9 2
611 648
1 7 2
370 26
1 4 2
612 690
1 11 2
468 326
1 12 2
352 331
1 7 2
189 578
1 15 2
470 130
1 14 2
120 435
1 8 2
50 87
1 2 2
320 129
1 9 2
306 506
1 2 2
573 35
1 10 2
688 145
1 9 2
408 579
1 7 2
344 645
1 14 2
41 461
1 15 2
641 215
1 12 2
204 181
1 3 2
479 567
1 4 2
435 96
1 2 2
234 14
1 11 2
86 675
1 5 2
536 11
1 8 2
171 662
1 6 2
332 131
1 3 2
169 638
1 11 2
508 478
1 9 2
22 540
1 3 2
313 486
1 7 2
225 371
1 4 2
402 179
1 15 2
341 91
1 14 2
471 290
1 6 2
443 383
1 6 2
582 13
1 8 2
618 43
1 7 2
455 134
1 10 2
197 624
1 9 2
505 197
1 14 2
513 211
1 14 2
566 611
1 5 2
48 674
1 10 2
588 610
1 3 2
680 275
1 13 2
250 193
1 6 2
158 674
1 9 2
304 681
1 9 2
139 502
1 5 2
603 489
1 3 2
452 468
1 7 2
48 134
1 9 2
619 535
1 7 2
688 337
1 10 2
17 564
1 3 2
606 60
1 6 2
309 195
1 8 2
189 505
1 3 2
379 317
1 10 2
533 297
1 15 2
180 338
1 15 2
481 653
1 9 2
331 518
1 3 2
189 141
1 11 2
151 97
1 13 2
78 402
1 8 2
485 466
1 12 2
686 138
1 11 2
464 154
1 14 2
554 646
1 9 2
504 343
1 3 2
30 304
1 2 2
86 34
1 2 2
688 87
1 5 2
342 190
1 12 2
638 448
1 13 2
249 688
1 6 2
191 392
1 8 2
404 124
1 11 2
688 168
1 14 2
39 218
1 2 2
166 7
1 3 2
638 244
1 5 2
336 316
1 9 2
244 382
1 12 2
361 362
1 4 2
67 698
1 3 2
260 645
1 15 2
99 186
1 5 2
370 304
1 12 2
10 535
1 11 2
105 406
1 10 2
145 177
1 9 2
144 298
1 13 2
355 397
1 13 2
462 605
1 6 2
126 460
1 2 2
351 332
1 6 2
397 422
1 5 2
577 608
1 13 2
444 375
1 7 2
461 35
1 3 2
631 380
1 14 2
334 445
1 5 2
265 287
1 15 2
26 635
1 11 2
397 558
1 2 2
22 400
1 11 2
563 588
1 9 2
148 649
1 3 2
526 412
1 10 2
519 303
1 14 2
25 172
1 3 2
253 190
1 3 2
658 240
1 12 2
413 455
1 8 2
285 476
1 6 2
113 538
1 14 2
322 103
1 14 2
436 162
1 4 2
683 94
1 6 2
326 589
1 2 2
424 209
1 3 2
641 562
1 2 2
699 638
1 2 2
597 216
1 7 2
466 420
1 2 2
60 421
1 13 2
621 80
1 11 2
598 194
1 14 2
258 52
1 5 2
616 494
1 5 2
406 313
1 12 2
118 47
1 2 2
622 287
1 7 2
395 457
1 10 2
212 621
1 8 2
103 663
1 5 2
93 342
1 2 2
551 609
1 12 2
515 450
1 7 2
188 557
1 12 2
323 665
1 12 2
325 352
1 2 2
673 236
1 8 2
479 125
1 7 2
244 95
1 13 2
506 538
1 9 2
52 650
1 9 2
21 459
1 3 2
302 679
1 7 2
583 60
1 4 2
29 211
1 15 2
245 627
1 13 2
312 595
1 2 2
54 216
1 3 2
145 539
1 14 2
631 441
1 9 2
425 88
1 10 2
306 485
1 3 2
545 256
1 4 2
175 474
1 6 2
221 144
1 6 2
339 587
1 7 2
301 39
1 7 2
148 295
1 5 2
457 127
1 6 2
218 365
1 12 2
206 121
1 9 2
434 243
1 12 2
27 521
1 15 2
650 108
1 10 2
491 313
1 7 2
248 515
1 4 2
127 235
1 8 2
28 228
1 8 2
175 237
1 8 2
597 674
1 2 2
557 259
1 2 2
60 29
1 12 2
5 42
1 4 2
483 7
1 3 2
267 458
1 2 2
693 68
1 6 2
586 414
1 2 2
158 155
1 11 2
23 59
1 9 2
367 480
1 5 2
581 11
1 15 2
345 377
1 12 2
284 608
1 6 2
454 663
1 9 2
515 203
1 9 2
418 222
1 13 2
556 352
1 10 2
403 70
1 14 2
84 10
1 8 2
322 14
1 12 2
193 163
1 13 2
290 630
1 8 2
131 578
1 12 2
452 382
1 2 2
510 672
1 5 2
692 217
1 2 2
509 269
1 11 2
611 161
1 11 2
544 279
1 5 2
11 380
1 10 2
652 348
1 14 2
162 635
1 4 2
499 92
1 2 2
41 492
1 14 2
321 140
1 15 2
70 305
1 7 2
566 351
1 11 2
482 538
1 15 2
419 327
1 7 2
214 685
1 8 2
365 145
1 10 2
134 228
1 10 2
86 94
1 4 2
106 656
1 5 2
62 12
1 10 2
107 575
1 15 2
113 375
1 11 2
638 293
1 3 2
411 270
1 5 2
125 102
1 4 2
469 580
1 15 2
392 203
1 15 2
137 118
1 8 2
225 209
1 5 2
138 407
1 11 2
698 461
1 12 2
571 221
1 13 2
63 91
1 15 2
667 614
1 11 2
98 153
1 2 2
213 557
1 3 2
605 447
1 10 2
604 455
1 2 2
346 62
1 10 2
656 121
1 7 2
49 692
1 3 2
626 566
1 15 2
627 224
1 7 2
146 429
1 9 2
141 393
1 14 2
318 666
1 4 2
117 334
1 11 2
226 147
1 2 2
469 134
1 13 2
293 503
1 14 2
613 654
1 5 2
632 657
1 6 2
653 70
1 2 2
148 228
1 2 2
297 469
1 6 2
530 339
1 13 2
414 106
1 4 2
23 11
1 8 2
295 61
1 9 2
139 555
1 12 2
371 293
1 12 2
60 430
1 4 2
336 213
1 12 2
452 34
1 11 2
494 172
1 3 2
187 509
1 15 2
275 89
1 6 2
637 435
1 14 2
55 634
1 6 2
277 452
1 7 2
483 297
1 8 2
696 115
1 14 2
578 543
1 14 2
186 262
1 11 2
687 424
1 4 2
62 509
1 5 2
447 187
1 9 2
201 239
1 4 2
203 85
1 6 2
566 417
1 10 2
8 665
1 4 2
444 422
1 7 2
647 690
1 8 2
140 333
1 2 2
582 178
1 15 2
180 123
1 14 2
694 645
1 10 2
77 657
1 8 2
40 525
1 13 2
16 361
1 9 2
340 210
1 9 2
568 380
1 10 2
117 236
1 4 2
205 610
1 6 2
306 329
1 12 2
276 425
1 4 2
606 583
1 4 2
309 485
1 12 2
68 33
1 15 2
260 257
1 13 2
129 236
1 9 2
540 428
1 11 2
287 157
1 13 2
358 487
1 12 2
353 512
1 3 2
629 340
1 13 2
42 152
1 4 2
677 349
1 12 2
71 50
1 8 2
344 284
1 13 2
314 28
1 14 2
268 154
1 3 2
253 175
1 11 2
312 313
1 6 2
544 127
1 8 2
343 54
1 13 2
127 625
1 9 2
61 129
1 14 2
203 517
1 2 2
571 93
1 15 2
447 20
1 5 2
114 342
1 4 2
497 634
1 11 2
179 82
1 6 2
660 197
1 11 2
151 487
1 14 2
422 262
1 6 2
497 288
1 8 2
495 612
1 15 2
600 386
1 2 2
589 612
1 15 2
123 226
1 10 2
516 20
1 2 2
292 354
1 6 2
586 325
1 7 2
85 157
1 7 2
439 506
1 13 2
178 109
1 11 2
157 95
1 15 2
403 137
1 4 2
512 497
1 14 2
343 132
1 11 2
265 160
1 5 2
475 43
1 14 2
127 252
1 11 2
550 570
1 11 2
568 168
1 14 2
579 423
1 7 2
568 652
1 8 2
339 400
1 9 2
432 431
1 14 2
31 143
1 6 2
294 54
1 14 2
435 325
1 8 2
270 585
1 14 2
225 184
1 13 2
615 498
1 14 2
318 263
1 5 2
16 38
1 2 2
72 625
1 13 2
327 694
1 15 2
338 656
1 6 2
351 350
1 5 2
657 371
1 5 2
8 529
1 5 2
137 416
1 3 2
422 586
1 3 2
21 114
1 3 2
530 170
1 15 2
187 62
1 6 2
349 21
1 4 2
627 104
1 9 2
649 443
1 13 2
259 92
1 2 2
507 413
1 15 2
207 413
1 7 2
274 428
1 4 2
127 134
1 6 2
1 214
1 6 2
558 267
1 4 2
103 639
1 15 2
161 632
1 14 2
569 22
1 6 2
290 677
1 13 2
222 379
1 3 2
51 14
1 4 2
179 361
1 6 2
85 25
1 9 2
445 525
1 4 2
44 416
1 15 2
137 39
1 9 2
296 25
1 9 2
84 698
1 13 2
245 252
1 3 2
236 342
1 3 2
622 26
1 14 2
249 301
1 2 2
223 380
1 8 2
683 223
1 12 2
635 127
1 8 2
228 375
1 2 2
495 530
1 14 2
323 277
1 2 2
533 70
1 15 2
513 4
1 13 2
654 362
1 14 2
572 130
1 5 2
96 541
1 15 2
624 307
1 5 2
1 393
1 8 2
400 437
1 8 2
122 339
1 11 2
170 328
1 7 2
692 220
1 7 2
64 316
1 5 2
597 581
1 6 2
588 215
1 12 2
381 448
1 3 2
85 92
1 4 2
446 178
1 14 2
553 586
1 5 2
72 636
1 2 2
558 660
1 8 2
361 329
1 13 2
611 230
1 15 2
507 71
1 14 2
208 570
1 11 2
19 74
1 5 2
397 153
1 11 2
392 625
1 10 2
28 301
1 3 2
253 547
1 5 2
285 444
1 15 2
439 487
1 4 2
229 159
1 13 2
671 326
1 13 2
20 3
1 13 2
88 402
1 10 2
213 267
1 13 2
585 493
1 10 2
503 458
1 3 2
452 623
1 3 2
78 690
1 3 2
364 97
1 15 2
8 479
1 4 2
586 197
1 9 2
589 148
1 15 2
421 185
1 14 2
341 212
1 5 2
186 658
1 14 2
93 374
1 14 2
651 678
1 7 2
132 36
1 15 2
61 1
1 3 2
539 435
1 12 2
406 390
1 3 2
489 605
1 10 2
684 143
1 8 2
377 1
1 2 2
287 362
1 9 2
600 253
1 14 2
428 578
1 7 2
582 181
1 6 2
562 425
1 3 2
223 124
1 4 2
522 228
1 5 2
417 639
1 10 2
8 603
1 5 2
19 179
1 11 2
359 317
1 4 2
280 634
1 10 2
500 557
1 10 2
655 155
1 14 2
554 486
1 11 2
13 30
1 10 2
465 249
1 15 2
22 321
1 5 2
260 137
1 10 2
630 476
1 3 2
189 93
1 12 2
573 635
1 9 2
12 264
1 10 2
122 623
1 6 2
528 74
1 4 2
11 650
1 9 2
532 640
1 5 2
320 52
1 13 2
267 93
1 14 2
316 308
1 7 2
426 66
1 5 2
136 548
1 6 2
624 317
1 10 2
682 693
1 7 2
641 309
1 3 2
104 474
1 13 2
98 485
1 12 2
281 487
1 2 2
301 447
1 3 2
189 13
1 13 2
170 50
1 12 2
535 580
1 4 2
181 163
1 9 2
462 222
1 6 2
649 401
1 12 2
34 138
1 14 2
158 44
1 11 2
206 237
1 6 2
216 125
1 3 2
604 501
1 9 2
146 267
1 7 2
686 302
1 12 2
259 351
1 5 2
480 470
1 10 2
29 412
1 9 2
126 616
1 13 2
49 124
1 6 2
696 451
1 3 2
59 605
1 12 2
357 482
1 2 2
651 662
1 15 2
64 208
1 15 2
128 96
1 4 2
46 266
1 3 2
187 375
1 4 2
620 364
1 5 2
498 527
1 13 2
213 15
1 4 2
423 417
1 8 2
588 148
1 13 2
412 585
1 11 2
557 628
1 11 2
662 665
1 3 2
420 0
1 9 2
81 265
1 9 2
149 576
1 14 2
542 603
1 15 2
581 513
1 3 2
627 635
1 12 2
454 628
1 2 2
517 274
1 8 2
73 1
1 7 2
602 39
1 5 2
614 252
1 14 2
252 419
1 14 2
428 230
1 14 2
477 172
1 12 2
519 643
1 9 2
197 150
1 4 2
146 489
1 3 2
144 209
1 10 2
405 488
1 10 2
15 595
1 7 2
455 571
1 11 2
24 698
1 9 2
288 312
1 15 2
380 16
1 7 2
4 387
1 8 2
513 359
1 11 2
353 269
1 12 2
268 95
1 8 2
542 89
1 13 2
473 405
1 10 2
307 447
1 7 2
556 246
1 8 2
543 28
1 6 2
536 497
1 3 2
388 166
1 10 2
589 13
1 13 2
305 88
1 14 2
540 138
1 12 2
97 115
1 14 2
60 504
1 5 2
83 167
1 6 2
58 210
1 3 2
412 532
1 12 2
208 229
1 5 2
640 146
1 4 2
365 40
1 5 2
91 691
1 4 2
472 480
1 15 2
243 618
1 12 2
520 294
1 5 2
574 635
1 12 2
303 38
1 4 2
369 317
1 9 2
386 261
1 2 2
526 275
1 3 2
310 656
1 6 2
177 66
1 8 2
301 137
1 6 2
378 609
1 8 2
523 272
1 12 2
616 482
1 2 2
573 55
1 2 2
382 80
1 3 2
636 93
1 3 2
102 448
1 10 2
408 431
1 14 2
66 188
1 5 2
306 598
1 5 2
467 94
1 4 2
395 614
1 15 2
348 106
1 3 2
269 513
1 8 2
575 336
1 10 2
560 498
1 6 2
509 225
1 15 2
225 368
1 13 2
412 489
1 15 2
333 689
1 5 2
266 240
1 14 2
500 651
1 3 2
603 384
1 5 2
462 34
1 4 2
581 301
1 5 2
293 181
1 11 2
357 292
1 9 2
621 260
1 5 2
366 699
1 12 2
264 635
1 11 2
696 473
1 7 2
187 486
1 7 2
94 342
1 12 2
495 382
1 12 2
317 600
1 5 2
76 235
1 14 2
166 580
1 6 2
517 159
1 7 2
16 482
1 14 2
334 16
1 9 2
434 317
1 10 2
576 330
1 5 2
404 340
1 8 2
296 660
1 6 2
290 24
1 5 2
417 288
1 5 2
330 3
1 8 2
578 540
1 7 2
388 64
1 3 2
8 81
1 13 2
100 218
1 8 2
490 634
1 12 2
203 31
1 4 2
367 667
1 6 2
395 74
1 14 2
189 350
1 6 2
480 263
1 5 2
282 238
1 8 2
78 216
1 2 2
563 134
1 15 2
526 671
1 5 2
6 673
1 5 2
13 8
1 5 2
161 358
1 7 2
564 267
1 5 2
117 314
1 11 2
560 8
1 7 2
573 18
1 12 2
444 183
1 3 2
48 341
1 15 2
414 34
1 5 2
648 64
1 3 2
397 677
1 12 2
595 557
1 13 2
607 168
1 15 2
591 645
1 4 2
528 221
1 13 2
488 357
1 15 2
226 26
1 12 2
629 151
1 14 2
664 446
1 6 2
569 12
1 4 2
14 552
1 13 2
655 541
1 5 2
494 474
1 2 2
358 573
1 11 2
226 253
1 3 2
171 62
1 13 2
488 290
1 11 2
494 262
1 8 2
186 147
1 3 2
516 67
1 5 2
126 659
1 5 2
88 489
1 2 2
532 147
1 11 2
391 335
1 14 2
185 414
1 13 2
13 65
1 3 2
275 496
1 11 2
695 602
1 2 2
668 326
1 8 2
209 171
1 4 2
448 698
1 5 2
325 422
1 2 2
657 107
1 7 2
664 528
1 15 2
518 0
1 4 2
471 72
1 4 2
491 685
1 3 2
236 162
1 7 2
618 667
1 7 2
119 570
1 6 2
216 63
1 13 2
217 221
1 15 2
152 247
1 10 2
371 6
1 8 2
376 310
1 12 2
575 399
1 2 2
370 303
1 15 2
82 13
1 12 2
182 597
1 11 2
165 83
1 2 2
615 51
1 5 2
477 658
1 13 2
1 623
1 2 2
319 29
1 6 2
475 671
1 15 2
45 648
1 12 2
328 393
1 3 2
443 444
1 6 2
511 631
1 10 2
647 399
1 9 2
180 206
1 11 2
285 497
1 6 2
357 459
1 7 2
565 328
1 12 2
594 472
1 8 2
566 624
1 4 2
672 698
1 4 2
462 580
1 9 2
597 486
1 15 2
320 209
1 14 2
307 325
1 10 2
463 469
1 4 2
669 436
1 7 2
285 558
1 10 2
302 85
1 12 2
498 569
1 6 2
154 547
1 13 2
14 663
1 15 2
135 253
1 10 2
479 688
1 6 2
681 353
1 2 2
64 230
1 11 2
679 565
1 6 2
555 290
1 12 2
100 432
1 9 2
20 352
1 10 2
598 367
1 15 2
113 676
1 13 2
450 522
1 5 2
368 442
1 14 2
120 81
1 13 2
638 170
1 6 2
163 142
1 11 2
575 570
1 2 2
39 492
1 5 2
585 470
1 13 2
54 240
1 3 2
422 533
1 5 2
278 313
1 11 2
659 167
1 6 2
332 264
1 12 2
611 242
1 3 2
588 683
1 3 2
6 234
1 11 2
56 213
1 5 2
26 619
1 6 2
357 686
1 3 2
462 690
1 15 2
578 41
1 10 2
583 600
1 13 2
687 449
1 9 2
687 472
1 6 2
25 683
1 10 2
459 203
1 3 2
337 608
1 9 2
131 689
1 8 2
321 410
1 15 2
71 129
1 6 2
111 679
1 3 2
287 46
1 9 2
139 464
1 4 2
286 72
1 13 2
428 569
1 8 2
611 521
1 4 2
688 432
1 10 2
624 27
1 4 2
69 51
1 8 2
150 169
1 3 2
356 186
1 11 2
606 56
1 6 2
685 597
1 8 2
347 256
1 9 2
369 415
1 5 2
376 2
1 5 2
132 158
1 6 2
674 374
1 14 2
252 475
1 4 2
407 193
1 3 2
226 578
1 6 2
689 311
1 4 2
182 696
1 2 2
187 684
1 13 2
123 13
1 7 2
264 44
1 13 2
504 588
1 3 2
585 9
1 6 2
189 396
1 10 2
410 671
1 8 2
125 599
1 11 2
377 51
1 7 2
51 433
1 9 2
51 490
1 7 2
191 315
1 5 2
194 670
1 7 2
542 367
1 13 2
122 404
1 7 2
526 539
1 15 2
184 272
1 14 2
292 421
1 6 2
228 211
1 13 2
64 104
1 15 2
520 479
1 15 2
475 470
1 12 2
87 341
1 3 2
575 26
1 7 2
558 361
1 4 2
169 435
1 7 2
229 364
1 10 2
472 196
1 5 2
447 291
1 14 2
258 11
1 10 2
192 486
1 11 2
425 265
1 11 2
487 589
1 12 2
358 657
1 9 2
309 432
1 2 2
346 242
1 5 2
182 660
1 6 2
146 206
1 2 2
119 310
1 7 2
520 271
1 7 2
171 698
1 7 2
402 401
1 15 2
468 28
1 11 2
294 292
1 2 2
24 163
1 11 2
242 652
1 10 2
542 222
1 2 2
670 557
1 3 2
34 74
1 7 2
430 334
1 8 2
463 91
1 6 2
29 324
1 12 2
370 466
1 11 2
44 443
1 14 2
614 432
1 4 2
592 512
1 12 2
502 329
1 15 2
271 210
1 9 2
23 508
1 2 2
320 75
1 10 2
567 526
1 2 2
13 594
1 10 2
325 99
1 15 2
439 532
1 2 2
238 44
1 5 2
235 598
1 3 2
74 690
1 5 2
13 503
1 7 2
50 690
1 7 2
339 449
1 4 2
368 685
1 4 2
507 62
1 10 2
366 147
1 7 2
346 462
1 9 2
560 97
1 7 2
271 584
1 10 2
64 255
1 4 2
65 377
1 10 2
347 673
1 11 2
340 592
1 15 2
265 699
1 7 2
620 449
1 9 2
582 536
1 8 2
7 662
1 14 2
686 470
1 5 2
142 155
1 12 2
57 156
1 13 2
168 171
1 14 2
291 437
1 7 2
7 546
1 2 2
579 632
1 8 2
397 604
1 12 2
155 126
1 4 2
331 348
1 10 2
14 576
1 5 2
95 105
1 8 2
582 329
1 11 2
591 646
1 12 2
462 260
1 6 2
5 281
1 14 2
222 310
1 4 2
215 469
1 5 2
156 543
1 12 2
429 130
1 12 2
449 341
1 5 2
682 71
1 6 2
399 581
1 5 2
694 233
1 5 2
589 528
1 7 2
438 488
1 13 2
116 536
1 7 2
80 664
1 4 2
371 391
1 13 2
350 314
1 10 2
192 211
1 14 2
100 137
1 15 2
448 298
1 11 2
75 618
1 2 2
363 114
1 8 2
249 74
1 9 2
373 77
1 7 2
173 428
1 12 2
356 343
1 9 2
540 392
1 10 2
537 225
1 13 2
526 449
1 2 2
615 597
1 8 2
403 188
1 11 2
95 301
1 3 2
382 350
1 10 2
661 689
1 6 2
344 258
1 11 2
67 527
1 8 2
522 552
1 5 2
178 356
1 6 2
639 160
1 11 2
21 332
1 11 2
427 66
1 13 2
685 367
1 3 2
667 520
1 7 2
612 175
1 3 2
283 353
1 6 2
80 617
1 14 2
576 421
1 14 2
378 367
1 13 2
448 639
1 11 2
270 392
1 10 2
106 525
1 11 2
185 574
1 6 2
165 21
1 7 2
354 470
1 11 2
649 652
1 2 2
269 4
1 12 2
379 582
1 4 2
367 463
1 12 2
184 403
1 5 2
191 146
1 7 2
250 318
1 6 2
45 533
1 8 2
188 32
1 12 2
495 208
1 14 2
72 159
1 10 2
398 94
1 5 2
162 353
1 2 2
304 529
1 12 2
421 514
1 6 2
562 611
1 13 2
380 133
1 6 2
6 418
1 3 2
325 557
1 12 2
227 175
1 3 2
267 278
1 5 2
122 520
1 5 2
429 95
1 10 2
439 389
1 8 2
348 375
1 13 2
584 568
1 3 2
17 672
1 9 2
457 176
1 6 2
467 653
1 13 2
396 388
1 6 2
38 650
1 6 2
592 533
1 15 2
494 621
1 11 2
103 584
1 2 2
666 104
1 12 2
46 627
1 7 2
463 162
1 14 2
304 457
1 6 2
383 7
1 7 2
493 165
1 4 2
580 191
1 8 2
579 614
1 10 2
282 562
1 2 2
393 562
1 12 2
178 215
1 11 2
610 270
1 3 2
445 18
1 5 2
154 523
1 12 2
303 116
1 13 2
467 490
1 14 2
215 79
1 9 2
348 58
1 8 2
202 352
1 5 2
35 202
1 7 2
681 496
1 13 2
502 137
1 3 2
72 30
1 7 2
527 63
1 3 2
141 406
1 12 2
251 366
1 2 2
550 97
1 3 2
174 167
1 14 2
267 401
1 5 2
505 85
1 13 2
238 162
1 9 2
100 325
1 8 2
280 381
1 3 2
455 386
1 2 2
678 189
1 3 2
582 676
1 12 2
65 120
1 2 2
273 401
1 11 2
457 382
1 12 2
227 63
1 15 2
48 227
1 14 2
131 451
1 6 2
317 229
1 10 2
166 381
1 9 2
402 597
1 14 2
230 34
1 2 2
238 698
1 7 2
209 595
1 14 2
690 62
1 10 2
202 80
1 11 2
631 104
1 2 2
339 55
1 5 2
375 277
1 15 2
404 437
1 14 2
319 635
1 8 2
573 103
1 8 2
561 322
1 6 2
120 491
1 4 2
187 143
1 14 2
392 394
1 3 2
474 587
1 9 2
11 621
1 7 2
473 267
1 11 2
540 153
1 2 2
157 555
1 14 2
456 350
1 9 2
119 321
1 14 2
152 150
1 3 2
572 340
1 12 2
650 443
1 8 2
318 337
1 5 2
122 37
1 10 2
74 16
1 6 2
475 337
1 8 2
631 257
1 3 2
509 510
1 14 2
279 285
1 9 2
324 569
1 7 2
407 233
1 13 2
449 681
1 13 2
284 169
1 5 2
69 456
1 2 2
202 438
1 13 2
74 576
1 6 2
323 693
1 6 2
304 145
1 2 2
445 547
1 6 2
10 48
1 4 2
182 154
1 6 2
569 436
1 6 2
546 425
1 4 2
562 635
1 7 2
68 469
1 5 2
30 579
1 8 2
473 163
1 15 2
39 132
1 6 2
579 648
1 10 2
266 223
1 11 2
225 5
1 12 2
78 530
1 3 2
564 255
1 15 2
402 641
1 7 2
614 595
1 4 2
93 224
1 4 2
602 657
1 8 2
240 358
1 7 2
276 516
1 8 2
280 252
1 4 2
132 194
1 5 2
448 11
1 13 2
647 434
1 9 2
481 585
1 9 2
111 442
1 13 2
602 348
1 4 2
256 535
1 4 2
623 40
1 5 2
649 252
1 5 2
678 130
1 13 2
360 350
1 5 2
476 424
1 5 2
306 387
1 13 2
268 205
1 15 2
403 673
1 2 2
180 414
1 9 2
333 307
1 15 2
92 3
1 4 2
535 384
1 4 2
223 542
1 10 2
224 197
1 13 2
167 92
1 11 2
380 525
1 3 2
69 241
1 13 2
21 97
1 4 2
632 421
1 6 2
303 169
1 12 2
267 238
1 2 2
118 78
1 13 2
262 596
1 4 2
352 27
1 15 2
99 418
1 5 2
134 135
1 14 2
247 405
1 15 2
94 117
1 10 2
75 533
1 12 2
361 484
1 2 2
244 592
1 5 2
296 91
1 9 2
680 649
1 6 2
99 199
1 14 2
191 317
1 7 2
98 241
1 5 2
356 74
1 14 2
287 169
1 6 2
375 78
1 9 2
259 380
1 6 2
352 657
1 14 2
595 132
1 14 2
242 590
1 13 2
263 357
1 12 2
427 222
1 8 2
476 595
1 5 2
14 429
1 13 2
508 154
1 15 2
345 695
1 14 2
35 664
1 15 2
120 383
1 11 2
634 607
1 7 2
444 265
1 10 2
552 31
1 8 2
105 608
1 9 2
252 654
1 4 2
476 258
1 6 2
107 215
1 11 2
34 510
1 8 2
130 493
1 10 2
127 55
1 11 2
385 693
1 5 2
116 628
1 4 2
213 577
1 3 2
247 667
1 15 2
466 507
1 15 2
228 338
1 6 2
267 226
1 8 2
556 235
1 3 2
361 666
1 15 2
595 122
1 8 2
228 398
1 2 2
498 113
1 4 2
476 666
1 2 2
375 119
1 15 2
272 137
1 2 2
649 118
1 8 2
287 605
1 11 2
540 147
1 11 2
297 107
1 5 2
600 431
1 14 2
339 683
1 6 2
330 422
1 3 2
424 92
1 2 2
118 392
1 4 2
191 48
1 12 2
677 156
1 11 2
47 395
1 10 2
611 346
1 12 2
138 445
1 14 2
662 639
1 4 2
351 380
1 11 2
251 71
1 4 2
147 636
1 9 2
405 152
1 2 2
648 459
1 11 2
483 87
1 12 2
55 207
1 13 2
172 554
1 9 2
442 177
1 10 2
16 228
1 4 2
404 346
1 12 2
18 305
1 9 2
532 297
1 4 2
359 172
1 5 2
328 77
1 5 2
493 659
1 13 2
76 539
1 7 2
438 617
1 7 2
7 237
1 13 2
494 458
1 3 2
677 488
1 15 2
100 108
1 7 2
371 29
1 2 2
599 493
1 3 2
692 472
1 10 2
253 142
1 10 2
348 17
1 4 2
458 361
1 6 2
537 461
1 9 2
606 234
1 10 2
232 8
1 8 2
343 637
1 4 2
641 268
1 9 2
5 297
1 13 2
54 23
1 11 2
56 114
1 10 2
176 441
1 10 2
305 338
1 4 2
597 528
1 9 2
372 315
1 2 2
574 80
1 5 2
55 79
1 9 2
620 147
1 9 2
187 643
1 5 2
601 108
1 10 2
582 616
1 12 2
114 605
1 7 2
18 581
1 9 2
155 50
1 8 2
80 488
1 15 2
336 338
1 2 2
343 395
1 3 2
601 204
1 2 2
386 323
1 3 2
656 295
1 12 2
382 602
1 15 2
374 614
1 9 2
305 77
1 5 2
187 14
1 11 2
680 261
1 2 2
331 510
1 10 2
457 296
1 5 2
500 378
1 3 2
187 372
1 5 2
236 349
1 8 2
482 574
1 14 2
575 585
1 14 2
30 662
1 4 2
538 549
1 3 2
316 260
1 4 2
142 196
1 4 2
429 247
1 3 2
16 559
1 14 2
37 198
1 14 2
444 608
1 4 2
30 590
1 8 2
22 546
1 6 2
528 9
1 3 2
562 278
1 8 2
214 25
1 11 2
509 482
1 5 2
196 603
1 7 2
516 41
1 5 2
15 277
1 11 2
554 52
1 9 2
104 194
1 5 2
517 315
1 13 2
509 318
1 2 2
569 147
1 2 2
371 366
1 13 2
481 390
1 12 2
414 102
1 14 2
638 538
1 6 2
162 121
1 4 2
202 536
1 13 2
515 246
1 15 2
327 575
1 11 2
674 99
1 6 2
557 528
1 6 2
95 240
1 3 2
364 255
1 7 2
480 73
1 4 2
433 562
1 8 2
360 321
1 8 2
77 653
1 8 2
516 437
1 13 2
508 40
1 10 2
490 625
1 15 2
378 566
1 11 2
191 436
1 8 2
198 672
1 11 2
68 234
1 4 2
290 219
1 8 2
14 480
1 14 2
392 343
1 3 2
209 21
1 10 2
506 622
1 5 2
455 687
1 9 2
558 195
1 2 2
484 5
1 11 2
185 362
1 13 2
499 181
1 10 2
436 499
1 8 2
296 618
1 2 2
60 55
1 9 2
603 183
1 12 2
17 35
1 10 2
306 689
1 9 2
107 174
1 5 2
12 227
1 10 2
40 398
1 10 2
426 70
1 11 2
376 260
1 5 2
66 122
1 10 2
664 659
1 15 2
222 158
1 10 2
472 47
1 12 2
604 57
1 7 2
523 375
1 15 2
269 200
1 6 2
125 40
1 10 2
471 497
1 5 2
55 159
1 15 2
657 234
1 9 2
601 660
1 6 2
381 450
1 6 2
594 38
1 11 2
113 46
1 15 2
446 54
1 2 2
65 41
1 12 2
449 615
1 12 2
334 405
1 10 2
400 569
1 14 2
509 218
1 9 2
200 99
1 2 2
297 123
1 3 2
104 186
1 14 2
563 638
1 2 2
434 629
1 2 2
289 577
1 6 2
241 380
1 15 2
264 139
1 10 2
175 621
1 14 2
319 414
1 10 2
686 381
1 5 2
431 273
1 10 2
192 343
1 14 2
85 190
1 13 2
83 552
1 13 2
476 458
1 5 2
147 592
1 7 2
602 646
1 8 2
484 73
1 3 2
97 570
1 13 2
462 514
1 5 2
280 377
1 15 2
465 105
1 13 2
259 323
1 8 2
36 400
1 4 2
234 188
1 8 2
387 240
1 11 2
35 275
1 2 2
690 1
1 10 2
121 244
1 14 2
388 359
1 10 2
621 686
1 11 2
336 216
1 5 2
319 325
1 12 2
227 90
1 12 2
686 83
1 11 2
599 367
1 12 2
117 110
1 11 2
209 669
1 14 2
325 114
1 9 2
384 110
1 4 2
515 210
1 14 2
123 407
1 15 2
599 230
1 2 2
329 409
1 5 2
74 662
1 3 2
530 342
1 10 2
287 230
1 2 2
573 156
1 6 2
415 42
1 9 2
285 169
1 11 2
444 120
1 7 2
385 405
1 6 2
455 527
1 4 2
562 224
1 5 2
512 612
1 13 2
395 36
1 15 2
225 629
1 15 2
328 457
1 7 2
659 424
1 9 2
302 650
1 10 2
156 180
1 14 2
610 186
1 10 2
550 72
1 4 2
192 125
1 11 2
98 665
1 8 2
332 95
1 14 2
228 35
1 8 2
692 499
1 6 2
25 625
1 13 2
474 394
1 6 2
200 208
1 5 2
292 511
1 2 2
506 645
1 7 2
210 339
1 14 2
401 40
1 10 2
319 219
1 9 2
313 143
1 13 2
220 529
1 4 2
615 653
1 4 2
207 18
1 10 2
697 410
1 3 2
534 447
1 14 2
12 531
1 5 2
356 15
1 8 2
659 357
1 10 2
231 335
1 14 2
249 545
1 4 2
109 162
1 13 2
79 474
1 9 2
363 63
1 8 2
441 451
1 7 2
575 51
1 6 2
35 218
1 2 2
134 279
1 14 2
646 227
1 11 2
204 75
1 12 2
401 203
1 12 2
506 37
1 9 2
619 250
1 11 2
220 587
1 10 2
40 47
1 11 2
408 89
1 7 2
570 93
1 10 2
159 475
1 14 2
73 259
1 3 2
501 463
1 9 2
650 619
1 13 2
10 159
1 9 2
403 238
1 10 2
457 348
1 7 2
507 514
1 11 2
168 401
1 15 2
3 335
1 15 2
655 446
1 2 2
124 391
1 7 2
77 230
1 13 2
344 246
1 15 2
172 465
1 4 2
405 509
1 13 2
395 213
1 13 2
624 300
1 3 2
31 266
1 10 2
635 338
1 13 2
232 334
1 4 2
407 7
1 3 2
87 142
1 7 2
372 273
1 3 2
93 367
1 5 2
513 530
1 15 2
439 287
1 9 2
562 668
1 9 2
219 515
1 15 2
489 190
1 3 2
285 440
1 8 2
519 479
1 3 2
696 640
1 2 2
271 162
1 13 2
209 594
1 7 2
463 291
1 10 2
91 144
1 11 2
430 270
1 4 2
356 490
1 9 2
304 60
1 14 2
519 384
1 11 2
576 308
1 2 2
175 644
1 7 2
66 68
1 15 2
50 143
1 12 2
497 432
1 4 2
556 337
1 13 2
563 58
1 6 2
60 325
1 13 2
469 114
1 11 2
12 196
1 2 2
379 670
1 2 2
573 312
1 8 2
451 334
1 4 2
490 657
1 6 2
667 124
1 4 2
90 659
1 3 2
171 517
1 6 2
321 387
1 4 2
636 639
1 7 2
620 235
1 7 2
619 227
1 12 2
171 114
1 2 2
123 282
1 8 2
495 222
1 5 2
674 144
1 14 2
13 387
1 14 2
425 311
1 6 2
578 567
1 9 2
440 537
1 10 2
342 389
1 11 2
283 312
1 4 2
258 356
1 3 2
59 550
1 4 2
428 371
1 9 2
507 466
1 2 2
305 124
1 7 2
641 350
1 7 2
519 472
1 9 2
269 246
1 7 2
308 443
1 4 2
181 408
1 12 2
564 302
1 6 2
53 656
1 3 2
160 537
1 4 2
612 191
1 9 2
144 56
1 8 2
294 181
1 6 2
55 483
1 2 2
206 616
1 10 2
251 514
1 14 2
26 617
1 9 2
176 85
1 4 2
264 12
1 10 2
123 437
1 4 2
622 612
1 2 2
505 535
1 3 2
42 565
1 11 2
464 342
1 10 2
256 385
1 3 2
616 13
1 11 2
383 363
1 11 2
275 402
1 12 2
2 533
1 9 2
331 166
1 15 2
579 120
1 7 2
178 201
1 15 2
480 414
1 2 2
297 196
1 9 2
419 567
1 2 2
189 326
1 15 2
149 126
1 12 2
323 547
1 15 2
287 163
1 15 2
442 478
1 15 2
180 231
1 11 2
166 590
1 6 2
301 280
1 2 2
463 354
1 13 2
115 377
1 13 2
47 261
1 5 2
278 19
1 8 2
296 364
1 11 2
616 104
1 2 2
461 518
1 6 2
449 184
1 3 2
664 459
1 4 2
498 303
1 8 2
154 362
1 3 2
227 38
1 14 2
485 7
1 11 2
688 684
1 8 2
47 387
1 14 2
348 86
1 13 2
230 626
1 14 2
137 42
1 8 2
242 699
1 10 2
402 90
1 14 2
82 354
1 14 2
295 461
1 3 2
483 309
1 12 2
565 185
1 7 2
131 433
1 2 2
180 331
1 8 2
449 582
1 2 2
254 642
1 7 2
501 543
1 6 2
170 47
1 6 2
639 470
1 11 2
584 111
1 4 2
482 232
1 9 2
654 379
1 10 2
681 480
1 12 2
374 606
1 9 2
2 228
1 12 2
639 332
1 7 2
11 616
1 4 2
101 419
1 15 2
330 362
1 2 2
484 360
1 13 2
275 58
1 10 2
34 175
1 12 2
439 7
1 15 2
51 29
1 4 2
646 219
1 5 2
264 270
1 11 2
585 38
1 10 2
358 266
1 2 2
22 363
1 6 2
124 654
1 14 2
224 691
1 13 2
635 627
1 13 2
324 104
1 3 2
61 686
1 3 2
443 25
1 12 2
436 538
1 11 2
520 186
1 3 2
369 514
1 9 2
542 112
1 4 2
652 396
1 11 2
494 22
1 7 2
37 352
1 6 2
543 266
1 11 2
478 287
1 5 2
258 187
1 13 2
194 351
1 14 2
154 459
1 12 2
291 90
1 7 2
259 85
1 11 2
199 168
1 11 2
466 52
1 9 2
375 1
1 13 2
166 228
1 3 2
186 259
1 11 2
76 631
1 15 2
440 207
1 11 2
62 382
1 6 2
696 430
1 12 2
187 245
1 5 2
312 440
1 5 2
55 372
1 6 2
393 688
1 14 2
58 511
1 13 2
170 81
1 12 2
471 612
1 9 2
426 511
1 3 2
325 587
1 14 2
506 288
1 8 2
628 347
1 14 2
93 70
1 6 2
290 220
1 4 2
258 457
1 11 2
308 131
1 5 2
419 44
1 10 2
467 262
1 15 2
636 378
1 11 2
407 13
1 12 2
697 68
1 10 2
432 441
1 13 2
52 0
1 14 2
95 577
1 14 2
319 506
1 12 2
281 44
1 12 2
277 51
1 5 2
252 653
1 2 2
642 147
1 9 2
151 458
1 6 2
512 514
1 8 2
240 141
1 14 2
74 173
1 5 2
442 513
1 3 2
660 531
1 13 2
162 215
1 8 2
679 266
1 10 2
398 653
1 13 2
116 456
1 8 2
686 554
1 10 2
146 497
1 4 2
177 398
1 6 2
676 241
1 11 2
363 236
1 10 2
413 219
1 4 2
435 402
1 11 2
259 236
1 5 2
354 308
1 2 2
171 406
1 9 2
664 596
1 12 2
658 221
1 5 2
347 165
1 6 2
216 233
1 14 2
496 457
1 9 2
520 322
1 4 2
174 682
1 4 2
62 663
1 9 2
396 688
1 5 2
291 108
1 3 2
617 355
1 12 2
442 524
1 3 2
324 252
1 3 2
110 666
1 14 2
176 549
1 6 2
102 228
1 4 2
5 323
1 12 2
547 632
1 15 2
596 655
1 15 2
420 465
1 6 2
575 226
1 3 2
274 595
1 3 2
534 48
1 8 2
689 616
1 8 2
30 143
1 2 2
189 473
1 8 2
290 585
1 6 2
376 423
1 10 2
575 92
1 8 2
135 456
1 2 2
301 612
1 5 2
226 36
1 9 2
124 554
1 14 2
353 641
1 9 2
539 221
1 5 2
575 154
1 13 2
349 327
1 6 2
180 29
1 11 2
223 666
1 4 2
634 34
1 10 2
615 107
1 4 2
617 170
1 5 2
484 450
1 2 2
411 576
1 14 2
68 43
1 15 2
626 615
1 7 2
240 428
1 3 2
240 607
1 2 2
144 114
1 4 2
201 200
1 12 2
317 401
1 10 2
521 319
1 4 2
245 44
1 2 2
233 259
1 10 2
241 226
1 4 2
439 246
1 8 2
84 295
1 5 2
50 684
1 5 2
642 440
1 2 2
110 518
1 8 2
368 591
1 8 2
74 220
1 13 2
330 31
1 6 2
162 335
1 6 2
542 335
1 9 2
202 309
1 11 2
575 424
1 12 2
189 191
1 2 2
19 280
1 2 2
74 512
1 12 2
98 3
1 14 2
218 498
1 8 2
42 197
1 13 2
35 571
1 6 2
535 513
1 8 2
170 60
1 11 2
381 184
1 4 2
564 693
1 13 2
83 29
1 7 2
338 234
1 9 2
520 1
1 8 2
487 578
1 14 2
260 116
1 3 2
243 538
1 7 2
375 272
1 8 2
152 682
1 15 2
21 138
1 6 2
593 348
1 3 2
329 119
1 9 2
342 322
1 13 2
72 588
1 9 2
637 349
1 14 2
664 328
1 12 2
81 574
1 10 2
122 616
1 4 2
668 164
1 12 2
56 236
1 15 2
58 2
1 5 2
279 310
1 9 2
456 680
1 7 2
77 214
1 10 2
322 468
1 12 2
294 621
1 7 2
403 375
1 5 2
517 522
1 7 2
503 336
1 10 2
111 29
1 8 2
107 418
1 2 2
650 372
1 15 2
458 393
1 2 2
10 355
1 9 2
41 425
1 11 2
227 558
1 9 2
43 108
1 4 2
298 588
1 6 2
54 51
1 8 2
661 11
1 2 2
226 353
1 10 2
579 311
1 6 2
103 612
1 5 2
678 267
1 6 2
655 356
1 11 2
104 640
1 3 2
91 221
1 2 2
184 85
1 12 2
545 278
1 11 2
30 272
1 4 2
442 12
1 4 2
484 485
1 14 2
486 295
1 5 2
174 650
1 15 2
113 13
1 10 2
80 416
1 3 2
288 354
1 11 2
253 660
1 12 2
374 37
1 14 2
522 238
1 10 2
627 590
1 10 2
414 505
1 7 2
527 455
1 3 2
377 484
1 10 2
236 628
1 10 2
683 39
1 7 2
282 593
1 3 2
402 411
1 9 2
207 350
1 9 2
660 464
1 7 2
377 571
1 9 2
455 439
1 4 2
55 314
1 4 2
693 297
1 7 2
521 203
1 15 2
160 238
1 3 2
624 637
1 10 2
27 465
1 9 2
140 401
1 15 2
45 210
1 8 2
464 21
1 2 2
299 420
1 8 2
408 455
1 15 2
544 419
1 4 2
10 642
1 15 2
639 372
1 3 2
538 249
1 2 2
336 290
1 6 2
226 188
1 2 2
435 388
1 6 2
651 491
1 3 2
10 197
1 3 2
64 542
1 12 2
491 644
1 4 2
99 529
1 7 2
269 441
1 3 2
72 302
1 2 2
673 480
1 15 2
50 533
1 14 2
493 131
1 2 2
406 616
1 10 2
422 356
1 7 2
546 557
1 10 2
246 150
1 6 2
514 56
1 3 2
459 214
1 5 2
363 274
1 5 2
385 388
1 15 2
344 420
1 10 2
320 156
1 4 2
120 381
1 4 2
90 222
1 14 2
49 514
1 8 2
315 580
1 3 2
239 383
1 11 2
59 340
1 13 2
682 622
1 8 2
618 269
1 10 2
446 149
1 12 2
663 156
1 11 2
550 67
1 6 2
686 170
1 14 2
269 248
1 8 2
145 646
1 4 2
432 597
1 2 2
472 338
1 6 2
406 653
1 10 2
347 543
1 8 2
522 353
1 8 2
552 65
1 15 2
559 117
1 7 2
500 350
1 14 2
699 354
1 10 2
154 499
1 10 2
639 147
1 7 2
17 179
1 12 2
449 46
1 15 2
323 623
1 5 2
461 424
1 8 2
330 671
1 6 2
199 612
1 3 2
307 547
1 8 2
237 244
1 15 2
323 103
1 8 2
155 651
1 12 2
281 646
1 5 2
95 597
1 7 2
682 507
1 5 2
527 173
1 5 2
254 271
1 9 2
643 548
1 7 2
506 534
1 5 2
465 101
1 6 2
435 241
1 9 2
26 287
1 5 2
144 55
1 2 2
658 309
1 6 2
518 563
1 4 2
444 696
1 7 2
303 542
1 6 2
155 349
1 4 2
661 172
1 14 2
486 602
1 11 2
145 53
1 8 2
363 118
1 10 2
76 590
1 9 2
221 383
1 12 2
245 462
1 7 2
108 340
1 3 2
112 450
1 2 2
601 195
1 8 2
464 55
1 15 2
312 605
1 11 2
537 548
1 14 2
405 315
1 12 2
241 599
1 15 2
328 348
1 4 2
566 38
1 9 2
612 152
1 7 2
227 524
1 13 2
55 276
1 9 2
130 649
1 2 2
304 528
1 8 2
523 617
1 5 2
164 468
1 13 2
426 629
1 13 2
488 580
1 3 2
311 666
1 5 2
38 354
1 12 2
505 204
1 12 2
263 316
1 8 2
354 630
1 7 2
608 86
1 10 2
356 415
1 5 2
643 363
1 6 2
480 468
1 12 2
180 430
1 13 2
125 446
1 11 2
279 500
1 4 2
3 554
1 11 2
162 1
1 5 2
198 62
1 11 2
151 212
1 14 2
23 386
1 10 2
538 394
1 15 2
46 0
1 7 2
334 235
1 14 2
464 401
1 14 2
41 654
1 8 2
699 52
1 10 2
676 339
1 5 2
469 264
1 11 2
112 161
1 6 2
588 354
1 9 2
60 281
1 6 2
28 267
1 15 2
535 90
1 9 2
504 87
1 15 2
372 414
1 13 2
313 322
1 12 2
224 158
1 12 2
213 432
1 3 2
532 546
1 13 2
26 587
1 15 2
561 189
1 12 2
246 372
1 14 2
448 606
1 12 2
423 658
1 14 2
262 283
1 7 2
17 513
1 6 2
195 429
1 7 2
278 226
1 15 2
189 288
1 12 2
209 123
1 8 2
30 22
1 13 2
276 601
1 2 2
136 284
1 5 2
410 494
1 11 2
466 317
1 7 2
427 158
1 3 2
635 546
1 11 2
120 476
1 7 2
567 650
1 10 2
295 150
1 4 2
106 522
1 3 2
468 439
1 7 2
186 435
1 3 2
211 600
1 4 2
70 145
1 6 2
565 147
1 4 2
563 488
1 12 2
46 421
1 8 2
281 698
1 12 2
8 543
1 9 2
116 583
1 13 2
235 262
1 14 2
546 541
1 6 2
495 595
1 12 2
13 344
1 10 2
462 45
1 11 2
193 349
1 11 2
329 464
1 15 2
295 117
1 12 2
573 258
1 5 2
549 663
1 12 2
622 196
1 15 2
612 504
1 7 2
667 83
1 5 2
487 158
1 6 2
160 148
1 12 2
305 556
1 10 2
293 271
1 2 2
599 348
1 3 2
54 413
1 10 2
217 176
1 13 2
165 264
1 3 2
163 60
1 2 2
396 41
1 15 2
520 421
1 7 2
626 72
1 15 2
216 344
1 13 2
377 361
1 13 2
415 458
1 11 2
577 201
1 6 2
103 112
1 7 2
550 6
1 8 2
158 301
1 5 2
542 221
1 12 2
459 198
1 6 2
290 422
1 5 2
57 482
1 5 2
450 555
1 10 2
673 173
1 15 2
579 608
1 9 2
259 132
1 14 2
617 505
1 15 2
541 76
1 13 2
196 522
1 12 2
461 215
1 9 2
383 333
1 12 2
400 682
1 13 2
36 16
1 4 2
481 153
1 2 2
520 525
1 9 2
602 532
1 12 2
635 265
1 6 2
439 366
1 8 2
653 687
1 14 2
22 369
1 7 2
55 226
1 5 2
103 175
1 13 2
77 511
1 7 2
431 60
1 12 2
288 486
1 15 2
89 406
1 12 2
534 664
1 13 2
547 30
1 8 2
169 658
1 2 2
63 97
1 13 2
508 618
1 7 2
576 423
1 10 2
449 241
1 7 2
630 503
1 13 2
448 6
1 5 2
5 124
1 7 2
337 442
1 12 2
194 27
1 9 2
597 37
1 6 2
456 76
1 12 2
117 523
1 13 2
320 439
1 13 2
258 251
1 4 2
682 165
1 13 2
650 482
1 8 2
193 457
1 14 2
304 129
1 12 2
410 475
1 15 2
422 487
1 8 2
592 602
1 7 2
311 126
1 5 2
551 241
1 6 2
509 91
1 6 2
516 279
1 15 2
68 537
1 7 2
11 479
1 3 2
647 113
1 3 2
350 192
1 14 2
247 394
1 6 2
689 664
1 15 2
552 221
1 11 2
283 636
1 15 2
298 169
1 14 2
536 307
1 4 2
698 123
1 10 2
323 508
1 14 2
217 513
1 7 2
516 573
1 14 2
571 273
1 11 2
419 109
1 3 2
75 55
1 2 2
694 640
1 8 2
205 694
1 4 2
329 311
1 12 2
407 287
1 7 2
197 635
1 7 2
231 34
1 3 2
14 27
1 13 2
572 441
1 2 2
670 162
1 8 2
260 518
1 9 2
525 309
1 9 2
611 329
1 8 2
334 232
1 2 2
322 255
1 9 2
257 628
1 7 2
93 660
1 11 2
424 659
1 9 2
556 274
1 6 2
592 389
1 7 2
98 204
1 2 2
323 301
1 8 2
574 466
1 8 2
360 508
1 5 2
562 610
1 12 2
304 569
1 6 2
115 466
1 12 2
638 281
1 7 2
638 133
1 6 2
118 657
1 11 2
174 354
1 4 2
183 599
1 6 2
101 413
1 6 2
583 395
1 9 2
632 398
1 8 2
533 665
1 14 2
315 82
1 4 2
287 523
1 5 2
420 126
1 10 2
47 475
1 2 2
91 667
1 7 2
140 399
1 9 2
681 4
1 2 2
1 79
1 9 2
527 436
1 15 2
664 455
1 2 2
198 102
1 14 2
675 77
1 15 2
616 517
1 8 2
6 288
1 5 2
63 126
1 5 2
244 520
1 2 2
359 467
1 7 2
24 294
1 15 2
55 597
1 5 2
693 471
1 10 2
626 461
1 12 2
275 44
1 9 2
189 179
1 11 2
51 592
1 15 2
698 10
1 5 2
88 539
1 2 2
349 238
1 12 2
60 492
1 2 2
571 281
1 2 2
587 449
1 7 2
533 97
1 3 2
135 363
1 4 2
585 155
1 6 2
352 127
1 4 2
306 235
1 2 2
610 268
1 4 2
274 222
1 11 2
60 603
1 15 2
581 583
1 10 2
424 98
1 7 2
200 621
1 7 2
291 616
1 13 2
597 454
1 2 2
531 280
1 2 2
675 650
1 6 2
615 238
1 5 2
677 266
1 5 2
433 373
1 10 2
316 309
1 9 2
400 232
1 7 2
204 211
1 11 2
85 251
1 9 2
281 139
1 11 2
486 683
1 9 2
210 526
1 4 2
626 601
1 10 2
56 187
1 7 2
337 372
1 14 2
345 93
1 5 2
71 544
1 4 2
152 447
1 13 2
279 251
1 7 2
466 309
1 8 2
326 84
1 8 2
330 221
1 9 2
152 591
1 15 2
325 527
1 15 2
570 317
1 7 2
247 236
1 12 2
293 174
1 3 2
673 39
1 13 2
261 570
1 11 2
202 663
1 11 2
502 181
1 2 2
24 192
1 6 2
215 322
1 11 2
550 29
1 14 2
121 19
1 11 2
309 504
1 14 2
166 150
1 9 2
339 321
1 11 2
53 566
1 3 2
216 410
1 8 2
419 155
1 12 2
394 229
1 8 2
409 2
1 3 2
548 472
1 3 2
45 355
1 14 2
496 121
1 2 2
204 446
1 15 2
510 533
1 11 2
541 230
1 15 2
545 559
1 10 2
426 138
1 8 2
116 501
1 8 2
430 653
1 14 2
564 224
1 12 2
353 570
1 11 2
81 539
1 7 2
264 242
1 2 2
387 544
1 13 2
313 267
1 4 2
276 396
1 12 2
567 285
1 14 2
242 455
1 5 2
660 180
1 10 2
691 653
1 11 2
557 46
1 15 2
676 511
1 11 2
588 73
1 8 2
551 314
1 15 2
680 49
1 6 2
109 594
1 12 2
348 204
1 10 2
128 440
1 14 2
693 570
1 8 2
483 460
1 11 2
658 0
1 3 2
373 632
1 10 2
110 209
1 8 2
411 592
1 7 2
92 568
1 12 2
47 654
1 5 2
309 677
1 12 2
0 300
1 8 2
214 199
1 6 2
257 207
1 9 2
190 474
1 2 2
549 655
1 9 2
230 489
1 14 2
314 679
1 15 2
81 180
1 13 2
525 177
1 12 2
257 162
1 12 2
197 461
1 4 2
543 371
1 3 2
365 609
1 8 2
173 576
1 12 2
378 226
1 15 2
442 293
1 13 2
327 573
1 15 2
18 269
1 15 2
163 481
1 15 2
219 288
1 9 2
109 667
1 7 2
430 486
1 12 2
61 282
1 9 2
89 204
1 14 2
468 517
1 15 2
286 647
1 5 2
291 247
1 7 2
14 444
1 14 2
86 690
1 4 2
440 654
1 3 2
672 284
1 9 2
318 450
1 6 2
682 605
1 7 2
239 173
1 11 2
153 81
1 5 2
25 688
1 15 2
140 568
1 10 2
152 657
1 10 2
82 511
1 5 2
573 652
1 11 2
279 606
1 10 2
43 234
1 6 2
461 90
1 7 2
282 236
1 7 2
36 316
1 10 2
525 369
1 3 2
645 242
1 12 2
100 310
1 15 2
429 191
1 2 2
149 289
1 5 2
603 267
1 14 2
505 242
1 15 2
681 390
1 2 2
614 250
1 8 2
458 506
1 5 2
454 643
1 14 2
4 464
1 8 2
290 211
1 8 2
640 86
1 13 2
409 180
1 7 2
544 484
1 10 2
551 498
1 4 2
289 523
1 11 2
90 57
1 7 2
5 432
1 10 2
248 4
1 9 2
641 66
1 14 2
265 1
1 5 2
362 675
1 11 2
684 562
1 14 2
605 56
1 5 2
432 135
1 4 2
26 386
1 10 2
631 204
1 12 2
256 596
1 11 2
495 267
1 14 2
175 652
1 7 2
429 236
1 5 2
517 199
1 7 2
98 317
1 13 2
396 15
1 5 2
135 248
1 3 2
203 467
1 11 2
46 570
1 8 2
217 153
1 4 2
556 37
1 9 2
537 226
1 15 2
379 482
1 7 2
180 310
1 11 2
106 516
1 15 2
519 157
1 8 2
37 259
1 2 2
152 427
1 3 2
620 576
1 6 2
274 487
1 5 2
88 367
1 7 2
284 659
1 4 2
173 567
1 9 2
380 91
1 13 2
492 218
1 12 2
140 126
1 13 2
686 425
1 5 2
637 264
1 13 2
281 31
1 10 2
216 450
1 6 2
672 468
1 5 2
382 470
1 7 2
180 332
1 9 2
122 657
1 9 2
608 540
1 9 2
581 206
1 11 2
58 226
1 2 2
88 253
1 13 2
287 462
1 9 2
280 522
1 15 2
129 188
1 3 2
448 621
1 14 2
127 276
1 3 2
14 264
1 6 2
682 256
1 14 2
615 357
1 13 2
696 460
1 5 2
375 310
1 8 2
514 107
1 14 2
94 169
1 3 2
184 518
1 6 2
68 696
1 4 2
8 458
1 7 2
204 602
1 12 2
457 169
1 6 2
128 534
1 12 2
381 165
1 10 2
269 530
1 12 2
237 662
1 4 2
621 185
1 15 2
331 501
1 11 2
214 678
1 15 2
485 382
1 14 2
261 217
1 2 2
83 7
1 7 2
423 446
1 15 2
488 75
1 5 2
44 376
1 9 2
138 440
1 9 2
166 214
1 9 2
526 240
1 12 2
478 317
1 15 2
143 406
1 11 2
673 577
1 7 2
20 276
1 2 2
336 658
1 13 2
135 172
1 3 2
51 684
1 12 2
654 17
1 15 2
59 265
1 11 2
110 233
1 13 2
451 616
1 12 2
248 348
1 5 2
130 213
1 12 2
602 562
1 8 2
484 97
1 12 2
500 671
1 3 2
669 282
1 5 2
326 675
1 7 2
379 548
1 12 2
351 240
1 2 2
561 429
1 15 2
104 616
1 6 2
597 353
1 4 2
470 61
1 10 2
53 675
1 11 2
698 371
1 11 2
579 7
1 9 2
245 542
1 6 2
632 341
1 7 2
309 531
1 7 2
377 311
1 10 2
214 4
1 2 2
467 366
1 14 2
288 647
1 3 2
563 659
1 13 2
690 533
1 3 2
149 96
1 12 2
19 499
1 13 2
124 454
1 11 2
506 640
1 8 2
131 67
1 15 2
183 295
1 11 2
338 461
1 5 2
191 143
1 12 2
433 693
1 4 2
602 213
1 10 2
310 596
1 6 2
425 513
1 6 2
449 107
1 5 2
179 195
1 6 2
182 510
1 12 2
465 269
1 11 2
505 502
1 2 2
176 581
1 7 2
475 626
1 10 2
647 443
1 15 2
570 138
1 5 2
680 554
1 4 2
296 63
1 6 2
57 490
1 10 2
68 320
1 12 2
1 169
1 2 2
562 231
1 2 2
629 15
1 5 2
404 341
1 15 2
387 636
1 15 2
253 380
1 3 2
576 629
1 9 2
362 0
1 6 2
322 446
1 6 2
345 249
1 10 2
57 100
1 5 2
680 357
1 13 2
60 465
1 15 2
392 46
1 7 2
53 194
1 9 2
98 697
1 3 2
426 189
1 13 2
329 579
1 15 2
71 169
1 6 2
431 649
1 5 2
8 234
1 4 2
342 698
1 6 2
342 367
1 11 2
395 123
1 5 2
620 617
1 15 2
677 327
1 14 2
275 154
1 4 2
368 57
1 13 2
27 155
1 5 2
18 382
1 5 2
20 629
1 14 2
643 55
1 15 2
547 191
1 7 2
106 560
1 3 2
388 352
1 6 2
460 508
1 6 2
570 244
1 6 2
32 629
1 3 2
661 216
1 13 2
263 608
1 13 2
612 101
1 2 2
340 136
1 8 2
127 482
1 12 2
11 326
1 13 2
326 255
1 2 2
592 132
1 7 2
627 162
1 5 2
371 144
1 10 2
51 377
1 11 2
73 551
1 7 2
126 684
1 14 2
210 555
1 12 2
89 18
1 2 2
674 78
1 13 2
43 367
1 9 2
13 110
1 10 2
532 444
1 2 2
171 112
1 5 2
326 159
1 13 2
22 131
1 4 2
385 455
1 2 2
678 444
1 8 2
70 354
1 13 2
153 557
1 2 2
495 277
1 8 2
351 388
1 9 2
181 98
1 2 2
622 582
1 14 2
94 89
1 8 2
248 68
1 11 2
630 167
1 2 2
386 465
1 7 2
93 125
1 2 2
362 288
1 7 2
196 220
1 14 2
81 546
1 10 2
39 417
1 11 2
377 406
1 8 2
603 268
1 7 2
227 285
1 9 2
416 121
1 11 2
587 334
1 13 2
379 374
1 12 2
519 453
1 4 2
3 497
1 6 2
512 83
1 14 2
283 366
1 15 2
313 398
1 6 2
56 536
1 15 2
567 96
1 10 2
327 688
1 7 2
104 9
1 3 2
268 358
1 14 2
585 178
1 15 2
390 436
1 5 2
429 94
1 14 2
24 580
1 5 2
148 245
1 15 2
624 479
1 5 2
324 523
1 3 2
331 202
1 10 2
297 112
1 3 2
624 213
1 4 2
669 456
1 12 2
32 36
1 7 2
47 354
1 13 2
635 528
1 5 2
20 466
1 12 2
597 140
1 9 2
489 513
1 6 2
202 537
1 6 2
502 233
1 15 2
328 14
1 11 2
106 218
1 4 2
11 403
1 6 2
522 103
1 5 2
131 194
1 11 2
315 568
1 8 2
243 62
1 7 2
393 132
1 9 2
157 373
1 13 2
677 570
1 15 2
492 246
1 2 2
607 273
1 3 2
66 497
1 9 2
347 659
1 14 2
273 392
1 12 2
691 225
1 7 2
408 596
1 2 2
499 637
1 2 2
490 331
1 14 2
674 230
1 7 2
341 276
1 2 2
552 342
1 13 2
8 210
1 14 2
646 580
1 6 2
250 417
1 11 2
593 22
1 13 2
482 462
1 6 2
430 678
1 8 2
581 527
1 3 2
244 569
1 5 2
128 77
1 2 2
682 613
1 12 2
444 331
1 2 2
556 667
1 7 2
578 142
1 15 2
503 516
1 11 2
554 407
1 14 2
18 414
1 4 2
83 131
1 4 2
43 492
1 7 2
44 463
1 3 2
280 475
1 14 2
401 694
1 3 2
289 619
1 14 2
21 249
1 6 2
551 679
1 13 2
594 275
1 11 2
94 678
1 11 2
350 488
1 15 2
487 167
1 5 2
197 98
1 15 2
306 447
1 12 2
264 302
1 14 2
259 600
1 10 2
594 582
1 6 2
306 145
1 8 2
314 462
1 5 2
487 573
1 4 2
102 181
1 6 2
623 67
1 8 2
541 235
1 13 2
423 85
1 5 2
283 406
1 5 2
273 424
1 3 2
53 579
1 7 2
50 693
1 3 2
358 114
1 4 2
666 133
1 5 2
129 391
1 15 2
603 105
1 9 2
152 683
1 4 2
506 602
1 9 2
45 96
1 5 2
562 302
1 9 2
539 99
1 3 2
333 326
1 4 2
173 22
1 9 2
647 172
1 2 2
472 226
1 10 2
436 227
1 14 2
17 300
1 9 2
607 16
1 5 2
450 600
1 9 2
146 174
1 5 2
591 171
1 12 2
14 568
1 9 2
651 120
1 9 2
205 441
1 6 2
203 478
1 6 2
77 487
1 10 2
610 481
1 3 2
217 544
1 11 2
67 510
1 5 2
233 237
1 9 2
588 445
1 15 2
310 5
1 2 2
453 158
1 8 2
122 664
1 10 2
374 382
1 8 2
305 107
1 2 2
632 571
1 8 2
678 225
1 11 2
121 29
1 7 2
432 333
1 10 2
515 189
1 2 2
238 355
1 10 2
55 290
1 10 2
224 282
1 3 2
594 499
1 15 2
226 319
1 15 2
292 79
1 10 2
572 190
1 12 2
373 114
1 15 2
221 41
1 2 2
359 582
1 13 2
309 629
1 14 2
160 58
1 8 2
185 191
1 8 2
2 545
1 4 2
391 211
1 5 2
92 579
1 7 2
425 255
1 7 2
571 338
1 2 2
115 270
1 4 2
337 381
1 15 2
586 394
1 7 2
463 440
1 15 2
395 237
1 12 2
190 60
1 12 2
414 634
1 8 2
619 573
1 3 2
548 5
1 8 2
104 230
1 2 2
294 190
1 8 2
414 306
1 5 2
532 23
1 12 2
274 483
1 8 2
687 247
1 6 2
572 12
1 14 2
152 665
1 6 2
622 444
1 5 2
457 40
1 15 2
568 225
1 5 2
19 652
1 13 2
367 373
1 15 2
365 245
1 3 2
206 163
1 14 2
263 665
1 10 2
510 576
1 2 2
339 61
1 12 2
155 566
1 14 2
684 343
1 5 2
119 407
1 5 2
635 237
1 10 2
150 353
1 6 2
54 172
1 5 2
598 60
1 14 2
138 632
1 14 2
218 324
1 15 2
135 598
1 6 2
605 690
1 10 2
211 460
1 13 2
226 468
1 10 2
71 623
1 12 2
353 298
1 10 2
384 142
1 8 2
336 169
1 7 2
47 573
1 12 2
305 128
1 14 2
478 563
1 6 2
296 694
1 6 2
424 511
1 12 2
465 202
1 11 2
97 214
1 5 2
498 669
1 11 2
674 122
1 13 2
563 442
1 12 2
111 91
1 12 2
497 544
1 10 2
66 464
1 10 2
531 104
1 12 2
672 417
1 11 2
659 686
1 6 2
349 615
1 11 2
676 192
1 2 2
617 336
1 15 2
271 502
1 9 2
240 417
1 5 2
295 556
1 9 2
514 493
1 8 2
148 465
1 14 2
555 470
1 13 2
145 427
1 6 2
555 588
1 5 2
476 677
1 13 2
298 73
1 15 2
553 450
1 4 2
184 247
1 11 2
57 75
1 6 2
651 203
1 14 2
639 696
1 8 2
672 202
1 7 2
81 142
1 10 2
423 146
1 10 2
406 611
1 13 2
643 97
1 11 2
620 365
1 9 2
178 673
1 6 2
408 125
1 4 2
566 307
1 4 2
524 668
1 11 2
392 418
1 14 2
578 589
1 11 2
692 20
1 9 2
143 256
1 5 2
690 235
1 12 2
384 108
1 2 2
32 140
1 8 2
128 247
1 4 2
431 492
1 14 2
455 275
1 13 2
592 289
1 8 2
189 35
1 11 2
26 192
1 8 2
431 473
1 9 2
452 61
1 5 2
75 502
1 4 2
95 450
1 2 2
336 405
1 2 2
541 566
1 10 2
174 543
1 2 2
79 55
1 3 2
490 619
1 10 2
418 596
1 5 2
121 419
1 9 2
73 658
1 11 2
369 697
1 5 2
127 634
1 15 2
323 638
1 12 2
44 543
1 4 2
541 196
1 12 2
391 473
1 8 2
59 37
1 9 2
329 62
1 15 2
583 556
1 12 2
566 221
1 6 2
386 559
1 12 2
465 47
1 9 2
545 82
1 5 2
21 531
1 9 2
261 162
1 3 2
497 95
1 7 2
104 641
1 15 2
518 570
1 13 2
274 555
1 8 2
174 693
1 10 2
469 635
1 5 2
686 306
1 12 2
658 334
1 10 2
401 354
1 6 2
256 405
1 14 2
77 506
1 15 2
522 216
1 10 2
89 569
1 6 2
512 433
1 12 2
258 2
1 2 2
469 225
1 8 2
443 39
1 6 2
434 427
1 10 2
444 588
1 3 2
672 38
1 4 2
12 589
1 2 2
61 70
1 13 2
190 405
1 4 2
536 238
1 11 2
299 503
1 6 2
41 228
1 5 2
478 550
1 12 2
534 540
1 4 2
532 496
1 14 2
433 658
1 8 2
517 428
1 2 2
508 244
1 10 2
179 645
1 7 2
426 265
1 15 2
372 44
1 6 2
138 221
1 3 2
538 52
1 4 2
298 221
1 15 2
100 375
1 15 2
417 377
1 12 2
356 487
1 14 2
78 302
1 14 2
664 641
1 4 2
230 174
1 15 2
327 100
1 14 2
400 581
1 9 2
1 213
1 3 2
267 500
1 3 2
332 339
1 11 2
576 232
1 14 2
615 594
1 3 2
42 231
1 9 2
421 655
1 7 2
625 83
1 2 2
428 203
1 10 2
207 460
1 12 2
695 551
1 6 2
116 117
1 2 2
334 515
1 15 2
52 114
1 12 2
180 266
1 5 2
294 502
1 12 2
455 203
1 14 2
210 506
1 3 2
372 228
1 6 2
73 527
1 3 2
583 125
1 8 2
561 534
1 5 2
35 462
1 3 2
330 618
1 10 2
570 340
1 12 2
427 593
1 11 2
100 306
1 5 2
502 523
1 8 2
590 499
1 14 2
169 232
1 10 2
451 284
1 2 2
439 379
1 14 2
304 525
1 2 2
458 285
1 7 2
570 90
1 4 2
494 78
1 3 2
488 23
1 2 2
493 201
1 4 2
503 489
1 5 2
435 687
1 15 2
135 434
1 2 2
309 614
1 11 2
584 612
1 6 2
658 363
1 6 2
534 37
1 8 2
311 336
1 5 2
531 436
1 3 2
644 660
1 11 2
285 451
1 10 2
476 113
1 11 2
552 351
1 15 2
439 62
1 10 2
239 364
1 14 2
77 455
1 11 2
468 454
1 8 2
606 500
1 3 2
456 403
1 15 2
265 378
1 4 2
96 385
1 15 2
626 447
1 8 2
457 262
1 5 2
484 393
1 3 2
138 502
1 4 2
691 410
1 7 2
197 251
1 10 2
334 619
1 2 2
19 44
1 3 2
430 425
1 7 2
237 140
1 13 2
132 297
1 9 2
482 393
1 7 2
446 673
1 14 2
536 641
1 13 2
679 396
1 13 2
673 53
1 10 2
280 107
1 9 2
230 676
1 6 2
551 4
1 12 2
132 139
1 11 2
241 555
1 6 2
198 325
1 15 2
247 211
1 9 2
525 388
1 4 2
265 252
1 6 2
362 634
1 14 2
117 209
1 7 2
29 186
1 2 2
205 421
1 4 2
571 91
1 10 2
257 197
1 9 2
502 17
1 13 2
138 688
1 6 2
312 580
1 12 2
32 273
1 15 2
166 419
1 12 2
436 72
1 14 2
631 431
1 9 2
154 42
1 10 2
286 220
1 15 2
163 331
1 10 2
290 273
1 9 2
631 76
1 10 2
402 313
1 8 2
419 653
1 5 2
619 262
1 6 2
310 327
1 8 2
666 457
1 4 2
647 435
1 2 2
387 119
1 12 2
504 469
1 14 2
181 245
1 12 2
179 364
1 2 2
376 133
1 9 2
226 31
1 15 2
192 639
1 12 2
563 193
1 15 2
464 151
1 3 2
14 18
1 9 2
143 690
1 7 2
378 435
1 3 2
336 413
1 8 2
143 558
1 8 2
318 256
1 7 2
643 378
1 13 2
218 148
1 12 2
653 689
1 8 2
422 402
1 2 2
87 691
1 14 2
112 173
1 8 2
520 45
1 2 2
380 387
1 14 2
51 510
1 2 2
130 646
1 11 2
197 481
1 3 2
628 348
1 14 2
428 300
1 10 2
419 14
1 6 2
561 608
1 15 2
545 463
1 10 2
396 2
1 7 2
106 110
1 3 2
379 157
1 5 2
605 102
1 14 2
674 335
1 14 2
609 366
1 11 2
398 273
1 12 2
252 109
1 14 2
496 660
1 15 2
428 256
1 2 2
278 685
1 3 2
575 145
1 3 2
596 211
1 4 2
39 669
1 6 2
585 323
1 11 2
257 550
1 8 2
87 624
1 6 2
659 125
1 12 2
124 557
1 11 2
335 498
1 11 2
60 213
1 7 2
172 134
1 6 2
185 483
1 11 2
621 203
1 6 2
626 477
1 12 2
174 433
1 6 2
583 338
1 2 2
537 298
1 7 2
496 244
1 6 2
417 205
1 2 2
335 360
1 14 2
289 207
1 5 2
670 492
1 9 2
469 373
1 15 2
41 639
1 14 2
70 370
1 2 2
673 97
1 8 2
77 9
1 15 2
2 646
1 9 2
88 344
1 15 2
108 625
1 10 2
245 179
1 15 2
117 424
1 6 2
295 290
1 6 2
271 427
1 12 2
433 477
1 3 2
641 85
1 2 2
249 501
1 8 2
223 436
1 2 2
162 588
1 10 2
654 140
1 6 2
148 406
1 2 2
31 362
1 10 2
241 224
1 12 2
30 512
1 5 2
514 656
1 3 2
334 289
1 2 2
465 134
1 7 2
625 408
1 10 2
135 395
1 13 2
467 441
1 3 2
537 4
1 3 2
167 681
1 9 2
261 430
1 9 2
150 540
1 14 2
575 299
1 9 2
584 245
1 4 2
235 195
1 3 2
351 9
1 2 2
306 279
1 11 2
300 664
1 2 2
431 122
1 15 2
9 172
1 5 2
433 185
1 11 2
566 11
1 14 2
495 591
1 10 2
394 282
1 7 2
163 373
1 3 2
161 100
1 12 2
483 62
1 8 2
130 228
1 15 2
616 389
1 7 2
415 378
1 2 2
70 246
1 4 2
40 519
1 3 2
472 574
1 10 2
526 346
1 2 2
355 578
1 13 2
447 653
1 5 2
497 115
1 12 2
552 38
1 6 2
13 282
1 6 2
86 51
1 8 2
7 68
1 5 2
234 450
1 11 2
678 307
1 6 2
530 608
1 12 2
697 696
1 6 2
327 255
1 15 2
47 105
1 10 2
455 588
1 3 2
594 508
1 13 2
291 597
1 15 2
102 398
1 13 2
538 583
1 3 2
195 526
1 8 2
580 166
1 11 2
462 307
1 2 2
344 136
1 7 2
521 272
1 13 2
241 193
1 7 2
428 392
1 3 2
695 288
1 9 2
642 103
1 8 2
40 172
1 5 2
68 654
1 14 2
323 130
1 12 2
381 197
1 14 2
687 52
1 10 2
584 601
1 14 2
202 237
1 12 2
184 46
1 10 2
597 148
1 3 2
462 186
1 4 2
577 486
1 3 2
81 597
1 12 2
593 529
1 6 2
556 515
1 11 2
434 288
1 3 2
205 364
1 2 2
377 432
1 11 2
392 147
1 3 2
666 132
1 5 2
124 189
1 2 2
515 473
1 11 2
251 503
1 3 2
437 602
1 2 2
288 70
1 10 2
369 529
1 11 2
604 518
1 2 2
570 519
1 3 2
335 227
1 8 2
397 73
1 12 2
223 75
1 4 2
28 293
1 4 2
328 680
1 8 2
251 233
1 15 2
533 296
1 13 2
554 586
1 11 2
125 377
1 2 2
261 95
1 5 2
453 355
1 15 2
251 610
1 15 2
437 259
1 8 2
685 207
1 3 2
532 669
1 8 2
366 140
1 3 2
395 102
1 10 2
370 535
1 4 2
350 636
1 3 2
492 521
1 13 2
292 582
1 14 2
179 437
1 6 2
155 347
1 14 2
350 644
1 11 2
111 217
1 7 2
574 564
1 15 2
106 687
1 2 2
685 75
1 13 2
294 542
1 11 2
80 314
1 8 2
336 164
1 6 2
245 28
1 8 2
675 119
1 4 2
488 623
1 3 2
502 422
1 4 2
312 587
1 7 2
291 650
1 4 2
303 178
1 9 2
37 586
1 14 2
131 410
1 9 2
297 345
1 12 2
199 162
1 9 2
56 129
1 3 2
310 595
1 5 2
427 669
1 9 2
268 131
1 15 2
153 93
1 10 2
314 307
1 12 2
237 374
1 10 2
440 600
1 13 2
441 560
1 15 2
583 519
1 7 2
252 196
1 10 2
509 561
1 7 2
132 78
1 13 2
689 511
1 14 2
154 81
1 6 2
367 694
1 4 2
616 354
1 3 2
447 588
1 14 2
78 76
1 10 2
76 418
1 6 2
340 279
1 15 2
122 5
1 6 2
19 138
1 2 2
664 240
1 10 2
698 445
1 12 2
577 351
1 2 2
671 315
1 4 2
595 400
1 4 2
38 571
1 9 2
312 424
1 5 2
348 153
1 14 2
29 537
1 14 2
165 160
1 13 2
296 94
1 9 2
221 197
1 4 2
585 70
1 2 2
396 99
1 9 2
473 269
1 15 2
170 436
1 12 2
356 450
1 11 2
3 695
1 8 2
86 435
1 15 2
636 250
1 2 2
351 241
1 6 2
265 514
1 3 2
595 644
1 3 2
600 304
1 14 2
11 680
1 7 2
343 443
1 11 2
18 100
1 5 2
455 228
1 5 2
640 193
1 13 2
170 12
1 3 2
371 38
1 9 2
157 105
1 9 2
226 513
1 4 2
130 358
1 5 2
579 198
1 2 2
610 485
1 15 2
219 18
1 4 2
554 172
1 4 2
335 220
1 13 2
65 607
1 10 2
466 358
1 10 2
382 636
1 8 2
177 541
1 15 2
392 546
1 12 2
105 219
1 5 2
236 393
1 15 2
196 322
1 5 2
254 486
1 7 2
121 346
1 7 2
539 441
1 12 2
225 28
1 10 2
519 53
1 14 2
528 304
1 2 2
304 587
1 12 2
558 334
1 5 2
355 191
1 13 2
108 47
1 5 2
484 257
1 12 2
560 694
1 12 2
147 488
1 14 2
631 59
1 11 2
239 529
1 5 2
400 398
1 3 2
344 397
1 7 2
176 362
1 11 2
93 296
1 15 2
43 252
1 15 2
373 71
1 15 2
249 623
1 8 2
416 510
1 11 2
158 446
1 12 2
366 50
1 3 2
535 12
1 12 2
509 73
1 15 2
59 607
1 11 2
639 278
1 11 2
386 130
1 2 2
590 652
1 7 2
361 238
1 13 2
175 444
1 12 2
698 510
1 15 2
448 246
1 2 2
452 280
1 2 2
350 133
1 15 2
277 662
1 7 2
242 66
1 6 2
70 625
1 2 2
66 249
1 10 2
477 209
1 8 2
608 559
1 6 2
555 35
1 8 2
74 1
1 4 2
509 158
1 7 2
393 619
1 11 2
434 168
1 3 2
131 306
1 7 2
693 573
1 13 2
671 300
1 3 2
686 603
1 6 2
404 462
1 12 2
250 44
1 5 2
631 41
1 14 2
185 149
1 12 2
508 227
1 15 2
20 211
1 2 2
391 39
1 15 2
360 698
1 13 2
695 58
1 3 2
253 88
1 13 2
89 545
1 12 2
698 106
1 3 2
323 420
1 2 2
240 581
1 12 2
438 272
1 11 2
458 479
1 15 2
647 411
1 3 2
460 224
1 13 2
241 386
1 4 2
333 217
1 9 2
47 179
1 11 2
675 425
1 4 2
141 355
1 9 2
389 640
1 15 2
8 216
1 14 2
39 199
1 10 2
427 173
1 2 2
310 359
1 11 2
637 589
1 11 2
86 313
1 15 2
423 571
1 11 2
408 662
1 7 2
110 359
1 5 2
434 171
1 13 2
344 326
1 13 2
546 190
1 15 2
650 104
1 13 2
462 8
1 11 2
153 218
1 11 2
12 136
1 11 2
263 160
1 14 2
153 23
1 7 2
363 321
1 12 2
660 242
1 8 2
125 340
1 5 2
19 627
1 2 2
545 540
1 6 2
291 665
1 12 2
100 457
1 9 2
94 368
1 3 2
610 224
1 3 2
612 51
1 5 2
430 219
1 8 2
222 545
1 9 2
546 111
1 7 2
297 381
1 9 2
325 625
1 11 2
482 445
1 11 2
373 678
1 14 2
519 522
1 8 2
646 103
1 2 2
191 127
1 12 2
504 449
1 8 2
420 643
1 2 2
515 180
1 4 2
157 180
1 8 2
372 603
1 6 2
7 391
1 6 2
323 652
1 8 2
688 210
1 15 2
619 44
1 13 2
295 397
1 5 2
468 238
1 6 2
101 234
1 9 2
592 559
1 6 2
268 157
1 4 2
228 611
1 14 2
33 258
1 6 2
212 70
1 7 2
71 462
1 7 2
165 107
1 12 2
161 585
1 8 2
489 549
1 12 2
488 474
1 3 2
258 392
1 10 2
144 442
1 13 2
527 394
1 10 2
325 671
1 13 2
211 347
1 8 2
677 153
1 8 2
502 109
1 3 2
644 80
1 10 2
590 383
1 7 2
486 195
1 12 2
147 659
1 14 2
191 435
1 11 2
447 672
1 14 2
189 418
1 15 2
114 260
1 15 2
74 503
1 12 2
443 351
1 12 2
537 519
1 8 2
408 281
1 8 2
294 550
1 15 2
85 187
1 15 2
27 549
1 7 2
655 555
1 2 2
61 119
1 11 2
607 577
1 7 2
228 676
1 9 2
161 337
1 4 2
214 582
1 12 2
634 59
1 2 2
621 496
1 8 2
697 285
1 12 2
517 617
1 9 2
35 197
1 10 2
367 538
1 7 2
480 486
1 2 2
354 124
1 5 2
516 214
1 14 2
607 671
1 4 2
127 512
1 7 2
312 336
1 15 2
186 184
1 4 2
193 316
1 3 2
626 0
1 13 2
29 577
1 10 2
601 209
1 7 2
677 454
1 15 2
481 591
1 3 2
386 480
1 9 2
445 246
1 2 2
323 46
1 10 2
55 665
1 6 2
473 469
1 9 2
178 350
1 9 2
561 132
1 15 2
222 395
1 2 2
131 508
1 7 2
622 488
1 4 2
559 417
1 11 2
359 43
1 4 2
79 345
1 15 2
492 647
1 10 2
396 692
1 10 2
155 121
1 8 2
338 593
1 2 2
645 182
1 4 2
294 68
1 13 2
636 630
1 6 2
693 463
1 4 2
413 2
1 4 2
28 639
1 15 2
342 243
1 4 2
637 155
1 9 2
685 525
1 8 2
196 681
1 3 2
550 656
1 10 2
457 17
1 15 2
327 533
1 15 2
529 350
1 10 2
574 272
1 2 2
233 435
1 2 2
417 485
1 5 2
75 574
1 3 2
199 335
1 15 2
504 53
1 3 2
560 493
1 12 2
506 478
1 14 2
411 167
1 9 2
333 114
1 9 2
531 13
1 10 2
413 334
1 10 2
371 164
1 6 2
38 466
1 15 2
187 424
1 3 2
258 488
1 11 2
592 548
1 2 2
385 332
1 11 2
643 275
1 10 2
321 134
1 6 2
672 75
1 7 2
316 24
1 5 2
144 222
1 11 2
370 69
1 12 2
22 52
1 13 2
42 478
1 11 2
343 469
1 9 2
461 83
1 15 2
150 181
1 9 2
305 537
1 8 2
457 83
1 4 2
353 283
1 12 2
672 355
1 9 2
463 56
1 2 2
402 215
1 8 2
362 577
1 2 2
618 350
1 12 2
34 59
1 15 2
443 234
1 12 2
218 406
1 2 2
39 584
1 6 2
401 159
1 4 2
674 189
1 12 2
47 133
1 9 2
39 300
1 5 2
336 571
1 11 2
261 208
1 6 2
629 293
1 15 2
528 615
1 4 2
350 237
1 9 2
654 210
1 11 2
315 509
1 4 2
287 306
1 11 2
606 483
1 4 2
499 320
1 9 2
462 177
1 14 2
643 260
1 6 2
434 385
1 9 2
178 255
1 14 2
458 197
1 12 2
104 368
1 11 2
529 655
1 12 2
166 423
1 7 2
309 231
1 3 2
311 388
1 15 2
435 189
1 11 2
10 19
1 12 2
172 480
1 9 2
379 466
1 15 2
74 429
1 15 2
24 25
1 14 2
113 373
1 6 2
430 170
1 13 2
257 165
1 12 2
203 164
1 7 2
346 391
1 11 2
670 50
1 11 2
152 666
1 8 2
578 659
1 6 2
112 334
1 15 2
197 564
1 13 2
373 592
1 14 2
344 441
1 12 2
587 546
1 3 2
642 673
1 15 2
180 276
1 2 2
637 216
1 5 2
127 132
1 13 2
19 696
1 7 2
48 620
1 8 2
554 327
1 5 2
437 240
1 11 2
545 226
1 13 2
248 508
1 10 2
441 274
1 5 2
73 301
1 15 2
249 50
1 3 2
381 301
1 3 2
154 541
1 2 2
495 81
1 2 2
91 82
1 7 2
489 553
1 15 2
4 445
1 3 2
91 567
1 14 2
527 116
1 11 2
623 57
1 8 2
469 85
1 14 2
125 353
1 7 2
2 129
1 4 2
494 9
1 12 2
515 386
1 14 2
33 278
1 15 2
286 243
1 6 2
254 335
1 11 2
232 398
1 6 2
576 260
1 4 2
268 618
1 10 2
588 271
1 8 2
120 466
1 5 2
205 141
1 7 2
161 415
1 15 2
134 85
1 5 2
650 184
1 2 2
346 260
1 9 2
187 144
1 11 2
545 430
1 3 2
186 81
1 12 2
421 189
1 12 2
354 681
1 3 2
117 458
1 5 2
276 295
1 10 2
248 479
1 4 2
498 475
1 11 2
497 651
1 5 2
447 620
1 3 2
685 49
1 11 2
422 554
1 10 2
529 355
1 14 2
616 73
1 10 2
523 73
1 8 2
208 598
1 7 2
221 287
1 9 2
199 657
1 15 2
284 228
1 9 2
555 347
1 8 2
487 539
1 11 2
556 462
1 7 2
193 616
1 13 2
155 28
1 11 2
310 81
1 8 2
475 461
1 4 2
178 451
1 3 2
146 487
1 12 2
437 65
1 9 2
314 136
1 14 2
77 449
1 7 2
581 214
1 2 2
188 140
1 3 2
621 126
1 15 2
98 232
1 5 2
591 26
1 4 2
395 651
1 14 2
19 9
1 4 2
238 339
1 3 2
581 500
1 6 2
443 395
1 8 2
292 522
1 15 2
618 74
1 10 2
293 365
1 7 2
151 271
1 5 2
19 566
1 4 2
488 109
1 3 2
13 204
1 4 2
467 85
1 6 2
98 453
1 10 2
570 122
1 6 2
377 422
1 12 2
37 371
1 15 2
59 245
1 8 2
101 373
1 6 2
82 336
1 10 2
558 571
1 4 2
206 387
1 4 2
301 287
1 11 2
416 335
1 5 2
75 483
1 5 2
290 292
1 15 2
682 224
1 9 2
383 210
1 12 2
57 557
1 4 2
403 551
1 9 2
428 501
1 8 2
668 474
1 11 2
481 297
1 2 2
171 644
1 7 2
174 339
1 5 2
661 7
1 5 2
511 435
1 2 2
124 51
1 3 2
607 694
1 13 2
630 371
1 15 2
51 337
1 2 2
123 149
1 9 2
131 241
1 3 2
243 21
1 6 2
464 698
1 10 2
585 360
1 9 2
394 295
1 9 2
669 21
1 5 2
458 632
1 7 2
386 309
1 10 2
107 454
1 7 2
532 647
1 11 2
35 135
1 4 2
328 207
1 12 2
391 45
1 7 2
27 384
1 15 2
349 371
1 7 2
103 344
1 10 2
380 113
1 3 2
373 84
1 4 2
488 601
1 12 2
669 152
1 9 2
411 329
1 2 2
482 128
1 14 2
46 479
1 9 2
637 235
1 6 2
506 301
1 13 2
366 191
1 15 2
327 149
1 13 2
279 145
1 14 2
514 532
1 7 2
28 607
1 5 2
122 484
1 14 2
375 477
1 3 2
425 238
1 3 2
492 497
1 12 2
634 22
1 4 2
548 672
1 3 2
553 489
1 13 2
385 57
1 15 2
541 411
1 5 2
388 518
1 7 2
21 278
1 8 2
344 78
1 2 2
132 385
1 10 2
256 480
1 12 2
267 655
1 12 2
175 677
1 12 2
242 550
1 9 2
377 113
1 13 2
355 426
1 6 2
492 37
1 14 2
675 336
1 13 2
698 455
1 9 2
664 77
1 4 2
179 124
1 13 2
119 529
1 10 2
307 570
1 15 2
247 527
1 5 2
208 147
1 3 2
539 651
1 3 2
566 550
1 8 2
489 444
1 5 2
159 170
1 7 2
563 434
1 2 2
479 55
1 3 2
490 481
1 14 2
378 386
1 6 2
216 554
1 15 2
133 554
1 5 2
396 56
1 3 2
300 384
1 8 2
397 173
1 12 2
271 143
1 6 2
695 189
1 14 2
392 7
1 7 2
470 179
1 10 2
632 367
1 13 2
463 150
1 8 2
558 247
1 10 2
648 235
1 3 2
121 298
1 14 2
406 580
1 11 2
586 435
1 15 2
618 360
1 6 2
8 544
1 8 2
627 295
1 13 2
621 524
1 7 2
680 433
1 9 2
519 462
1 6 2
385 489
1 3 2
475 650
1 10 2
443 685
1 15 2
166 645
1 13 2
507 175
1 13 2
224 559
1 3 2
279 74
1 2 2
657 7
1 10 2
85 405
1 12 2
660 234
1 15 2
406 101
1 11 2
431 587
1 15 2
625 561
1 3 2
424 509
1 8 2
330 415
1 2 2
171 339
1 14 2
144 491
1 10 2
45 590
1 14 2
465 397
1 13 2
210 641
1 13 2
63 92
1 3 2
224 253
1 8 2
618 536
1 10 2
186 434
1 2 2
204 104
1 11 2
202 549
1 15 2
673 288
1 4 2
461 488
1 15 2
101 212
1 12 2
519 388
1 7 2
145 192
1 11 2
116 531
1 4 2
358 451
1 5 2
123 465
1 8 2
556 432
1 9 2
183 639
1 5 2
535 193
1 7 2
344 264
1 6 2
460 670
1 11 2
190 576
1 2 2
282 3
1 12 2
1 584
1 2 2
104 311
1 13 2
278 470
1 14 2
512 418
1 12 2
380 18
1 4 2
180 46
1 7 2
442 199
1 7 2
249 336
1 8 2
593 588
1 4 2
116 465
1 10 2
658 386
1 8 2
566 613
1 15 2
613 142
1 10 2
71 152
1 13 2
690 238
1 7 2
662 186
1 3 2
504 178
1 2 2
548 636
1 8 2
372 314
1 6 2
570 514
1 2 2
373 313
1 13 2
566 69
1 7 2
69 107
1 8 2
198 589
1 3 2
410 312
1 10 2
422 182
1 6 2
644 593
1 14 2
633 328
1 2 2
286 653
1 12 2
181 158
1 2 2
676 208
1 4 2
520 394
1 5 2
146 499
1 15 2
237 20
1 5 2
455 387
1 10 2
585 296
1 11 2
322 11
1 14 2
409 119
1 3 2
105 548
1 9 2
420 639
1 9 2
669 426
1 10 2
230 238
1 4 2
101 684
1 7 2
380 274
1 4 2
452 213
1 7 2
396 589
1 13 2
666 533
1 14 2
414 391
1 3 2
417 195
1 4 2
492 506
1 12 2
489 218
1 12 2
546 656
1 3 2
214 126
1 9 2
175 482
1 4 2
510 391
1 10 2
118 151
1 3 2
546 211
1 8 2
562 255
1 2 2
651 358
1 12 2
601 482
1 2 2
641 361
1 8 2
417 10
1 14 2
550 382
1 15 2
72 554
1 15 2
34 337
1 15 2
102 174
1 8 2
86 513
1 2 2
408 632
1 9 2
145 477
1 15 2
214 157
1 12 2
144 449
1 12 2
510 236
1 4 2
32 309
1 4 2
237 231
1 14 2
212 572
1 11 2
277 650
1 3 2
56 687
1 11 2
502 35
1 8 2
686 35
1 5 2
340 683
1 2 2
177 512
1 13 2
310 228
1 12 2
553 447
1 11 2
601 689
1 11 2
313 248
1 2 2
267 689
1 4 2
6 150
1 6 2
564 248
1 6 2
626 602
1 6 2
298 30
1 4 2
444 522
1 15 2
648 184
1 7 2
26 504
1 15 2
146 498
1 8 2
119 99
1 3 2
665 4
1 10 2
200 60
1 5 2
50 477
1 9 2
363 97
1 7 2
501 417
1 4 2
356 626
1 2 2
321 139
1 13 2
322 203
1 8 2
566 527
1 12 2
554 640
1 8 2
490 510
1 2 2
687 417
1 13 2
122 591
1 4 2
538 13
1 2 2
168 273
1 10 2
593 124
1 12 2
585 392
1 15 2
86 292
1 8 2
642 268
1 3 2
62 124
1 9 2
488 477
1 4 2
86 36
1 7 2
472 251
1 15 2
267 37
1 7 2
622 214
1 11 2
290 390
1 6 2
680 271
1 13 2
144 175
1 15 2
58 57
1 5 2
320 600
1 11 2
288 261
1 8 2
2 502
1 9 2
283 223
1 10 2
112 571
1 9 2
662 534
1 13 2
329 374
1 10 2
681 592
1 10 2
419 223
1 8 2
498 622
1 6 2
590 454
1 7 2
75 30
1 7 2
40 62
1 2 2
203 152
1 7 2
589 271
1 11 2
273 149
1 10 2
502 327
1 13 2
87 574
1 5 2
665 678
1 13 2
278 427
1 2 2
659 403
1 9 2
156 112
1 2 2
27 92
1 13 2
134 46
1 15 2
147 174
1 6 2
315 251
1 12 2
97 671
1 14 2
285 147
1 15 2
292 342
1 5 2
296 546
1 7 2
108 570
1 12 2
241 446
1 14 2
507 278
1 7 2
600 514
1 7 2
298 645
1 9 2
28 89
1 4 2
162 55
1 10 2
126 594
1 14 2
579 502
1 14 2
122 525
1 13 2
285 461
1 6 2
380 621
1 6 2
371 691
1 13 2
611 661
1 2 2
564 538
1 14 2
461 473
1 12 2
43 51
1 14 2
242 538
1 9 2
650 338
1 15 2
676 404
1 6 2
521 312
1 6 2
417 167
1 12 2
349 111
1 4 2
79 363
1 2 2
269 56
1 9 2
400 357
1 2 2
249 62
1 15 2
94 546
1 13 2
83 514
1 7 2
382 142
1 8 2
666 175
1 14 2
342 149
1 11 2
237 589
1 6 2
191 347
1 6 2
666 160
1 10 2
418 336
1 2 2
397 218
1 12 2
181 518
1 3 2
545 474
1 12 2
98 583
1 7 2
625 244
1 13 2
427 687
1 10 2
294 589
1 8 2
164 54
1 9 2
138 200
1 2 2
38 537
1 10 2
431 291
1 13 2
443 413
1 10 2
638 439
1 7 2
188 71
1 8 2
132 228
1 12 2
237 92
1 4 2
372 428
1 8 2
516 121
1 13 2
515 464
1 5 2
278 442
1 5 2
95 13
1 8 2
639 122
1 12 2
337 445
1 13 2
498 328
1 7 2
398 693
1 7 2
549 155
1 7 2
612 355
1 5 2
7 547
1 11 2
53 57
1 6 2
95 482
1 10 2
681 137
1 2 2
434 594
1 6 2
172 622
1 5 2
508 416
1 12 2
192 321
1 14 2
111 185
1 7 2
252 58
1 11 2
419 3
1 8 2
155 236
1 14 2
406 649
1 6 2
150 250
1 14 2
10 32
1 7 2
638 204
1 15 2
399 450
1 14 2
506 634
1 5 2
189 477
1 13 2
691 255
1 10 2
464 620
1 5 2
437 10
1 5 2
68 438
1 5 2
392 434
1 13 2
377 388
1 15 2
382 491
1 13 2
348 559
1 8 2
451 466
1 12 2
199 488
1 2 2
630 56
1 3 2
2 385
1 13 2
569 75
1 3 2
140 363
1 11 2
171 454
1 7 2
362 134
1 12 2
88 294
1 12 2
395 155
1 4 2
366 373
1 12 2
25 478
1 2 2
289 65
1 3 2
6 179
1 11 2
94 451
1 15 2
509 77
1 8 2
663 70
1 15 2
200 563
1 4 2
242 664
1 14 2
302 156
1 5 2
267 158
1 10 2
118 481
1 9 2
135 476
1 14 2
542 213
1 12 2
615 426
1 14 2
646 572
1 5 2
347 270
1 8 2
84 459
1 3 2
229 564
1 4 2
627 459
1 28 2
685 342
1 4 2
35 443
1 26 2
177 70
1 20 2
211 335
1 8 2
40 262
1 24 2
662 188
1 18 2
554 116
1 4 2
281 203
1 16 2
203 612
1 18 2
250 191
1 26 2
69 44
1 6 2
251 189
1 18 2
646 144
1 16 2
154 409
1 6 2
301 141
1 24 2
83 417
1 10 2
72 519
1 20 2
126 645
1 18 2
279 635
1 6 2
323 302
1 24 2
603 642
1 24 2
344 263
1 12 2
175 388
1 28 2
184 271
1 6 2
173 174
1 10 2
574 37
1 10 2
527 230
1 26 2
674 530
1 10 2
191 581
