700 4182 2100
6 24 25 18 5 12 9 22 13 9 23 11 25 13 15 19 7 8 11 16 22 21 10 15 23 23 16 20 25 16 12 15 18 21 21 20 16 13 24 19 12 10 19 17 24 6 23 17 10 17 25 19 23 8 11 7 14 9 17 18 12 12 16 18 11 17 21 24 6 15 22 17 21 19 20 10 13 23 22 15 21 16 14 21 15 9 5 6 12 11 19 14 10 11 11 19 11 14 19 23 14 15 19 8 14 16 21 7 21 16 5 23 14 13 16 18 25 5 13 9 7 10 24 10 12 25 12 10 15 16 9 14 13 23 14 10 25 11 19 9 19 7 13 11 9 19 5 7 13 11 25 18 19 11 24 5 11 5 5 17 6 23 16 25 9 14 24 11 8 13 22 9 11 5 22 19 6 6 23 22 11 25 19 9 19 11 9 17 13 17 9 11 23 25 8 12 13 9 8 21 9 23 18 13 24 16 19 17 14 17 24 25 23 14 14 25 10 6 25 18 11 6 15 25 20 14 10 6 13 12 14 24 6 11 14 6 19 9 25 13 18 24 13 7 12 21 11 17 13 19 23 10 10 9 12 15 20 20 13 22 9 14 18 20 18 12 20 13 21 5 5 16 8 7 25 11 12 24 11 6 20 8 9 13 6 18 14 15 10 7 5 14 17 8 13 15 22 9 18 7 15 20 5 20 21 23 20 25 21 17 10 15 20 18 8 7 6 25 13 20 5 24 5 17 7 22 18 9 18 5 25 13 18 21 17 16 23 12 8 22 24 24 15 15 12 10 16 14 7 14 12 10 8 8 19 19 13 16 5 23 20 20 23 11 25 10 20 17 25 7 18 20 19 23 22 22 18 11 7 19 24 19 20 23 9 12 25 10 20 16 17 12 24 7 7 15 10 9 11 8 22 14 8 13 18 13 15 17 14 19 11 21 10 9 13 9 24 15 10 18 21 14 22 22 19 9 18 15 24 11 24 7 24 5 10 14 11 17 25 21 25 14 9 13 9 7 5 25 13 6 20 14 19 14 8 10 13 22 22 5 8 7 19 22 19 25 8 10 16 23 8 21 5 9 24 20 25 15 10 23 17 5 8 5 6 8 22 7 15 16 16 20 19 16 23 21 19 24 12 17 9 21 22 18 9 21 8 15 7 18 5 13 21 13 15 21 24 24 16 6 15 25 24 13 11 6 21 19 7 6 22 15 21 15 15 20 21 8 25 9 9 19 18 13 25 15 9 20 19 17 5 23 21 13 25 11 25 9 22 21 19 15 24 6 24 18 20 7 8 13 15 21 25 11 15 17 17 8 13 19 5 19 10 15 20 11 17 23 24 9 13 17 18 12 9 23 8 12 19 12 7 22 7 25 23 15 17 20 7 23 25 23 7 5 8 12 19 5 17 17 18 5 18 20 8 15 22 17 15 14 24 19 24 10 23 18 22 7 5 8 13 18 10 18 20 20 24 5 13 7 14 10 24 8 6 20 20 9 25 19 22 9 23 19 8 19 9 9 12 14 15 17 14 12 11 11 25 15 5 14 5 14 7 22 15 5 23 20 16 14 14 22 16 10 11 21 16 10 5 22
3 18 10 17 13 4 7 10 20 5 16 3 16 17 6 16 18 12 15 16 18 7 5 18 12 9 18 12 3 4 20 13 19 16 7 9 6 10 19 8 18 10 14 14 13 20 20 7 14 7 19 10 9 9 16 5 8 8 13 20 20 13 6 20 11 12 11 8 8 8 18 13 3 8 17 20 19 3 16 12 18 6 14 8 19 9 11 4 8 3 15 7 13 10 17 8 5 17 10 7 6 8 13 16 8 15 9 19 14 5 16 9 13 16 13 11 17 9 17 11 14 19 15 19 7 16 5 3 20 5 4 7 5 12 14 3 15 14 19 17 12 17 12 10 8 3 13 9 5 17 11 18 3 8 7 3 18 7 13 6 17 17 20 14 5 7 3 17 20 20 10 10 4 17 20 8 8 7 12 15 15 20 11 10 16 11 9 7 14 16 10 9 8 5 16 7 17 8 19 20 20 8 4 13 18 6 8 18 3 13 20 6 16 10 5 20 8 15 7 14 19 19 13 15 6 8 13 9 3 17 20 18 10 8 12 17 17 6 18 5 8 9 17 14 4 18 19 5 12 3 16 4 10 10 5 5 19 12 5 11 14 19 3 6 18 10 16 9 9 9 16 4 14 8 19 14 16 10 3 8 5 3 11 7 5 17 19 19 3 20 12 7 4 9 6 17 14 17 14 19 20 5 18 6 18 13 3 14 10 9 4 9 16 19 5 8 4 6 17 20 17 9 18 6 12 9 15 4 9 10 11 9 13 6 5 5 16 19 16 9 15 6 7 3 8 13 9 19 4 3 7 16 11 17 8 6 13 14 14 7 13 12 11 3 5 8 4 20 11 18 6 6 13 9 3 6 8 13 3 14 12 7 3 8 19 7 14 19 19 8 9 9 8 18 20 18 16 12 11 6 13 3 19 5 18 20 5 10 10 20 13 12 20 12 6 10 11 10 3 15 14 12 20 16 16 4 20 4 6 8 8 20 5 16 11 3 20 9 10 6 8 17 3 19 4 14 3 4 19 8 7 19 10 4 18 13 5 14 10 8 12 14 17 14 7 10 9 19 8 10 16 5 12 18 3 15 5 3 14 7 4 3 15 11 18 13 8 15 7 5 20 13 17 19 18 3 11 10 12 20 9 18 8 8 10 10 6 17 20 12 15 4 10 18 13 6 17 15 16 11 16 16 15 19 6 16 4 9 4 6 6 6 6 9 11 14 4 8 13 6 19 6 18 8 16 4 9 3 10 15 15 9 14 17 16 7 19 9 8 14 18 19 17 16 20 18 19 20 20 6 16 19 10 19 8 6 8 14 8 20 11 18 9 8 17 19 7 6 19 7 20 6 4 20 9 19 9 18 20 5 5 8 17 14 10 19 8 20 7 6 6 13 9 4 19 10 10 20 18 7 5 17 8 10 10 6 10 9 16 3 8 6 4 14 8 3 20 20 16 15 3 16 11 15 6 11 10 5 4 6 17 10 18 10 6 12 7 16 5 17 19 4 14 15 7 15 15 6 4 6 9 10 13 11 5 13 14 17 12 16 6 16 20 19 10 4 3 17 4 19 14 18 10 4 8 19 17 17 14 9
1 5 2
256 289
1 14 2
537 253
1 15 2
391 360
1 7 2
294 32
1 15 2
613 634
1 12 2
466 367
1 10 2
182 205
1 15 2
2 82
1 10 2
486 20
1 2 2
161 489
1 4 2
253 335
1 5 2
670 291
1 14 2
351 486
1 12 2
553 142
1 6 2
446 498
1 15 2
212 91
1 7 2
297 25
1 14 2
18 479
1 9 2
466 370
1 13 2
501 528
1 5 2
177 646
1 3 2
585 96
1 8 2
67 579
1 13 2
508 358
1 13 2
590 338
1 12 2
387 186
1 14 2
101 585
1 12 2
473 322
1 2 2
110 473
1 5 2
584 225
1 6 2
206 201
1 15 2
253 556
1 3 2
273 622
1 6 2
271 108
1 4 2
223 201
1 3 2
118 141
1 12 2
510 424
1 6 2
356 210
1 9 2
213 48
1 10 2
239 459
1 13 2
182 244
1 7 2
303 378
1 13 2
608 317
1 14 2
171 667
1 7 2
684 623
1 10 2
542 230
1 12 2
123 135
1 15 2
614 467
1 3 2
462 41
1 2 2
579 553
1 12 2
355 544
1 14 2
487 79
1 7 2
236 427
1 14 2
310 652
1 6 2
446 266
1 6 2
245 123
1 11 2
623 649
1 4 2
102 345
1 8 2
333 170
1 9 2
467 244
1 8 2
458 249
1 12 2
650 217
1 9 2
314 106
1 4 2
635 384
1 14 2
101 503
1 10 2
645 683
1 2 2
440 299
1 12 2
27 668
1 10 2
25 429
1 12 2
145 172
1 7 2
455 172
1 4 2
374 394
1 9 2
358 248
1 11 2
253 611
1 8 2
62 66
1 5 2
280 447
1 15 2
122 637
1 9 2
569 516
1 13 2
52 105
1 13 2
649 505
1 7 2
327 480
1 11 2
85 19
1 14 2
341 366
1 9 2
77 470
1 8 2
200 698
1 11 2
585 65
1 3 2
437 618
1 14 2
110 693
1 13 2
531 399
1 14 2
360 605
1 6 2
220 186
1 4 2
98 355
1 11 2
479 73
1 14 2
484 67
1 15 2
173 613
1 14 2
598 137
1 2 2
65 212
1 6 2
633 668
1 14 2
511 312
1 14 2
18 83
1 3 2
693 593
1 10 2
319 262
1 4 2
612 170
1 5 2
155 403
1 4 2
73 484
1 12 2
204 435
1 4 2
72 510
1 10 2
171 28
1 10 2
524 97
1 3 2
368 180
1 3 2
436 671
1 6 2
442 236
1 7 2
102 146
1 10 2
645 392
1 10 2
468 672
1 15 2
441 474
1 13 2
86 52
1 5 2
389 32
1 7 2
108 325
1 13 2
582 549
1 2 2
41 137
1 8 2
91 418
1 13 2
125 506
1 13 2
556 583
1 12 2
49 335
1 11 2
555 479
1 12 2
135 128
1 7 2
11 409
1 8 2
418 268
1 3 2
310 573
1 10 2
629 433
1 12 2
120 24
1 2 2
357 265
1 15 2
493 368
1 6 2
290 42
1 3 2
573 672
1 9 2
428 78
1 8 2
521 560
1 4 2
560 467
1 7 2
605 409
1 13 2
29 65
1 12 2
212 122
1 10 2
261 665
1 5 2
577 632
1 6 2
177 649
1 11 2
159 319
1 5 2
289 361
1 4 2
517 14
1 10 2
693 27
1 8 2
374 444
1 14 2
296 531
1 2 2
644 266
1 5 2
201 403
1 9 2
136 228
1 5 2
136 372
1 8 2
207 462
1 9 2
26 103
1 15 2
141 546
1 14 2
470 166
1 6 2
35 407
1 12 2
450 424
1 4 2
469 133
1 13 2
280 172
1 2 2
60 322
1 8 2
242 293
1 15 2
555 507
1 12 2
457 680
1 4 2
477 455
1 11 2
130 352
1 14 2
533 627
1 3 2
375 140
1 4 2
581 688
1 14 2
42 281
1 7 2
467 42
1 11 2
319 185
1 8 2
550 134
1 12 2
332 276
1 6 2
348 122
1 7 2
555 596
1 7 2
423 289
1 11 2
466 243
1 3 2
411 315
1 4 2
340 225
1 9 2
403 487
1 10 2
212 195
1 10 2
195 471
1 11 2
401 280
1 9 2
571 379
1 9 2
184 306
1 15 2
389 683
1 11 2
622 120
1 2 2
326 124
1 2 2
205 168
1 12 2
274 419
1 5 2
154 572
1 2 2
432 99
1 15 2
591 589
1 6 2
685 660
1 15 2
614 37
1 10 2
473 606
1 9 2
527 76
1 4 2
68 335
1 2 2
609 116
1 4 2
555 216
1 9 2
593 375
1 14 2
645 85
1 14 2
121 666
1 2 2
30 18
1 7 2
212 482
1 10 2
589 178
1 7 2
71 12
1 13 2
425 161
1 11 2
350 506
1 8 2
600 14
1 12 2
611 150
1 10 2
537 557
1 6 2
646 495
1 12 2
304 143
1 2 2
696 67
1 6 2
208 415
1 8 2
582 356
1 9 2
334 25
1 7 2
646 226
1 12 2
497 482
1 5 2
689 498
1 9 2
249 415
1 6 2
36 548
1 4 2
382 113
1 9 2
266 36
1 11 2
417 346
1 5 2
479 382
1 6 2
195 636
1 12 2
492 80
1 5 2
686 488
1 13 2
47 474
1 8 2
351 318
1 4 2
90 509
1 10 2
492 193
1 9 2
392 259
1 3 2
590 330
1 6 2
202 357
1 7 2
301 88
1 10 2
340 196
1 13 2
422 394
1 5 2
696 659
1 8 2
96 616
1 3 2
658 641
1 2 2
246 118
1 15 2
212 237
1 7 2
661 546
1 11 2
465 214
1 13 2
324 394
1 7 2
304 678
1 3 2
478 383
1 2 2
180 135
1 2 2
23 33
1 15 2
85 456
1 3 2
626 54
1 4 2
302 573
1 4 2
416 537
1 10 2
554 94
1 6 2
72 270
1 13 2
699 139
1 14 2
152 132
1 2 2
172 429
1 9 2
688 117
1 5 2
438 345
1 2 2
586 648
1 11 2
145 642
1 13 2
340 412
1 13 2
490 618
1 12 2
656 149
1 2 2
550 3
1 2 2
226 228
1 9 2
411 344
1 8 2
583 415
1 9 2
0 348
1 6 2
213 266
1 5 2
476 445
1 10 2
582 530
1 8 2
236 359
1 2 2
535 129
1 5 2
34 688
1 13 2
359 85
1 13 2
576 3
1 6 2
466 348
1 3 2
319 84
1 9 2
690 442
1 5 2
281 399
1 14 2
657 496
1 11 2
622 98
1 6 2
373 420
1 12 2
519 384
1 4 2
255 218
1 15 2
499 231
1 5 2
538 339
1 4 2
201 676
1 13 2
50 225
1 7 2
678 692
1 12 2
31 126
1 2 2
697 473
1 7 2
558 186
1 2 2
412 489
1 7 2
481 305
1 13 2
600 632
1 13 2
121 672
1 15 2
476 692
1 12 2
367 352
1 3 2
400 277
1 13 2
335 59
1 15 2
23 511
1 2 2
163 335
1 5 2
283 215
1 14 2
420 203
1 11 2
604 324
1 11 2
442 93
1 6 2
471 156
1 15 2
543 418
1 10 2
176 410
1 14 2
666 41
1 3 2
646 92
1 9 2
355 253
1 10 2
206 376
1 12 2
166 546
1 11 2
472 360
1 6 2
273 317
1 5 2
162 429
1 14 2
261 240
1 7 2
309 380
1 9 2
182 510
1 4 2
621 112
1 11 2
101 654
1 10 2
179 362
1 12 2
27 64
1 15 2
588 648
1 5 2
262 389
1 3 2
168 336
1 11 2
375 491
1 12 2
24 516
1 9 2
170 224
1 6 2
483 7
1 4 2
599 619
1 2 2
76 572
1 15 2
546 346
1 13 2
241 536
1 14 2
9 273
1 10 2
532 351
1 9 2
118 240
1 9 2
122 190
1 3 2
349 626
1 10 2
598 204
1 4 2
47 59
1 11 2
27 332
1 6 2
573 259
1 14 2
673 272
1 7 2
182 1
1 9 2
465 498
1 13 2
108 463
1 8 2
334 0
1 10 2
592 302
1 10 2
342 47
1 5 2
161 464
1 3 2
573 664
1 6 2
2 100
1 3 2
641 582
1 5 2
129 38
1 10 2
173 545
1 9 2
442 610
1 8 2
351 204
1 2 2
228 125
1 13 2
685 458
1 14 2
495 350
1 4 2
124 0
1 2 2
652 194
1 11 2
380 221
1 10 2
448 381
1 11 2
570 601
1 5 2
523 238
1 15 2
102 45
1 9 2
394 287
1 10 2
175 530
1 13 2
650 409
1 11 2
531 603
1 2 2
343 606
1 13 2
290 52
1 3 2
119 537
1 3 2
536 45
1 11 2
298 169
1 4 2
471 505
1 2 2
679 643
1 13 2
436 444
1 10 2
370 267
1 12 2
106 661
1 13 2
279 342
1 4 2
151 565
1 7 2
196 102
1 8 2
586 182
1 6 2
208 624
1 8 2
435 645
1 7 2
87 51
1 10 2
148 393
1 3 2
286 543
1 13 2
353 439
1 6 2
594 51
1 11 2
22 306
1 5 2
101 99
1 5 2
468 644
1 15 2
284 323
1 15 2
162 427
1 9 2
316 423
1 11 2
391 316
1 15 2
677 385
1 9 2
174 141
1 8 2
535 430
1 9 2
389 356
1 8 2
284 613
1 5 2
300 13
1 3 2
302 270
1 2 2
612 356
1 15 2
132 533
1 14 2
592 610
1 10 2
254 625
1 11 2
139 492
1 2 2
243 656
1 11 2
174 332
1 9 2
638 462
1 13 2
441 66
1 15 2
113 667
1 2 2
381 178
1 13 2
311 206
1 6 2
200 561
1 10 2
570 256
1 4 2
280 214
1 5 2
479 340
1 7 2
345 643
1 12 2
292 296
1 11 2
426 245
1 3 2
24 40
1 11 2
374 609
1 14 2
178 130
1 15 2
633 389
1 12 2
288 499
1 7 2
360 329
1 10 2
574 558
1 6 2
88 446
1 3 2
107 538
1 15 2
547 679
1 13 2
13 469
1 4 2
658 428
1 15 2
513 549
1 15 2
501 282
1 15 2
80 416
1 15 2
102 527
1 7 2
589 681
1 11 2
10 130
1 12 2
87 655
1 8 2
184 462
1 8 2
291 534
1 10 2
256 187
1 4 2
558 666
1 3 2
194 32
1 5 2
234 16
1 5 2
237 590
1 9 2
553 461
1 14 2
454 604
1 12 2
138 141
1 2 2
625 608
1 6 2
358 676
1 12 2
583 274
1 3 2
517 446
1 6 2
269 500
1 10 2
376 516
1 15 2
3 55
1 5 2
463 529
1 4 2
7 680
1 8 2
268 270
1 6 2
550 476
1 12 2
9 294
1 6 2
96 18
1 10 2
450 686
1 7 2
63 452
1 6 2
229 195
1 10 2
138 390
1 7 2
96 116
1 10 2
649 252
1 6 2
54 295
1 9 2
194 7
1 13 2
130 74
1 2 2
560 387
1 15 2
216 346
1 10 2
216 352
1 9 2
58 340
1 5 2
134 260
1 13 2
194 647
1 2 2
255 185
1 5 2
670 171
1 3 2
227 487
1 11 2
540 271
1 14 2
259 136
1 2 2
355 686
1 5 2
415 137
1 13 2
557 513
1 2 2
104 558
1 2 2
23 273
1 13 2
159 58
1 7 2
99 219
1 7 2
573 185
1 7 2
318 314
1 11 2
692 628
1 2 2
497 637
1 7 2
670 649
1 2 2
542 85
1 3 2
381 567
1 14 2
639 158
1 13 2
127 57
1 6 2
384 658
1 8 2
488 204
1 2 2
385 451
1 6 2
563 657
1 11 2
342 352
1 10 2
613 274
1 3 2
463 472
1 9 2
303 220
1 11 2
585 440
1 5 2
598 572
1 11 2
419 108
1 10 2
444 604
1 2 2
17 16
1 14 2
388 55
1 11 2
385 505
1 15 2
695 48
1 7 2
366 592
1 4 2
244 387
1 5 2
373 246
1 13 2
239 135
1 5 2
304 14
1 15 2
50 102
1 12 2
326 241
1 13 2
330 582
1 15 2
292 677
1 12 2
231 368
1 12 2
676 625
1 9 2
542 127
1 4 2
405 640
1 15 2
40 152
1 4 2
88 414
1 7 2
696 319
1 8 2
650 612
1 9 2
83 537
1 14 2
372 641
1 3 2
632 334
1 14 2
327 268
1 5 2
211 697
1 15 2
534 253
1 6 2
85 304
1 14 2
164 134
1 15 2
151 435
1 14 2
442 206
1 11 2
24 659
1 2 2
268 178
1 8 2
160 187
1 3 2
377 158
1 6 2
560 616
1 2 2
696 398
1 15 2
636 228
1 8 2
194 163
1 13 2
249 76
1 10 2
493 401
1 7 2
116 391
1 10 2
432 248
1 5 2
248 539
1 3 2
348 18
1 9 2
146 6
1 14 2
613 566
1 11 2
539 86
1 3 2
496 375
1 15 2
447 137
1 15 2
478 102
1 2 2
541 422
1 5 2
206 316
1 7 2
203 379
1 12 2
142 432
1 15 2
110 148
1 15 2
661 149
1 10 2
539 590
1 7 2
366 71
1 8 2
162 222
1 15 2
245 94
1 3 2
133 149
1 12 2
419 416
1 13 2
31 609
1 9 2
505 573
1 12 2
588 260
1 7 2
673 83
1 8 2
567 368
1 11 2
374 570
1 11 2
225 272
1 2 2
91 568
1 3 2
119 297
1 2 2
649 506
1 5 2
450 498
1 9 2
599 64
1 4 2
569 541
1 8 2
144 136
1 11 2
638 238
1 5 2
166 89
1 9 2
106 56
1 11 2
565 204
1 13 2
373 665
1 9 2
292 240
1 13 2
291 369
1 3 2
341 443
1 14 2
75 369
1 14 2
112 49
1 11 2
49 666
1 11 2
696 218
1 9 2
438 174
1 15 2
651 637
1 4 2
324 179
1 10 2
368 389
1 15 2
54 461
1 6 2
92 20
1 3 2
102 315
1 4 2
456 251
1 10 2
628 134
1 14 2
50 480
1 4 2
437 489
1 5 2
79 660
1 14 2
184 681
1 5 2
648 348
1 3 2
432 513
1 11 2
639 172
1 12 2
272 198
1 2 2
163 465
1 6 2
429 665
1 13 2
341 551
1 5 2
254 456
1 6 2
396 250
1 13 2
240 378
1 9 2
330 185
1 5 2
6 294
1 3 2
601 64
1 6 2
656 396
1 2 2
524 505
1 11 2
236 323
1 8 2
383 126
1 4 2
251 152
1 10 2
533 537
1 14 2
149 416
1 13 2
259 276
1 9 2
241 560
1 14 2
636 58
1 9 2
479 235
1 13 2
109 403
1 5 2
102 338
1 5 2
570 304
1 11 2
52 535
1 14 2
592 140
1 14 2
413 156
1 5 2
569 324
1 10 2
59 428
1 4 2
579 693
1 11 2
178 518
1 7 2
218 220
1 14 2
274 545
1 9 2
409 593
1 13 2
587 521
1 9 2
135 300
1 10 2
380 211
1 5 2
335 692
1 2 2
181 152
1 10 2
3 184
1 9 2
292 194
1 14 2
393 692
1 11 2
657 346
1 6 2
285 25
1 4 2
110 499
1 6 2
35 442
1 7 2
471 468
1 3 2
622 642
1 8 2
472 393
1 2 2
84 648
1 14 2
472 565
1 9 2
637 124
1 6 2
309 556
1 9 2
217 41
1 9 2
214 318
1 13 2
314 187
1 5 2
385 163
1 7 2
103 33
1 8 2
661 441
1 5 2
334 678
1 9 2
36 691
1 15 2
677 539
1 4 2
218 516
1 5 2
260 97
1 3 2
221 324
1 12 2
486 217
1 4 2
646 77
1 9 2
347 146
1 4 2
602 310
1 15 2
516 509
1 7 2
108 688
1 12 2
94 272
1 15 2
418 24
1 15 2
231 690
1 15 2
144 291
1 4 2
407 26
1 11 2
329 151
1 10 2
510 592
1 14 2
601 331
1 10 2
433 231
1 2 2
7 67
1 8 2
618 279
1 10 2
446 388
1 13 2
181 561
1 7 2
7 311
1 8 2
96 17
1 12 2
340 553
1 13 2
326 362
1 5 2
300 458
1 5 2
194 352
1 7 2
572 222
1 10 2
416 542
1 6 2
339 117
1 5 2
541 40
1 15 2
609 574
1 6 2
204 301
1 6 2
279 67
1 13 2
306 678
1 3 2
526 641
1 2 2
95 121
1 11 2
474 630
1 8 2
8 595
1 10 2
253 18
1 14 2
599 389
1 7 2
508 454
1 14 2
134 638
1 6 2
240 272
1 13 2
158 66
1 2 2
595 646
1 13 2
392 141
1 10 2
80 694
1 11 2
178 489
1 15 2
314 545
1 10 2
507 506
1 9 2
311 588
1 2 2
429 73
1 12 2
218 326
1 8 2
199 289
1 11 2
259 617
1 7 2
285 29
1 14 2
572 107
1 2 2
210 183
1 10 2
675 319
1 8 2
367 283
1 13 2
434 112
1 6 2
74 606
1 12 2
375 574
1 14 2
541 31
1 13 2
118 551
1 13 2
46 131
1 10 2
34 183
1 15 2
554 312
1 5 2
7 431
1 4 2
628 448
1 7 2
39 647
1 9 2
54 623
1 11 2
249 499
1 10 2
89 367
1 15 2
14 90
1 2 2
156 597
1 2 2
621 527
1 7 2
44 485
1 9 2
522 511
1 5 2
217 389
1 8 2
691 605
1 11 2
698 440
1 10 2
315 7
1 2 2
129 578
1 14 2
443 301
1 11 2
387 350
1 7 2
498 698
1 9 2
492 604
1 3 2
153 167
1 13 2
206 192
1 2 2
80 98
1 13 2
673 455
1 2 2
214 556
1 9 2
182 176
1 8 2
231 36
1 15 2
626 204
1 3 2
581 506
1 6 2
371 6
1 2 2
314 42
1 10 2
566 248
1 14 2
541 341
1 14 2
613 303
1 4 2
620 236
1 5 2
297 9
1 8 2
26 621
1 9 2
697 234
1 6 2
170 693
1 7 2
79 640
1 4 2
560 312
1 8 2
218 641
1 11 2
19 405
1 14 2
683 487
1 3 2
86 542
1 11 2
119 371
1 7 2
105 526
1 11 2
105 457
1 12 2
187 231
1 11 2
331 321
1 3 2
529 23
1 15 2
475 317
1 5 2
561 106
1 11 2
569 180
1 9 2
146 334
1 5 2
247 353
1 9 2
266 120
1 10 2
41 89
1 10 2
443 525
1 5 2
559 177
1 15 2
669 162
1 2 2
129 102
1 3 2
482 591
1 7 2
669 658
1 11 2
360 61
1 7 2
195 432
1 7 2
457 562
1 2 2
116 310
1 13 2
508 67
1 12 2
118 381
1 7 2
539 415
1 12 2
98 604
1 12 2
623 402
1 14 2
378 208
1 2 2
632 551
1 9 2
279 111
1 14 2
663 254
1 4 2
10 317
1 9 2
570 347
1 4 2
85 406
1 8 2
364 47
1 4 2
75 43
1 14 2
367 159
1 10 2
308 363
1 10 2
418 516
1 6 2
407 482
1 9 2
484 406
1 2 2
464 475
1 11 2
560 633
1 12 2
670 85
1 5 2
473 405
1 14 2
605 175
1 2 2
163 582
1 15 2
216 423
1 7 2
438 637
1 8 2
280 160
1 13 2
247 402
1 13 2
31 593
1 9 2
302 214
1 15 2
690 120
1 3 2
693 373
1 15 2
310 229
1 12 2
102 450
1 8 2
529 420
1 7 2
544 322
1 7 2
132 630
1 3 2
198 177
1 5 2
125 197
1 5 2
287 671
1 13 2
356 490
1 5 2
414 93
1 7 2
61 212
1 15 2
444 175
1 9 2
113 289
1 8 2
514 594
1 4 2
26 146
1 15 2
108 292
1 13 2
438 608
1 5 2
685 474
1 12 2
571 70
1 13 2
590 677
1 14 2
694 64
1 6 2
332 216
1 12 2
662 163
1 4 2
396 329
1 5 2
260 533
1 11 2
206 317
1 15 2
159 133
1 12 2
527 488
1 7 2
170 293
1 11 2
475 85
1 14 2
568 629
1 15 2
691 187
1 6 2
667 229
1 13 2
17 337
1 5 2
2 686
1 11 2
384 622
1 10 2
236 333
1 12 2
258 156
1 6 2
642 207
1 12 2
44 563
1 7 2
374 471
1 4 2
357 31
1 14 2
602 542
1 13 2
153 510
1 3 2
374 613
1 13 2
382 103
1 13 2
419 590
1 3 2
167 545
1 2 2
56 133
1 14 2
521 81
1 9 2
196 572
1 13 2
672 643
1 7 2
343 523
1 11 2
396 564
1 11 2
591 215
1 5 2
235 342
1 14 2
59 372
1 14 2
233 320
1 5 2
142 631
1 15 2
153 419
1 2 2
602 535
1 13 2
276 12
1 14 2
344 616
1 7 2
286 586
1 2 2
627 488
1 5 2
151 408
1 14 2
505 563
1 2 2
332 106
1 15 2
155 631
1 15 2
478 637
1 9 2
686 393
1 11 2
294 182
1 6 2
508 568
1 4 2
142 129
1 2 2
230 569
1 10 2
680 74
1 5 2
397 55
1 12 2
664 551
1 3 2
309 83
1 5 2
364 474
1 12 2
223 96
1 11 2
124 142
1 12 2
330 526
1 15 2
532 383
1 12 2
611 27
1 11 2
251 130
1 4 2
237 101
1 13 2
329 361
1 3 2
529 143
1 6 2
178 500
1 4 2
400 646
1 10 2
641 46
1 6 2
425 216
1 14 2
252 56
1 12 2
203 291
1 15 2
191 670
1 7 2
421 481
1 14 2
322 233
1 2 2
634 6
1 15 2
658 273
1 5 2
332 664
1 3 2
678 568
1 13 2
349 429
1 13 2
351 190
1 14 2
337 159
1 15 2
607 167
1 8 2
688 653
1 3 2
131 559
1 2 2
425 146
1 8 2
232 381
1 8 2
407 539
1 11 2
244 114
1 10 2
236 328
1 10 2
381 324
1 5 2
67 328
1 8 2
384 692
1 2 2
184 337
1 11 2
580 511
1 3 2
236 340
1 9 2
577 306
1 2 2
529 571
1 11 2
644 589
1 4 2
396 125
1 15 2
575 236
1 8 2
635 110
1 2 2
196 19
1 12 2
297 58
1 10 2
466 99
1 12 2
385 666
1 6 2
562 208
1 9 2
136 464
1 9 2
543 281
1 8 2
101 237
1 5 2
674 657
1 5 2
448 592
1 8 2
225 287
1 2 2
40 598
1 14 2
342 162
1 9 2
523 364
1 6 2
245 429
1 13 2
450 504
1 7 2
663 698
1 10 2
117 25
1 11 2
504 170
1 14 2
475 11
1 4 2
680 581
1 14 2
228 155
1 6 2
383 629
1 5 2
468 16
1 8 2
422 458
1 14 2
537 229
1 7 2
36 541
1 15 2
639 186
1 8 2
115 375
1 14 2
87 547
1 12 2
303 495
1 8 2
560 343
1 12 2
318 474
1 14 2
49 20
1 5 2
528 350
1 15 2
365 409
1 13 2
539 83
1 8 2
170 403
1 15 2
268 508
1 10 2
275 532
1 9 2
130 24
1 14 2
369 367
1 10 2
642 520
1 9 2
611 342
1 13 2
392 270
1 2 2
258 365
1 15 2
116 144
1 6 2
223 590
1 9 2
334 469
1 15 2
584 691
1 12 2
484 384
1 4 2
192 589
1 11 2
459 538
1 4 2
295 634
1 13 2
167 497
1 2 2
619 658
1 8 2
38 438
1 6 2
431 602
1 12 2
620 204
1 12 2
326 46
1 4 2
565 367
1 3 2
427 94
1 14 2
118 666
1 14 2
51 195
1 11 2
560 514
1 8 2
1 143
1 2 2
146 112
1 2 2
58 334
1 15 2
117 190
1 14 2
500 515
1 12 2
254 673
1 12 2
557 20
1 13 2
405 643
1 8 2
664 207
1 15 2
333 288
1 7 2
537 139
1 12 2
221 129
1 7 2
510 615
1 4 2
598 633
1 5 2
73 382
1 8 2
476 3
1 5 2
67 93
1 12 2
519 185
1 7 2
240 406
1 9 2
624 323
1 12 2
6 138
1 8 2
343 602
1 2 2
194 594
1 9 2
315 335
1 10 2
149 517
1 3 2
402 367
1 15 2
495 257
1 10 2
244 33
1 7 2
20 376
1 5 2
278 127
1 9 2
413 347
1 2 2
673 38
1 14 2
327 340
1 8 2
135 344
1 7 2
636 607
1 13 2
153 148
1 10 2
19 636
1 2 2
195 407
1 6 2
181 86
1 2 2
224 534
1 6 2
513 215
1 7 2
384 458
1 2 2
463 268
1 11 2
499 268
1 2 2
373 624
1 9 2
295 658
1 15 2
322 182
1 13 2
358 504
1 2 2
5 49
1 4 2
182 596
1 12 2
199 677
1 7 2
199 146
1 3 2
299 610
1 6 2
445 487
1 5 2
47 688
1 12 2
378 442
1 2 2
113 574
1 9 2
145 190
1 6 2
171 686
1 5 2
21 478
1 5 2
190 398
1 9 2
99 299
1 9 2
316 514
1 11 2
508 217
1 9 2
200 341
1 13 2
39 400
1 7 2
458 6
1 12 2
296 64
1 2 2
318 278
1 8 2
259 253
1 15 2
512 587
1 15 2
10 221
1 15 2
686 92
1 10 2
76 95
1 15 2
7 65
1 11 2
144 628
1 2 2
214 586
1 8 2
615 93
1 11 2
397 478
1 3 2
229 565
1 15 2
429 455
1 5 2
581 291
1 12 2
122 647
1 3 2
63 180
1 13 2
472 271
1 15 2
521 251
1 7 2
652 23
1 11 2
614 481
1 14 2
595 590
1 12 2
469 587
1 3 2
558 89
1 9 2
577 14
1 10 2
686 447
1 3 2
14 675
1 9 2
70 616
1 9 2
343 71
1 7 2
152 467
1 15 2
248 535
1 11 2
20 170
1 8 2
579 53
1 9 2
557 74
1 10 2
46 136
1 9 2
459 404
1 13 2
150 315
1 3 2
159 282
1 2 2
176 160
1 10 2
560 530
1 4 2
434 542
1 12 2
255 523
1 4 2
174 526
1 7 2
546 292
1 9 2
683 509
1 14 2
241 5
1 13 2
351 571
1 12 2
384 233
1 6 2
15 389
1 7 2
642 209
1 5 2
98 508
1 13 2
364 298
1 11 2
8 471
1 14 2
322 558
1 6 2
604 199
1 15 2
90 300
1 5 2
26 565
1 14 2
169 21
1 13 2
128 394
1 7 2
310 191
1 7 2
56 138
1 9 2
181 125
1 7 2
627 143
1 12 2
352 411
1 15 2
435 103
1 3 2
197 139
1 4 2
553 657
1 14 2
671 16
1 3 2
543 685
1 13 2
445 538
1 11 2
417 364
1 14 2
179 684
1 10 2
379 254
1 6 2
61 636
1 9 2
260 189
1 2 2
298 269
1 2 2
5 67
1 5 2
677 372
1 10 2
25 123
1 10 2
65 415
1 13 2
149 141
1 8 2
387 253
1 6 2
219 313
1 8 2
129 347
1 7 2
290 464
1 3 2
368 391
1 6 2
119 473
1 6 2
560 8
1 4 2
30 247
1 10 2
691 391
1 14 2
423 292
1 10 2
280 90
1 11 2
585 365
1 13 2
689 565
1 3 2
498 470
1 3 2
628 338
1 10 2
144 13
1 5 2
550 0
1 6 2
281 455
1 6 2
677 20
1 12 2
193 577
1 6 2
139 588
1 3 2
348 270
1 9 2
654 466
1 10 2
484 108
1 6 2
368 384
1 8 2
100 447
1 2 2
435 475
1 9 2
499 223
1 13 2
583 53
1 5 2
520 250
1 11 2
218 283
1 3 2
251 79
1 11 2
414 276
1 2 2
158 300
1 13 2
126 528
1 7 2
96 286
1 15 2
114 276
1 12 2
665 14
1 4 2
661 126
1 8 2
461 685
1 3 2
93 422
1 11 2
409 382
1 6 2
226 50
1 13 2
50 57
1 11 2
371 18
1 15 2
580 44
1 5 2
527 131
1 12 2
443 87
1 13 2
119 200
1 9 2
355 601
1 9 2
434 642
1 5 2
523 362
1 5 2
312 79
1 7 2
39 422
1 13 2
614 137
1 15 2
547 474
1 15 2
690 358
1 14 2
224 476
1 5 2
396 27
1 8 2
530 61
1 6 2
204 447
1 15 2
179 454
1 9 2
241 417
1 5 2
672 52
1 4 2
140 527
1 11 2
465 195
1 12 2
676 144
1 12 2
30 461
1 4 2
492 104
1 7 2
176 601
1 13 2
689 259
1 4 2
195 316
1 10 2
695 678
1 3 2
521 505
1 3 2
449 368
1 13 2
97 187
1 9 2
384 208
1 4 2
534 50
1 8 2
145 42
1 15 2
202 122
1 4 2
229 34
1 3 2
17 196
1 8 2
224 111
1 14 2
61 376
1 8 2
677 382
1 5 2
547 493
1 11 2
20 63
1 11 2
474 654
1 11 2
594 162
1 5 2
395 182
1 14 2
398 691
1 8 2
693 7
1 3 2
565 591
1 12 2
656 92
1 4 2
626 214
1 2 2
608 177
1 10 2
456 577
1 6 2
306 147
1 4 2
425 628
1 10 2
84 510
1 2 2
162 669
1 5 2
392 635
1 10 2
438 641
1 6 2
383 699
1 10 2
73 429
1 11 2
344 25
1 11 2
676 638
1 10 2
100 257
1 14 2
68 322
1 4 2
361 513
1 7 2
51 131
1 14 2
53 676
1 9 2
268 175
1 13 2
415 87
1 10 2
127 427
1 9 2
348 159
1 10 2
446 507
1 7 2
525 230
1 8 2
397 144
1 9 2
25 439
1 8 2
343 29
1 13 2
632 685
1 10 2
559 282
1 10 2
83 644
1 5 2
269 366
1 15 2
316 354
1 10 2
655 42
1 15 2
515 236
1 9 2
388 9
1 5 2
200 419
1 13 2
208 5
1 12 2
388 486
1 8 2
114 451
1 2 2
177 459
1 12 2
514 613
1 10 2
652 625
1 4 2
477 510
1 6 2
350 69
1 8 2
251 422
1 13 2
85 590
1 6 2
225 335
1 11 2
585 666
1 3 2
448 18
1 8 2
497 56
1 15 2
257 6
1 6 2
181 335
1 9 2
628 38
1 4 2
654 233
1 2 2
436 676
1 14 2
342 372
1 5 2
76 636
1 10 2
617 565
1 9 2
208 380
1 5 2
696 534
1 3 2
600 183
1 12 2
525 337
1 3 2
331 393
1 3 2
25 116
1 8 2
39 257
1 6 2
132 429
1 2 2
268 145
1 7 2
146 222
1 2 2
95 611
1 15 2
298 425
1 6 2
287 326
1 6 2
672 81
1 5 2
363 612
1 10 2
404 670
1 8 2
415 617
1 10 2
436 177
1 2 2
367 419
1 3 2
70 101
1 15 2
437 378
1 13 2
108 229
1 6 2
351 435
1 10 2
324 551
1 7 2
250 296
1 13 2
214 426
1 10 2
42 19
1 6 2
514 39
1 11 2
372 342
1 15 2
162 626
1 4 2
158 441
1 8 2
147 467
1 11 2
283 661
1 13 2
540 285
1 12 2
459 139
1 15 2
62 159
1 11 2
542 413
1 4 2
314 537
1 5 2
517 152
1 5 2
540 288
1 14 2
438 558
1 12 2
387 66
1 11 2
6 256
1 4 2
629 62
1 2 2
489 535
1 10 2
374 419
1 5 2
160 619
1 3 2
20 508
1 9 2
47 684
1 14 2
695 364
1 9 2
437 537
1 10 2
248 693
1 6 2
532 249
1 10 2
42 29
1 14 2
670 451
1 11 2
539 16
1 10 2
389 329
1 12 2
78 192
1 8 2
493 467
1 6 2
289 496
1 3 2
112 497
1 14 2
303 101
1 10 2
682 516
1 15 2
221 583
1 9 2
492 245
1 6 2
190 393
1 10 2
279 295
1 3 2
153 655
1 2 2
487 327
1 14 2
458 230
1 7 2
504 552
1 10 2
190 687
1 13 2
372 254
1 8 2
4 534
1 3 2
481 208
1 5 2
514 492
1 8 2
498 534
1 4 2
665 48
1 3 2
464 30
1 2 2
293 619
1 10 2
109 19
1 12 2
79 347
1 2 2
326 492
1 8 2
201 432
1 4 2
461 206
1 9 2
329 289
1 2 2
529 682
1 14 2
514 558
1 2 2
125 74
1 4 2
301 107
1 14 2
547 546
1 9 2
517 268
1 6 2
220 341
1 10 2
303 213
1 2 2
324 393
1 6 2
175 403
1 15 2
603 600
1 10 2
3 319
1 3 2
536 205
1 4 2
392 111
1 12 2
264 529
1 6 2
146 304
1 4 2
144 606
1 4 2
290 571
1 10 2
194 385
1 4 2
176 86
1 3 2
42 457
1 6 2
295 34
1 10 2
68 237
1 9 2
115 332
1 10 2
684 266
1 6 2
58 117
1 5 2
113 459
1 5 2
304 529
1 3 2
159 330
1 14 2
258 109
1 6 2
288 451
1 4 2
268 527
1 11 2
434 452
1 8 2
520 181
1 2 2
456 224
1 13 2
310 417
1 15 2
22 89
1 7 2
270 692
1 14 2
368 300
1 14 2
128 428
1 6 2
661 285
1 15 2
95 321
1 7 2
508 503
1 3 2
227 689
1 13 2
423 513
1 12 2
5 257
1 14 2
3 626
1 2 2
407 60
1 5 2
194 71
1 12 2
257 597
1 7 2
518 507
1 9 2
138 475
1 13 2
674 347
1 2 2
202 65
1 10 2
413 33
1 8 2
18 162
1 11 2
102 199
1 8 2
347 47
1 14 2
518 157
1 8 2
300 247
1 3 2
335 306
1 7 2
43 472
1 9 2
548 288
1 13 2
191 416
1 7 2
671 443
1 7 2
472 262
1 5 2
311 457
1 3 2
604 649
1 12 2
197 524
1 2 2
97 672
1 12 2
371 297
1 7 2
238 373
1 11 2
645 587
1 4 2
629 250
1 4 2
321 485
1 9 2
56 404
1 12 2
536 91
1 12 2
640 3
1 3 2
149 684
1 8 2
127 239
1 4 2
669 124
1 15 2
391 116
1 9 2
338 176
1 9 2
332 365
1 7 2
670 510
1 11 2
349 635
1 2 2
344 141
1 5 2
511 71
1 3 2
40 354
1 9 2
117 108
1 2 2
387 342
1 15 2
190 427
1 12 2
697 226
1 14 2
141 530
1 6 2
42 394
1 7 2
88 105
1 8 2
541 286
1 10 2
296 616
1 11 2
241 498
1 12 2
142 608
1 9 2
307 561
1 6 2
257 428
1 4 2
276 314
1 2 2
364 425
1 8 2
380 175
1 12 2
297 114
1 11 2
405 528
1 3 2
667 211
1 2 2
638 619
1 3 2
134 426
1 9 2
541 564
1 3 2
149 300
1 12 2
291 281
1 3 2
126 70
1 13 2
357 406
1 11 2
413 217
1 8 2
359 331
1 15 2
448 214
1 10 2
447 491
1 14 2
81 112
1 10 2
502 153
1 4 2
582 379
1 13 2
531 190
1 9 2
191 602
1 10 2
198 523
1 2 2
235 642
1 2 2
685 30
1 13 2
177 443
1 7 2
46 699
1 3 2
403 615
1 2 2
391 177
1 13 2
546 89
1 2 2
80 684
1 6 2
79 87
1 13 2
615 83
1 12 2
610 256
1 10 2
348 572
1 7 2
258 40
1 5 2
430 1
1 10 2
51 546
1 13 2
441 125
1 4 2
216 159
1 2 2
237 694
1 15 2
8 140
1 12 2
300 151
1 7 2
2 132
1 8 2
245 4
1 13 2
628 512
1 14 2
246 664
1 2 2
456 237
1 13 2
540 79
1 12 2
500 216
1 2 2
92 651
1 10 2
98 630
1 6 2
147 49
1 12 2
272 188
1 4 2
680 491
1 14 2
512 375
1 5 2
345 462
1 5 2
52 345
1 2 2
258 448
1 11 2
340 577
1 11 2
429 640
1 10 2
328 124
1 3 2
248 392
1 8 2
371 626
1 7 2
392 291
1 5 2
340 24
1 3 2
598 72
1 4 2
140 267
1 12 2
268 568
1 8 2
343 308
1 8 2
48 433
1 10 2
663 348
1 2 2
81 41
1 5 2
380 631
1 12 2
4 365
1 4 2
33 588
1 11 2
179 255
1 9 2
589 301
1 14 2
196 455
1 10 2
283 450
1 10 2
163 63
1 5 2
258 552
1 8 2
229 202
1 13 2
623 475
1 9 2
361 194
1 15 2
104 516
1 13 2
514 634
1 4 2
647 474
1 7 2
180 188
1 8 2
275 536
1 12 2
64 588
1 11 2
171 530
1 2 2
462 385
1 5 2
624 427
1 7 2
464 251
1 13 2
122 378
1 7 2
630 125
1 6 2
265 272
1 2 2
397 691
1 12 2
249 660
1 10 2
661 398
1 5 2
76 472
1 6 2
260 393
1 12 2
327 590
1 5 2
206 159
1 13 2
413 462
1 10 2
198 598
1 11 2
104 650
1 10 2
458 183
1 4 2
104 342
1 12 2
368 390
1 6 2
324 80
1 10 2
116 207
1 9 2
168 17
1 14 2
436 113
1 5 2
666 225
1 4 2
695 2
1 8 2
53 410
1 8 2
83 536
1 2 2
529 191
1 8 2
494 314
1 12 2
392 162
1 11 2
564 384
1 8 2
641 622
1 2 2
241 110
1 8 2
437 676
1 4 2
506 465
1 9 2
605 166
1 15 2
236 382
1 4 2
572 51
1 12 2
596 72
1 11 2
493 102
1 14 2
416 219
1 14 2
618 663
1 7 2
365 5
1 3 2
619 514
1 7 2
439 136
1 2 2
176 356
1 10 2
543 190
1 5 2
204 143
1 15 2
407 224
1 13 2
430 544
1 10 2
107 311
1 13 2
688 628
1 14 2
272 669
1 11 2
89 220
1 13 2
578 330
1 13 2
187 10
1 3 2
151 217
1 11 2
393 538
1 12 2
323 217
1 12 2
642 178
1 7 2
78 240
1 4 2
694 161
1 2 2
277 62
1 13 2
80 300
1 7 2
691 133
1 13 2
442 111
1 8 2
452 83
1 4 2
661 236
1 8 2
217 383
1 15 2
515 331
1 15 2
76 72
1 8 2
359 398
1 8 2
37 252
1 2 2
123 191
1 4 2
682 145
1 9 2
662 223
1 4 2
170 184
1 8 2
310 348
1 14 2
138 513
1 8 2
683 1
1 4 2
360 653
1 15 2
121 418
1 15 2
507 544
1 8 2
207 171
1 7 2
443 318
1 6 2
500 149
1 6 2
563 495
1 13 2
609 555
1 12 2
36 285
1 4 2
510 201
1 11 2
522 228
1 11 2
236 17
1 4 2
337 668
1 15 2
169 65
1 5 2
402 125
1 11 2
425 4
1 7 2
441 502
1 2 2
623 188
1 3 2
688 171
1 6 2
656 696
1 7 2
691 274
1 12 2
29 682
1 6 2
351 601
1 10 2
359 439
1 15 2
400 174
1 3 2
426 478
1 12 2
385 554
1 15 2
84 171
1 11 2
86 123
1 10 2
45 349
1 14 2
33 143
1 5 2
409 322
1 13 2
695 494
1 8 2
58 99
1 10 2
434 636
1 15 2
278 53
1 10 2
483 520
1 5 2
375 408
1 12 2
611 510
1 12 2
164 270
1 11 2
469 282
1 6 2
504 475
1 15 2
239 622
1 3 2
120 476
1 14 2
388 645
1 2 2
479 113
1 9 2
291 608
1 7 2
419 453
1 2 2
4 1
1 9 2
110 211
1 4 2
189 434
1 6 2
153 597
1 12 2
355 248
1 3 2
585 58
1 6 2
299 538
1 14 2
425 158
1 14 2
3 67
1 2 2
105 157
1 10 2
261 480
1 12 2
441 565
1 10 2
518 569
1 8 2
366 585
1 12 2
663 390
1 3 2
293 449
1 3 2
318 95
1 12 2
40 426
1 12 2
288 132
1 3 2
346 679
1 15 2
638 161
1 8 2
505 256
1 11 2
71 101
1 15 2
444 286
1 14 2
434 347
1 14 2
325 231
1 9 2
667 213
1 7 2
565 21
1 4 2
240 96
1 8 2
367 131
1 4 2
563 643
1 12 2
407 348
1 14 2
109 75
1 13 2
303 141
1 2 2
146 116
1 9 2
682 499
1 7 2
416 656
1 4 2
372 132
1 2 2
275 518
1 6 2
313 500
1 11 2
189 35
1 14 2
432 341
1 2 2
110 39
1 12 2
688 440
1 10 2
285 36
1 10 2
465 202
1 10 2
153 38
1 9 2
28 438
1 10 2
669 674
1 7 2
536 388
1 2 2
607 541
1 13 2
435 456
1 15 2
598 131
1 2 2
384 562
1 10 2
37 159
1 7 2
267 287
1 14 2
466 70
1 4 2
173 534
1 10 2
278 626
1 11 2
55 590
1 4 2
245 504
1 5 2
494 224
1 15 2
534 434
1 14 2
516 59
1 3 2
8 524
1 12 2
53 652
1 13 2
140 439
1 9 2
226 194
1 2 2
536 673
1 12 2
671 326
1 11 2
482 585
1 10 2
492 60
1 10 2
185 87
1 4 2
550 367
1 4 2
536 693
1 5 2
176 265
1 5 2
475 169
1 10 2
475 609
1 8 2
519 493
1 5 2
78 312
1 8 2
335 668
1 11 2
429 475
1 8 2
609 532
1 10 2
570 242
1 8 2
519 465
1 9 2
294 369
1 13 2
73 14
1 11 2
192 239
1 7 2
670 482
1 12 2
666 568
1 11 2
422 589
1 15 2
572 273
1 15 2
26 422
1 12 2
631 302
1 11 2
656 13
1 11 2
593 382
1 13 2
460 213
1 14 2
344 380
1 6 2
171 446
1 13 2
300 318
1 7 2
436 490
1 14 2
320 471
1 7 2
355 405
1 3 2
339 45
1 8 2
76 118
1 15 2
241 227
1 10 2
3 415
1 2 2
642 118
1 15 2
142 197
1 10 2
587 430
1 11 2
397 103
1 7 2
626 49
1 11 2
440 49
1 10 2
328 116
1 10 2
583 287
1 10 2
188 675
1 13 2
589 622
1 14 2
12 423
1 6 2
216 293
1 12 2
592 81
1 3 2
127 191
1 5 2
305 84
1 4 2
625 305
1 6 2
653 300
1 11 2
199 654
1 9 2
446 389
1 11 2
278 215
1 15 2
693 168
1 2 2
241 610
1 14 2
45 103
1 14 2
664 73
1 6 2
28 97
1 11 2
289 364
1 15 2
4 304
1 2 2
670 633
1 15 2
325 197
1 10 2
426 599
1 10 2
580 612
1 2 2
464 472
1 7 2
671 78
1 7 2
648 682
1 12 2
251 219
1 13 2
144 447
1 3 2
337 434
1 6 2
509 663
1 11 2
234 252
1 5 2
68 158
1 7 2
196 216
1 7 2
257 620
1 15 2
86 581
1 8 2
687 686
1 4 2
668 110
1 5 2
362 85
1 2 2
301 679
1 5 2
92 334
1 9 2
562 141
1 7 2
75 341
1 2 2
353 484
1 7 2
14 407
1 10 2
181 596
1 8 2
425 393
1 3 2
191 292
1 2 2
685 373
1 15 2
536 526
1 4 2
100 179
1 7 2
640 115
1 10 2
391 55
1 10 2
154 212
1 13 2
79 185
1 10 2
436 432
1 8 2
387 542
1 14 2
317 270
1 2 2
515 350
1 15 2
343 20
1 2 2
5 381
1 10 2
579 671
1 14 2
325 125
1 11 2
436 17
1 3 2
103 457
1 6 2
155 587
1 11 2
163 65
1 12 2
328 407
1 15 2
17 64
1 3 2
450 224
1 9 2
553 525
1 15 2
385 194
1 15 2
169 696
1 9 2
106 181
1 6 2
185 260
1 9 2
125 232
1 8 2
339 397
1 9 2
684 588
1 13 2
483 413
1 6 2
89 4
1 15 2
385 393
1 15 2
105 379
1 2 2
694 578
1 14 2
636 590
1 15 2
55 387
1 10 2
365 107
1 12 2
417 618
1 2 2
686 184
1 6 2
142 527
1 3 2
574 606
1 6 2
137 568
1 11 2
38 633
1 14 2
102 689
1 6 2
571 13
1 6 2
444 550
1 2 2
357 30
1 9 2
664 607
1 7 2
171 226
1 3 2
191 394
1 2 2
222 362
1 2 2
209 254
1 13 2
259 226
1 5 2
160 10
1 15 2
60 696
1 11 2
371 622
1 7 2
528 431
1 2 2
473 94
1 9 2
318 679
1 12 2
427 397
1 10 2
166 587
1 13 2
680 536
1 15 2
440 259
1 2 2
203 499
1 14 2
482 558
1 10 2
631 306
1 10 2
77 127
1 10 2
125 563
1 14 2
203 519
1 8 2
299 269
1 9 2
185 693
1 7 2
250 69
1 14 2
563 316
1 13 2
592 27
1 4 2
69 571
1 8 2
574 30
1 11 2
627 557
1 8 2
169 42
1 12 2
157 671
1 11 2
554 45
1 2 2
363 530
1 12 2
411 210
1 12 2
322 357
1 5 2
473 581
1 11 2
49 615
1 11 2
399 438
1 10 2
536 136
1 15 2
81 232
1 6 2
499 289
1 8 2
115 199
1 8 2
195 510
1 15 2
467 155
1 6 2
133 524
1 6 2
697 34
1 7 2
254 362
1 5 2
209 587
1 7 2
342 375
1 13 2
358 555
1 4 2
252 326
1 10 2
27 657
1 5 2
191 620
1 5 2
531 546
1 9 2
686 658
1 11 2
205 698
1 7 2
589 596
1 3 2
405 547
1 9 2
692 644
1 5 2
691 539
1 15 2
439 346
1 13 2
584 576
1 8 2
431 414
1 13 2
449 12
1 5 2
472 181
1 2 2
383 573
1 9 2
233 239
1 7 2
244 178
1 3 2
471 523
1 5 2
549 416
1 15 2
282 637
1 10 2
233 420
1 2 2
153 621
1 4 2
663 177
1 9 2
197 140
1 8 2
586 448
1 3 2
500 696
1 8 2
370 134
1 4 2
319 556
1 10 2
648 180
1 12 2
202 384
1 15 2
94 552
1 3 2
400 507
1 6 2
78 88
1 5 2
193 401
1 13 2
179 135
1 10 2
280 304
1 4 2
606 654
1 6 2
76 131
1 7 2
213 392
1 9 2
15 99
1 6 2
671 261
1 6 2
468 323
1 10 2
535 696
1 14 2
176 391
1 9 2
679 699
1 13 2
338 162
1 15 2
531 448
1 5 2
153 494
1 12 2
262 569
1 2 2
407 601
1 10 2
680 249
1 2 2
299 48
1 5 2
588 213
1 14 2
267 658
1 15 2
654 661
1 5 2
320 330
1 7 2
602 559
1 14 2
512 631
1 13 2
527 100
1 15 2
591 439
1 5 2
572 31
1 13 2
636 222
1 13 2
376 112
1 14 2
274 345
1 11 2
26 163
1 11 2
377 545
1 3 2
550 119
1 14 2
326 216
1 8 2
325 327
1 8 2
244 660
1 5 2
654 487
1 15 2
548 183
1 12 2
162 357
1 15 2
688 641
1 6 2
585 206
1 7 2
647 177
1 5 2
454 415
1 9 2
8 226
1 5 2
4 688
1 14 2
80 266
1 13 2
389 313
1 10 2
424 610
1 15 2
29 21
1 2 2
512 230
1 6 2
561 573
1 14 2
406 476
1 15 2
630 607
1 10 2
229 341
1 13 2
407 485
1 14 2
564 328
1 3 2
334 282
1 12 2
694 67
1 5 2
578 649
1 4 2
254 352
1 2 2
355 274
1 5 2
383 37
1 10 2
533 553
1 4 2
130 657
1 11 2
266 124
1 5 2
282 297
1 15 2
7 580
1 4 2
656 440
1 2 2
311 694
1 12 2
335 609
1 13 2
477 671
1 7 2
280 149
1 13 2
15 67
1 2 2
303 642
1 15 2
348 686
1 14 2
348 355
1 6 2
588 610
1 6 2
164 490
1 9 2
435 572
1 14 2
475 697
1 5 2
596 106
1 9 2
391 104
1 6 2
15 571
1 8 2
513 189
1 12 2
492 636
1 4 2
217 619
1 5 2
370 185
1 12 2
611 697
1 12 2
416 213
1 3 2
551 388
1 12 2
62 516
1 12 2
323 222
1 2 2
557 337
1 4 2
371 130
1 9 2
421 189
1 10 2
477 313
1 6 2
611 673
1 9 2
167 634
1 12 2
382 357
1 7 2
241 184
1 14 2
96 147
1 10 2
14 208
1 4 2
525 423
1 15 2
657 635
1 14 2
66 699
1 14 2
290 427
1 13 2
531 126
1 5 2
114 317
1 13 2
449 22
1 14 2
515 123
1 6 2
547 130
1 4 2
158 17
1 13 2
144 213
1 11 2
208 261
1 6 2
545 19
1 5 2
443 528
1 2 2
153 662
1 2 2
644 258
1 7 2
631 588
1 8 2
572 631
1 11 2
44 203
1 3 2
125 471
1 13 2
47 583
1 5 2
485 506
1 3 2
592 599
1 3 2
131 645
1 10 2
260 678
1 11 2
361 522
1 9 2
593 356
1 3 2
172 453
1 13 2
572 495
1 12 2
173 139
1 11 2
43 197
1 12 2
618 625
1 14 2
500 5
1 11 2
524 377
1 2 2
73 151
1 11 2
386 32
1 11 2
345 597
1 10 2
185 323
1 10 2
181 209
1 9 2
539 589
1 11 2
502 264
1 4 2
562 360
1 5 2
112 554
1 7 2
51 18
1 3 2
541 465
1 3 2
424 653
1 10 2
699 88
1 14 2
68 643
1 7 2
623 666
1 10 2
16 308
1 15 2
638 514
1 13 2
684 143
1 8 2
308 531
1 9 2
487 376
1 9 2
125 417
1 5 2
535 620
1 9 2
549 29
1 12 2
152 516
1 11 2
470 276
1 14 2
637 510
1 13 2
229 236
1 5 2
410 68
1 10 2
75 545
1 15 2
162 458
1 12 2
358 163
1 15 2
87 598
1 15 2
15 246
1 12 2
258 198
1 11 2
429 339
1 6 2
354 107
1 14 2
171 386
1 7 2
29 3
1 10 2
691 492
1 6 2
560 234
1 14 2
267 473
1 4 2
57 475
1 10 2
468 438
1 15 2
305 285
1 15 2
597 508
1 3 2
551 112
1 9 2
11 612
1 6 2
159 212
1 14 2
639 376
1 15 2
228 311
1 2 2
603 676
1 13 2
573 293
1 15 2
490 162
1 4 2
189 129
1 7 2
137 88
1 7 2
88 279
1 5 2
574 237
1 12 2
530 168
1 5 2
506 5
1 10 2
305 377
1 5 2
578 411
1 2 2
388 683
1 15 2
278 131
1 9 2
389 656
1 15 2
211 272
1 15 2
471 552
1 2 2
275 354
1 5 2
441 310
1 4 2
75 346
1 5 2
538 359
1 3 2
209 628
1 14 2
38 683
1 2 2
110 47
1 2 2
203 456
1 8 2
516 188
1 4 2
555 397
1 11 2
416 536
1 12 2
105 92
1 15 2
354 554
1 13 2
444 60
1 2 2
449 212
1 14 2
446 228
1 5 2
203 500
1 6 2
19 492
1 8 2
482 380
1 9 2
189 254
1 11 2
650 3
1 11 2
50 303
1 12 2
144 301
1 2 2
87 8
1 2 2
42 265
1 4 2
609 521
1 3 2
222 80
1 15 2
402 241
1 6 2
631 201
1 5 2
194 363
1 15 2
338 156
1 10 2
150 28
1 13 2
399 146
1 5 2
112 698
1 2 2
682 270
1 15 2
466 329
1 5 2
336 445
1 13 2
647 695
1 3 2
611 138
1 9 2
332 504
1 6 2
643 654
1 7 2
108 174
1 8 2
100 459
1 10 2
50 101
1 3 2
177 541
1 8 2
125 393
1 10 2
355 529
1 10 2
141 215
1 7 2
296 275
1 14 2
252 518
1 14 2
15 255
1 3 2
621 307
1 12 2
659 301
1 10 2
607 490
1 2 2
327 25
1 6 2
200 342
1 9 2
229 610
1 2 2
476 13
1 9 2
422 438
1 7 2
342 138
1 13 2
580 369
1 15 2
150 552
1 6 2
676 496
1 6 2
546 59
1 5 2
47 640
1 5 2
628 574
1 7 2
180 680
1 12 2
470 536
1 11 2
430 545
1 5 2
418 651
1 10 2
304 112
1 5 2
337 217
1 15 2
118 352
1 9 2
344 228
1 4 2
567 612
1 10 2
617 470
1 13 2
309 18
1 10 2
141 473
1 9 2
697 374
1 12 2
506 176
1 14 2
5 214
1 7 2
289 585
1 14 2
522 504
1 8 2
499 130
1 14 2
253 43
1 11 2
51 674
1 5 2
619 507
1 9 2
575 634
1 15 2
407 81
1 6 2
661 670
1 3 2
331 363
1 6 2
563 191
1 9 2
4 414
1 10 2
336 49
1 15 2
650 686
1 5 2
13 55
1 14 2
601 152
1 14 2
572 206
1 7 2
185 601
1 15 2
359 47
1 9 2
234 417
1 9 2
362 128
1 13 2
626 533
1 2 2
404 23
1 9 2
92 549
1 2 2
109 504
1 3 2
68 45
1 4 2
341 403
1 7 2
119 118
1 5 2
134 273
1 2 2
644 216
1 3 2
448 386
1 14 2
652 514
1 7 2
684 153
1 5 2
431 76
1 11 2
122 324
1 2 2
636 462
1 6 2
632 78
1 6 2
489 428
1 15 2
644 191
1 12 2
333 221
1 8 2
481 129
1 6 2
459 65
1 12 2
393 669
1 15 2
465 211
1 5 2
681 586
1 9 2
478 233
1 14 2
256 461
1 11 2
616 644
1 10 2
198 304
1 4 2
94 167
1 7 2
402 425
1 3 2
139 530
1 3 2
87 159
1 3 2
374 510
1 11 2
286 54
1 2 2
40 153
1 4 2
614 304
1 11 2
41 371
1 2 2
121 447
1 12 2
677 131
1 11 2
539 81
1 12 2
250 690
1 11 2
243 221
1 7 2
60 659
1 15 2
464 605
1 11 2
401 49
1 4 2
122 332
1 7 2
464 302
1 12 2
219 565
1 9 2
499 343
1 7 2
135 359
1 10 2
359 464
1 11 2
260 538
1 9 2
529 7
1 6 2
263 41
1 11 2
223 204
1 7 2
69 683
1 15 2
410 393
1 2 2
590 417
1 6 2
562 220
1 11 2
145 168
1 11 2
640 188
1 15 2
328 537
1 12 2
566 65
1 10 2
227 566
1 6 2
124 574
1 6 2
285 356
1 4 2
651 238
1 13 2
644 193
1 4 2
2 98
1 8 2
491 365
1 9 2
423 443
1 13 2
358 350
1 13 2
501 479
1 4 2
377 270
1 14 2
570 607
1 6 2
506 276
1 13 2
12 646
1 12 2
460 332
1 8 2
604 336
1 9 2
496 429
1 6 2
466 352
1 12 2
572 599
1 7 2
426 11
1 15 2
643 111
1 8 2
269 551
1 12 2
399 343
1 3 2
199 169
1 4 2
19 344
1 9 2
57 682
1 13 2
661 477
1 3 2
277 18
1 11 2
535 188
1 8 2
471 60
1 8 2
483 266
1 10 2
650 595
1 10 2
245 61
1 10 2
509 497
1 2 2
7 180
1 6 2
602 59
1 7 2
402 390
1 5 2
619 162
1 8 2
586 373
1 11 2
506 628
1 5 2
549 71
1 2 2
536 154
1 4 2
638 553
1 12 2
130 594
1 4 2
358 550
1 14 2
154 669
1 2 2
169 359
1 7 2
351 426
1 6 2
674 383
1 5 2
297 540
1 13 2
350 243
1 7 2
264 555
1 12 2
179 95
1 9 2
204 462
1 12 2
547 645
1 10 2
121 14
1 6 2
509 39
1 2 2
592 310
1 7 2
256 267
1 4 2
43 464
1 7 2
472 256
1 6 2
541 424
1 2 2
386 174
1 8 2
238 615
1 15 2
635 192
1 8 2
694 683
1 10 2
94 500
1 3 2
370 432
1 11 2
609 196
1 6 2
460 586
1 6 2
357 582
1 5 2
121 647
1 4 2
376 121
1 4 2
484 440
1 11 2
247 340
1 13 2
627 236
1 4 2
636 408
1 15 2
611 447
1 8 2
601 637
1 12 2
142 540
1 11 2
346 510
1 3 2
190 158
1 2 2
682 334
1 5 2
112 591
1 15 2
29 63
1 6 2
574 655
1 7 2
371 0
1 10 2
315 306
1 9 2
401 531
1 5 2
93 230
1 7 2
118 300
1 2 2
263 424
1 7 2
639 34
1 10 2
585 261
1 3 2
586 230
1 12 2
585 184
1 8 2
301 31
1 11 2
72 74
1 15 2
175 239
1 15 2
11 112
1 15 2
316 362
1 6 2
15 37
1 13 2
187 430
1 15 2
35 595
1 7 2
618 408
1 7 2
131 198
1 14 2
248 147
1 3 2
574 24
1 4 2
310 216
1 15 2
380 458
1 6 2
7 32
1 2 2
46 79
1 7 2
394 348
1 15 2
320 556
1 7 2
376 12
1 3 2
512 4
1 6 2
531 300
1 3 2
586 355
1 4 2
252 460
1 5 2
13 457
1 6 2
638 649
1 7 2
683 177
1 8 2
31 160
1 15 2
654 132
1 10 2
636 675
1 12 2
666 480
1 4 2
570 49
1 10 2
618 475
1 15 2
661 352
1 14 2
430 473
1 4 2
553 590
1 4 2
166 300
1 10 2
147 639
1 5 2
451 673
1 10 2
413 353
1 3 2
340 13
1 14 2
623 19
1 15 2
686 148
1 13 2
692 693
1 6 2
288 182
1 9 2
263 16
1 8 2
569 27
1 5 2
537 56
1 2 2
486 230
1 5 2
682 54
1 5 2
212 489
1 8 2
82 395
1 5 2
77 260
1 2 2
32 576
1 10 2
301 670
1 9 2
276 127
1 4 2
642 287
1 12 2
136 345
1 2 2
386 467
1 7 2
274 45
1 2 2
397 342
1 4 2
369 277
1 6 2
656 545
1 12 2
680 696
1 11 2
321 87
1 15 2
169 537
1 5 2
689 601
1 9 2
413 660
1 14 2
635 475
1 8 2
86 143
1 10 2
468 345
1 8 2
380 54
1 12 2
262 303
1 3 2
21 608
1 8 2
395 457
1 12 2
285 639
1 2 2
149 384
1 10 2
463 142
1 5 2
459 629
1 8 2
179 91
1 9 2
108 148
1 12 2
249 389
1 11 2
460 114
1 8 2
558 485
1 9 2
90 41
1 14 2
410 21
1 8 2
8 654
1 15 2
236 182
1 13 2
560 73
1 12 2
288 275
1 13 2
49 563
1 10 2
419 401
1 11 2
443 606
1 13 2
299 131
1 14 2
481 53
1 10 2
689 69
1 15 2
158 404
1 15 2
201 69
1 8 2
485 604
1 9 2
658 578
1 9 2
668 95
1 6 2
583 564
1 2 2
259 260
1 12 2
362 138
1 6 2
247 650
1 11 2
161 214
1 3 2
389 131
1 13 2
548 327
1 11 2
466 619
1 6 2
685 108
1 7 2
162 620
1 13 2
549 386
1 9 2
39 438
1 4 2
234 633
1 5 2
200 205
1 8 2
13 411
1 10 2
289 175
1 6 2
625 468
1 3 2
182 201
1 9 2
155 49
1 13 2
78 266
1 14 2
437 125
1 7 2
419 483
1 8 2
153 263
1 10 2
245 255
1 8 2
378 37
1 15 2
103 294
1 10 2
393 540
1 12 2
517 676
1 8 2
203 207
1 4 2
287 94
1 11 2
550 98
1 11 2
477 613
1 7 2
439 188
1 3 2
604 596
1 4 2
374 232
1 5 2
472 264
1 4 2
689 317
1 15 2
477 373
1 14 2
95 338
1 11 2
5 565
1 15 2
469 208
1 13 2
588 413
1 13 2
339 23
1 9 2
616 625
1 4 2
526 310
1 15 2
220 631
1 11 2
442 503
1 15 2
606 33
1 7 2
414 638
1 11 2
649 25
1 5 2
403 426
1 8 2
43 503
1 8 2
222 619
1 3 2
184 192
1 7 2
133 89
1 15 2
105 372
1 11 2
35 292
1 10 2
98 539
1 4 2
29 685
1 11 2
489 668
1 9 2
373 539
1 9 2
96 203
1 2 2
623 412
1 12 2
514 256
1 14 2
170 458
1 5 2
198 606
1 11 2
37 352
1 9 2
668 610
1 2 2
665 42
1 14 2
224 296
1 9 2
59 227
1 10 2
87 37
1 13 2
209 437
1 14 2
647 451
1 11 2
46 618
1 4 2
51 23
1 4 2
297 628
1 2 2
30 593
1 11 2
100 307
1 6 2
327 246
1 5 2
225 571
1 3 2
219 404
1 7 2
287 454
1 10 2
511 281
1 4 2
313 532
1 13 2
199 609
1 3 2
517 60
1 6 2
277 64
1 8 2
301 630
1 9 2
258 498
1 8 2
527 58
1 9 2
543 209
1 11 2
264 399
1 7 2
151 286
1 9 2
405 642
1 3 2
675 258
1 2 2
261 288
1 15 2
244 433
1 3 2
545 98
1 5 2
285 401
1 3 2
367 379
1 5 2
553 458
1 15 2
359 508
1 7 2
570 195
1 2 2
595 356
1 6 2
388 690
1 11 2
17 607
1 12 2
266 77
1 12 2
172 229
1 8 2
250 538
1 15 2
586 368
1 15 2
185 292
1 11 2
56 569
1 2 2
35 301
1 3 2
173 415
1 10 2
461 249
1 3 2
573 327
1 12 2
293 505
1 12 2
385 594
1 6 2
125 351
1 3 2
409 654
1 10 2
698 666
1 9 2
239 232
1 9 2
438 218
1 6 2
223 31
1 15 2
538 646
1 5 2
360 673
1 15 2
485 520
1 3 2
132 546
1 5 2
214 32
1 12 2
649 229
1 14 2
581 225
1 8 2
685 141
1 8 2
188 130
1 15 2
340 389
1 9 2
581 582
1 2 2
115 188
1 3 2
262 417
1 12 2
505 69
1 4 2
699 297
1 10 2
331 122
1 14 2
613 372
1 9 2
516 615
1 11 2
282 150
1 2 2
283 551
1 7 2
433 172
1 9 2
645 364
1 2 2
377 625
1 8 2
149 623
1 8 2
319 694
1 10 2
420 2
1 9 2
536 589
1 15 2
377 404
1 8 2
519 286
1 8 2
86 502
1 5 2
358 648
1 7 2
204 577
1 12 2
622 233
1 15 2
592 600
1 5 2
11 344
1 2 2
317 78
1 9 2
64 457
1 11 2
275 89
1 15 2
291 92
1 4 2
398 221
1 8 2
396 199
1 5 2
694 82
1 14 2
168 623
1 15 2
574 420
1 3 2
557 310
1 4 2
297 161
1 3 2
102 654
1 3 2
415 540
1 3 2
291 480
1 11 2
225 536
1 10 2
463 421
1 6 2
155 448
1 2 2
517 678
1 5 2
557 210
1 15 2
642 474
1 2 2
33 490
1 15 2
496 94
1 11 2
530 608
1 6 2
461 91
1 11 2
501 170
1 13 2
675 131
1 7 2
215 174
1 3 2
122 680
1 14 2
227 231
1 8 2
438 71
1 10 2
477 453
1 10 2
508 575
1 11 2
396 327
1 10 2
462 621
1 11 2
280 3
1 9 2
214 531
1 11 2
219 58
1 14 2
393 293
1 12 2
61 355
1 8 2
483 663
1 10 2
110 508
1 3 2
104 298
1 8 2
439 212
1 7 2
400 284
1 3 2
481 298
1 13 2
344 694
1 4 2
222 135
1 2 2
331 315
1 3 2
535 56
1 3 2
553 656
1 3 2
166 249
1 4 2
1 613
1 10 2
16 394
1 14 2
94 42
1 7 2
412 491
1 14 2
649 187
1 8 2
349 666
1 4 2
390 236
1 2 2
250 563
1 9 2
267 591
1 4 2
504 179
1 15 2
478 598
1 13 2
668 376
1 7 2
188 225
1 4 2
163 250
1 6 2
455 401
1 10 2
306 313
1 12 2
210 568
1 10 2
163 646
1 6 2
408 526
1 6 2
459 528
1 3 2
45 7
1 3 2
515 231
1 15 2
342 220
1 10 2
61 564
1 3 2
472 460
1 7 2
14 292
1 14 2
383 189
1 10 2
298 208
1 8 2
186 219
1 9 2
202 70
1 5 2
511 538
1 4 2
320 313
1 13 2
433 317
1 8 2
3 619
1 10 2
265 4
1 10 2
284 515
1 9 2
231 87
1 6 2
671 665
1 8 2
559 485
1 11 2
265 29
1 12 2
75 118
1 14 2
257 556
1 12 2
484 512
1 15 2
195 381
1 14 2
494 240
1 15 2
57 562
1 3 2
32 231
1 6 2
543 413
1 10 2
152 124
1 2 2
12 282
1 12 2
107 202
1 8 2
320 194
1 15 2
16 142
1 14 2
168 641
1 13 2
70 630
1 3 2
292 48
1 8 2
21 499
1 2 2
67 501
1 4 2
673 557
1 13 2
569 572
1 8 2
189 556
1 11 2
16 562
1 11 2
334 86
1 12 2
215 477
1 12 2
548 627
1 2 2
602 185
1 15 2
695 241
1 7 2
0 207
1 10 2
617 376
1 12 2
94 435
1 13 2
511 555
1 8 2
598 568
1 14 2
151 600
1 8 2
466 365
1 8 2
406 495
1 14 2
252 189
1 4 2
176 557
1 6 2
617 374
1 4 2
372 43
1 8 2
487 7
1 9 2
407 696
1 12 2
450 527
1 14 2
443 58
1 4 2
606 6
1 2 2
606 513
1 6 2
370 130
1 5 2
630 573
1 11 2
527 618
1 5 2
330 589
1 15 2
656 540
1 11 2
246 589
1 5 2
119 124
1 5 2
37 357
1 3 2
579 272
1 6 2
316 312
1 5 2
322 150
1 11 2
333 132
1 8 2
606 570
1 10 2
445 51
1 3 2
558 22
1 12 2
406 373
1 6 2
4 313
1 11 2
270 302
1 4 2
179 539
1 2 2
307 179
1 5 2
693 664
1 7 2
407 331
1 4 2
298 335
1 3 2
489 605
1 4 2
222 321
1 7 2
83 377
1 8 2
57 255
1 5 2
8 625
1 10 2
128 362
1 6 2
545 336
1 8 2
650 373
1 11 2
661 382
1 6 2
79 28
1 9 2
504 438
1 15 2
288 362
1 3 2
613 58
1 14 2
137 653
1 7 2
370 574
1 7 2
155 535
1 6 2
358 120
1 3 2
696 598
1 6 2
443 683
1 8 2
418 194
1 7 2
413 230
1 4 2
440 163
1 3 2
248 261
1 9 2
685 158
1 15 2
427 201
1 12 2
365 46
1 15 2
391 468
1 14 2
181 170
1 6 2
513 424
1 15 2
324 434
1 2 2
636 347
1 4 2
528 566
1 3 2
62 529
1 7 2
538 229
1 6 2
133 170
1 3 2
13 202
1 7 2
574 454
1 13 2
510 676
1 3 2
661 466
1 6 2
515 184
1 5 2
156 218
1 5 2
114 494
1 9 2
609 174
1 12 2
418 532
1 2 2
139 640
1 13 2
405 235
1 11 2
334 495
1 5 2
256 352
1 3 2
682 595
1 15 2
591 451
1 6 2
243 132
1 2 2
426 542
1 4 2
410 43
1 12 2
138 167
1 6 2
118 645
1 13 2
623 660
1 15 2
22 245
1 15 2
123 367
1 7 2
384 669
1 12 2
246 372
1 10 2
499 617
1 12 2
84 212
1 14 2
132 366
1 10 2
155 99
1 8 2
153 175
1 6 2
203 691
1 9 2
676 388
1 8 2
48 413
1 2 2
658 338
1 3 2
178 568
1 9 2
184 394
1 12 2
194 380
1 5 2
682 246
1 2 2
609 364
1 10 2
292 307
1 7 2
220 539
1 13 2
696 66
1 6 2
357 622
1 12 2
247 187
1 4 2
592 118
1 5 2
564 437
1 12 2
101 602
1 12 2
401 628
1 4 2
688 70
1 7 2
253 365
1 14 2
486 314
1 4 2
163 225
1 11 2
108 389
1 9 2
683 199
1 14 2
475 150
1 4 2
669 681
1 9 2
549 217
1 9 2
617 495
1 13 2
682 679
1 3 2
22 699
1 5 2
409 463
1 9 2
488 156
1 7 2
600 349
1 4 2
470 632
1 9 2
638 395
1 9 2
84 336
1 13 2
7 553
1 12 2
270 622
1 15 2
602 44
1 6 2
469 113
1 9 2
172 504
1 9 2
583 630
1 8 2
410 197
1 11 2
156 303
1 13 2
641 320
1 4 2
608 625
1 3 2
278 489
1 8 2
422 383
1 6 2
676 22
1 7 2
617 390
1 15 2
453 155
1 7 2
309 285
1 13 2
621 12
1 7 2
562 301
1 7 2
181 297
1 14 2
134 194
1 6 2
12 85
1 10 2
663 476
1 11 2
570 553
1 14 2
490 546
1 13 2
428 633
1 13 2
3 136
1 13 2
447 122
1 6 2
461 424
1 3 2
426 614
1 9 2
655 337
1 11 2
412 110
1 3 2
249 139
1 9 2
2 275
1 7 2
372 373
1 9 2
607 182
1 11 2
683 504
1 8 2
91 41
1 5 2
622 606
1 12 2
115 183
1 14 2
634 453
1 12 2
123 440
1 5 2
223 602
1 4 2
568 678
1 4 2
364 574
1 10 2
653 64
1 13 2
652 557
1 5 2
181 507
1 14 2
253 629
1 11 2
613 16
1 7 2
2 399
1 15 2
160 615
1 10 2
637 208
1 4 2
180 303
1 10 2
567 97
1 13 2
180 201
1 7 2
187 667
1 13 2
391 588
1 15 2
417 615
1 11 2
65 696
1 7 2
166 464
1 5 2
162 16
1 6 2
290 273
1 4 2
499 131
1 10 2
607 15
1 10 2
504 380
1 8 2
657 188
1 12 2
216 684
1 8 2
531 324
1 11 2
173 529
1 4 2
480 694
1 9 2
417 193
1 7 2
389 57
1 7 2
224 527
1 11 2
395 549
1 11 2
475 311
1 8 2
322 191
1 9 2
281 265
1 2 2
155 263
1 14 2
95 347
1 9 2
56 482
1 13 2
433 45
1 2 2
79 316
1 3 2
348 440
1 15 2
287 427
1 4 2
510 64
1 15 2
24 662
1 6 2
199 453
1 10 2
533 649
1 6 2
501 292
1 6 2
500 85
1 2 2
443 141
1 11 2
27 508
1 9 2
115 603
1 7 2
361 350
1 6 2
456 33
1 13 2
576 117
1 3 2
249 157
1 7 2
330 574
1 8 2
690 164
1 8 2
435 421
1 8 2
580 202
1 11 2
573 374
1 10 2
408 106
1 13 2
207 400
1 4 2
338 600
1 13 2
642 466
1 5 2
301 81
1 10 2
126 595
1 4 2
212 21
1 12 2
379 163
1 7 2
108 475
1 5 2
12 617
1 5 2
531 119
1 14 2
135 628
1 8 2
323 429
1 10 2
385 225
1 15 2
78 263
1 14 2
544 677
1 13 2
449 461
1 15 2
15 576
1 5 2
7 430
1 5 2
343 216
1 9 2
147 604
1 14 2
695 340
1 7 2
266 369
1 11 2
597 590
1 4 2
572 133
1 6 2
331 335
1 9 2
686 453
1 10 2
683 243
1 5 2
658 291
1 6 2
565 698
1 2 2
145 246
1 14 2
315 107
1 12 2
620 145
1 2 2
91 287
1 10 2
33 578
1 8 2
493 615
1 15 2
364 212
1 6 2
61 220
1 15 2
593 240
1 10 2
129 638
1 12 2
235 190
1 3 2
523 382
1 6 2
7 508
1 6 2
367 112
1 7 2
369 216
1 13 2
393 43
1 2 2
263 686
1 13 2
116 518
1 3 2
428 112
1 12 2
469 284
1 4 2
647 473
1 12 2
318 26
1 13 2
290 266
1 4 2
491 130
1 10 2
150 138
1 11 2
124 358
1 10 2
446 144
1 6 2
329 269
1 9 2
184 267
1 2 2
662 661
1 6 2
16 554
1 8 2
461 247
1 6 2
34 171
1 11 2
180 39
1 2 2
313 110
1 4 2
243 657
1 5 2
622 383
1 10 2
413 135
1 8 2
624 579
1 11 2
53 171
1 8 2
236 448
1 10 2
439 312
1 13 2
552 1
1 5 2
480 108
1 14 2
247 203
1 9 2
298 564
1 5 2
429 672
1 9 2
15 353
1 10 2
311 100
1 2 2
590 697
1 11 2
637 598
1 6 2
308 192
1 3 2
397 370
1 15 2
446 686
1 11 2
407 266
1 9 2
471 1
1 13 2
223 263
1 2 2
522 22
1 6 2
371 198
1 10 2
10 405
1 9 2
185 97
1 8 2
425 25
1 14 2
211 28
1 3 2
474 657
1 6 2
460 631
1 10 2
418 98
1 13 2
273 685
1 11 2
331 425
1 14 2
146 580
1 5 2
409 598
1 7 2
22 108
1 15 2
458 334
1 14 2
405 163
1 14 2
126 583
1 15 2
409 119
1 15 2
70 180
1 9 2
564 342
1 8 2
178 609
1 2 2
16 408
1 13 2
119 151
1 9 2
33 66
1 14 2
9 212
1 15 2
683 169
1 10 2
564 249
1 6 2
460 592
1 13 2
514 178
1 2 2
178 12
1 9 2
346 556
1 6 2
406 443
1 11 2
206 520
1 7 2
181 573
1 4 2
196 387
1 9 2
291 283
1 13 2
183 315
1 11 2
261 248
1 3 2
214 36
1 12 2
596 472
1 9 2
92 269
1 10 2
691 353
1 7 2
679 687
1 3 2
538 175
1 7 2
244 247
1 7 2
266 396
1 3 2
2 210
1 15 2
517 234
1 10 2
698 493
1 4 2
445 496
1 5 2
316 285
1 7 2
677 647
1 10 2
63 112
1 10 2
314 199
1 9 2
639 355
1 9 2
628 193
1 3 2
605 633
1 15 2
656 102
1 10 2
294 569
1 3 2
688 438
1 13 2
606 447
1 12 2
388 478
1 4 2
533 22
1 7 2
25 430
1 3 2
231 27
1 8 2
261 187
1 7 2
394 554
1 12 2
180 347
1 10 2
247 92
1 13 2
248 123
1 2 2
355 315
1 6 2
280 132
1 11 2
263 265
1 14 2
644 583
1 4 2
328 167
1 10 2
244 347
1 5 2
455 561
1 9 2
433 256
1 2 2
120 625
1 3 2
579 88
1 4 2
320 528
1 13 2
17 459
1 10 2
387 368
1 10 2
685 69
1 12 2
569 529
1 4 2
476 518
1 11 2
8 476
1 7 2
409 97
1 2 2
511 365
1 5 2
405 626
1 8 2
493 571
1 11 2
345 3
1 10 2
696 330
1 3 2
502 441
1 3 2
4 659
1 2 2
237 502
1 5 2
633 8
1 13 2
139 198
1 4 2
619 654
1 15 2
437 430
1 13 2
197 267
1 12 2
537 278
1 7 2
356 223
1 10 2
467 145
1 13 2
35 554
1 3 2
653 349
1 15 2
552 442
1 7 2
173 551
1 13 2
615 237
1 9 2
444 46
1 11 2
301 57
1 8 2
467 501
1 2 2
348 664
1 12 2
663 228
1 11 2
456 50
1 13 2
282 89
1 4 2
364 251
1 10 2
38 526
1 6 2
27 494
1 9 2
197 422
1 3 2
110 596
1 5 2
233 4
1 12 2
301 585
1 9 2
125 105
1 4 2
204 541
1 14 2
693 394
1 9 2
292 16
1 14 2
261 267
1 9 2
614 167
1 9 2
536 225
1 6 2
245 62
1 8 2
390 279
1 5 2
54 233
1 8 2
637 54
1 8 2
479 155
1 15 2
536 244
1 8 2
370 537
1 9 2
120 285
1 2 2
312 697
1 13 2
301 661
1 5 2
279 515
1 11 2
348 238
1 3 2
407 197
1 7 2
8 439
1 12 2
433 540
1 11 2
572 260
1 9 2
221 373
1 12 2
305 267
1 14 2
387 134
1 10 2
381 394
1 8 2
164 673
1 5 2
248 298
1 14 2
322 173
1 4 2
613 12
1 3 2
131 285
1 8 2
636 533
1 15 2
419 379
1 12 2
187 549
1 2 2
37 294
1 9 2
214 447
1 12 2
437 266
1 4 2
236 618
1 9 2
608 240
1 10 2
145 459
1 12 2
488 569
1 15 2
587 336
1 9 2
263 108
1 10 2
553 72
1 14 2
352 127
1 11 2
556 381
1 3 2
134 17
1 7 2
499 217
1 5 2
657 582
1 10 2
689 176
1 3 2
289 510
1 9 2
201 220
1 6 2
693 652
1 6 2
401 104
1 9 2
254 547
1 3 2
94 80
1 9 2
637 45
1 10 2
59 675
1 6 2
449 63
1 15 2
218 208
1 9 2
656 256
1 11 2
209 522
1 10 2
347 221
1 14 2
394 585
1 3 2
420 411
1 15 2
188 62
1 13 2
119 612
1 2 2
368 242
1 10 2
49 319
1 14 2
174 529
1 6 2
180 562
1 7 2
499 297
1 12 2
474 287
1 7 2
472 422
1 4 2
314 307
1 14 2
256 475
1 2 2
468 38
1 15 2
679 345
1 7 2
133 111
1 15 2
577 1
1 2 2
476 237
1 5 2
592 682
1 12 2
183 363
1 13 2
236 662
1 10 2
605 189
1 11 2
273 214
1 8 2
507 263
1 15 2
407 227
1 5 2
54 480
1 3 2
122 198
1 5 2
88 519
1 3 2
353 162
1 9 2
366 304
1 15 2
451 301
1 7 2
695 626
1 14 2
169 402
1 13 2
543 457
1 15 2
676 75
1 5 2
50 260
1 11 2
251 199
1 4 2
396 445
1 13 2
162 152
1 11 2
13 445
1 12 2
186 23
1 2 2
415 407
1 3 2
452 324
1 8 2
166 493
1 10 2
23 149
1 8 2
497 88
1 4 2
549 95
1 13 2
502 512
1 5 2
659 134
1 13 2
210 127
1 4 2
455 630
1 15 2
271 115
1 10 2
496 129
1 2 2
331 620
1 12 2
658 370
1 3 2
576 333
1 4 2
323 375
1 9 2
489 100
1 8 2
147 534
1 11 2
350 453
1 7 2
406 583
1 5 2
699 529
1 12 2
218 117
1 14 2
149 209
1 5 2
661 248
1 4 2
339 424
1 5 2
151 374
1 12 2
303 662
1 8 2
192 137
1 4 2
234 584
1 5 2
85 670
1 2 2
390 9
1 9 2
480 385
1 12 2
609 150
1 3 2
423 409
1 6 2
455 592
1 13 2
376 205
1 10 2
97 323
1 14 2
92 285
1 4 2
686 632
1 14 2
557 559
1 9 2
469 428
1 2 2
251 140
1 3 2
486 103
1 8 2
666 500
1 7 2
477 286
1 10 2
615 480
1 14 2
71 108
1 12 2
161 18
1 2 2
299 399
1 8 2
509 674
1 7 2
604 267
1 8 2
664 103
1 3 2
653 615
1 15 2
442 335
1 15 2
159 443
1 6 2
79 101
1 10 2
485 241
1 3 2
143 296
1 7 2
516 105
1 10 2
392 459
1 12 2
442 690
1 5 2
452 128
1 13 2
603 148
1 2 2
665 536
1 8 2
240 60
1 13 2
300 102
1 9 2
520 275
1 4 2
216 188
1 10 2
102 640
1 14 2
255 175
1 5 2
159 662
1 11 2
27 684
1 3 2
368 43
1 11 2
440 519
1 15 2
11 211
1 4 2
374 77
1 6 2
308 499
1 13 2
139 420
1 7 2
93 562
1 4 2
301 168
1 3 2
408 126
1 8 2
123 605
1 13 2
84 615
1 8 2
155 347
1 14 2
391 327
1 13 2
336 417
1 7 2
78 91
1 13 2
569 259
1 12 2
188 579
1 14 2
388 104
1 11 2
429 503
1 13 2
330 252
1 13 2
405 277
1 15 2
477 533
1 15 2
456 205
1 13 2
175 647
1 6 2
72 519
1 7 2
23 488
1 10 2
56 231
1 10 2
86 249
1 4 2
123 673
1 12 2
136 128
1 4 2
223 109
1 12 2
377 290
1 12 2
562 285
1 2 2
252 210
1 7 2
500 513
1 6 2
43 298
1 10 2
652 129
1 7 2
513 140
1 12 2
357 376
1 7 2
9 197
1 11 2
513 58
1 15 2
162 39
1 6 2
120 519
1 13 2
32 95
1 11 2
399 671
1 9 2
591 14
1 10 2
423 274
1 12 2
690 156
1 2 2
470 689
1 11 2
66 513
1 13 2
172 138
1 15 2
108 403
1 11 2
96 523
1 2 2
612 546
1 6 2
208 464
1 14 2
100 496
1 5 2
103 599
1 3 2
1 693
1 5 2
370 333
1 5 2
224 364
1 4 2
72 565
1 10 2
4 359
1 4 2
230 531
1 4 2
497 317
1 5 2
672 39
1 2 2
192 409
1 11 2
50 595
1 9 2
587 452
1 5 2
584 654
1 12 2
243 643
1 10 2
43 555
1 5 2
576 391
1 10 2
344 367
1 12 2
185 580
1 4 2
450 167
1 9 2
207 409
1 2 2
609 212
1 10 2
365 685
1 15 2
354 158
1 6 2
671 157
1 9 2
620 267
1 9 2
653 422
1 4 2
353 323
1 13 2
648 664
1 12 2
234 471
1 12 2
229 678
1 13 2
193 523
1 4 2
255 288
1 15 2
473 201
1 12 2
213 335
1 12 2
349 417
1 9 2
676 4
1 10 2
78 643
1 13 2
203 583
1 12 2
211 331
1 4 2
401 47
1 14 2
293 569
1 6 2
250 441
1 11 2
369 616
1 12 2
208 332
1 7 2
526 27
1 11 2
542 675
1 11 2
147 596
1 13 2
589 21
1 10 2
321 694
1 11 2
275 207
1 12 2
687 456
1 4 2
33 449
1 5 2
578 410
1 3 2
224 309
1 13 2
507 136
1 11 2
215 663
1 11 2
324 255
1 3 2
177 676
1 7 2
257 8
1 10 2
448 573
1 14 2
644 69
1 8 2
667 439
1 15 2
389 145
1 9 2
283 632
1 14 2
503 418
1 5 2
190 34
1 2 2
31 308
1 10 2
574 679
1 5 2
457 121
1 8 2
206 408
1 7 2
647 214
1 14 2
37 627
1 8 2
695 170
1 14 2
168 454
1 14 2
332 116
1 8 2
204 453
1 6 2
458 248
1 10 2
69 343
1 5 2
253 411
1 3 2
693 638
1 3 2
510 196
1 11 2
424 7
1 12 2
641 253
1 11 2
598 324
1 15 2
682 406
1 14 2
283 511
1 2 2
465 261
1 13 2
408 123
1 10 2
493 621
1 15 2
560 430
1 9 2
358 137
1 3 2
698 45
1 15 2
469 75
1 10 2
308 239
1 9 2
274 654
1 11 2
679 275
1 15 2
358 261
1 6 2
264 18
1 9 2
671 458
1 9 2
425 478
1 4 2
574 690
1 11 2
517 346
1 2 2
481 544
1 14 2
218 611
1 10 2
662 27
1 9 2
481 51
1 2 2
456 123
1 7 2
79 414
1 10 2
27 641
1 2 2
272 488
1 12 2
586 402
1 7 2
20 367
1 10 2
157 532
1 2 2
485 416
1 15 2
477 289
1 8 2
666 357
1 15 2
125 313
1 4 2
186 226
1 8 2
94 383
1 7 2
578 128
1 3 2
357 181
1 4 2
163 203
1 9 2
420 595
1 3 2
577 170
1 10 2
223 441
1 13 2
91 524
1 14 2
656 238
1 15 2
276 491
1 8 2
329 178
1 3 2
432 83
1 13 2
11 61
1 12 2
518 92
1 14 2
165 239
1 15 2
83 598
1 3 2
508 563
1 12 2
279 607
1 14 2
557 342
1 8 2
213 41
1 7 2
150 35
1 13 2
484 100
1 6 2
104 517
1 12 2
580 208
1 4 2
144 232
1 11 2
351 565
1 3 2
558 627
1 3 2
496 200
1 13 2
87 97
1 9 2
602 224
1 11 2
43 612
1 8 2
108 584
1 2 2
6 318
1 5 2
398 474
1 7 2
247 124
1 7 2
16 473
1 5 2
206 517
1 5 2
209 647
1 15 2
52 94
1 11 2
25 12
1 11 2
135 2
1 15 2
84 163
1 4 2
210 521
1 3 2
294 663
1 9 2
597 31
1 14 2
30 145
1 7 2
477 125
1 7 2
219 341
1 9 2
218 100
1 14 2
411 277
1 2 2
698 575
1 9 2
152 168
1 5 2
582 547
1 11 2
212 596
1 13 2
456 460
1 2 2
481 640
1 14 2
108 82
1 8 2
148 677
1 14 2
29 135
1 2 2
598 608
1 4 2
66 135
1 5 2
227 338
1 5 2
239 5
1 15 2
541 624
1 3 2
527 345
1 4 2
568 235
1 11 2
542 90
1 13 2
178 592
1 7 2
600 283
1 11 2
592 435
1 12 2
350 310
1 4 2
147 7
1 7 2
530 21
1 11 2
279 628
1 14 2
500 445
1 10 2
532 621
1 13 2
597 178
1 7 2
594 612
1 8 2
244 39
1 12 2
37 176
1 7 2
342 539
1 10 2
493 5
1 4 2
690 78
1 5 2
170 32
1 12 2
140 398
1 6 2
699 402
1 8 2
695 605
1 12 2
100 362
1 7 2
181 179
1 7 2
101 605
1 5 2
133 274
1 12 2
231 656
1 10 2
348 225
1 12 2
357 366
1 5 2
191 474
1 11 2
26 505
1 15 2
529 34
1 12 2
370 48
1 5 2
533 455
1 15 2
211 105
1 7 2
96 109
1 12 2
616 639
1 2 2
68 119
1 4 2
4 56
1 15 2
546 490
1 4 2
491 497
1 14 2
667 334
1 5 2
234 428
1 2 2
116 425
1 9 2
498 113
1 5 2
419 209
1 10 2
94 437
1 4 2
350 319
1 15 2
324 674
1 3 2
466 616
1 3 2
629 695
1 8 2
218 293
1 4 2
231 473
1 8 2
21 100
1 7 2
530 682
1 7 2
251 673
1 11 2
491 48
1 2 2
251 399
1 15 2
343 436
1 9 2
52 648
1 7 2
513 144
1 12 2
42 120
1 6 2
327 308
1 5 2
677 264
1 4 2
91 51
1 10 2
101 450
1 6 2
216 309
1 15 2
304 36
1 13 2
122 46
1 10 2
73 693
1 10 2
122 554
1 8 2
353 679
1 3 2
268 300
1 4 2
194 455
1 2 2
660 421
1 8 2
623 154
1 7 2
108 64
1 9 2
344 298
1 5 2
401 428
1 7 2
300 347
1 8 2
506 105
1 8 2
351 548
1 14 2
264 541
1 7 2
34 74
1 8 2
242 9
1 7 2
671 480
1 9 2
365 589
1 10 2
519 559
1 12 2
311 314
1 9 2
653 109
1 13 2
29 651
1 8 2
532 173
1 15 2
123 41
1 8 2
146 129
1 7 2
571 568
1 6 2
220 43
1 2 2
373 607
1 15 2
268 302
1 5 2
0 335
1 12 2
221 11
1 7 2
110 351
1 10 2
460 656
1 15 2
108 348
1 11 2
254 608
1 11 2
123 264
1 7 2
480 242
1 9 2
529 48
1 8 2
589 557
1 7 2
627 686
1 12 2
359 506
1 12 2
57 181
1 13 2
132 340
1 4 2
428 205
1 13 2
595 371
1 8 2
645 143
1 9 2
420 602
1 2 2
205 609
1 13 2
149 169
1 9 2
485 67
1 4 2
650 7
1 3 2
264 242
1 14 2
444 320
1 13 2
679 318
1 2 2
248 34
1 11 2
10 129
1 4 2
327 445
1 15 2
237 220
1 4 2
491 102
1 11 2
677 541
1 3 2
16 222
1 9 2
520 487
1 10 2
551 107
1 4 2
456 144
1 4 2
246 492
1 2 2
580 260
1 2 2
189 283
1 2 2
533 114
1 5 2
183 211
1 13 2
359 159
1 11 2
523 453
1 3 2
257 516
1 8 2
8 667
1 6 2
667 675
1 10 2
110 635
1 3 2
596 502
1 11 2
14 203
1 4 2
459 584
1 11 2
138 353
1 4 2
326 392
1 9 2
558 255
1 11 2
365 645
1 5 2
444 257
1 13 2
36 51
1 2 2
264 608
1 14 2
610 463
1 8 2
457 619
1 9 2
163 678
1 10 2
561 380
1 15 2
699 163
1 11 2
69 375
1 12 2
401 456
1 10 2
655 663
1 11 2
456 366
1 7 2
143 284
1 13 2
21 605
1 12 2
29 565
1 12 2
221 358
1 15 2
200 636
1 11 2
676 667
1 14 2
586 501
1 11 2
553 49
1 14 2
321 390
1 11 2
434 140
1 11 2
129 517
1 4 2
280 586
1 12 2
97 429
1 15 2
189 102
1 13 2
93 373
1 12 2
254 453
1 8 2
378 280
1 4 2
504 554
1 4 2
72 567
1 7 2
281 304
1 11 2
623 328
1 9 2
567 128
1 6 2
180 179
1 10 2
281 554
1 3 2
544 263
1 6 2
207 48
1 4 2
590 566
1 6 2
9 173
1 11 2
129 447
1 8 2
406 97
1 10 2
452 384
1 9 2
357 611
1 2 2
519 263
1 9 2
644 579
1 9 2
534 548
1 3 2
183 631
1 12 2
351 42
1 9 2
668 429
1 4 2
451 273
1 2 2
254 184
1 2 2
135 685
1 14 2
630 260
1 14 2
347 98
1 15 2
112 154
1 13 2
102 101
1 5 2
114 423
1 8 2
659 515
1 2 2
394 468
1 9 2
247 682
1 3 2
652 39
1 4 2
417 562
1 3 2
87 589
1 11 2
285 604
1 11 2
432 278
1 9 2
338 590
1 5 2
187 377
1 12 2
567 211
1 12 2
278 453
1 12 2
440 489
1 11 2
210 184
1 4 2
79 329
1 10 2
147 109
1 12 2
417 352
1 9 2
315 682
1 6 2
100 296
1 8 2
57 226
1 10 2
473 591
1 3 2
325 297
1 14 2
454 222
1 5 2
190 412
1 6 2
292 277
1 3 2
125 357
1 9 2
42 223
1 8 2
543 662
1 4 2
210 309
1 8 2
103 20
1 2 2
574 694
1 5 2
648 227
1 6 2
581 86
1 11 2
132 647
1 7 2
290 525
1 3 2
381 264
1 9 2
133 243
1 3 2
457 286
1 15 2
689 450
1 12 2
436 259
1 7 2
57 581
1 7 2
116 17
1 13 2
384 145
1 4 2
240 463
1 6 2
378 329
1 9 2
104 89
1 6 2
685 369
1 2 2
349 188
1 3 2
475 54
1 2 2
63 305
1 15 2
536 7
1 4 2
697 190
1 9 2
121 267
1 10 2
170 281
1 2 2
559 348
1 4 2
122 61
1 10 2
415 509
1 2 2
386 521
1 2 2
139 136
1 8 2
177 286
1 8 2
236 326
1 5 2
101 514
1 10 2
65 647
1 8 2
604 162
1 14 2
428 76
1 11 2
434 94
1 15 2
131 486
1 7 2
224 183
1 13 2
58 549
1 3 2
141 656
1 7 2
204 256
1 15 2
581 131
1 15 2
396 230
1 15 2
186 448
1 10 2
46 277
1 8 2
444 412
1 8 2
93 594
1 6 2
539 638
1 9 2
6 315
1 14 2
458 231
1 5 2
412 415
1 7 2
363 287
1 11 2
554 680
1 8 2
382 266
1 9 2
252 607
1 10 2
304 85
1 10 2
554 619
1 8 2
669 686
1 14 2
109 132
1 2 2
20 476
1 9 2
312 18
1 5 2
605 52
1 2 2
248 319
1 8 2
657 74
1 15 2
494 524
1 8 2
3 597
1 8 2
88 473
1 13 2
83 177
1 12 2
147 607
1 8 2
143 215
1 7 2
41 589
1 12 2
428 185
1 2 2
371 205
1 15 2
490 650
1 10 2
566 532
1 3 2
184 588
1 11 2
624 194
1 8 2
521 50
1 8 2
671 229
1 2 2
417 190
1 4 2
15 394
1 10 2
160 211
1 2 2
100 330
1 2 2
472 666
1 8 2
177 551
1 4 2
666 616
1 15 2
246 673
1 4 2
519 7
1 11 2
82 526
1 8 2
427 662
1 7 2
676 220
1 10 2
637 625
1 6 2
290 387
1 3 2
424 136
1 8 2
691 239
1 11 2
294 513
1 4 2
112 578
1 3 2
590 492
1 2 2
183 301
1 11 2
405 482
1 6 2
307 304
1 8 2
535 421
1 11 2
24 525
1 9 2
119 268
1 9 2
263 323
1 7 2
13 472
1 14 2
683 383
1 8 2
15 609
1 2 2
78 166
1 8 2
307 202
1 15 2
156 80
1 15 2
355 400
1 4 2
645 54
1 11 2
338 207
1 6 2
45 315
1 5 2
152 203
1 2 2
490 468
1 7 2
91 242
1 6 2
537 86
1 13 2
640 619
1 4 2
40 400
1 11 2
212 233
1 12 2
543 272
1 2 2
454 225
1 11 2
602 668
1 13 2
564 591
1 4 2
698 368
1 4 2
335 157
1 8 2
307 581
1 14 2
498 233
1 6 2
207 280
1 3 2
63 145
1 9 2
348 458
1 6 2
3 534
1 12 2
459 153
1 3 2
326 258
1 13 2
625 21
1 3 2
63 630
1 14 2
679 618
1 5 2
31 561
1 15 2
262 412
1 5 2
62 680
1 6 2
384 435
1 13 2
264 62
1 14 2
271 261
1 3 2
306 126
1 7 2
556 486
1 8 2
217 66
1 15 2
90 258
1 11 2
255 294
1 10 2
508 179
1 13 2
390 29
1 14 2
470 580
1 6 2
8 641
1 13 2
112 409
1 8 2
3 683
1 24 2
204 618
1 14 2
246 135
1 18 2
693 42
1 26 2
606 114
1 6 2
538 539
1 28 2
675 4
1 8 2
688 283
1 14 2
255 383
1 20 2
481 513
1 8 2
440 541
1 4 2
98 232
1 26 2
505 226
1 14 2
503 212
1 30 2
462 105
1 18 2
623 87
1 28 2
181 607
1 6 2
385 492
