700 4183 2100
9 22 22 13 8 13 17 8 8 16 14 17 12 20 12 17 21 5 16 9 6 5 16 5 18 10 8 14 12 18 13 15 8 22 15 13 8 6 10 12 19 15 13 22 6 8 9 15 12 13 5 23 5 13 18 14 13 9 11 6 13 7 9 22 11 5 19 6 18 19 10 20 10 7 11 19 8 25 19 23 10 8 25 10 22 13 21 5 23 21 7 15 16 14 14 6 18 15 20 22 14 5 7 25 12 19 16 20 12 16 24 21 8 23 15 8 24 15 15 23 20 9 5 21 7 8 16 5 8 22 23 22 11 13 14 14 15 25 22 22 24 17 9 17 17 7 13 22 24 17 10 9 17 7 22 18 11 13 23 6 16 16 24 5 10 5 18 23 8 14 5 9 23 13 11 15 17 15 18 23 5 16 14 5 23 17 8 9 20 12 20 9 25 12 20 22 15 25 18 14 14 11 6 15 19 22 15 11 14 10 7 6 5 19 20 19 10 15 7 20 17 18 8 8 11 14 8 21 17 24 22 11 13 8 9 17 14 22 9 16 5 22 21 20 14 21 17 5 25 17 8 8 13 24 14 13 25 9 24 25 5 17 18 21 18 15 14 7 22 5 21 12 11 23 13 21 12 5 19 14 13 9 16 24 16 10 12 16 18 21 6 23 21 17 20 8 16 16 7 9 20 12 16 11 24 6 11 23 19 5 7 21 25 9 8 12 7 20 23 8 23 9 14 14 5 8 15 5 16 9 25 19 5 12 15 13 8 23 14 12 10 5 17 24 17 7 7 7 20 20 13 21 5 14 24 10 8 6 25 11 13 19 7 5 9 19 15 24 6 12 5 23 22 18 17 16 23 7 19 8 24 9 24 12 18 11 15 21 23 18 9 24 14 25 19 12 14 19 13 13 9 24 8 16 7 9 17 20 17 25 10 20 18 9 6 14 12 5 16 15 15 6 22 5 9 14 12 23 15 25 25 22 5 20 11 18 14 11 5 14 9 21 17 10 6 8 6 18 12 7 13 22 21 9 24 14 18 10 24 10 22 5 23 13 19 13 25 13 20 14 23 22 19 23 21 21 7 6 5 10 18 8 16 16 5 24 19 25 19 6 19 5 20 8 9 20 10 9 25 22 24 14 20 19 19 5 12 8 8 22 15 5 24 5 25 10 14 18 8 13 11 13 10 25 8 25 19 14 11 13 5 21 16 6 21 7 7 10 25 12 16 25 14 7 15 7 22 7 19 17 14 20 13 14 8 24 6 20 15 22 7 14 24 25 8 7 9 5 18 13 16 16 13 22 20 8 22 5 23 23 11 14 9 16 9 19 13 7 10 18 9 9 21 20 11 6 25 24 5 20 7 23 15 14 6 19 15 14 11 7 25 16 22 7 12 19 8 19 6 21 12 8 11 23 25 13 5 11 7 10 15 16 14 23 14 9 18 10 23 15 14 11 20 22 7 13 23 22 20 8 8 7 11 7 8 9 24 14 14 25 19 5 17 23 13 23 11 23 21 6 9 21 12 17 23 21 23 21 13 12 19 12 16 19 12 9 22 21 6 6 10 16 15 16 6 16 24 19 18 24
3 10 14 7 12 14 5 8 11 12 7 11 7 10 11 7 11 17 20 13 3 14 10 3 9 16 11 19 3 14 15 11 5 7 19 18 10 17 17 5 11 18 14 13 10 10 15 11 18 6 4 17 11 17 16 19 13 11 15 14 9 6 3 3 19 16 5 5 18 7 19 20 15 5 9 19 12 8 14 4 16 16 18 6 3 3 8 4 12 19 4 15 10 18 6 18 10 16 15 10 17 8 3 18 9 14 4 8 4 19 9 18 11 16 9 6 15 18 5 10 18 19 4 10 14 19 6 7 17 20 14 18 6 20 11 14 8 14 13 16 11 12 15 8 19 11 6 9 7 20 17 18 12 16 14 8 9 15 14 19 15 8 19 6 15 8 10 16 4 14 11 3 3 7 3 5 16 4 4 7 10 5 16 9 16 13 7 19 18 3 9 4 7 3 8 20 13 14 4 8 14 9 7 17 5 16 5 3 11 15 8 11 20 17 16 14 12 4 5 13 4 12 19 5 15 5 4 19 6 16 14 17 16 4 18 7 9 5 4 13 17 5 7 13 14 12 14 3 13 9 13 9 13 7 10 15 4 18 14 3 12 6 11 18 9 4 17 3 3 13 16 7 9 10 7 11 4 3 11 9 4 13 8 15 10 19 15 17 19 19 6 6 10 18 6 14 18 3 14 11 7 11 3 12 12 9 9 9 20 8 11 13 15 16 16 11 12 18 9 8 10 13 16 18 15 5 14 4 18 5 10 9 19 10 18 19 14 11 3 4 5 6 14 15 12 15 17 8 18 4 8 20 16 10 12 9 13 20 15 14 13 10 19 8 14 3 10 6 15 10 7 10 17 15 9 6 12 17 15 5 5 16 7 19 12 11 9 19 14 15 14 12 6 5 4 19 14 20 3 5 9 17 16 13 11 9 14 19 18 4 7 11 14 10 8 9 18 4 13 12 16 3 7 3 10 5 14 13 14 5 12 18 8 13 12 11 10 8 5 3 17 14 13 20 5 3 3 15 7 9 16 7 18 17 10 12 10 18 14 12 18 5 18 6 12 19 8 6 20 7 5 19 10 11 11 3 19 10 4 10 4 20 4 5 11 3 16 19 17 5 18 11 11 18 17 7 3 20 5 9 4 15 10 10 10 9 13 14 15 15 13 14 7 4 15 11 16 11 16 4 8 17 17 13 10 9 18 4 19 8 17 4 12 5 3 19 3 14 5 12 18 6 19 18 9 6 3 11 17 17 11 18 7 3 9 9 16 13 9 15 11 4 9 20 14 15 3 5 5 13 14 14 10 9 18 8 6 3 13 16 3 20 18 17 8 6 10 6 11 10 10 19 7 4 10 9 18 5 7 3 12 19 7 13 17 5 13 17 16 11 13 18 11 8 14 9 5 12 8 13 19 11 4 12 7 11 4 11 11 12 4 15 12 11 16 13 5 3 20 20 12 20 16 3 11 7 7 16 6 4 7 19 20 10 7 18 16 12 5 8 15 13 18 7 13 16 3 12 5 6 18 19 4 10 4 6 10 18 10 19 14 15 3 4 5 3 16 14 17 7 6 5 11 19 8 19 12 9 7 15
1 3 2
542 372
1 2 2
550 255
1 9 2
435 46
1 8 2
312 613
1 10 2
281 430
1 7 2
515 300
1 13 2
125 244
1 10 2
287 128
1 14 2
318 184
1 4 2
627 465
1 11 2
497 682
1 8 2
127 270
1 4 2
72 643
1 11 2
9 535
1 11 2
49 154
1 7 2
314 195
1 6 2
603 208
1 12 2
537 220
1 3 2
392 484
1 10 2
21 280
1 10 2
146 428
1 13 2
96 213
1 14 2
138 418
1 3 2
550 613
1 12 2
567 182
1 11 2
68 570
1 3 2
670 552
1 15 2
7 473
1 3 2
657 663
1 6 2
89 253
1 5 2
404 558
1 9 2
483 405
1 14 2
690 13
1 5 2
224 332
1 10 2
167 399
1 10 2
479 575
1 5 2
155 256
1 5 2
656 616
1 13 2
503 355
1 11 2
116 339
1 4 2
279 54
1 11 2
653 511
1 11 2
218 118
1 11 2
3 175
1 7 2
50 397
1 10 2
505 246
1 2 2
18 346
1 10 2
527 670
1 15 2
677 566
1 2 2
262 109
1 10 2
446 196
1 4 2
117 593
1 8 2
263 102
1 10 2
673 651
1 11 2
274 281
1 14 2
68 212
1 10 2
209 361
1 5 2
0 273
1 11 2
614 616
1 8 2
23 494
1 14 2
662 527
1 12 2
230 419
1 13 2
684 548
1 15 2
486 310
1 10 2
289 122
1 10 2
671 152
1 12 2
73 327
1 7 2
618 586
1 14 2
151 571
1 13 2
484 183
1 6 2
293 384
1 5 2
169 440
1 14 2
620 267
1 10 2
628 221
1 5 2
566 186
1 13 2
646 429
1 7 2
613 253
1 3 2
366 417
1 7 2
617 80
1 9 2
359 565
1 14 2
590 451
1 10 2
694 185
1 2 2
530 61
1 5 2
509 403
1 11 2
38 662
1 8 2
652 548
1 12 2
267 143
1 3 2
107 125
1 8 2
269 126
1 13 2
587 549
1 11 2
503 560
1 9 2
609 411
1 11 2
669 376
1 5 2
156 51
1 15 2
95 465
1 4 2
446 472
1 13 2
623 472
1 11 2
692 484
1 6 2
138 286
1 6 2
684 40
1 9 2
601 698
1 10 2
133 117
1 13 2
23 147
1 14 2
673 530
1 7 2
11 692
1 2 2
646 146
1 14 2
614 537
1 9 2
580 683
1 15 2
554 477
1 13 2
474 314
1 6 2
437 634
1 13 2
236 135
1 9 2
211 390
1 3 2
159 181
1 9 2
15 150
1 15 2
258 357
1 15 2
369 14
1 14 2
393 83
1 12 2
526 235
1 12 2
403 652
1 2 2
518 329
1 4 2
472 657
1 6 2
129 88
1 4 2
200 443
1 3 2
261 192
1 5 2
7 436
1 12 2
164 561
1 6 2
684 310
1 7 2
513 679
1 15 2
535 625
1 11 2
42 463
1 9 2
225 356
1 8 2
565 604
1 5 2
565 645
1 11 2
353 143
1 3 2
306 250
1 8 2
621 524
1 9 2
472 84
1 12 2
546 297
1 10 2
688 21
1 5 2
124 577
1 9 2
204 192
1 9 2
31 494
1 6 2
299 595
1 2 2
559 382
1 6 2
287 610
1 15 2
204 300
1 9 2
518 665
1 6 2
285 168
1 12 2
8 231
1 8 2
442 234
1 7 2
619 326
1 7 2
166 565
1 6 2
129 55
1 13 2
674 514
1 7 2
459 474
1 10 2
11 619
1 12 2
174 444
1 14 2
473 193
1 11 2
487 597
1 3 2
116 295
1 14 2
574 44
1 8 2
584 532
1 3 2
698 358
1 3 2
692 475
1 15 2
518 145
1 7 2
282 337
1 7 2
187 448
1 8 2
526 429
1 13 2
481 327
1 11 2
614 331
1 11 2
176 330
1 4 2
118 460
1 11 2
396 238
1 15 2
202 613
1 7 2
679 447
1 14 2
144 57
1 10 2
565 351
1 9 2
106 499
1 6 2
571 686
1 11 2
576 285
1 15 2
568 699
1 15 2
229 513
1 13 2
655 329
1 6 2
0 257
1 7 2
73 128
1 15 2
499 241
1 12 2
129 101
1 15 2
257 80
1 8 2
666 432
1 10 2
156 231
1 4 2
650 241
1 4 2
433 177
1 14 2
429 178
1 13 2
124 68
1 15 2
460 88
1 13 2
577 196
1 2 2
48 51
1 4 2
418 603
1 3 2
264 396
1 7 2
645 647
1 2 2
362 195
1 6 2
351 631
1 5 2
166 172
1 4 2
486 543
1 14 2
499 621
1 5 2
138 307
1 10 2
576 271
1 2 2
130 261
1 10 2
620 501
1 7 2
657 74
1 14 2
626 387
1 4 2
200 170
1 10 2
107 481
1 14 2
431 654
1 12 2
403 344
1 15 2
213 514
1 4 2
322 91
1 5 2
636 461
1 9 2
241 391
1 2 2
28 653
1 4 2
533 169
1 8 2
45 357
1 4 2
342 103
1 14 2
61 62
1 4 2
22 378
1 10 2
25 30
1 5 2
41 128
1 8 2
67 39
1 2 2
524 3
1 5 2
370 148
1 11 2
658 330
1 4 2
86 682
1 10 2
160 623
1 15 2
475 672
1 9 2
417 409
1 11 2
280 510
1 3 2
558 487
1 5 2
165 587
1 9 2
588 457
1 11 2
524 237
1 11 2
143 289
1 15 2
103 577
1 15 2
89 511
1 7 2
153 496
1 7 2
432 637
1 4 2
366 437
1 5 2
607 599
1 7 2
669 97
1 3 2
180 125
1 4 2
619 288
1 2 2
567 461
1 4 2
420 589
1 12 2
420 543
1 14 2
516 383
1 5 2
200 116
1 9 2
285 453
1 13 2
423 626
1 2 2
435 674
1 7 2
66 530
1 15 2
74 440
1 2 2
176 99
1 13 2
250 204
1 2 2
136 177
1 2 2
220 684
1 2 2
362 293
1 12 2
498 153
1 5 2
544 202
1 5 2
277 603
1 13 2
82 498
1 8 2
569 148
1 7 2
347 44
1 10 2
637 644
1 11 2
31 405
1 2 2
536 573
1 15 2
484 473
1 10 2
534 238
1 3 2
193 147
1 15 2
251 618
1 15 2
183 304
1 11 2
25 223
1 10 2
616 309
1 7 2
547 640
1 8 2
265 655
1 13 2
528 470
1 8 2
583 528
1 13 2
77 13
1 15 2
256 92
1 14 2
320 76
1 14 2
547 183
1 9 2
450 222
1 10 2
56 482
1 14 2
330 527
1 12 2
5 129
1 10 2
572 650
1 8 2
514 508
1 12 2
415 584
1 13 2
351 339
1 15 2
580 406
1 10 2
258 601
1 8 2
75 419
1 10 2
113 157
1 8 2
54 88
1 5 2
520 323
1 4 2
405 538
1 5 2
35 598
1 8 2
297 171
1 10 2
262 534
1 4 2
142 157
1 4 2
199 552
1 12 2
272 496
1 4 2
642 522
1 9 2
134 690
1 3 2
491 598
1 4 2
216 113
1 11 2
195 558
1 11 2
401 129
1 4 2
65 0
1 5 2
607 309
1 11 2
82 178
1 11 2
487 154
1 9 2
331 0
1 10 2
517 227
1 7 2
133 430
1 2 2
383 264
1 5 2
226 647
1 2 2
42 252
1 4 2
661 173
1 6 2
383 606
1 12 2
239 75
1 11 2
190 196
1 11 2
634 446
1 3 2
418 499
1 13 2
487 5
1 10 2
286 485
1 11 2
578 621
1 4 2
233 660
1 9 2
609 49
1 6 2
581 359
1 8 2
206 94
1 6 2
687 636
1 13 2
358 39
1 3 2
98 382
1 5 2
661 99
1 5 2
151 484
1 15 2
242 90
1 14 2
265 282
1 5 2
146 416
1 12 2
172 64
1 12 2
68 672
1 6 2
147 298
1 12 2
175 148
1 12 2
540 550
1 5 2
432 615
1 4 2
429 285
1 6 2
195 454
1 14 2
413 306
1 10 2
190 453
1 8 2
81 182
1 7 2
88 668
1 15 2
549 46
1 10 2
693 49
1 5 2
636 180
1 3 2
657 470
1 10 2
451 593
1 2 2
39 649
1 6 2
38 648
1 6 2
642 617
1 15 2
645 76
1 2 2
669 473
1 6 2
324 425
1 6 2
644 233
1 13 2
570 681
1 2 2
2 330
1 12 2
425 97
1 8 2
399 204
1 9 2
660 440
1 2 2
662 32
1 10 2
29 525
1 3 2
270 404
1 5 2
158 245
1 8 2
558 469
1 8 2
175 331
1 3 2
37 157
1 2 2
654 202
1 15 2
511 84
1 7 2
19 382
1 7 2
365 422
1 7 2
643 173
1 10 2
155 464
1 12 2
180 28
1 13 2
399 519
1 4 2
571 57
1 7 2
381 40
1 8 2
423 515
1 9 2
433 55
1 12 2
317 469
1 15 2
588 563
1 9 2
90 320
1 2 2
72 179
1 6 2
467 259
1 15 2
362 253
1 3 2
587 576
1 3 2
95 10
1 11 2
154 596
1 7 2
366 433
1 12 2
126 294
1 13 2
51 336
1 5 2
540 396
1 13 2
260 97
1 11 2
649 16
1 4 2
68 434
1 2 2
43 204
1 14 2
210 430
1 9 2
595 280
1 11 2
186 619
1 9 2
550 517
1 10 2
473 285
1 9 2
650 383
1 9 2
502 444
1 13 2
30 336
1 13 2
660 4
1 12 2
391 313
1 2 2
600 364
1 10 2
279 684
1 10 2
117 543
1 8 2
517 692
1 4 2
41 247
1 7 2
406 152
1 9 2
675 308
1 6 2
41 617
1 2 2
203 568
1 2 2
355 176
1 6 2
130 315
1 9 2
667 611
1 13 2
126 614
1 5 2
636 32
1 12 2
329 136
1 3 2
673 440
1 6 2
672 684
1 4 2
308 624
1 11 2
90 500
1 9 2
278 696
1 7 2
113 555
1 7 2
623 204
1 5 2
648 417
1 11 2
545 334
1 7 2
503 173
1 4 2
446 191
1 14 2
458 53
1 4 2
551 663
1 8 2
572 662
1 12 2
360 273
1 8 2
189 364
1 12 2
667 168
1 10 2
207 136
1 2 2
599 119
1 13 2
154 311
1 4 2
532 438
1 2 2
603 656
1 8 2
593 54
1 10 2
111 80
1 4 2
577 656
1 2 2
474 297
1 13 2
239 97
1 5 2
502 351
1 2 2
240 329
1 3 2
681 53
1 5 2
443 387
1 15 2
178 296
1 8 2
637 74
1 14 2
489 643
1 4 2
88 235
1 4 2
247 493
1 15 2
165 504
1 5 2
477 597
1 3 2
213 682
1 4 2
535 356
1 14 2
92 599
1 15 2
389 698
1 10 2
657 158
1 11 2
438 364
1 9 2
137 388
1 15 2
35 103
1 14 2
648 404
1 8 2
58 316
1 15 2
76 73
1 15 2
102 521
1 8 2
13 5
1 4 2
2 342
1 3 2
461 269
1 12 2
425 468
1 8 2
348 579
1 4 2
159 683
1 10 2
21 673
1 11 2
348 237
1 11 2
505 82
1 11 2
623 648
1 4 2
211 545
1 5 2
532 432
1 6 2
38 664
1 10 2
619 49
1 8 2
556 422
1 7 2
527 408
1 4 2
134 400
1 8 2
610 394
1 10 2
567 464
1 9 2
181 109
1 15 2
307 312
1 11 2
125 235
1 10 2
504 17
1 2 2
403 441
1 15 2
59 363
1 8 2
333 82
1 6 2
650 370
1 14 2
565 143
1 8 2
643 530
1 3 2
276 347
1 10 2
458 113
1 15 2
463 404
1 7 2
427 564
1 14 2
268 135
1 8 2
241 439
1 12 2
278 341
1 13 2
222 134
1 5 2
425 283
1 10 2
538 621
1 9 2
378 10
1 4 2
672 116
1 9 2
317 357
1 3 2
94 262
1 5 2
419 293
1 7 2
55 499
1 7 2
594 132
1 15 2
193 152
1 7 2
295 59
1 10 2
442 270
1 15 2
247 15
1 10 2
31 36
1 8 2
217 172
1 14 2
321 412
1 7 2
646 183
1 12 2
494 562
1 15 2
538 334
1 8 2
45 27
1 15 2
135 265
1 6 2
101 118
1 11 2
488 452
1 12 2
142 500
1 13 2
350 354
1 15 2
61 90
1 12 2
519 289
1 2 2
425 649
1 13 2
363 121
1 15 2
696 160
1 4 2
644 471
1 6 2
633 535
1 13 2
160 3
1 6 2
60 366
1 3 2
619 397
1 2 2
48 36
1 15 2
242 64
1 14 2
519 262
1 13 2
535 218
1 13 2
167 207
1 12 2
88 147
1 9 2
55 659
1 8 2
541 670
1 6 2
519 9
1 2 2
298 141
1 15 2
642 56
1 4 2
568 99
1 5 2
429 230
1 12 2
450 26
1 11 2
407 649
1 7 2
27 354
1 9 2
695 83
1 11 2
227 276
1 14 2
405 351
1 12 2
571 468
1 4 2
313 576
1 9 2
325 41
1 13 2
379 357
1 6 2
528 180
1 3 2
218 630
1 5 2
175 199
1 11 2
111 584
1 11 2
617 336
1 14 2
51 326
1 2 2
316 683
1 4 2
655 57
1 12 2
378 507
1 14 2
21 272
1 6 2
488 112
1 6 2
146 570
1 8 2
424 675
1 2 2
72 581
1 5 2
326 666
1 15 2
643 26
1 12 2
509 506
1 12 2
696 260
1 13 2
299 172
1 12 2
419 560
1 10 2
481 252
1 6 2
285 537
1 2 2
467 602
1 15 2
574 160
1 3 2
520 42
1 3 2
609 373
1 12 2
334 9
1 9 2
27 595
1 4 2
69 254
1 7 2
612 685
1 11 2
301 622
1 14 2
340 622
1 8 2
76 648
1 8 2
608 396
1 10 2
403 526
1 2 2
154 39
1 10 2
556 468
1 13 2
59 276
1 13 2
413 604
1 4 2
58 72
1 14 2
22 178
1 10 2
638 244
1 3 2
312 361
1 14 2
132 38
1 14 2
429 352
1 12 2
398 57
1 2 2
544 331
1 2 2
66 292
1 11 2
639 319
1 3 2
171 419
1 4 2
93 372
1 7 2
686 524
1 11 2
417 443
1 5 2
194 29
1 9 2
227 210
1 13 2
557 83
1 8 2
415 264
1 7 2
534 123
1 15 2
48 114
1 12 2
548 614
1 11 2
504 166
1 9 2
339 413
1 10 2
663 163
1 2 2
336 411
1 9 2
577 504
1 3 2
332 259
1 2 2
229 592
1 12 2
365 674
1 2 2
274 178
1 3 2
310 184
1 3 2
539 407
1 5 2
42 228
1 15 2
606 67
1 8 2
101 512
1 8 2
690 629
1 4 2
496 15
1 3 2
301 540
1 9 2
177 112
1 11 2
60 291
1 6 2
356 642
1 9 2
572 681
1 13 2
558 672
1 5 2
193 81
1 12 2
98 537
1 10 2
379 470
1 10 2
533 604
1 4 2
336 629
1 3 2
25 255
1 10 2
216 505
1 3 2
389 569
1 6 2
619 201
1 9 2
144 262
1 7 2
104 241
1 6 2
514 658
1 7 2
481 74
1 8 2
292 657
1 10 2
103 609
1 2 2
99 307
1 12 2
332 147
1 5 2
27 546
1 12 2
190 585
1 14 2
359 299
1 5 2
266 238
1 8 2
130 444
1 9 2
98 697
1 13 2
354 323
1 4 2
647 181
1 14 2
465 328
1 11 2
318 493
1 4 2
578 471
1 2 2
120 261
1 9 2
492 670
1 11 2
118 317
1 13 2
517 330
1 6 2
547 73
1 14 2
225 390
1 2 2
455 99
1 4 2
364 426
1 11 2
247 261
1 3 2
142 659
1 10 2
232 115
1 10 2
429 63
1 13 2
563 386
1 6 2
21 552
1 5 2
419 448
1 10 2
555 51
1 5 2
174 414
1 13 2
655 565
1 15 2
391 304
1 8 2
452 464
1 5 2
164 312
1 9 2
560 440
1 10 2
39 306
1 8 2
375 36
1 12 2
343 529
1 10 2
143 144
1 6 2
84 489
1 11 2
322 156
1 14 2
580 213
1 13 2
431 76
1 12 2
531 627
1 14 2
214 68
1 14 2
602 372
1 6 2
633 534
1 3 2
507 54
1 9 2
269 227
1 12 2
668 615
1 10 2
272 598
1 13 2
247 167
1 8 2
198 671
1 8 2
383 45
1 12 2
647 658
1 7 2
197 100
1 11 2
492 565
1 2 2
684 457
1 7 2
389 573
1 8 2
14 663
1 12 2
420 462
1 5 2
0 26
1 15 2
152 21
1 15 2
194 498
1 3 2
669 212
1 14 2
209 37
1 2 2
492 585
1 8 2
637 565
1 7 2
355 341
1 2 2
671 33
1 10 2
36 69
1 11 2
98 290
1 4 2
473 660
1 7 2
127 13
1 5 2
69 418
1 8 2
321 504
1 4 2
395 458
1 4 2
450 667
1 15 2
542 693
1 10 2
243 659
1 2 2
636 691
1 2 2
347 48
1 10 2
649 373
1 8 2
292 584
1 10 2
99 120
1 7 2
410 54
1 15 2
685 276
1 11 2
348 161
1 15 2
280 614
1 14 2
633 443
1 5 2
501 195
1 10 2
331 560
1 6 2
140 89
1 2 2
192 600
1 3 2
499 394
1 8 2
461 598
1 8 2
554 511
1 13 2
223 642
1 2 2
152 459
1 8 2
455 528
1 8 2
354 33
1 15 2
329 24
1 2 2
151 94
1 6 2
411 238
1 7 2
74 341
1 11 2
586 424
1 9 2
683 191
1 12 2
310 435
1 6 2
244 23
1 10 2
373 233
1 6 2
574 252
1 10 2
192 228
1 8 2
454 143
1 2 2
83 551
1 7 2
287 222
1 11 2
623 370
1 11 2
352 584
1 2 2
662 260
1 15 2
378 306
1 3 2
35 699
1 10 2
388 157
1 11 2
654 632
1 15 2
295 528
1 14 2
118 629
1 7 2
31 594
1 14 2
176 596
1 15 2
637 374
1 6 2
622 426
1 12 2
241 109
1 4 2
3 194
1 15 2
294 146
1 2 2
39 218
1 13 2
686 88
1 3 2
690 56
1 7 2
49 488
1 9 2
473 158
1 3 2
677 685
1 14 2
638 617
1 7 2
607 423
1 11 2
104 443
1 13 2
106 23
1 11 2
63 161
1 4 2
610 567
1 13 2
90 129
1 9 2
203 396
1 9 2
27 60
1 4 2
261 408
1 2 2
223 62
1 7 2
368 212
1 7 2
177 347
1 7 2
113 200
1 7 2
650 483
1 10 2
204 365
1 2 2
336 159
1 5 2
18 566
1 13 2
687 74
1 11 2
310 126
1 13 2
677 519
1 8 2
304 21
1 2 2
465 509
1 4 2
661 481
1 4 2
159 132
1 3 2
6 201
1 8 2
332 47
1 2 2
253 483
1 4 2
285 315
1 12 2
523 59
1 9 2
430 536
1 13 2
126 402
1 14 2
378 695
1 15 2
496 561
1 14 2
488 241
1 12 2
474 400
1 12 2
171 422
1 4 2
105 674
1 3 2
340 508
1 11 2
161 341
1 2 2
153 118
1 15 2
278 616
1 15 2
514 435
1 11 2
596 131
1 4 2
150 469
1 8 2
130 383
1 8 2
35 607
1 9 2
285 450
1 11 2
392 453
1 8 2
460 303
1 8 2
91 106
1 15 2
568 91
1 12 2
521 643
1 13 2
548 662
1 15 2
387 596
1 6 2
461 431
1 7 2
322 143
1 14 2
321 324
1 6 2
508 378
1 13 2
246 114
1 5 2
597 633
1 3 2
1 571
1 3 2
221 548
1 11 2
468 631
1 7 2
365 153
1 15 2
299 503
1 6 2
657 99
1 12 2
554 22
1 6 2
649 258
1 10 2
147 646
1 6 2
52 560
1 10 2
595 88
1 2 2
593 536
1 14 2
393 36
1 10 2
313 682
1 3 2
606 189
1 10 2
181 435
1 4 2
463 184
1 4 2
187 444
1 3 2
307 333
1 12 2
542 459
1 11 2
600 378
1 8 2
283 252
1 5 2
145 220
1 3 2
43 155
1 5 2
302 24
1 14 2
515 62
1 15 2
301 357
1 9 2
23 100
1 5 2
653 692
1 12 2
278 629
1 9 2
542 42
1 8 2
607 91
1 5 2
239 476
1 3 2
237 426
1 13 2
45 302
1 6 2
398 304
1 14 2
267 46
1 2 2
211 651
1 9 2
406 214
1 6 2
596 147
1 8 2
378 541
1 3 2
434 75
1 7 2
161 615
1 8 2
24 11
1 7 2
530 270
1 15 2
466 483
1 14 2
530 283
1 9 2
313 485
1 10 2
590 121
1 10 2
133 331
1 4 2
239 381
1 10 2
624 261
1 3 2
137 474
1 9 2
336 433
1 7 2
287 209
1 10 2
243 453
1 12 2
108 612
1 15 2
202 453
1 6 2
557 0
1 8 2
5 167
1 5 2
689 532
1 3 2
113 509
1 14 2
41 262
1 5 2
166 364
1 8 2
195 183
1 9 2
491 345
1 15 2
218 249
1 15 2
447 254
1 12 2
181 502
1 9 2
441 90
1 9 2
81 325
1 8 2
462 465
1 6 2
537 147
1 12 2
427 141
1 8 2
180 132
1 6 2
568 476
1 6 2
638 637
1 5 2
513 416
1 12 2
511 665
1 9 2
484 57
1 7 2
239 427
1 3 2
91 89
1 9 2
530 479
1 4 2
608 533
1 9 2
654 634
1 11 2
681 204
1 7 2
282 356
1 11 2
45 534
1 7 2
315 171
1 4 2
399 556
1 4 2
142 549
1 10 2
332 410
1 7 2
193 382
1 15 2
695 230
1 12 2
407 223
1 8 2
608 110
1 8 2
589 357
1 5 2
531 109
1 11 2
364 313
1 2 2
288 138
1 11 2
82 503
1 10 2
406 678
1 6 2
99 24
1 6 2
540 392
1 5 2
123 553
1 8 2
152 111
1 3 2
621 477
1 6 2
553 260
1 12 2
8 259
1 9 2
370 81
1 12 2
179 498
1 10 2
646 675
1 8 2
147 471
1 14 2
623 601
1 12 2
476 284
1 15 2
681 12
1 2 2
347 181
1 8 2
66 645
1 3 2
691 96
1 7 2
202 118
1 9 2
511 286
1 7 2
593 316
1 7 2
350 190
1 12 2
309 280
1 6 2
122 400
1 11 2
250 249
1 6 2
379 524
1 15 2
225 659
1 12 2
221 147
1 13 2
234 502
1 5 2
411 532
1 15 2
37 50
1 3 2
661 494
1 5 2
699 178
1 14 2
593 166
1 3 2
344 172
1 12 2
428 345
1 14 2
200 19
1 10 2
513 238
1 12 2
624 546
1 6 2
115 690
1 9 2
222 88
1 3 2
585 84
1 12 2
242 378
1 8 2
168 484
1 8 2
505 412
1 4 2
488 412
1 3 2
470 74
1 5 2
693 644
1 3 2
466 333
1 3 2
520 474
1 9 2
148 254
1 9 2
292 293
1 11 2
533 339
1 15 2
188 589
1 9 2
436 641
1 8 2
19 560
1 12 2
441 64
1 3 2
675 293
1 7 2
5 9
1 2 2
228 452
1 4 2
664 322
1 11 2
607 333
1 7 2
651 391
1 15 2
51 497
1 8 2
8 696
1 15 2
341 596
1 7 2
613 634
1 11 2
533 425
1 12 2
484 175
1 13 2
545 599
1 2 2
205 384
1 9 2
653 323
1 12 2
352 481
1 7 2
320 352
1 7 2
452 294
1 8 2
265 274
1 4 2
111 146
1 4 2
556 66
1 14 2
561 30
1 4 2
138 250
1 4 2
190 500
1 15 2
505 128
1 13 2
169 335
1 4 2
210 437
1 12 2
292 326
1 8 2
223 661
1 5 2
346 251
1 7 2
241 294
1 7 2
587 530
1 6 2
115 89
1 11 2
586 453
1 7 2
392 58
1 10 2
413 355
1 2 2
198 296
1 15 2
227 132
1 2 2
275 308
1 14 2
414 265
1 11 2
221 188
1 14 2
122 333
1 7 2
483 318
1 10 2
28 577
1 10 2
27 620
1 4 2
666 624
1 3 2
262 253
1 10 2
70 242
1 6 2
493 589
1 8 2
272 347
1 11 2
305 530
1 7 2
429 495
1 13 2
679 43
1 2 2
628 255
1 5 2
144 620
1 10 2
689 302
1 7 2
427 203
1 10 2
475 627
1 12 2
690 684
1 9 2
652 111
1 15 2
298 299
1 8 2
318 251
1 5 2
476 291
1 4 2
2 233
1 7 2
42 527
1 8 2
462 486
1 2 2
108 460
1 6 2
363 79
1 13 2
503 37
1 10 2
694 589
1 2 2
470 280
1 15 2
166 289
1 12 2
256 254
1 13 2
162 404
1 12 2
89 273
1 9 2
233 262
1 8 2
316 632
1 14 2
534 558
1 14 2
351 692
1 2 2
263 95
1 11 2
463 661
1 8 2
247 325
1 15 2
577 48
1 7 2
506 545
1 8 2
383 172
1 2 2
532 245
1 11 2
226 660
1 15 2
74 279
1 7 2
138 32
1 6 2
169 324
1 3 2
593 406
1 3 2
472 160
1 14 2
558 3
1 10 2
359 18
1 2 2
216 79
1 7 2
353 623
1 6 2
131 426
1 10 2
59 501
1 14 2
205 607
1 3 2
106 480
1 12 2
281 82
1 11 2
574 617
1 8 2
9 649
1 7 2
152 106
1 13 2
310 234
1 7 2
617 353
1 6 2
160 194
1 3 2
676 690
1 8 2
591 332
1 10 2
630 558
1 6 2
301 135
1 4 2
229 435
1 7 2
638 129
1 11 2
352 221
1 11 2
114 309
1 14 2
608 646
1 5 2
22 196
1 11 2
57 499
1 5 2
445 675
1 6 2
95 528
1 12 2
456 215
1 14 2
583 342
1 15 2
55 408
1 5 2
139 539
1 12 2
36 511
1 8 2
527 677
1 3 2
348 699
1 8 2
296 691
1 13 2
587 201
1 14 2
91 240
1 4 2
162 343
1 11 2
90 329
1 14 2
88 503
1 14 2
671 420
1 6 2
70 510
1 12 2
257 632
1 15 2
37 200
1 9 2
368 27
1 2 2
665 512
1 14 2
339 425
1 9 2
218 68
1 15 2
596 245
1 3 2
333 322
1 9 2
650 34
1 11 2
180 235
1 7 2
545 655
1 15 2
173 698
1 4 2
67 633
1 14 2
544 447
1 3 2
691 64
1 11 2
417 589
1 12 2
63 514
1 6 2
139 433
1 14 2
200 35
1 7 2
221 624
1 12 2
173 33
1 14 2
519 614
1 11 2
646 668
1 11 2
99 260
1 14 2
334 449
1 12 2
621 224
1 5 2
481 419
1 13 2
309 435
1 14 2
120 429
1 13 2
257 445
1 8 2
601 332
1 3 2
114 104
1 3 2
406 621
1 7 2
656 514
1 11 2
440 353
1 7 2
408 334
1 10 2
269 156
1 2 2
144 362
1 15 2
78 212
1 5 2
115 176
1 9 2
320 465
1 3 2
180 135
1 13 2
408 79
1 3 2
552 346
1 8 2
377 40
1 3 2
579 366
1 4 2
88 332
1 4 2
362 338
1 6 2
316 173
1 2 2
642 475
1 12 2
381 456
1 10 2
59 451
1 6 2
243 432
1 15 2
230 95
1 5 2
363 12
1 10 2
277 275
1 11 2
167 68
1 2 2
601 656
1 3 2
691 545
1 5 2
491 305
1 11 2
288 100
1 10 2
552 260
1 6 2
144 82
1 10 2
241 105
1 3 2
94 51
1 3 2
110 344
1 8 2
668 643
1 8 2
451 689
1 8 2
457 178
1 14 2
320 367
1 7 2
616 620
1 12 2
574 629
1 13 2
589 233
1 4 2
528 303
1 8 2
57 114
1 8 2
617 4
1 10 2
362 416
1 11 2
411 669
1 5 2
470 0
1 10 2
300 90
1 3 2
224 70
1 4 2
525 420
1 13 2
634 367
1 10 2
153 315
1 2 2
461 514
1 3 2
313 440
1 3 2
240 320
1 12 2
517 500
1 7 2
679 229
1 14 2
159 418
1 4 2
105 690
1 5 2
261 375
1 13 2
535 189
1 6 2
643 694
1 10 2
697 334
1 10 2
190 698
1 8 2
24 558
1 8 2
512 481
1 6 2
402 529
1 2 2
26 49
1 2 2
220 128
1 11 2
453 300
1 10 2
310 290
1 9 2
225 431
1 6 2
408 550
1 7 2
269 261
1 8 2
691 114
1 11 2
583 647
1 4 2
68 611
1 4 2
335 461
1 7 2
650 294
1 4 2
431 417
1 5 2
278 637
1 10 2
21 551
1 4 2
16 369
1 11 2
636 9
1 3 2
333 570
1 14 2
362 23
1 9 2
451 235
1 9 2
18 612
1 7 2
16 630
1 4 2
141 448
1 14 2
176 264
1 13 2
478 404
1 8 2
654 417
1 4 2
475 236
1 4 2
534 334
1 3 2
272 85
1 4 2
550 185
1 15 2
82 440
1 12 2
224 368
1 15 2
8 454
1 15 2
652 317
1 11 2
131 281
1 10 2
79 205
1 14 2
633 639
1 2 2
67 53
1 11 2
375 51
1 6 2
462 615
1 2 2
274 582
1 14 2
151 672
1 5 2
524 169
1 2 2
11 226
1 14 2
97 120
1 5 2
278 651
1 8 2
452 329
1 4 2
412 50
1 6 2
583 62
1 11 2
209 633
1 3 2
39 111
1 10 2
40 605
1 11 2
682 570
1 5 2
276 172
1 11 2
448 78
1 15 2
405 680
1 5 2
52 662
1 9 2
322 92
1 14 2
160 274
1 6 2
569 638
1 11 2
561 610
1 13 2
664 343
1 12 2
26 207
1 8 2
570 356
1 3 2
176 97
1 12 2
566 189
1 4 2
299 151
1 11 2
699 571
1 15 2
121 209
1 15 2
691 178
1 15 2
69 274
1 6 2
255 519
1 13 2
247 663
1 2 2
605 347
1 13 2
530 515
1 5 2
243 503
1 13 2
185 654
1 12 2
379 653
1 12 2
205 339
1 6 2
631 188
1 13 2
616 597
1 10 2
169 171
1 12 2
11 54
1 13 2
133 170
1 15 2
521 417
1 2 2
460 261
1 9 2
438 567
1 15 2
587 480
1 3 2
641 628
1 7 2
99 210
1 13 2
329 168
1 5 2
331 599
1 2 2
176 402
1 4 2
116 646
1 7 2
117 28
1 6 2
331 290
1 5 2
593 669
1 9 2
608 215
1 15 2
419 88
1 14 2
303 262
1 15 2
11 355
1 15 2
433 550
1 14 2
631 659
1 15 2
620 439
1 6 2
619 419
1 6 2
124 206
1 10 2
647 189
1 11 2
228 284
1 3 2
562 274
1 5 2
562 364
1 4 2
58 609
1 10 2
587 45
1 2 2
560 18
1 15 2
16 461
1 9 2
169 596
1 14 2
213 220
1 5 2
140 33
1 5 2
537 385
1 13 2
485 404
1 5 2
466 66
1 9 2
441 305
1 4 2
154 249
1 14 2
198 219
1 11 2
446 274
1 9 2
579 383
1 10 2
592 611
1 8 2
397 657
1 8 2
57 615
1 4 2
206 424
1 9 2
433 115
1 3 2
506 96
1 5 2
640 19
1 10 2
444 141
1 4 2
197 475
1 12 2
252 264
1 11 2
574 10
1 8 2
56 253
1 9 2
335 159
1 8 2
439 540
1 3 2
443 517
1 10 2
659 254
1 7 2
369 386
1 13 2
293 627
1 13 2
651 269
1 12 2
287 435
1 4 2
18 498
1 12 2
445 250
1 6 2
427 449
1 13 2
357 191
1 4 2
370 340
1 11 2
473 235
1 2 2
674 410
1 3 2
198 100
1 15 2
568 579
1 15 2
161 654
1 13 2
299 687
1 3 2
517 207
1 8 2
506 32
1 15 2
128 465
1 9 2
104 61
1 7 2
10 388
1 15 2
582 593
1 2 2
491 110
1 5 2
86 602
1 10 2
405 480
1 3 2
351 327
1 13 2
288 184
1 11 2
398 678
1 12 2
621 376
1 8 2
293 435
1 6 2
340 126
1 10 2
92 49
1 14 2
578 336
1 7 2
206 417
1 2 2
385 336
1 14 2
274 104
1 5 2
292 381
1 7 2
325 540
1 12 2
264 637
1 5 2
573 642
1 6 2
26 557
1 9 2
263 273
1 6 2
214 373
1 13 2
625 607
1 5 2
70 15
1 12 2
643 502
1 8 2
495 426
1 12 2
181 582
1 13 2
472 201
1 9 2
686 91
1 13 2
174 90
1 7 2
419 181
1 11 2
334 117
1 11 2
533 343
1 8 2
428 652
1 8 2
678 8
1 4 2
340 180
1 3 2
272 123
1 5 2
95 354
1 14 2
669 424
1 12 2
5 26
1 6 2
228 310
1 4 2
571 146
1 6 2
130 349
1 15 2
518 39
1 5 2
204 139
1 10 2
184 287
1 15 2
122 113
1 10 2
450 37
1 12 2
650 164
1 11 2
38 138
1 4 2
300 173
1 11 2
140 153
1 9 2
362 556
1 6 2
233 240
1 12 2
320 374
1 4 2
287 67
1 10 2
532 668
1 9 2
12 334
1 2 2
39 115
1 8 2
412 434
1 9 2
21 384
1 3 2
207 247
1 13 2
179 207
1 10 2
439 639
1 11 2
55 200
1 5 2
376 126
1 3 2
384 186
1 12 2
75 695
1 11 2
555 151
1 15 2
536 689
1 10 2
120 454
1 11 2
60 305
1 4 2
107 137
1 6 2
28 67
1 2 2
53 330
1 10 2
431 138
1 5 2
685 475
1 6 2
122 349
1 12 2
457 681
1 10 2
457 591
1 8 2
533 191
1 12 2
439 662
1 9 2
600 104
1 11 2
183 633
1 4 2
204 519
1 14 2
161 694
1 8 2
656 22
1 10 2
533 132
1 5 2
652 416
1 10 2
162 209
1 8 2
590 621
1 11 2
578 560
1 8 2
110 192
1 13 2
443 268
1 13 2
273 226
1 7 2
303 328
1 14 2
390 511
1 7 2
372 165
1 15 2
80 574
1 14 2
7 257
1 7 2
97 307
1 12 2
61 131
1 14 2
49 567
1 3 2
384 22
1 7 2
664 589
1 10 2
302 128
1 4 2
339 377
1 13 2
451 569
1 13 2
460 504
1 6 2
343 285
1 14 2
503 574
1 13 2
358 548
1 4 2
421 183
1 2 2
160 396
1 10 2
169 89
1 10 2
52 524
1 14 2
415 181
1 4 2
160 207
1 7 2
698 554
1 15 2
60 587
1 14 2
647 71
1 9 2
308 209
1 11 2
494 110
1 6 2
520 131
1 10 2
66 558
1 5 2
324 68
1 9 2
119 458
1 10 2
269 148
1 12 2
425 656
1 12 2
101 367
1 12 2
169 455
1 9 2
260 558
1 6 2
653 644
1 14 2
681 506
1 15 2
196 512
1 4 2
250 217
1 9 2
628 167
1 3 2
533 118
1 15 2
183 413
1 9 2
189 435
1 13 2
258 663
1 8 2
544 578
1 15 2
358 633
1 13 2
535 115
1 4 2
4 580
1 15 2
512 597
1 2 2
329 438
1 6 2
254 443
1 9 2
627 387
1 6 2
438 531
1 7 2
457 160
1 2 2
327 466
1 7 2
223 624
1 8 2
679 225
1 9 2
408 7
1 6 2
336 30
1 12 2
697 394
1 4 2
165 610
1 15 2
23 637
1 10 2
140 95
1 11 2
581 238
1 9 2
282 265
1 14 2
317 144
1 13 2
378 629
1 7 2
591 539
1 6 2
32 569
1 11 2
202 346
1 3 2
618 657
1 11 2
440 525
1 11 2
591 435
1 5 2
441 407
1 9 2
669 563
1 13 2
328 261
1 3 2
656 227
1 4 2
242 408
1 14 2
404 590
1 2 2
672 112
1 5 2
627 560
1 14 2
643 439
1 15 2
252 137
1 9 2
616 506
1 10 2
454 238
1 9 2
562 690
1 5 2
639 305
1 12 2
633 552
1 12 2
507 269
1 10 2
415 695
1 13 2
655 547
1 14 2
327 687
1 2 2
343 186
1 11 2
295 441
1 9 2
155 308
1 7 2
500 373
1 15 2
204 557
1 11 2
430 612
1 11 2
385 313
1 15 2
331 71
1 13 2
213 678
1 8 2
485 676
1 11 2
629 54
1 9 2
255 224
1 6 2
458 54
1 4 2
268 555
1 6 2
121 359
1 14 2
147 506
1 9 2
556 215
1 14 2
171 649
1 2 2
196 461
1 6 2
688 326
1 14 2
625 568
1 8 2
65 37
1 11 2
306 257
1 3 2
244 487
1 10 2
392 235
1 9 2
394 50
1 11 2
299 568
1 13 2
462 143
1 11 2
506 668
1 10 2
473 233
1 11 2
225 86
1 12 2
600 262
1 6 2
539 507
1 6 2
287 9
1 11 2
136 70
1 12 2
522 652
1 10 2
622 292
1 12 2
157 438
1 11 2
452 350
1 8 2
100 451
1 3 2
285 664
1 6 2
699 114
1 14 2
542 171
1 11 2
223 323
1 4 2
404 116
1 12 2
535 429
1 11 2
53 298
1 12 2
49 624
1 5 2
75 468
1 6 2
406 158
1 6 2
155 608
1 8 2
699 242
1 11 2
344 215
1 15 2
366 16
1 7 2
369 673
1 10 2
595 65
1 10 2
316 554
1 9 2
209 659
1 13 2
215 398
1 10 2
204 4
1 8 2
653 680
1 12 2
580 432
1 8 2
419 348
1 2 2
215 49
1 11 2
308 268
1 13 2
367 495
1 5 2
27 682
1 15 2
256 109
1 5 2
579 434
1 10 2
344 537
1 15 2
164 185
1 14 2
624 470
1 9 2
638 102
1 7 2
604 343
1 2 2
338 352
1 8 2
9 250
1 5 2
30 615
1 7 2
55 132
1 5 2
365 166
1 6 2
659 650
1 12 2
610 508
1 10 2
166 644
1 11 2
327 349
1 8 2
302 51
1 15 2
247 568
1 15 2
621 518
1 9 2
58 157
1 15 2
37 256
1 14 2
582 650
1 13 2
13 316
1 8 2
348 50
1 4 2
586 361
1 9 2
120 306
1 6 2
565 501
1 4 2
16 230
1 5 2
422 592
1 15 2
421 521
1 8 2
102 354
1 8 2
146 203
1 11 2
480 39
1 8 2
155 287
1 7 2
444 511
1 13 2
693 1
1 11 2
139 452
1 15 2
284 158
1 12 2
479 401
1 2 2
674 548
1 13 2
631 192
1 15 2
107 32
1 15 2
260 322
1 9 2
68 579
1 15 2
663 29
1 9 2
233 601
1 7 2
177 134
1 11 2
492 104
1 9 2
307 185
1 3 2
598 3
1 12 2
129 472
1 10 2
335 368
1 10 2
667 232
1 5 2
356 514
1 2 2
394 220
1 3 2
28 352
1 14 2
675 419
1 13 2
402 443
1 12 2
178 155
1 4 2
699 604
1 9 2
307 646
1 5 2
255 696
1 6 2
9 699
1 11 2
30 198
1 2 2
452 656
1 3 2
348 39
1 7 2
407 501
1 15 2
566 69
1 2 2
476 670
1 4 2
560 685
1 5 2
380 591
1 15 2
243 12
1 4 2
449 560
1 14 2
90 363
1 15 2
483 681
1 6 2
27 611
1 9 2
239 417
1 5 2
365 30
1 6 2
67 687
1 6 2
464 305
1 8 2
336 505
1 9 2
398 402
1 10 2
622 470
1 5 2
37 428
1 13 2
538 122
1 14 2
300 504
1 8 2
271 101
1 3 2
380 379
1 12 2
98 30
1 5 2
413 85
1 14 2
457 626
1 11 2
64 449
1 9 2
540 226
1 12 2
617 300
1 3 2
373 104
1 13 2
68 388
1 9 2
405 185
1 12 2
96 509
1 4 2
302 599
1 11 2
477 582
1 13 2
342 605
1 2 2
149 227
1 7 2
211 47
1 6 2
612 393
1 11 2
157 123
1 10 2
328 604
1 13 2
215 568
1 13 2
687 557
1 10 2
583 19
1 10 2
318 103
1 10 2
367 79
1 13 2
553 161
1 4 2
513 141
1 13 2
44 537
1 9 2
349 309
1 8 2
154 22
1 3 2
181 154
1 2 2
87 557
1 3 2
645 573
1 2 2
158 568
1 14 2
374 420
1 2 2
245 241
1 6 2
96 424
1 5 2
8 125
1 12 2
62 314
1 10 2
570 145
1 15 2
488 51
1 14 2
199 268
1 15 2
181 473
1 3 2
110 4
1 2 2
129 474
1 12 2
328 193
1 11 2
492 225
1 4 2
657 249
1 3 2
301 57
1 2 2
588 197
1 11 2
593 450
1 7 2
412 544
1 7 2
375 536
1 6 2
491 651
1 9 2
339 500
1 12 2
295 172
1 13 2
46 469
1 9 2
31 531
1 14 2
376 381
1 8 2
323 130
1 8 2
336 13
1 6 2
216 48
1 6 2
574 185
1 7 2
431 391
1 12 2
393 23
1 10 2
210 129
1 8 2
29 233
1 4 2
683 551
1 9 2
4 467
1 8 2
397 88
1 4 2
475 649
1 4 2
282 515
1 4 2
281 419
1 2 2
308 425
1 7 2
686 365
1 5 2
216 178
1 2 2
671 417
1 7 2
321 87
1 9 2
336 393
1 2 2
46 615
1 6 2
451 561
1 11 2
330 400
1 12 2
393 342
1 3 2
258 417
1 8 2
581 22
1 6 2
98 450
1 13 2
372 398
1 6 2
19 475
1 13 2
169 63
1 12 2
314 167
1 11 2
645 293
1 9 2
168 466
1 15 2
360 382
1 14 2
49 395
1 12 2
227 410
1 12 2
641 120
1 11 2
461 645
1 13 2
121 166
1 14 2
453 624
1 8 2
279 42
1 13 2
546 194
1 6 2
679 575
1 7 2
497 529
1 5 2
570 648
1 9 2
137 15
1 9 2
511 297
1 15 2
519 93
1 8 2
628 50
1 13 2
166 348
1 5 2
310 373
1 5 2
467 264
1 12 2
541 397
1 11 2
257 452
1 7 2
132 15
1 15 2
634 529
1 5 2
487 550
1 4 2
16 278
1 15 2
11 76
1 6 2
541 161
1 4 2
45 347
1 3 2
53 55
1 3 2
294 293
1 12 2
322 216
1 9 2
85 112
1 14 2
677 689
1 2 2
574 292
1 3 2
318 178
1 14 2
140 474
1 9 2
317 445
1 10 2
204 638
1 9 2
16 367
1 2 2
689 327
1 3 2
462 35
1 7 2
292 643
1 9 2
546 40
1 12 2
574 672
1 4 2
330 583
1 10 2
239 612
1 12 2
639 249
1 14 2
296 113
1 11 2
511 618
1 10 2
615 699
1 2 2
664 359
1 4 2
358 507
1 14 2
436 54
1 10 2
383 510
1 9 2
77 598
1 10 2
84 64
1 10 2
288 464
1 2 2
644 668
1 7 2
149 203
1 8 2
488 563
1 13 2
568 364
1 9 2
123 150
1 4 2
330 621
1 3 2
294 6
1 9 2
261 556
1 10 2
443 540
1 6 2
88 145
1 2 2
528 287
1 10 2
362 16
1 13 2
545 515
1 6 2
101 673
1 15 2
652 614
1 15 2
458 528
1 7 2
113 231
1 10 2
499 596
1 15 2
327 59
1 14 2
583 341
1 13 2
658 204
1 15 2
4 286
1 3 2
668 34
1 4 2
378 391
1 9 2
485 354
1 4 2
480 393
1 3 2
347 176
1 14 2
391 536
1 13 2
212 446
1 4 2
360 57
1 2 2
527 64
1 11 2
357 654
1 10 2
553 615
1 8 2
207 94
1 6 2
480 283
1 2 2
161 1
1 9 2
171 82
1 13 2
324 584
1 8 2
277 44
1 8 2
81 327
1 14 2
456 178
1 10 2
655 526
1 5 2
224 403
1 12 2
444 654
1 12 2
544 261
1 12 2
283 154
1 8 2
579 373
1 9 2
526 552
1 13 2
367 263
1 15 2
334 641
1 11 2
236 470
1 6 2
636 0
1 12 2
268 490
1 5 2
270 616
1 12 2
672 571
1 9 2
144 430
1 8 2
278 484
1 15 2
216 344
1 4 2
102 557
1 10 2
548 351
1 7 2
39 487
1 14 2
105 571
1 4 2
356 94
1 3 2
289 402
1 9 2
303 649
1 6 2
254 641
1 7 2
641 368
1 3 2
233 463
1 10 2
229 73
1 2 2
354 546
1 15 2
173 473
1 6 2
258 137
1 3 2
531 436
1 2 2
65 17
1 10 2
173 110
1 6 2
10 3
1 5 2
136 401
1 11 2
488 510
1 8 2
658 191
1 2 2
121 512
1 4 2
525 375
1 9 2
517 484
1 15 2
78 71
1 2 2
381 263
1 10 2
555 129
1 3 2
169 478
1 12 2
644 659
1 2 2
461 502
1 3 2
276 318
1 9 2
570 657
1 6 2
429 577
1 6 2
667 183
1 6 2
132 35
1 15 2
362 384
1 15 2
111 374
1 9 2
522 81
1 9 2
64 549
1 14 2
571 12
1 9 2
190 145
1 12 2
643 660
1 8 2
282 217
1 15 2
103 421
1 13 2
406 34
1 12 2
168 512
1 15 2
177 211
1 9 2
692 688
1 2 2
94 564
1 11 2
564 477
1 2 2
579 122
1 12 2
553 142
1 6 2
407 200
1 4 2
444 400
1 13 2
126 66
1 8 2
604 405
1 7 2
119 596
1 10 2
459 120
1 8 2
676 549
1 2 2
68 379
1 14 2
493 402
1 7 2
341 434
1 2 2
629 489
1 12 2
287 495
1 8 2
87 251
1 8 2
402 18
1 8 2
177 668
1 4 2
312 611
1 14 2
648 607
1 3 2
192 241
1 12 2
255 631
1 7 2
493 3
1 2 2
445 571
1 15 2
257 59
1 3 2
609 152
1 2 2
350 476
1 2 2
646 654
1 10 2
229 164
1 14 2
615 296
1 2 2
547 679
1 14 2
88 3
1 6 2
592 294
1 7 2
194 362
1 14 2
279 511
1 12 2
473 313
1 4 2
403 271
1 9 2
6 197
1 5 2
484 105
1 13 2
545 176
1 11 2
370 227
1 10 2
619 112
1 12 2
164 141
1 13 2
177 581
1 11 2
102 317
1 15 2
339 677
1 3 2
343 62
1 9 2
564 230
1 6 2
242 562
1 2 2
167 63
1 7 2
151 536
1 8 2
12 547
1 11 2
416 596
1 2 2
278 447
1 5 2
134 437
1 5 2
467 681
1 13 2
536 248
1 10 2
664 582
1 7 2
312 599
1 12 2
642 607
1 11 2
406 118
1 2 2
188 240
1 14 2
40 497
1 10 2
22 184
1 13 2
634 368
1 9 2
311 371
1 11 2
5 176
1 14 2
508 283
1 3 2
163 469
1 2 2
316 181
1 15 2
234 0
1 14 2
187 364
1 5 2
659 368
1 2 2
192 431
1 9 2
108 288
1 11 2
190 171
1 13 2
193 62
1 12 2
516 11
1 4 2
681 484
1 5 2
475 181
1 8 2
252 468
1 8 2
417 191
1 5 2
370 504
1 15 2
328 505
1 14 2
614 332
1 2 2
675 687
1 11 2
451 394
1 6 2
242 444
1 3 2
498 144
1 3 2
599 378
1 10 2
204 661
1 12 2
594 336
1 12 2
628 174
1 14 2
266 194
1 9 2
403 260
1 6 2
397 446
1 2 2
402 62
1 12 2
681 56
1 9 2
199 527
1 2 2
567 242
1 8 2
647 341
1 5 2
585 546
1 7 2
176 66
1 12 2
412 295
1 10 2
13 230
1 4 2
278 212
1 8 2
511 78
1 3 2
651 517
1 4 2
31 479
1 13 2
318 169
1 8 2
652 199
1 12 2
338 466
1 4 2
458 395
1 5 2
553 45
1 2 2
144 421
1 11 2
166 95
1 5 2
363 403
1 6 2
51 278
1 15 2
88 440
1 15 2
684 91
1 6 2
162 242
1 4 2
530 152
1 4 2
124 543
1 9 2
130 584
1 5 2
396 475
1 13 2
95 447
1 2 2
167 64
1 10 2
317 572
1 5 2
231 4
1 15 2
628 450
1 15 2
597 557
1 10 2
367 154
1 14 2
180 194
1 8 2
146 630
1 12 2
681 644
1 5 2
172 358
1 11 2
292 147
1 3 2
235 501
1 7 2
96 277
1 11 2
88 214
1 12 2
377 137
1 15 2
483 303
1 15 2
345 490
1 10 2
258 221
1 8 2
17 355
1 10 2
678 31
1 9 2
387 20
1 3 2
63 184
1 10 2
691 676
1 2 2
108 621
1 15 2
348 666
1 11 2
101 590
1 10 2
629 250
1 10 2
168 584
1 3 2
567 445
1 6 2
360 378
1 6 2
506 160
1 4 2
472 597
1 12 2
571 47
1 8 2
200 359
1 9 2
248 612
1 7 2
133 272
1 14 2
447 469
1 8 2
182 695
1 11 2
248 499
1 14 2
364 7
1 10 2
660 617
1 11 2
151 159
1 7 2
428 124
1 7 2
262 11
1 6 2
213 641
1 8 2
34 297
1 8 2
633 656
1 5 2
228 505
1 7 2
506 57
1 8 2
636 397
1 2 2
548 159
1 11 2
26 102
1 7 2
112 340
1 4 2
628 106
1 9 2
591 340
1 2 2
582 258
1 13 2
555 699
1 10 2
4 645
1 13 2
480 691
1 13 2
242 260
1 9 2
73 340
1 6 2
189 697
1 7 2
682 386
1 3 2
56 112
1 4 2
593 329
1 5 2
69 202
1 9 2
423 696
1 13 2
119 58
1 6 2
565 86
1 8 2
229 519
1 3 2
297 665
1 7 2
490 153
1 7 2
184 163
1 11 2
198 377
1 10 2
191 345
1 10 2
526 453
1 14 2
215 629
1 13 2
365 300
1 14 2
330 578
1 14 2
461 484
1 5 2
551 399
1 13 2
105 455
1 5 2
597 116
1 5 2
52 590
1 14 2
694 73
1 4 2
81 438
1 3 2
109 520
1 5 2
75 566
1 14 2
147 661
1 4 2
380 330
1 12 2
355 45
1 14 2
512 525
1 10 2
547 296
1 4 2
379 660
1 6 2
509 353
1 10 2
559 351
1 14 2
261 447
1 13 2
528 135
1 4 2
264 691
1 9 2
228 567
1 12 2
61 549
1 14 2
173 445
1 10 2
453 408
1 10 2
176 605
1 6 2
640 647
1 14 2
529 86
1 15 2
343 665
1 7 2
516 413
1 6 2
584 108
1 10 2
110 35
1 5 2
569 465
1 6 2
375 600
1 4 2
256 262
1 4 2
667 315
1 10 2
206 130
1 11 2
395 177
1 4 2
385 94
1 14 2
603 579
1 5 2
293 225
1 2 2
93 601
1 2 2
182 424
1 12 2
221 407
1 4 2
561 352
1 9 2
70 297
1 13 2
511 386
1 13 2
401 370
1 3 2
556 106
1 14 2
82 375
1 12 2
379 639
1 6 2
374 560
1 12 2
95 73
1 4 2
77 141
1 14 2
165 110
1 10 2
260 620
1 9 2
285 163
1 12 2
244 275
1 15 2
154 507
1 12 2
641 63
1 2 2
616 273
1 5 2
124 93
1 12 2
522 123
1 9 2
65 131
1 4 2
673 644
1 9 2
412 6
1 12 2
86 524
1 15 2
517 551
1 11 2
691 163
1 9 2
499 226
1 3 2
233 499
1 8 2
205 568
1 6 2
590 510
1 12 2
551 71
1 5 2
353 44
1 15 2
381 37
1 10 2
128 448
1 2 2
446 532
1 11 2
185 347
1 4 2
670 459
1 7 2
387 441
1 11 2
699 136
1 11 2
327 101
1 10 2
420 229
1 4 2
390 440
1 7 2
159 591
1 9 2
32 333
1 7 2
386 666
1 3 2
102 454
1 3 2
7 633
1 5 2
173 344
1 4 2
325 102
1 11 2
288 58
1 5 2
661 677
1 6 2
416 449
1 6 2
637 318
1 3 2
605 329
1 10 2
117 11
1 15 2
126 90
1 15 2
368 694
1 5 2
218 26
1 10 2
211 147
1 15 2
86 528
1 4 2
197 123
1 5 2
464 260
1 8 2
152 478
1 10 2
567 471
1 10 2
134 353
1 6 2
472 175
1 15 2
249 563
1 8 2
432 230
1 7 2
254 504
1 2 2
390 223
1 12 2
265 296
1 15 2
641 621
1 11 2
511 576
1 3 2
623 484
1 11 2
511 506
1 8 2
650 347
1 15 2
255 537
1 5 2
683 397
1 4 2
158 284
1 7 2
73 42
1 10 2
368 471
1 9 2
82 192
1 5 2
439 293
1 3 2
547 158
1 2 2
262 625
1 8 2
119 29
1 3 2
177 135
1 4 2
285 226
1 7 2
561 221
1 13 2
70 219
1 3 2
450 173
1 12 2
137 509
1 14 2
289 209
1 10 2
606 581
1 10 2
120 150
1 5 2
370 242
1 11 2
581 678
1 3 2
32 555
1 12 2
615 334
1 6 2
50 631
1 9 2
130 58
1 2 2
556 166
1 3 2
99 196
1 10 2
155 316
1 5 2
116 447
1 10 2
175 451
1 4 2
7 301
1 8 2
505 670
1 9 2
382 17
1 11 2
340 517
1 12 2
647 290
1 12 2
365 412
1 14 2
202 656
1 5 2
554 608
1 4 2
500 169
1 3 2
423 187
1 6 2
417 164
1 2 2
607 546
1 10 2
499 627
1 12 2
527 337
1 2 2
585 122
1 4 2
637 319
1 8 2
150 207
1 13 2
426 313
1 4 2
143 134
1 13 2
526 536
1 9 2
251 40
1 12 2
566 246
1 10 2
445 297
1 15 2
287 27
1 13 2
380 65
1 10 2
499 582
1 14 2
508 277
1 3 2
445 330
1 12 2
607 467
1 3 2
615 632
1 2 2
473 508
1 15 2
401 550
1 5 2
2 698
1 10 2
471 413
1 12 2
271 170
1 3 2
280 579
1 12 2
491 414
1 8 2
448 604
1 4 2
563 41
1 14 2
379 197
1 3 2
131 357
1 14 2
7 24
1 7 2
93 550
1 2 2
35 626
1 7 2
224 276
1 6 2
49 560
1 6 2
527 41
1 11 2
475 579
1 9 2
436 670
1 10 2
88 559
1 9 2
104 69
1 13 2
693 663
1 13 2
633 573
1 10 2
335 247
1 13 2
156 686
1 5 2
639 346
1 15 2
566 405
1 14 2
42 227
1 3 2
272 659
1 11 2
474 106
1 5 2
278 672
1 9 2
549 393
1 12 2
555 69
1 14 2
482 174
1 15 2
649 24
1 4 2
147 278
1 7 2
651 401
1 14 2
429 417
1 13 2
138 192
1 10 2
514 638
1 3 2
312 74
1 13 2
377 193
1 4 2
465 358
1 15 2
588 528
1 13 2
144 337
1 4 2
437 41
1 14 2
695 112
1 6 2
539 135
1 10 2
560 474
1 2 2
2 14
1 14 2
29 557
1 2 2
385 689
1 6 2
301 114
1 8 2
522 211
1 4 2
166 610
1 4 2
543 22
1 7 2
528 312
1 2 2
78 440
1 14 2
73 389
1 4 2
159 116
1 10 2
242 274
1 11 2
20 301
1 8 2
238 689
1 15 2
195 165
1 4 2
375 419
1 13 2
274 3
1 6 2
367 437
1 12 2
671 577
1 11 2
16 388
1 12 2
670 432
1 9 2
320 575
1 13 2
373 144
1 9 2
10 279
1 11 2
530 141
1 5 2
544 342
1 11 2
117 415
1 8 2
332 53
1 7 2
608 467
1 15 2
398 399
1 4 2
487 674
1 14 2
634 485
1 12 2
647 173
1 10 2
693 160
1 2 2
696 468
1 6 2
167 588
1 11 2
52 478
1 12 2
128 318
1 12 2
427 33
1 5 2
657 209
1 15 2
544 16
1 12 2
687 113
1 15 2
432 307
1 5 2
91 3
1 15 2
333 482
1 8 2
107 424
1 9 2
47 19
1 5 2
394 21
1 11 2
402 293
1 11 2
296 61
1 11 2
617 446
1 11 2
70 331
1 15 2
75 465
1 3 2
146 63
1 10 2
48 178
1 7 2
106 623
1 15 2
585 306
1 8 2
199 117
1 7 2
164 399
1 7 2
384 350
1 6 2
414 319
1 2 2
8 455
1 15 2
446 84
1 12 2
166 425
1 7 2
565 396
1 13 2
272 608
1 15 2
399 175
1 9 2
306 505
1 4 2
77 304
1 10 2
244 382
1 8 2
6 458
1 6 2
47 533
1 5 2
279 626
1 4 2
243 384
1 11 2
188 417
1 4 2
332 49
1 8 2
381 139
1 15 2
599 407
1 9 2
248 7
1 5 2
399 469
1 6 2
667 27
1 3 2
327 250
1 6 2
311 235
1 7 2
285 375
1 7 2
651 74
1 7 2
432 99
1 10 2
130 229
1 5 2
136 150
1 9 2
43 76
1 11 2
230 560
1 7 2
9 245
1 8 2
169 274
1 6 2
462 162
1 10 2
482 43
1 8 2
379 226
1 8 2
576 213
1 11 2
473 109
1 7 2
391 97
1 15 2
698 563
1 3 2
478 70
1 10 2
646 10
1 10 2
191 369
1 6 2
424 67
1 9 2
54 436
1 5 2
99 453
1 5 2
84 306
1 6 2
561 41
1 12 2
156 121
1 11 2
613 315
1 14 2
543 226
1 7 2
554 314
1 6 2
553 535
1 12 2
666 152
1 13 2
566 22
1 9 2
223 586
1 6 2
612 506
1 2 2
398 463
1 7 2
370 529
1 6 2
545 399
1 4 2
49 373
1 14 2
205 485
1 8 2
93 407
1 5 2
572 182
1 13 2
201 553
1 11 2
512 311
1 10 2
56 697
1 8 2
415 174
1 15 2
191 340
1 4 2
126 166
1 13 2
575 248
1 8 2
48 23
1 12 2
655 231
1 10 2
220 639
1 14 2
192 265
1 14 2
381 444
1 5 2
259 235
1 3 2
630 386
1 5 2
568 234
1 3 2
113 611
1 12 2
40 559
1 13 2
115 343
1 5 2
654 212
1 9 2
310 636
1 11 2
546 376
1 15 2
401 222
1 11 2
523 515
1 3 2
402 115
1 12 2
207 110
1 15 2
301 171
1 15 2
551 358
1 2 2
124 302
1 15 2
536 699
1 11 2
278 446
1 6 2
698 650
1 13 2
541 398
1 13 2
289 252
1 8 2
410 659
1 3 2
587 112
1 6 2
587 624
1 14 2
32 73
1 5 2
419 31
1 6 2
214 245
1 10 2
47 627
1 8 2
165 600
1 7 2
417 542
1 15 2
16 24
1 3 2
668 500
1 6 2
492 185
1 10 2
140 339
1 15 2
195 308
1 5 2
334 304
1 11 2
362 173
1 3 2
140 326
1 10 2
288 509
1 3 2
108 530
1 13 2
128 379
1 6 2
120 463
1 5 2
561 94
1 4 2
555 698
1 9 2
260 225
1 6 2
258 187
1 6 2
521 446
1 11 2
204 613
1 10 2
412 254
1 10 2
679 296
1 7 2
72 183
1 10 2
431 197
1 15 2
130 341
1 10 2
293 290
1 13 2
647 285
1 4 2
600 649
1 12 2
81 357
1 12 2
257 348
1 5 2
242 636
1 14 2
113 510
1 11 2
189 3
1 9 2
43 668
1 15 2
490 537
1 12 2
570 637
1 9 2
234 225
1 12 2
525 471
1 6 2
140 665
1 15 2
467 659
1 11 2
419 233
1 4 2
617 230
1 15 2
163 491
1 9 2
383 494
1 10 2
364 216
1 8 2
36 178
1 9 2
406 119
1 11 2
595 155
1 13 2
557 336
1 12 2
176 576
1 4 2
380 71
1 4 2
625 357
1 6 2
64 146
1 14 2
71 92
1 9 2
210 316
1 3 2
460 260
1 8 2
383 176
1 3 2
677 98
1 15 2
186 697
1 3 2
66 432
1 2 2
401 696
1 10 2
121 690
1 15 2
108 3
1 11 2
642 228
1 8 2
596 302
1 3 2
296 318
1 13 2
454 323
1 10 2
245 284
1 5 2
548 231
1 12 2
108 222
1 6 2
578 577
1 8 2
80 518
1 8 2
232 72
1 12 2
574 124
1 5 2
616 697
1 13 2
585 443
1 2 2
169 508
1 10 2
362 80
1 14 2
324 612
1 14 2
447 555
1 3 2
546 416
1 5 2
387 679
1 11 2
661 84
1 7 2
147 402
1 6 2
11 73
1 3 2
552 211
1 5 2
618 375
1 7 2
77 206
1 5 2
104 263
1 4 2
643 270
1 6 2
193 468
1 2 2
552 297
1 10 2
498 284
1 13 2
574 549
1 10 2
236 397
1 14 2
301 290
1 15 2
339 432
1 5 2
524 610
1 5 2
201 600
1 14 2
370 371
1 4 2
390 623
1 9 2
4 625
1 8 2
453 13
1 7 2
179 320
1 9 2
403 465
1 3 2
108 10
1 9 2
49 20
1 11 2
433 345
1 4 2
442 680
1 7 2
688 249
1 3 2
430 645
1 4 2
399 232
1 4 2
657 306
1 7 2
642 661
1 14 2
648 301
1 3 2
587 6
1 2 2
603 459
1 11 2
339 284
1 11 2
239 658
1 4 2
69 484
1 6 2
430 9
1 14 2
468 454
1 15 2
543 218
1 8 2
402 182
1 5 2
634 596
1 5 2
217 608
1 6 2
400 463
1 10 2
316 215
1 15 2
246 571
1 4 2
394 4
1 2 2
225 346
1 7 2
90 351
1 5 2
663 475
1 7 2
462 79
1 5 2
290 558
1 6 2
71 158
1 6 2
244 502
1 11 2
621 668
1 5 2
653 283
1 2 2
422 46
1 3 2
349 424
1 8 2
343 425
1 5 2
107 98
1 13 2
683 322
1 11 2
166 393
1 10 2
93 505
1 8 2
340 396
1 14 2
23 592
1 7 2
230 14
1 9 2
523 199
1 6 2
350 41
1 3 2
381 513
1 9 2
19 116
1 6 2
111 602
1 8 2
105 603
1 5 2
420 503
1 6 2
216 379
1 11 2
545 355
1 10 2
646 67
1 8 2
437 518
1 14 2
489 414
1 5 2
657 303
1 15 2
372 527
1 13 2
352 577
1 10 2
445 189
1 13 2
444 137
1 7 2
605 366
1 2 2
698 602
1 8 2
51 198
1 3 2
372 288
1 3 2
58 243
1 9 2
678 591
1 3 2
379 472
1 12 2
674 414
1 10 2
492 283
1 12 2
86 38
1 8 2
312 331
1 2 2
503 277
1 12 2
364 67
1 15 2
587 315
1 12 2
365 260
1 3 2
371 24
1 2 2
45 696
1 12 2
527 220
1 6 2
559 540
1 9 2
535 160
1 10 2
672 661
1 9 2
186 82
1 9 2
137 367
1 12 2
414 325
1 11 2
243 200
1 15 2
73 259
1 9 2
606 639
1 6 2
71 262
1 14 2
691 397
1 2 2
566 326
1 9 2
215 377
1 12 2
649 232
1 4 2
483 414
1 9 2
246 330
1 9 2
362 358
1 5 2
158 318
1 8 2
0 211
1 2 2
510 214
1 4 2
667 680
1 4 2
589 682
1 13 2
608 580
1 14 2
435 561
1 13 2
287 657
1 6 2
300 158
1 3 2
141 536
1 5 2
405 204
1 8 2
284 184
1 4 2
158 430
1 11 2
356 118
1 9 2
665 61
1 12 2
497 578
1 11 2
694 549
1 12 2
375 86
1 13 2
594 331
1 4 2
131 631
1 13 2
653 691
1 13 2
192 492
1 14 2
693 550
1 10 2
161 477
1 8 2
118 101
1 10 2
569 445
1 11 2
51 411
1 10 2
501 639
1 2 2
468 307
1 15 2
457 687
1 2 2
381 238
1 12 2
298 680
1 9 2
431 492
1 6 2
579 469
1 5 2
161 187
1 4 2
419 396
1 4 2
189 542
1 14 2
496 511
1 13 2
242 93
1 11 2
4 52
1 7 2
483 516
1 9 2
557 673
1 10 2
608 269
1 8 2
304 80
1 13 2
478 483
1 3 2
292 303
1 5 2
503 281
1 14 2
242 186
1 2 2
217 183
1 15 2
86 407
1 6 2
536 237
1 11 2
167 373
1 6 2
173 189
1 14 2
322 39
1 13 2
563 658
1 13 2
577 217
1 4 2
363 189
1 15 2
332 333
1 7 2
341 648
1 11 2
275 400
1 14 2
88 554
1 13 2
100 459
1 14 2
547 65
1 13 2
182 215
1 7 2
174 197
1 12 2
204 580
1 6 2
580 372
1 2 2
678 57
1 11 2
15 386
1 15 2
585 314
1 4 2
490 661
1 7 2
622 560
1 11 2
141 632
1 2 2
451 190
1 10 2
525 432
1 2 2
0 321
1 6 2
338 298
1 5 2
584 109
1 15 2
310 28
1 2 2
261 107
1 5 2
472 646
1 6 2
74 86
1 12 2
358 386
1 11 2
52 278
1 3 2
89 103
1 12 2
135 679
1 12 2
578 269
1 13 2
387 388
1 7 2
149 577
1 13 2
397 668
1 5 2
582 52
1 15 2
194 324
1 3 2
353 379
1 13 2
361 321
1 4 2
330 101
1 5 2
532 420
1 8 2
176 250
1 4 2
455 470
1 5 2
502 691
1 8 2
435 647
1 4 2
497 113
1 10 2
302 601
1 10 2
0 226
1 12 2
610 182
1 10 2
110 682
1 4 2
191 216
1 10 2
500 177
1 2 2
550 6
1 4 2
426 5
1 10 2
614 436
1 4 2
476 554
1 7 2
157 149
1 2 2
207 137
1 4 2
474 464
1 8 2
392 397
1 11 2
465 476
1 2 2
295 125
1 4 2
635 153
1 12 2
546 135
1 13 2
273 506
1 6 2
83 13
1 3 2
228 431
1 3 2
676 665
1 5 2
433 650
1 9 2
593 231
1 12 2
97 694
1 11 2
391 620
1 6 2
353 657
1 7 2
313 79
1 4 2
495 5
1 6 2
573 240
1 6 2
16 245
1 5 2
599 421
1 11 2
155 278
1 11 2
467 84
1 6 2
452 437
1 10 2
293 125
1 5 2
173 394
1 4 2
19 486
1 5 2
538 305
1 5 2
305 553
1 14 2
87 195
1 10 2
213 204
1 2 2
336 539
1 11 2
111 417
1 2 2
622 452
1 15 2
606 315
1 12 2
148 595
1 9 2
590 687
1 6 2
150 410
1 10 2
15 375
1 3 2
594 179
1 12 2
75 118
1 14 2
144 513
1 2 2
217 80
1 13 2
246 348
1 14 2
686 90
1 13 2
552 289
1 2 2
692 92
1 2 2
120 537
1 3 2
238 140
1 9 2
131 455
1 13 2
58 346
1 15 2
304 233
1 5 2
141 522
1 9 2
146 380
1 3 2
641 14
1 5 2
450 165
1 11 2
628 168
1 4 2
509 344
1 7 2
576 552
1 14 2
417 699
1 12 2
250 304
1 12 2
330 454
1 7 2
393 74
1 4 2
60 134
1 3 2
470 539
1 11 2
498 325
1 6 2
531 51
1 12 2
94 216
1 3 2
28 545
1 2 2
569 234
1 15 2
336 170
1 12 2
509 459
1 15 2
588 464
1 4 2
423 164
1 14 2
481 441
1 15 2
247 196
1 4 2
126 625
1 10 2
129 555
1 6 2
332 468
1 3 2
129 94
1 12 2
217 375
1 5 2
525 263
1 3 2
61 391
1 3 2
148 277
1 13 2
366 34
1 8 2
537 205
1 8 2
176 697
1 7 2
19 559
1 7 2
512 495
1 5 2
628 13
1 13 2
159 628
1 12 2
602 229
1 15 2
30 222
1 9 2
632 73
1 5 2
17 13
1 6 2
35 355
1 5 2
405 26
1 10 2
414 350
1 4 2
669 519
1 13 2
528 305
1 12 2
489 419
1 15 2
606 282
1 7 2
499 660
1 14 2
139 233
1 6 2
331 246
1 15 2
524 429
1 11 2
314 641
1 3 2
59 15
1 3 2
5 171
1 8 2
157 218
1 8 2
224 340
1 3 2
340 372
1 14 2
154 489
1 12 2
228 495
1 11 2
350 549
1 4 2
532 380
1 7 2
458 343
1 15 2
170 18
1 15 2
2 344
1 14 2
427 159
1 11 2
325 327
1 13 2
91 33
1 10 2
290 386
1 10 2
50 605
1 11 2
291 372
1 5 2
499 20
1 7 2
251 49
1 10 2
496 567
1 13 2
362 179
1 5 2
248 16
1 8 2
302 691
1 4 2
461 339
1 14 2
670 538
1 5 2
166 156
1 14 2
449 647
1 2 2
469 387
1 8 2
527 359
1 3 2
166 258
1 3 2
156 375
1 6 2
106 620
1 10 2
31 104
1 12 2
43 189
1 3 2
602 188
1 13 2
593 408
1 15 2
245 3
1 9 2
388 243
1 3 2
62 58
1 5 2
234 239
1 14 2
679 213
1 9 2
687 220
1 12 2
191 505
1 15 2
302 16
1 10 2
572 114
1 7 2
97 501
1 10 2
675 138
1 13 2
588 276
1 11 2
153 139
1 9 2
178 170
1 9 2
27 668
1 13 2
571 91
1 13 2
593 110
1 14 2
493 48
1 2 2
431 562
1 14 2
36 308
1 15 2
622 636
1 8 2
81 262
1 7 2
405 359
1 10 2
192 380
1 7 2
89 694
1 14 2
669 167
1 13 2
307 0
1 9 2
95 277
1 11 2
418 445
1 14 2
37 497
1 4 2
185 7
1 13 2
561 515
1 8 2
121 263
1 2 2
591 659
1 3 2
491 639
1 8 2
402 219
1 4 2
100 67
1 6 2
242 27
1 10 2
184 9
1 9 2
664 10
1 9 2
259 611
1 11 2
653 166
1 3 2
517 405
1 5 2
24 209
1 15 2
170 674
1 12 2
50 528
1 15 2
380 437
1 6 2
192 224
1 12 2
569 121
1 2 2
74 259
1 2 2
435 421
1 13 2
375 25
1 13 2
145 575
1 2 2
292 666
1 9 2
315 392
1 5 2
687 425
1 14 2
4 695
1 14 2
593 187
1 10 2
644 32
1 6 2
139 384
1 7 2
327 11
1 13 2
12 293
1 11 2
654 619
1 14 2
312 631
1 14 2
628 388
1 2 2
312 525
1 5 2
257 172
1 8 2
372 183
1 7 2
274 351
1 15 2
155 430
1 12 2
321 124
1 4 2
413 237
1 2 2
292 142
1 15 2
74 604
1 5 2
164 113
1 11 2
141 347
1 10 2
146 372
1 11 2
283 438
1 14 2
52 324
1 6 2
406 369
1 6 2
114 450
1 13 2
590 663
1 2 2
200 187
1 4 2
460 327
1 3 2
224 699
1 3 2
62 270
1 7 2
340 307
1 9 2
111 499
1 5 2
456 52
1 13 2
362 410
1 7 2
236 412
1 4 2
699 452
1 7 2
582 134
1 11 2
654 162
1 11 2
282 109
1 13 2
48 342
1 12 2
5 78
1 8 2
577 666
1 11 2
597 468
1 12 2
220 415
1 4 2
109 296
1 6 2
136 425
1 7 2
207 89
1 9 2
187 568
1 7 2
604 336
1 3 2
413 456
1 7 2
644 230
1 8 2
7 62
1 14 2
30 162
1 9 2
168 210
1 12 2
127 470
1 14 2
386 203
1 13 2
439 545
1 15 2
504 680
1 7 2
263 589
1 5 2
149 407
1 6 2
696 497
1 9 2
526 276
1 14 2
531 52
1 6 2
71 25
1 15 2
368 246
1 14 2
577 199
1 8 2
53 428
1 12 2
499 218
1 6 2
438 396
1 14 2
207 199
1 3 2
634 77
1 13 2
30 544
1 4 2
216 329
1 8 2
656 552
1 2 2
435 331
1 5 2
113 180
1 4 2
446 339
1 15 2
344 180
1 6 2
127 193
1 11 2
170 102
1 10 2
383 598
1 11 2
645 173
1 7 2
553 134
1 6 2
13 565
1 12 2
425 340
1 13 2
593 101
1 12 2
279 44
1 14 2
508 470
1 5 2
210 78
1 5 2
66 522
1 7 2
423 143
1 10 2
4 540
1 10 2
598 262
1 14 2
61 223
1 4 2
334 203
1 11 2
448 332
1 4 2
612 120
1 5 2
507 184
1 6 2
376 483
1 10 2
141 78
1 5 2
328 48
1 8 2
169 212
1 13 2
289 150
1 10 2
559 591
1 9 2
511 438
1 7 2
272 389
1 15 2
618 115
1 3 2
1 646
1 15 2
544 366
1 13 2
670 173
1 11 2
500 542
1 8 2
421 25
1 10 2
634 128
1 6 2
225 187
1 12 2
29 102
1 9 2
154 502
1 3 2
252 313
1 2 2
422 297
1 9 2
634 34
1 2 2
74 698
1 2 2
120 224
1 11 2
406 247
1 4 2
467 381
1 4 2
299 264
1 3 2
535 410
1 2 2
209 632
1 9 2
196 411
1 8 2
656 118
1 11 2
80 99
1 7 2
23 498
1 12 2
183 592
1 7 2
275 619
1 11 2
79 41
1 12 2
510 299
1 8 2
299 438
1 14 2
328 359
1 7 2
698 308
1 10 2
333 282
1 4 2
61 689
1 3 2
447 559
1 3 2
265 26
1 5 2
62 48
1 7 2
215 92
1 13 2
548 529
1 4 2
69 566
1 8 2
478 656
1 15 2
471 268
1 6 2
506 270
1 15 2
233 558
1 3 2
154 37
1 6 2
656 275
1 4 2
228 295
1 2 2
661 598
1 6 2
642 235
1 13 2
33 126
1 5 2
352 357
1 14 2
16 188
1 14 2
243 588
1 8 2
216 322
1 9 2
669 260
1 14 2
114 100
1 2 2
85 471
1 12 2
416 31
1 15 2
79 647
1 15 2
519 434
1 6 2
77 636
1 13 2
434 628
1 6 2
699 319
1 10 2
138 127
1 4 2
390 146
1 13 2
167 229
1 2 2
133 124
1 2 2
207 95
1 9 2
635 378
1 6 2
550 133
1 6 2
413 236
1 6 2
104 646
1 5 2
571 689
1 9 2
530 614
1 14 2
247 324
1 5 2
328 642
1 13 2
343 213
1 10 2
181 178
1 7 2
251 87
1 4 2
23 339
1 6 2
101 40
1 14 2
289 185
1 11 2
115 468
1 12 2
37 598
1 9 2
589 224
1 10 2
377 245
1 8 2
624 628
1 14 2
347 381
1 11 2
491 4
1 13 2
351 659
1 8 2
42 454
1 2 2
681 445
1 9 2
371 88
1 12 2
323 483
1 12 2
442 174
1 4 2
377 422
1 3 2
125 448
1 5 2
30 66
1 6 2
451 109
1 10 2
402 410
1 4 2
619 458
1 7 2
172 679
1 3 2
63 468
1 12 2
450 325
1 15 2
488 278
1 8 2
366 238
1 12 2
24 672
1 2 2
593 255
1 5 2
245 526
1 8 2
534 285
1 11 2
284 488
1 3 2
256 551
1 6 2
266 292
1 13 2
227 348
1 6 2
426 528
1 3 2
291 271
1 3 2
399 527
1 9 2
588 80
1 12 2
585 425
1 15 2
286 369
1 8 2
201 239
1 2 2
473 107
1 4 2
504 606
1 3 2
608 670
1 15 2
275 340
1 8 2
475 614
1 14 2
443 607
1 6 2
60 607
1 14 2
182 191
1 4 2
80 222
1 10 2
61 75
1 15 2
423 110
1 5 2
84 491
1 8 2
505 203
1 8 2
159 282
1 3 2
246 275
1 8 2
654 188
1 11 2
37 146
1 5 2
161 346
1 15 2
14 142
1 2 2
317 631
1 12 2
198 168
1 2 2
378 203
1 14 2
691 577
1 7 2
682 437
1 7 2
576 354
1 7 2
314 635
1 12 2
641 600
1 8 2
37 142
1 5 2
686 499
1 13 2
436 340
1 5 2
33 297
1 11 2
414 488
1 12 2
594 176
1 9 2
244 525
1 11 2
68 146
1 15 2
103 321
1 7 2
618 496
1 13 2
143 532
1 15 2
417 415
1 9 2
340 55
1 2 2
269 223
1 4 2
569 211
1 8 2
423 640
1 12 2
381 530
1 6 2
339 88
1 3 2
250 447
1 7 2
622 379
1 9 2
694 109
1 15 2
581 393
1 2 2
242 118
1 12 2
89 73
1 5 2
525 489
1 8 2
629 256
1 4 2
15 405
1 7 2
664 517
1 12 2
412 626
1 2 2
646 71
1 4 2
655 308
1 14 2
475 656
1 15 2
551 538
1 3 2
583 51
1 14 2
202 557
1 15 2
129 295
1 15 2
32 87
1 3 2
681 323
1 5 2
397 276
1 15 2
605 171
1 6 2
564 130
1 4 2
348 408
1 9 2
124 450
1 4 2
195 366
1 8 2
423 373
1 14 2
523 212
1 11 2
256 75
1 8 2
328 609
1 8 2
34 238
1 14 2
527 543
1 5 2
174 406
1 9 2
405 192
1 13 2
3 268
1 6 2
667 135
1 15 2
427 417
1 4 2
101 364
1 10 2
242 285
1 10 2
422 351
1 4 2
473 132
1 6 2
638 297
1 11 2
610 484
1 6 2
686 243
1 4 2
578 395
1 9 2
623 174
1 8 2
370 135
1 9 2
591 324
1 8 2
91 458
1 2 2
557 646
1 9 2
460 602
1 3 2
327 415
1 14 2
233 476
1 13 2
140 347
1 12 2
587 295
1 9 2
672 648
1 12 2
456 696
1 13 2
493 230
1 9 2
561 48
1 7 2
647 688
1 4 2
654 81
1 8 2
505 62
1 12 2
607 100
1 15 2
120 260
1 8 2
214 182
1 7 2
101 689
1 9 2
492 699
1 13 2
623 527
1 4 2
45 374
1 5 2
576 2
1 5 2
256 211
1 4 2
505 614
1 3 2
603 331
1 11 2
523 115
1 13 2
110 564
1 4 2
356 463
1 13 2
212 51
1 11 2
279 325
1 13 2
466 165
1 8 2
678 517
1 3 2
146 293
1 5 2
181 141
1 15 2
360 508
1 7 2
432 325
1 13 2
135 18
1 8 2
396 386
1 4 2
231 641
1 13 2
271 374
1 15 2
155 291
1 13 2
599 438
1 3 2
334 566
1 7 2
628 260
1 13 2
147 33
1 3 2
285 603
1 5 2
349 27
1 3 2
464 193
1 5 2
516 354
1 12 2
246 199
1 9 2
357 46
1 3 2
670 409
1 3 2
342 386
1 12 2
199 430
1 7 2
505 452
1 14 2
644 188
1 11 2
576 13
1 11 2
451 237
1 13 2
686 560
1 6 2
347 56
1 8 2
506 492
1 4 2
501 456
1 15 2
309 356
1 14 2
396 176
1 5 2
158 450
1 12 2
646 171
1 14 2
183 271
1 3 2
198 540
1 9 2
311 135
1 9 2
590 364
1 13 2
47 97
1 9 2
480 24
1 3 2
468 309
1 13 2
101 614
1 13 2
71 42
1 3 2
649 433
1 11 2
344 565
1 7 2
48 642
1 13 2
128 461
1 7 2
89 34
1 11 2
170 589
1 6 2
660 258
1 7 2
394 84
1 2 2
137 216
1 10 2
3 262
1 7 2
183 556
1 7 2
498 609
1 5 2
210 682
1 12 2
156 354
1 11 2
30 255
1 7 2
20 635
1 5 2
515 694
1 7 2
673 366
1 4 2
170 9
1 13 2
80 692
1 13 2
574 88
1 14 2
60 125
1 12 2
165 634
1 12 2
60 428
1 2 2
390 155
1 4 2
367 278
1 9 2
507 88
1 5 2
566 601
1 5 2
607 307
1 5 2
75 149
1 15 2
402 241
1 2 2
304 196
1 3 2
122 136
1 12 2
247 690
1 14 2
338 208
1 4 2
487 17
1 13 2
494 420
1 10 2
130 105
1 7 2
164 545
1 8 2
185 116
1 12 2
518 654
1 14 2
80 597
1 11 2
131 246
1 8 2
260 483
1 10 2
536 380
1 8 2
351 563
1 9 2
188 407
1 11 2
239 317
1 3 2
186 323
1 8 2
421 256
1 4 2
76 152
1 10 2
19 333
1 4 2
260 119
1 12 2
491 513
1 8 2
642 530
1 6 2
115 270
1 9 2
483 401
1 14 2
323 189
1 10 2
382 517
1 14 2
346 121
1 6 2
562 574
1 14 2
679 59
1 6 2
189 26
1 10 2
532 239
1 9 2
274 103
1 14 2
99 164
1 10 2
461 524
1 12 2
1 461
1 13 2
430 222
1 8 2
466 328
1 9 2
696 631
1 9 2
171 465
1 7 2
475 508
1 6 2
379 367
1 12 2
689 592
1 4 2
103 158
1 2 2
652 447
1 15 2
537 200
1 7 2
493 60
1 7 2
59 585
1 2 2
375 35
1 7 2
37 193
1 5 2
552 474
1 14 2
172 163
1 6 2
250 230
1 15 2
171 477
1 14 2
501 53
1 13 2
495 374
1 11 2
213 227
1 2 2
17 613
1 7 2
96 307
1 13 2
682 162
1 3 2
132 513
1 7 2
667 184
1 13 2
659 73
1 15 2
423 296
1 5 2
417 96
1 9 2
491 96
1 2 2
599 500
1 2 2
381 308
1 4 2
385 399
1 11 2
206 579
1 4 2
626 635
1 11 2
415 613
1 12 2
54 464
1 2 2
188 452
1 12 2
79 402
1 6 2
329 100
1 6 2
7 658
1 9 2
307 315
1 3 2
659 102
1 3 2
465 488
1 7 2
164 638
1 5 2
242 287
1 3 2
62 137
1 14 2
256 665
1 9 2
551 611
1 13 2
449 36
1 9 2
320 502
1 6 2
88 449
1 14 2
502 231
1 15 2
587 693
1 8 2
572 399
1 8 2
27 235
1 5 2
565 288
1 8 2
655 442
1 9 2
506 83
1 8 2
39 664
1 14 2
540 214
1 5 2
11 691
1 3 2
187 432
1 2 2
608 565
1 8 2
4 277
1 2 2
323 232
1 13 2
400 649
1 7 2
13 62
1 4 2
127 60
1 2 2
230 151
1 9 2
175 326
1 13 2
248 86
1 4 2
220 605
1 2 2
154 404
1 15 2
460 436
1 14 2
661 46
1 6 2
39 344
1 8 2
267 634
1 15 2
626 399
1 15 2
368 548
1 15 2
150 315
1 11 2
128 505
1 13 2
186 40
1 8 2
42 21
1 5 2
631 393
1 2 2
499 451
1 11 2
247 591
1 3 2
159 560
1 10 2
513 279
1 2 2
88 641
1 4 2
81 6
1 3 2
696 269
1 11 2
404 130
1 5 2
144 675
1 14 2
561 100
1 14 2
479 68
1 3 2
222 225
1 3 2
388 27
1 9 2
502 461
1 15 2
680 518
1 7 2
88 614
1 5 2
84 3
1 15 2
668 31
1 11 2
366 416
1 11 2
670 597
1 14 2
550 351
1 12 2
238 132
1 2 2
64 667
1 3 2
553 94
1 14 2
146 72
1 13 2
636 622
1 14 2
631 534
1 10 2
658 168
1 3 2
273 193
1 10 2
251 47
1 8 2
460 574
1 15 2
131 509
1 2 2
111 108
1 11 2
299 193
1 8 2
649 83
1 8 2
676 508
1 2 2
546 211
1 9 2
165 499
1 7 2
646 484
1 5 2
328 668
1 6 2
406 305
1 12 2
203 619
1 11 2
206 118
1 8 2
335 230
1 9 2
147 447
1 13 2
505 364
1 2 2
496 681
1 13 2
327 554
1 2 2
697 145
1 9 2
595 409
1 11 2
269 328
1 2 2
653 362
1 15 2
613 8
1 9 2
305 68
1 2 2
646 411
1 5 2
83 516
1 14 2
370 219
1 9 2
164 26
1 14 2
360 494
1 6 2
3 477
1 6 2
610 328
1 9 2
676 170
1 8 2
679 295
1 14 2
253 497
1 7 2
524 18
1 4 2
119 157
1 7 2
666 693
1 11 2
123 209
1 8 2
191 378
1 6 2
149 151
1 4 2
498 480
1 12 2
52 551
1 12 2
648 104
1 15 2
0 505
1 6 2
50 553
1 5 2
136 594
1 2 2
111 559
1 7 2
599 482
1 10 2
172 482
1 4 2
604 140
1 2 2
28 33
1 15 2
550 612
1 8 2
468 194
1 2 2
546 97
1 15 2
306 699
1 13 2
104 441
1 5 2
363 283
1 13 2
54 423
1 9 2
356 227
1 10 2
625 204
1 15 2
66 445
1 2 2
480 83
1 5 2
235 65
1 11 2
166 81
1 3 2
67 319
1 2 2
398 19
1 15 2
150 274
1 9 2
513 350
1 2 2
106 377
1 15 2
402 163
1 6 2
636 505
1 10 2
660 310
1 9 2
438 530
1 11 2
278 664
1 13 2
552 246
1 10 2
22 651
1 5 2
506 481
1 10 2
42 105
1 14 2
118 97
1 10 2
192 238
1 12 2
126 73
1 7 2
274 180
1 7 2
634 402
1 2 2
138 277
1 2 2
27 422
1 15 2
20 162
1 13 2
215 383
1 4 2
388 127
1 4 2
684 257
1 2 2
475 194
1 15 2
63 691
1 11 2
48 440
1 13 2
190 287
1 6 2
601 467
1 9 2
327 122
1 9 2
225 434
1 2 2
86 529
1 5 2
665 565
1 13 2
304 306
1 9 2
106 477
1 6 2
478 548
1 7 2
604 605
1 14 2
65 671
1 3 2
9 694
1 13 2
534 629
1 12 2
614 58
1 10 2
197 529
1 15 2
649 292
1 3 2
478 263
1 4 2
210 201
1 8 2
466 562
1 8 2
297 573
1 9 2
599 560
1 9 2
504 34
1 11 2
78 337
1 7 2
156 168
1 11 2
19 18
1 14 2
95 445
1 5 2
96 522
1 7 2
394 544
1 5 2
530 403
1 9 2
519 525
1 8 2
604 695
1 11 2
660 431
1 4 2
43 669
1 7 2
131 418
1 11 2
2 623
1 8 2
370 270
1 3 2
557 416
1 13 2
358 58
1 13 2
658 548
1 7 2
289 549
1 9 2
525 22
1 6 2
635 664
1 8 2
673 432
1 4 2
205 440
1 11 2
643 453
1 8 2
366 219
1 14 2
654 160
1 3 2
225 5
1 2 2
668 397
1 15 2
598 124
1 2 2
216 597
1 6 2
195 244
1 3 2
472 500
1 6 2
114 598
1 4 2
478 386
1 2 2
351 75
1 6 2
433 476
1 13 2
424 500
1 7 2
452 506
1 13 2
108 250
1 12 2
669 187
1 8 2
280 16
1 6 2
648 287
1 15 2
478 30
1 13 2
448 622
1 15 2
496 364
1 14 2
431 16
1 11 2
602 682
1 2 2
357 604
1 12 2
455 423
1 9 2
125 441
1 6 2
382 589
1 13 2
456 369
1 13 2
55 221
1 6 2
354 316
1 7 2
79 581
1 12 2
207 131
1 9 2
136 257
1 4 2
463 144
1 12 2
166 368
1 9 2
619 92
1 11 2
133 27
1 4 2
267 431
1 7 2
339 139
1 7 2
357 355
1 12 2
61 629
1 8 2
75 66
1 9 2
123 600
1 3 2
366 334
1 8 2
320 195
1 11 2
459 341
1 15 2
517 265
1 11 2
107 398
1 9 2
616 359
1 9 2
411 162
1 11 2
660 96
1 15 2
650 267
1 8 2
145 156
1 2 2
478 519
1 11 2
216 191
1 9 2
40 419
1 13 2
250 210
1 15 2
539 354
1 4 2
696 307
1 7 2
403 183
1 10 2
626 241
1 4 2
364 45
1 7 2
309 181
1 5 2
432 106
1 5 2
672 252
1 5 2
144 314
1 7 2
414 138
1 14 2
163 260
1 5 2
424 617
1 11 2
134 640
1 11 2
280 122
1 6 2
493 323
1 9 2
318 240
1 2 2
91 406
1 10 2
667 17
1 14 2
166 518
1 13 2
547 480
1 5 2
601 295
1 7 2
60 14
1 11 2
264 641
1 14 2
661 398
1 13 2
148 357
1 9 2
376 125
1 4 2
454 582
1 13 2
40 120
1 15 2
461 263
1 3 2
172 83
1 3 2
253 42
1 14 2
416 67
1 15 2
280 157
1 14 2
51 362
1 11 2
238 649
1 3 2
695 409
1 10 2
68 57
1 12 2
112 125
1 14 2
643 570
1 3 2
536 390
1 7 2
527 103
1 6 2
142 687
1 10 2
31 278
1 11 2
41 373
1 5 2
151 319
1 14 2
33 294
1 8 2
11 61
1 9 2
48 554
1 4 2
9 77
1 11 2
156 388
1 13 2
380 696
1 11 2
322 31
1 2 2
12 518
1 5 2
439 141
1 7 2
340 125
1 6 2
10 326
1 12 2
169 480
1 5 2
171 98
1 4 2
118 604
1 5 2
515 404
1 15 2
204 43
1 7 2
246 155
1 15 2
65 605
1 7 2
692 66
1 2 2
130 45
1 5 2
502 191
1 6 2
30 219
1 14 2
294 335
1 5 2
170 651
1 10 2
363 147
1 5 2
361 107
1 9 2
180 71
1 12 2
185 73
1 10 2
549 75
1 7 2
513 545
1 13 2
171 545
1 13 2
587 665
1 14 2
28 66
1 15 2
238 171
1 12 2
176 673
1 10 2
260 424
1 12 2
424 380
1 10 2
194 386
1 3 2
507 78
1 4 2
354 496
1 10 2
150 620
1 11 2
426 515
1 13 2
611 326
1 6 2
570 354
1 5 2
114 667
1 10 2
361 59
1 13 2
257 602
1 10 2
437 674
1 6 2
561 623
1 6 2
545 365
1 4 2
485 457
1 8 2
681 596
1 5 2
302 383
1 2 2
402 167
1 2 2
623 687
1 11 2
208 556
1 11 2
483 601
1 13 2
151 246
1 7 2
189 543
1 13 2
618 651
1 14 2
623 307
1 3 2
94 118
1 8 2
346 148
1 8 2
8 540
1 10 2
341 588
1 2 2
432 153
1 4 2
269 335
1 10 2
49 643
1 12 2
659 300
1 2 2
156 304
1 9 2
576 447
1 10 2
427 470
1 8 2
90 180
1 4 2
337 287
1 11 2
25 434
1 10 2
468 289
1 8 2
437 695
1 13 2
440 429
1 12 2
175 490
1 5 2
522 416
1 13 2
547 57
1 12 2
211 462
1 7 2
493 21
1 10 2
388 603
1 9 2
642 558
1 15 2
145 214
1 11 2
562 594
1 12 2
517 175
1 12 2
166 540
1 7 2
247 17
1 9 2
351 590
1 6 2
135 599
1 12 2
448 181
1 9 2
276 424
1 6 2
370 302
1 6 2
411 559
1 14 2
69 265
1 10 2
395 666
1 6 2
80 69
1 3 2
498 384
1 15 2
387 28
1 5 2
149 520
1 13 2
675 343
1 13 2
424 275
1 14 2
287 155
1 3 2
43 482
1 13 2
204 224
1 14 2
450 463
1 14 2
48 288
1 6 2
161 196
1 6 2
396 58
1 14 2
215 666
1 13 2
691 507
1 3 2
562 189
1 6 2
247 425
1 12 2
110 481
1 9 2
394 613
1 2 2
59 403
1 8 2
319 175
1 4 2
301 396
1 7 2
558 211
1 4 2
208 30
1 14 2
339 140
1 13 2
376 63
1 10 2
691 14
1 8 2
609 137
1 11 2
412 503
1 9 2
610 138
1 11 2
358 537
1 12 2
457 5
1 11 2
450 176
1 13 2
526 330
1 13 2
300 396
1 4 2
503 639
1 14 2
528 624
1 2 2
547 523
1 7 2
292 257
1 9 2
39 528
1 13 2
697 386
1 8 2
610 99
1 13 2
638 402
1 7 2
477 6
1 9 2
522 516
1 5 2
19 316
1 8 2
72 8
1 2 2
649 49
1 12 2
537 357
1 13 2
87 593
1 3 2
681 600
1 3 2
255 27
1 14 2
468 463
1 4 2
465 623
1 7 2
159 167
1 4 2
598 600
1 4 2
459 449
1 6 2
571 176
1 2 2
224 685
1 10 2
394 451
1 14 2
588 41
1 9 2
553 413
1 6 2
21 15
1 12 2
372 20
1 6 2
274 115
1 10 2
663 210
1 14 2
264 607
1 14 2
539 299
1 3 2
194 11
1 12 2
498 586
1 10 2
318 87
1 9 2
381 184
1 9 2
344 23
1 6 2
276 582
1 12 2
68 583
1 5 2
69 125
1 4 2
531 308
1 9 2
369 416
1 8 2
688 555
1 11 2
258 151
1 8 2
326 199
1 5 2
477 139
1 4 2
293 176
1 10 2
607 28
1 12 2
487 463
1 11 2
349 586
1 7 2
265 637
1 11 2
429 592
1 3 2
530 387
1 13 2
551 206
1 13 2
286 324
1 14 2
474 327
1 7 2
13 346
1 11 2
192 622
1 5 2
216 40
1 6 2
595 515
1 14 2
113 278
1 10 2
564 250
1 12 2
458 564
1 12 2
27 153
1 5 2
9 579
1 13 2
477 383
1 5 2
186 510
1 4 2
481 655
1 11 2
159 387
1 13 2
96 31
1 14 2
213 599
1 7 2
449 174
1 5 2
538 28
1 7 2
649 176
1 6 2
15 219
1 13 2
299 689
1 15 2
369 216
1 15 2
347 87
1 11 2
3 235
1 24 2
69 345
1 10 2
114 536
1 8 2
579 506
1 22 2
63 687
1 26 2
673 119
1 4 2
694 249
1 24 2
10 553
1 14 2
257 259
1 24 2
629 258
1 18 2
506 368
1 18 2
132 381
1 18 2
187 649
1 20 2
493 206
1 6 2
156 453
1 22 2
221 204
1 14 2
422 400
1 18 2
494 577
