700 4186 2100
16 18 23 9 25 6 16 23 15 23 5 21 5 8 23 5 16 11 14 25 13 20 16 9 8 9 15 14 16 8 6 17 25 24 10 13 9 17 5 22 17 15 19 19 16 7 5 13 21 24 6 10 24 5 14 6 17 24 20 7 25 20 12 22 25 8 11 17 15 20 6 9 14 7 9 19 13 20 24 8 12 6 20 6 21 16 14 13 14 18 15 21 8 6 16 16 10 9 10 16 7 25 18 10 16 14 12 25 12 9 10 18 24 21 25 22 12 22 20 22 20 17 22 9 23 8 15 7 23 14 15 13 12 18 21 25 14 18 7 12 13 21 16 22 22 23 17 17 10 11 24 18 17 21 12 18 10 19 24 16 12 13 8 9 18 9 11 11 13 17 8 17 8 12 11 12 20 24 13 24 20 8 7 14 14 9 16 14 6 17 18 16 7 15 9 17 16 21 15 18 21 9 24 16 11 10 15 15 18 22 5 10 10 22 5 21 18 13 20 18 12 7 21 13 12 7 16 16 20 19 17 25 13 7 25 8 24 14 6 6 6 13 20 13 22 9 11 15 25 19 25 14 6 5 11 17 15 23 23 22 6 21 11 6 13 22 12 22 6 11 11 6 10 24 25 20 19 14 12 9 13 24 22 15 8 13 18 17 9 20 8 22 21 15 25 11 22 18 10 14 9 23 21 8 10 8 11 12 5 10 20 10 12 22 23 18 6 22 9 20 19 18 20 13 10 13 11 16 5 8 19 11 19 16 14 18 17 17 23 12 17 14 18 25 25 10 12 22 7 25 7 13 5 24 22 24 15 19 7 15 20 17 5 12 13 12 11 8 22 22 20 10 10 8 8 16 18 17 16 12 13 5 22 22 12 9 17 5 15 5 5 6 23 23 5 5 25 20 24 16 9 23 22 17 14 8 10 9 13 9 25 13 18 9 7 20 19 24 17 15 13 23 15 16 24 17 9 24 20 23 17 25 23 12 21 22 19 25 14 11 18 22 22 22 25 13 13 7 19 20 21 20 5 11 20 5 12 17 18 17 10 19 16 22 22 17 24 24 20 6 24 8 15 11 14 9 21 13 18 18 22 24 24 21 16 18 13 9 19 19 23 21 14 12 9 13 15 19 12 24 14 23 14 18 5 25 16 19 22 15 7 7 7 22 16 16 11 8 12 5 13 25 25 10 11 17 11 5 13 25 10 24 6 10 23 24 15 20 19 21 11 5 24 6 23 15 7 19 12 7 21 23 5 5 15 13 8 17 20 11 7 13 5 12 22 24 25 25 18 19 22 8 25 6 8 17 19 11 16 19 11 13 25 20 17 12 12 23 9 6 6 15 9 12 5 15 16 8 11 12 25 23 24 15 15 20 19 16 16 5 25 22 14 20 19 20 24 25 7 5 11 12 7 7 24 5 5 21 22 25 12 10 11 8 13 10 6 13 9 16 25 15 7 23 17 10 10 16 5 25 7 21 14 25 15 5 9 10 9 19 7 7 20 23 17 22 11 18 16 8 24 23 24 21 8 13 12 11 15 21 22 18 21 20 14 7 17 12 20 6 23 9 17 21 12 25 24 13 21 9
3 16 4 19 8 18 7 9 19 15 6 11 3 13 9 10 14 15 4 6 3 9 4 9 6 19 18 19 5 12 3 9 15 17 11 13 5 4 15 8 7 3 12 7 19 13 18 16 14 18 17 19 13 9 15 17 3 3 13 8 18 15 12 20 6 10 9 8 6 19 19 3 5 10 11 6 14 4 12 11 3 20 20 11 20 7 14 3 8 13 17 20 8 16 17 19 6 8 9 10 3 13 18 15 15 8 3 14 10 4 16 18 16 8 8 20 8 4 12 9 14 20 17 3 18 9 16 8 19 4 13 13 10 11 5 12 15 19 18 10 12 17 16 15 20 3 15 16 15 12 15 20 17 15 7 18 14 13 7 18 8 8 12 4 16 4 9 20 18 20 8 19 5 9 12 8 18 7 16 15 10 19 7 19 4 6 8 7 5 15 17 12 11 5 9 10 16 7 13 5 5 17 17 13 13 12 5 6 8 15 14 11 11 11 7 15 19 7 13 4 10 11 17 5 19 4 7 9 10 20 3 10 9 9 10 13 13 20 17 11 15 3 4 9 4 12 18 12 10 13 16 4 10 10 5 8 19 12 14 19 7 6 5 20 14 7 11 4 5 19 15 19 6 6 5 18 18 15 8 12 10 7 15 18 12 18 19 14 7 18 16 16 17 3 9 4 11 16 20 10 7 15 13 5 5 16 3 14 17 20 18 19 19 18 9 16 7 16 12 18 15 14 5 6 12 20 12 3 17 18 5 11 6 3 14 15 19 14 18 19 11 4 13 3 6 9 11 13 5 5 13 8 8 4 20 11 8 6 12 16 18 18 12 5 5 11 19 8 18 10 11 7 12 17 12 16 18 5 18 5 8 13 6 18 15 9 13 15 11 5 13 17 19 20 17 8 7 11 4 19 4 18 10 16 15 5 4 13 11 17 17 17 10 13 4 14 20 20 19 7 16 3 3 6 13 10 8 10 12 20 7 8 10 11 10 4 17 20 15 20 20 4 20 15 18 9 10 7 14 17 13 15 13 4 16 3 13 9 19 14 10 9 6 9 12 8 5 12 18 3 7 6 14 16 6 6 20 5 19 14 17 10 9 7 16 11 18 6 6 4 19 4 13 19 12 17 12 8 18 8 19 3 7 11 17 4 13 8 3 5 10 19 4 12 15 13 18 13 15 14 11 5 14 9 19 7 9 13 18 12 16 19 9 3 15 7 14 3 6 15 8 12 9 9 4 8 4 16 13 10 5 16 6 10 4 7 16 10 5 20 15 6 6 4 7 14 12 13 15 6 5 13 6 9 4 8 10 5 4 4 8 12 16 10 20 19 17 3 14 13 10 18 12 6 12 7 8 4 14 3 5 6 6 12 17 8 16 18 16 5 13 5 7 18 13 16 17 4 11 13 4 8 4 5 20 18 20 10 18 7 10 3 13 12 3 8 15 4 14 20 20 17 16 6 9 10 9 16 14 3 18 17 16 20 14 14 14 7 11 14 8 19 18 4 16 19 11 17 12 8 13 8 19 9 17 6 17 12 7 10 5 5 10 9 12 9 7 4 3 9 10 9 19 15 8 13 6 11 16 10
1 7 2
515 577
1 3 2
567 44
1 11 2
594 544
1 8 2
626 37
1 13 2
266 624
1 2 2
186 483
1 10 2
357 611
1 3 2
346 517
1 2 2
433 207
1 5 2
404 664
1 5 2
526 684
1 6 2
188 535
1 13 2
163 318
1 4 2
667 539
1 13 2
315 230
1 9 2
393 317
1 14 2
619 492
1 4 2
35 590
1 9 2
234 201
1 9 2
10 1
1 2 2
448 287
1 7 2
426 342
1 13 2
692 463
1 6 2
34 646
1 11 2
638 240
1 5 2
602 593
1 4 2
630 146
1 6 2
371 430
1 15 2
367 535
1 3 2
290 464
1 15 2
595 98
1 2 2
126 236
1 5 2
150 24
1 13 2
587 429
1 14 2
548 76
1 9 2
682 476
1 14 2
521 342
1 3 2
564 440
1 8 2
78 194
1 4 2
649 36
1 10 2
443 173
1 12 2
609 318
1 10 2
296 280
1 13 2
311 291
1 9 2
621 283
1 13 2
70 207
1 9 2
316 513
1 15 2
698 583
1 3 2
531 695
1 11 2
495 14
1 5 2
445 640
1 6 2
105 418
1 13 2
60 327
1 14 2
655 58
1 9 2
7 560
1 12 2
409 521
1 6 2
64 684
1 13 2
101 555
1 2 2
553 681
1 8 2
282 129
1 7 2
579 246
1 9 2
655 335
1 15 2
457 314
1 12 2
93 202
1 13 2
261 179
1 15 2
686 466
1 5 2
36 486
1 11 2
642 160
1 9 2
265 421
1 9 2
121 346
1 5 2
594 296
1 13 2
605 185
1 11 2
566 406
1 2 2
217 493
1 6 2
501 118
1 4 2
565 289
1 6 2
475 305
1 10 2
341 275
1 12 2
498 413
1 10 2
469 49
1 2 2
288 229
1 9 2
539 215
1 6 2
293 44
1 4 2
445 595
1 5 2
654 65
1 13 2
400 328
1 7 2
480 93
1 8 2
52 450
1 2 2
361 421
1 11 2
546 94
1 13 2
347 75
1 14 2
559 7
1 9 2
451 570
1 3 2
286 613
1 5 2
645 605
1 3 2
667 50
1 5 2
469 409
1 11 2
64 541
1 2 2
686 645
1 12 2
223 449
1 10 2
42 197
1 6 2
585 184
1 9 2
113 174
1 3 2
571 50
1 5 2
367 30
1 5 2
419 549
1 15 2
661 668
1 2 2
33 87
1 8 2
483 592
1 3 2
397 85
1 7 2
1 553
1 3 2
187 219
1 7 2
85 199
1 13 2
286 490
1 14 2
290 254
1 5 2
421 69
1 7 2
31 539
1 14 2
112 417
1 8 2
296 240
1 5 2
641 469
1 9 2
449 478
1 9 2
404 356
1 13 2
625 504
1 13 2
350 224
1 4 2
152 337
1 15 2
644 114
1 7 2
70 318
1 8 2
244 188
1 5 2
230 451
1 5 2
65 475
1 6 2
108 688
1 2 2
139 103
1 12 2
627 212
1 6 2
277 666
1 10 2
125 522
1 3 2
401 434
1 4 2
655 445
1 7 2
679 46
1 15 2
307 477
1 4 2
238 638
1 4 2
245 349
1 3 2
54 426
1 4 2
697 666
1 8 2
626 16
1 7 2
533 657
1 6 2
3 285
1 15 2
231 33
1 5 2
227 114
1 4 2
395 101
1 7 2
417 372
1 6 2
310 82
1 8 2
278 284
1 6 2
236 653
1 7 2
562 0
1 3 2
285 237
1 14 2
573 182
1 6 2
11 669
1 8 2
614 45
1 11 2
104 206
1 5 2
367 540
1 9 2
431 636
1 5 2
351 196
1 5 2
594 339
1 9 2
656 64
1 15 2
109 145
1 10 2
508 556
1 3 2
256 453
1 6 2
544 4
1 4 2
184 434
1 4 2
514 272
1 7 2
398 320
1 8 2
631 539
1 3 2
446 265
1 7 2
67 95
1 6 2
343 596
1 9 2
258 256
1 3 2
348 582
1 8 2
270 384
1 15 2
247 377
1 3 2
255 231
1 2 2
469 561
1 7 2
357 152
1 10 2
595 554
1 7 2
127 274
1 6 2
628 593
1 15 2
496 570
1 11 2
457 593
1 4 2
216 34
1 12 2
576 336
1 12 2
160 486
1 14 2
648 412
1 3 2
437 409
1 6 2
102 109
1 2 2
24 262
1 7 2
642 270
1 8 2
220 689
1 13 2
125 314
1 4 2
483 350
1 6 2
648 369
1 13 2
397 694
1 13 2
622 671
1 10 2
34 435
1 6 2
471 183
1 7 2
129 382
1 10 2
91 482
1 8 2
689 391
1 12 2
82 398
1 2 2
157 163
1 3 2
50 406
1 4 2
362 289
1 2 2
517 336
1 12 2
425 480
1 8 2
591 268
1 6 2
49 28
1 4 2
138 345
1 4 2
575 193
1 3 2
384 528
1 12 2
400 313
1 2 2
486 550
1 11 2
352 495
1 5 2
388 563
1 2 2
271 534
1 14 2
201 403
1 14 2
276 215
1 4 2
692 344
1 13 2
306 459
1 8 2
527 80
1 15 2
115 239
1 13 2
242 698
1 8 2
302 401
1 7 2
166 604
1 10 2
52 168
1 4 2
225 263
1 7 2
157 74
1 4 2
543 622
1 10 2
403 426
1 14 2
91 240
1 8 2
242 428
1 9 2
113 106
1 5 2
551 698
1 10 2
392 365
1 15 2
373 132
1 10 2
478 686
1 12 2
86 380
1 12 2
331 491
1 9 2
638 514
1 10 2
625 675
1 2 2
154 531
1 15 2
695 307
1 14 2
436 120
1 14 2
388 252
1 13 2
231 108
1 4 2
519 121
1 10 2
456 454
1 12 2
340 666
1 10 2
519 692
1 14 2
79 255
1 15 2
471 122
1 5 2
191 428
1 8 2
597 123
1 14 2
697 6
1 7 2
370 173
1 14 2
567 682
1 8 2
343 344
1 9 2
133 678
1 5 2
394 183
1 4 2
620 84
1 6 2
208 418
1 9 2
668 391
1 10 2
208 240
1 4 2
300 365
1 13 2
205 483
1 8 2
441 447
1 7 2
166 551
1 7 2
211 172
1 3 2
300 88
1 3 2
688 176
1 5 2
272 55
1 13 2
558 459
1 14 2
595 126
1 8 2
678 418
1 10 2
517 82
1 12 2
486 77
1 11 2
125 355
1 13 2
673 464
1 12 2
122 98
1 12 2
457 48
1 3 2
667 334
1 14 2
284 5
1 5 2
607 442
1 6 2
327 12
1 7 2
53 254
1 2 2
621 25
1 5 2
562 551
1 10 2
229 438
1 11 2
206 155
1 11 2
156 153
1 3 2
280 308
1 15 2
263 107
1 10 2
52 342
1 10 2
469 353
1 8 2
288 212
1 5 2
20 145
1 9 2
666 368
1 10 2
584 326
1 9 2
514 544
1 13 2
353 23
1 6 2
104 560
1 14 2
605 101
1 3 2
328 95
1 13 2
553 463
1 4 2
535 226
1 13 2
166 678
1 6 2
569 405
1 4 2
284 362
1 9 2
524 616
1 7 2
438 90
1 7 2
363 401
1 8 2
642 433
1 12 2
665 63
1 8 2
404 207
1 15 2
611 522
1 3 2
63 678
1 2 2
165 135
1 8 2
666 642
1 14 2
535 652
1 11 2
316 134
1 10 2
349 60
1 10 2
258 592
1 5 2
254 466
1 5 2
38 254
1 15 2
106 676
1 4 2
417 421
1 13 2
256 47
1 2 2
415 684
1 6 2
468 104
1 5 2
462 685
1 3 2
627 496
1 8 2
164 556
1 11 2
108 523
1 9 2
381 613
1 11 2
526 687
1 10 2
274 545
1 12 2
504 303
1 6 2
698 206
1 10 2
496 668
1 15 2
463 89
1 15 2
201 53
1 7 2
291 229
1 13 2
518 610
1 2 2
207 605
1 5 2
518 124
1 7 2
698 13
1 4 2
511 430
1 4 2
631 355
1 3 2
268 217
1 6 2
10 604
1 8 2
24 170
1 15 2
130 454
1 10 2
443 654
1 9 2
33 237
1 8 2
156 644
1 7 2
533 65
1 11 2
83 416
1 4 2
395 227
1 2 2
18 544
1 9 2
257 532
1 11 2
245 636
1 10 2
479 515
1 12 2
504 476
1 10 2
157 594
1 13 2
461 652
1 13 2
128 224
1 13 2
685 214
1 12 2
658 203
1 11 2
524 460
1 10 2
638 7
1 12 2
248 319
1 5 2
534 605
1 6 2
655 503
1 6 2
650 566
1 3 2
353 682
1 5 2
516 337
1 10 2
139 613
1 4 2
561 602
1 10 2
541 263
1 7 2
80 386
1 8 2
119 235
1 4 2
126 672
1 9 2
576 504
1 4 2
59 66
1 3 2
438 407
1 10 2
201 70
1 10 2
582 543
1 7 2
124 62
1 14 2
4 377
1 15 2
244 88
1 5 2
677 561
1 9 2
628 230
1 2 2
546 135
1 11 2
226 237
1 8 2
245 394
1 11 2
596 328
1 12 2
627 245
1 14 2
413 10
1 12 2
25 396
1 5 2
209 513
1 11 2
132 579
1 9 2
250 126
1 6 2
470 436
1 13 2
120 609
1 14 2
626 20
1 8 2
139 109
1 8 2
115 549
1 10 2
6 263
1 3 2
690 431
1 6 2
497 55
1 13 2
638 164
1 3 2
646 264
1 11 2
443 465
1 6 2
657 527
1 7 2
265 57
1 6 2
73 530
1 4 2
573 384
1 11 2
554 280
1 12 2
494 677
1 13 2
205 302
1 9 2
295 24
1 5 2
635 357
1 13 2
280 675
1 10 2
541 684
1 9 2
429 643
1 5 2
561 236
1 10 2
556 406
1 6 2
489 550
1 6 2
535 38
1 12 2
687 5
1 5 2
425 404
1 12 2
312 260
1 5 2
117 94
1 15 2
291 408
1 7 2
586 346
1 6 2
293 594
1 7 2
151 161
1 7 2
38 404
1 15 2
542 137
1 9 2
383 653
1 13 2
212 450
1 12 2
16 512
1 13 2
362 631
1 8 2
163 555
1 13 2
687 379
1 5 2
68 541
1 2 2
517 435
1 14 2
584 246
1 14 2
418 477
1 14 2
472 43
1 15 2
479 357
1 9 2
534 503
1 5 2
644 378
1 5 2
206 79
1 9 2
427 645
1 12 2
313 130
1 7 2
31 48
1 8 2
234 418
1 5 2
131 328
1 3 2
168 185
1 8 2
22 299
1 4 2
609 288
1 3 2
293 430
1 2 2
552 162
1 7 2
487 623
1 10 2
6 492
1 9 2
691 694
1 8 2
178 594
1 12 2
684 284
1 2 2
490 262
1 10 2
12 657
1 3 2
151 373
1 10 2
558 89
1 9 2
622 223
1 7 2
270 298
1 15 2
566 274
1 6 2
692 470
1 6 2
328 133
1 9 2
227 3
1 13 2
390 246
1 11 2
414 214
1 6 2
312 669
1 11 2
389 294
1 4 2
304 575
1 4 2
35 6
1 2 2
405 486
1 11 2
194 32
1 11 2
520 609
1 12 2
19 248
1 4 2
381 311
1 4 2
80 341
1 4 2
256 157
1 4 2
464 4
1 6 2
544 142
1 4 2
307 248
1 12 2
498 34
1 3 2
167 388
1 2 2
190 695
1 2 2
200 423
1 12 2
692 157
1 9 2
522 678
1 7 2
450 683
1 11 2
675 276
1 6 2
292 337
1 3 2
526 600
1 6 2
648 441
1 6 2
626 473
1 2 2
232 41
1 14 2
332 129
1 5 2
361 574
1 3 2
365 49
1 3 2
697 34
1 4 2
26 385
1 8 2
588 428
1 11 2
367 354
1 6 2
610 322
1 8 2
154 646
1 5 2
191 147
1 15 2
568 164
1 4 2
424 693
1 3 2
223 129
1 2 2
343 492
1 13 2
267 53
1 2 2
303 542
1 12 2
20 299
1 14 2
537 683
1 9 2
542 122
1 2 2
579 688
1 2 2
131 152
1 6 2
370 543
1 11 2
389 380
1 5 2
506 557
1 15 2
302 131
1 10 2
439 271
1 9 2
661 185
1 11 2
500 430
1 9 2
207 96
1 5 2
157 261
1 10 2
225 498
1 10 2
114 264
1 10 2
350 408
1 3 2
178 482
1 9 2
507 213
1 3 2
13 693
1 7 2
501 542
1 8 2
426 593
1 8 2
523 35
1 9 2
369 534
1 2 2
136 263
1 7 2
580 340
1 6 2
509 223
1 15 2
98 483
1 7 2
257 600
1 2 2
548 220
1 9 2
405 476
1 14 2
652 593
1 5 2
538 228
1 5 2
115 199
1 5 2
288 196
1 8 2
50 33
1 9 2
46 112
1 11 2
6 278
1 6 2
106 189
1 12 2
681 554
1 7 2
377 312
1 2 2
541 458
1 15 2
557 304
1 7 2
68 109
1 9 2
362 187
1 10 2
470 380
1 12 2
139 211
1 11 2
246 386
1 11 2
230 155
1 2 2
115 587
1 2 2
396 286
1 13 2
206 83
1 9 2
82 156
1 7 2
169 146
1 12 2
496 119
1 5 2
466 99
1 6 2
103 3
1 13 2
667 277
1 14 2
427 19
1 8 2
69 675
1 11 2
697 507
1 5 2
99 0
1 15 2
471 697
1 3 2
295 275
1 4 2
647 102
1 13 2
588 83
1 12 2
648 73
1 6 2
601 551
1 13 2
653 244
1 10 2
340 504
1 14 2
636 669
1 5 2
246 117
1 14 2
143 83
1 3 2
154 513
1 5 2
183 24
1 4 2
194 610
1 13 2
371 503
1 3 2
18 459
1 11 2
694 274
1 10 2
432 516
1 2 2
160 127
1 4 2
487 69
1 7 2
234 137
1 13 2
212 54
1 13 2
142 573
1 11 2
594 227
1 5 2
80 51
1 14 2
540 499
1 6 2
494 53
1 12 2
298 451
1 10 2
234 462
1 13 2
653 170
1 14 2
360 378
1 5 2
240 628
1 12 2
263 390
1 3 2
569 699
1 7 2
361 387
1 10 2
315 546
1 15 2
558 186
1 3 2
179 382
1 9 2
201 187
1 14 2
101 266
1 13 2
367 399
1 3 2
15 360
1 4 2
481 560
1 5 2
404 469
1 11 2
79 288
1 3 2
23 427
1 14 2
225 644
1 5 2
412 556
1 15 2
411 630
1 11 2
169 391
1 9 2
270 466
1 2 2
619 194
1 4 2
216 118
1 4 2
101 129
1 12 2
518 199
1 14 2
104 216
1 13 2
646 581
1 14 2
300 161
1 14 2
609 30
1 10 2
108 359
1 8 2
306 89
1 7 2
330 61
1 3 2
392 610
1 6 2
310 631
1 3 2
155 526
1 2 2
399 23
1 11 2
10 494
1 4 2
537 119
1 15 2
26 275
1 10 2
362 281
1 12 2
207 549
1 2 2
410 126
1 3 2
342 436
1 4 2
661 536
1 10 2
581 2
1 3 2
115 22
1 4 2
629 635
1 2 2
129 558
1 2 2
139 240
1 9 2
659 20
1 4 2
684 592
1 12 2
647 192
1 12 2
53 383
1 15 2
630 451
1 2 2
83 232
1 3 2
241 131
1 12 2
255 261
1 2 2
254 376
1 4 2
320 17
1 11 2
585 270
1 7 2
576 429
1 7 2
497 134
1 13 2
123 520
1 10 2
246 290
1 11 2
404 222
1 5 2
95 340
1 12 2
469 47
1 4 2
630 626
1 3 2
30 192
1 3 2
571 405
1 6 2
228 380
1 7 2
102 395
1 14 2
527 374
1 15 2
493 358
1 6 2
660 60
1 9 2
41 449
1 15 2
331 298
1 11 2
328 637
1 12 2
443 43
1 5 2
18 559
1 9 2
301 677
1 2 2
377 229
1 6 2
334 9
1 6 2
28 104
1 4 2
287 163
1 4 2
3 542
1 2 2
413 302
1 6 2
13 437
1 11 2
352 450
1 4 2
248 301
1 6 2
598 129
1 7 2
45 12
1 11 2
183 282
1 7 2
313 288
1 15 2
60 537
1 14 2
22 649
1 13 2
277 147
1 15 2
436 280
1 6 2
294 143
1 10 2
696 161
1 3 2
614 254
1 6 2
313 154
1 8 2
197 215
1 13 2
247 655
1 4 2
361 489
1 11 2
297 42
1 3 2
492 503
1 10 2
223 357
1 2 2
685 270
1 2 2
230 243
1 7 2
327 635
1 11 2
232 59
1 2 2
27 172
1 3 2
7 73
1 11 2
571 319
1 14 2
4 179
1 6 2
387 310
1 15 2
527 670
1 5 2
181 76
1 12 2
418 173
1 12 2
20 82
1 14 2
73 495
1 4 2
352 112
1 5 2
559 268
1 4 2
363 529
1 5 2
187 127
1 4 2
97 348
1 5 2
317 615
1 11 2
371 112
1 5 2
439 682
1 7 2
131 135
1 11 2
509 232
1 5 2
459 105
1 14 2
616 273
1 6 2
669 294
1 2 2
343 382
1 5 2
378 52
1 10 2
637 494
1 2 2
423 111
1 5 2
169 7
1 13 2
215 616
1 4 2
63 199
1 15 2
436 411
1 6 2
293 447
1 9 2
200 281
1 2 2
384 210
1 9 2
593 152
1 9 2
588 465
1 2 2
651 601
1 15 2
277 414
1 2 2
466 113
1 5 2
422 187
1 2 2
486 315
1 9 2
250 470
1 15 2
138 79
1 9 2
5 220
1 5 2
665 109
1 7 2
479 435
1 5 2
555 570
1 12 2
222 345
1 9 2
647 254
1 12 2
23 486
1 14 2
458 175
1 6 2
522 473
1 2 2
208 546
1 2 2
699 240
1 15 2
262 624
1 10 2
210 531
1 12 2
374 597
1 6 2
173 666
1 8 2
567 617
1 7 2
103 309
1 2 2
482 133
1 8 2
428 375
1 8 2
572 346
1 15 2
0 256
1 3 2
240 635
1 14 2
25 10
1 7 2
244 487
1 10 2
94 300
1 15 2
48 560
1 4 2
151 491
1 7 2
487 366
1 2 2
620 441
1 3 2
503 33
1 3 2
68 60
1 2 2
586 679
1 9 2
406 345
1 7 2
69 499
1 9 2
206 411
1 10 2
285 193
1 8 2
109 221
1 15 2
624 429
1 7 2
340 49
1 8 2
593 311
1 9 2
690 56
1 9 2
69 351
1 5 2
36 347
1 15 2
105 53
1 6 2
323 495
1 15 2
109 691
1 5 2
36 587
1 6 2
166 572
1 4 2
81 476
1 9 2
86 672
1 2 2
677 81
1 6 2
651 632
1 9 2
304 633
1 3 2
557 641
1 7 2
174 366
1 12 2
690 361
1 5 2
369 441
1 3 2
142 143
1 6 2
566 620
1 12 2
454 612
1 8 2
203 348
1 7 2
614 249
1 12 2
532 671
1 12 2
416 351
1 10 2
538 620
1 10 2
492 298
1 12 2
620 26
1 8 2
213 283
1 3 2
449 522
1 4 2
619 235
1 10 2
102 458
1 2 2
318 613
1 7 2
452 584
1 13 2
117 386
1 13 2
17 290
1 10 2
472 613
1 15 2
693 653
1 4 2
571 146
1 8 2
12 635
1 14 2
605 562
1 2 2
408 191
1 12 2
435 552
1 13 2
686 296
1 11 2
496 200
1 8 2
8 504
1 10 2
80 596
1 2 2
444 447
1 15 2
276 595
1 4 2
662 693
1 3 2
409 674
1 11 2
482 428
1 6 2
181 533
1 9 2
652 536
1 8 2
578 676
1 10 2
572 191
1 11 2
241 211
1 7 2
162 258
1 6 2
294 362
1 13 2
278 163
1 14 2
4 610
1 3 2
340 496
1 12 2
614 667
1 2 2
26 360
1 14 2
347 180
1 14 2
117 283
1 13 2
412 256
1 10 2
497 137
1 6 2
380 249
1 3 2
114 487
1 9 2
229 262
1 7 2
327 252
1 2 2
427 48
1 6 2
262 280
1 5 2
204 95
1 9 2
129 22
1 6 2
262 319
1 12 2
360 694
1 14 2
209 694
1 5 2
680 473
1 2 2
369 417
1 9 2
26 216
1 12 2
623 402
1 15 2
94 379
1 15 2
41 475
1 10 2
521 680
1 14 2
497 594
1 8 2
258 372
1 5 2
398 106
1 13 2
2 579
1 14 2
68 522
1 13 2
366 11
1 10 2
77 293
1 14 2
398 470
1 15 2
1 238
1 13 2
396 543
1 11 2
388 202
1 2 2
221 260
1 14 2
39 250
1 11 2
484 322
1 4 2
70 389
1 5 2
573 443
1 12 2
378 65
1 12 2
19 291
1 3 2
652 370
1 10 2
102 125
1 13 2
27 123
1 14 2
239 627
1 11 2
294 411
1 10 2
60 654
1 9 2
688 1
1 15 2
376 35
1 4 2
653 218
1 12 2
182 290
1 11 2
158 576
1 4 2
198 461
1 13 2
695 585
1 14 2
237 437
1 3 2
443 355
1 8 2
309 140
1 7 2
569 500
1 6 2
327 48
1 13 2
272 429
1 12 2
498 338
1 7 2
118 593
1 2 2
569 672
1 10 2
172 281
1 6 2
327 199
1 7 2
692 315
1 10 2
342 72
1 3 2
417 349
1 8 2
204 417
1 3 2
621 570
1 2 2
218 222
1 5 2
134 160
1 9 2
96 235
1 12 2
544 68
1 4 2
663 10
1 2 2
485 615
1 4 2
79 95
1 9 2
106 179
1 12 2
95 144
1 14 2
129 509
1 14 2
397 302
1 13 2
430 27
1 13 2
479 694
1 11 2
159 237
1 5 2
440 188
1 8 2
9 537
1 7 2
519 500
1 6 2
412 674
1 2 2
256 618
1 14 2
464 357
1 10 2
577 127
1 2 2
479 495
1 6 2
242 597
1 15 2
149 580
1 11 2
43 533
1 12 2
457 353
1 13 2
87 84
1 2 2
2 70
1 11 2
684 355
1 3 2
504 163
1 15 2
200 220
1 10 2
608 325
1 6 2
221 9
1 4 2
616 442
1 12 2
369 437
1 9 2
179 367
1 8 2
477 616
1 11 2
285 682
1 10 2
415 689
1 4 2
647 429
1 2 2
467 304
1 12 2
562 233
1 11 2
648 624
1 9 2
266 101
1 11 2
510 667
1 6 2
86 88
1 13 2
369 237
1 15 2
248 438
1 4 2
451 360
1 8 2
305 8
1 3 2
440 48
1 15 2
576 182
1 3 2
662 534
1 8 2
415 317
1 11 2
249 55
1 7 2
126 158
1 2 2
133 647
1 2 2
515 352
1 6 2
369 28
1 10 2
146 399
1 7 2
558 107
1 15 2
645 606
1 14 2
611 448
1 3 2
679 6
1 14 2
594 540
1 15 2
64 81
1 9 2
463 559
1 2 2
668 236
1 14 2
67 29
1 11 2
384 108
1 15 2
637 601
1 6 2
604 134
1 10 2
368 322
1 2 2
496 107
1 6 2
641 92
1 4 2
500 555
1 11 2
587 565
1 9 2
516 590
1 4 2
694 61
1 2 2
612 19
1 12 2
347 324
1 3 2
33 650
1 3 2
238 131
1 9 2
547 297
1 14 2
407 279
1 4 2
211 455
1 12 2
37 34
1 10 2
298 400
1 13 2
208 197
1 13 2
105 122
1 8 2
366 408
1 15 2
36 69
1 2 2
641 16
1 3 2
121 86
1 11 2
387 165
1 15 2
480 156
1 10 2
268 310
1 12 2
381 499
1 10 2
92 228
1 13 2
477 431
1 3 2
270 656
1 2 2
239 282
1 8 2
428 686
1 9 2
401 414
1 11 2
265 284
1 12 2
100 477
1 15 2
434 148
1 11 2
519 439
1 8 2
500 489
1 15 2
285 594
1 15 2
399 73
1 2 2
350 158
1 2 2
354 179
1 3 2
602 242
1 3 2
553 178
1 5 2
263 224
1 15 2
399 53
1 13 2
142 291
1 6 2
169 413
1 9 2
643 170
1 4 2
448 528
1 14 2
650 432
1 9 2
479 184
1 8 2
227 686
1 10 2
512 147
1 4 2
73 68
1 14 2
397 152
1 3 2
196 466
1 2 2
650 202
1 15 2
607 60
1 9 2
491 369
1 15 2
688 0
1 2 2
191 477
1 14 2
211 88
1 8 2
502 480
1 14 2
593 181
1 5 2
85 412
1 9 2
361 544
1 9 2
363 279
1 8 2
511 50
1 9 2
477 476
1 7 2
496 594
1 11 2
283 127
1 2 2
599 311
1 9 2
170 676
1 6 2
548 489
1 10 2
254 396
1 4 2
338 607
1 9 2
667 117
1 15 2
518 216
1 7 2
445 294
1 8 2
626 82
1 4 2
126 296
1 10 2
133 499
1 15 2
498 460
1 14 2
58 489
1 6 2
543 601
1 6 2
14 396
1 2 2
224 485
1 11 2
51 225
1 11 2
548 444
1 14 2
667 135
1 4 2
60 135
1 5 2
246 698
1 7 2
467 644
1 7 2
546 430
1 13 2
147 509
1 10 2
217 516
1 5 2
560 434
1 2 2
680 357
1 5 2
106 459
1 11 2
583 402
1 3 2
45 242
1 4 2
460 98
1 6 2
367 246
1 14 2
632 378
1 15 2
356 570
1 2 2
23 304
1 4 2
33 598
1 3 2
351 44
1 11 2
365 23
1 7 2
31 600
1 9 2
684 116
1 11 2
632 473
1 9 2
309 666
1 3 2
508 395
1 15 2
223 77
1 15 2
642 115
1 12 2
577 232
1 13 2
393 629
1 2 2
347 606
1 7 2
640 373
1 10 2
363 172
1 15 2
375 148
1 8 2
470 283
1 3 2
106 50
1 10 2
70 227
1 6 2
94 607
1 5 2
255 114
1 10 2
691 597
1 5 2
633 172
1 10 2
100 196
1 11 2
34 565
1 14 2
604 570
1 6 2
184 43
1 15 2
289 368
1 11 2
2 262
1 11 2
441 495
1 11 2
102 154
1 15 2
403 643
1 12 2
435 72
1 11 2
533 501
1 6 2
125 107
1 12 2
207 92
1 12 2
281 349
1 6 2
59 42
1 13 2
563 284
1 6 2
280 290
1 11 2
376 154
1 9 2
89 459
1 6 2
439 260
1 15 2
252 246
1 7 2
29 585
1 15 2
591 696
1 5 2
227 217
1 13 2
227 16
1 12 2
98 376
1 4 2
627 417
1 3 2
151 108
1 4 2
355 50
1 12 2
506 611
1 10 2
13 114
1 7 2
616 695
1 3 2
361 519
1 2 2
325 58
1 2 2
464 536
1 2 2
108 395
1 5 2
209 118
1 7 2
430 494
1 15 2
565 157
1 4 2
184 188
1 10 2
175 494
1 3 2
492 373
1 8 2
208 272
1 6 2
206 498
1 3 2
472 161
1 15 2
332 366
1 14 2
562 520
1 5 2
125 112
1 9 2
37 483
1 7 2
388 578
1 4 2
420 612
1 2 2
234 225
1 8 2
643 219
1 6 2
137 17
1 13 2
375 208
1 9 2
100 649
1 14 2
484 232
1 4 2
474 619
1 8 2
266 173
1 4 2
417 577
1 7 2
694 589
1 2 2
568 266
1 7 2
468 38
1 5 2
209 136
1 2 2
354 459
1 11 2
436 269
1 6 2
410 501
1 11 2
673 136
1 4 2
184 32
1 10 2
255 371
1 10 2
200 638
1 3 2
561 562
1 14 2
68 176
1 15 2
35 340
1 10 2
571 255
1 13 2
151 149
1 5 2
58 358
1 10 2
334 121
1 2 2
379 6
1 15 2
340 280
1 9 2
462 282
1 8 2
590 64
1 4 2
91 625
1 6 2
488 476
1 8 2
107 92
1 10 2
174 371
1 11 2
350 38
1 12 2
82 313
1 13 2
576 485
1 7 2
259 665
1 6 2
14 327
1 2 2
696 218
1 15 2
140 377
1 8 2
297 394
1 13 2
50 506
1 14 2
413 332
1 8 2
339 292
1 5 2
612 317
1 12 2
330 146
1 3 2
459 646
1 5 2
527 199
1 9 2
206 633
1 4 2
441 570
1 3 2
613 266
1 3 2
121 219
1 6 2
188 397
1 9 2
272 412
1 4 2
677 226
1 10 2
119 230
1 7 2
395 43
1 6 2
371 14
1 13 2
402 549
1 7 2
261 476
1 7 2
535 352
1 11 2
669 400
1 10 2
151 435
1 13 2
436 567
1 12 2
98 383
1 6 2
38 154
1 12 2
614 471
1 8 2
427 183
1 6 2
270 37
1 9 2
485 245
1 3 2
379 261
1 9 2
536 467
1 2 2
232 676
1 15 2
508 43
1 7 2
81 608
1 11 2
397 624
1 11 2
556 117
1 10 2
107 256
1 8 2
638 526
1 5 2
585 518
1 12 2
43 106
1 2 2
385 213
1 4 2
560 519
1 12 2
236 271
1 11 2
608 444
1 15 2
136 689
1 4 2
373 207
1 4 2
273 15
1 13 2
96 490
1 4 2
533 283
1 2 2
342 154
1 7 2
49 695
1 4 2
341 216
1 12 2
275 182
1 5 2
359 534
1 7 2
81 265
1 8 2
640 158
1 13 2
146 63
1 9 2
472 462
1 9 2
57 106
1 3 2
180 571
1 3 2
223 225
1 6 2
243 40
1 4 2
602 613
1 2 2
212 245
1 3 2
21 635
1 5 2
45 192
1 14 2
105 265
1 14 2
268 638
1 13 2
374 114
1 10 2
314 502
1 13 2
347 143
1 5 2
696 231
1 12 2
278 96
1 6 2
212 162
1 6 2
162 688
1 13 2
165 420
1 14 2
258 541
1 9 2
412 307
1 7 2
297 512
1 2 2
222 393
1 8 2
28 404
1 9 2
23 422
1 7 2
135 312
1 12 2
63 363
1 15 2
166 660
1 7 2
140 632
1 15 2
104 277
1 13 2
366 113
1 3 2
52 318
1 15 2
140 466
1 8 2
375 577
1 5 2
46 36
1 8 2
195 483
1 4 2
653 611
1 9 2
152 7
1 12 2
679 409
1 10 2
426 429
1 8 2
557 91
1 14 2
527 401
1 9 2
191 537
1 15 2
367 6
1 2 2
635 584
1 10 2
677 312
1 6 2
478 391
1 2 2
464 615
1 11 2
167 141
1 10 2
206 518
1 2 2
183 65
1 8 2
147 635
1 11 2
283 599
1 15 2
264 286
1 8 2
687 664
1 13 2
403 590
1 13 2
232 470
1 3 2
505 104
1 11 2
336 515
1 12 2
11 54
1 3 2
581 194
1 8 2
579 212
1 13 2
479 328
1 14 2
302 168
1 2 2
497 282
1 12 2
69 624
1 4 2
303 273
1 10 2
78 431
1 9 2
600 289
1 6 2
297 335
1 15 2
219 55
1 11 2
565 415
1 13 2
338 130
1 9 2
355 187
1 9 2
162 533
1 14 2
52 403
1 3 2
50 163
1 7 2
478 238
1 9 2
528 596
1 12 2
6 60
1 6 2
300 441
1 5 2
522 302
1 13 2
255 320
1 5 2
629 186
1 8 2
187 562
1 15 2
90 440
1 4 2
485 310
1 3 2
410 432
1 5 2
535 273
1 6 2
568 698
1 7 2
567 171
1 7 2
188 490
1 12 2
71 142
1 7 2
30 486
1 2 2
152 131
1 9 2
96 153
1 6 2
571 208
1 3 2
537 237
1 11 2
183 500
1 3 2
646 159
1 14 2
330 579
1 5 2
480 505
1 12 2
450 171
1 10 2
183 503
1 5 2
382 205
1 11 2
196 436
1 10 2
690 668
1 11 2
131 639
1 3 2
629 440
1 2 2
606 343
1 11 2
462 55
1 10 2
18 504
1 10 2
445 176
1 10 2
127 266
1 12 2
166 222
1 14 2
195 567
1 8 2
476 472
1 13 2
620 129
1 4 2
619 638
1 8 2
216 640
1 9 2
0 567
1 7 2
520 473
1 12 2
515 650
1 6 2
473 287
1 14 2
423 536
1 15 2
427 549
1 4 2
81 375
1 15 2
22 528
1 3 2
617 602
1 7 2
352 511
1 9 2
528 338
1 6 2
162 621
1 14 2
82 178
1 15 2
266 633
1 10 2
472 606
1 15 2
604 339
1 11 2
662 427
1 13 2
261 325
1 12 2
440 248
1 13 2
370 82
1 13 2
92 542
1 3 2
262 83
1 3 2
346 650
1 12 2
357 83
1 13 2
95 211
1 13 2
661 339
1 3 2
608 479
1 8 2
385 570
1 8 2
181 696
1 3 2
164 346
1 14 2
387 686
1 14 2
417 652
1 10 2
432 534
1 2 2
138 268
1 10 2
559 388
1 10 2
624 691
1 8 2
695 463
1 11 2
153 122
1 12 2
78 214
1 5 2
610 630
1 13 2
391 149
1 5 2
576 77
1 3 2
429 618
1 11 2
579 378
1 14 2
356 309
1 2 2
452 242
1 3 2
659 337
1 5 2
253 644
1 4 2
369 99
1 9 2
291 223
1 5 2
380 327
1 2 2
507 586
1 15 2
647 439
1 8 2
528 534
1 14 2
250 667
1 15 2
195 387
1 5 2
74 140
1 15 2
167 529
1 13 2
258 210
1 9 2
48 619
1 4 2
677 274
1 3 2
419 339
1 11 2
229 214
1 12 2
242 357
1 3 2
89 635
1 13 2
553 285
1 13 2
569 253
1 3 2
48 375
1 6 2
282 434
1 6 2
555 528
1 11 2
318 148
1 3 2
493 238
1 3 2
291 142
1 9 2
209 518
1 12 2
278 502
1 6 2
0 206
1 2 2
13 70
1 8 2
27 205
1 5 2
22 31
1 14 2
522 28
1 5 2
662 511
1 9 2
642 541
1 14 2
298 372
1 12 2
113 296
1 11 2
424 196
1 13 2
462 386
1 7 2
247 66
1 8 2
420 395
1 15 2
422 616
1 6 2
589 479
1 4 2
112 321
1 7 2
251 590
1 4 2
699 518
1 6 2
439 26
1 9 2
607 551
1 7 2
627 601
1 5 2
258 674
1 11 2
594 398
1 2 2
548 275
1 5 2
73 318
1 4 2
133 679
1 5 2
527 387
1 9 2
170 204
1 15 2
484 51
1 12 2
276 220
1 10 2
687 256
1 14 2
31 29
1 13 2
102 112
1 9 2
245 537
1 6 2
579 29
1 12 2
360 430
1 9 2
233 203
1 7 2
557 99
1 2 2
100 302
1 3 2
515 278
1 10 2
116 500
1 8 2
58 522
1 3 2
93 643
1 8 2
59 646
1 5 2
229 243
1 14 2
495 444
1 8 2
40 591
1 11 2
587 564
1 2 2
11 115
1 12 2
181 641
1 3 2
183 394
1 15 2
480 539
1 2 2
338 383
1 13 2
25 115
1 7 2
342 522
1 7 2
246 148
1 13 2
478 39
1 9 2
523 279
1 11 2
69 443
1 5 2
557 592
1 12 2
264 414
1 12 2
408 14
1 9 2
482 79
1 2 2
564 461
1 7 2
447 402
1 2 2
438 83
1 11 2
161 66
1 15 2
9 119
1 9 2
104 193
1 4 2
202 215
1 9 2
238 333
1 3 2
574 452
1 11 2
496 252
1 12 2
458 430
1 11 2
97 63
1 6 2
251 131
1 9 2
343 497
1 4 2
453 77
1 14 2
470 97
1 13 2
331 443
1 15 2
210 393
1 6 2
498 203
1 13 2
540 98
1 3 2
135 77
1 15 2
496 525
1 5 2
430 216
1 8 2
332 482
1 13 2
38 280
1 2 2
364 374
1 11 2
356 565
1 2 2
124 245
1 12 2
384 296
1 9 2
273 484
1 10 2
645 415
1 2 2
104 189
1 9 2
621 50
1 11 2
661 53
1 14 2
239 379
1 4 2
129 581
1 6 2
310 139
1 2 2
644 638
1 10 2
274 239
1 15 2
641 389
1 14 2
558 300
1 9 2
231 397
1 14 2
298 638
1 2 2
311 472
1 13 2
353 657
1 3 2
599 336
1 8 2
126 613
1 9 2
283 544
1 8 2
310 425
1 8 2
331 121
1 9 2
80 6
1 3 2
360 581
1 13 2
220 13
1 2 2
182 520
1 13 2
584 642
1 2 2
432 551
1 14 2
295 428
1 11 2
404 466
1 3 2
40 23
1 3 2
368 596
1 6 2
170 538
1 6 2
316 225
1 12 2
460 284
1 7 2
442 451
1 7 2
596 549
1 12 2
271 558
1 9 2
275 45
1 4 2
690 215
1 8 2
252 692
1 7 2
353 210
1 12 2
155 194
1 2 2
157 477
1 5 2
26 627
1 8 2
271 604
1 10 2
654 581
1 4 2
159 638
1 10 2
462 629
1 9 2
316 11
1 4 2
382 136
1 11 2
204 534
1 8 2
329 271
1 2 2
595 212
1 4 2
309 662
1 12 2
130 115
1 10 2
18 481
1 2 2
583 309
1 15 2
632 517
1 3 2
276 460
1 3 2
262 539
1 9 2
234 468
1 6 2
161 569
1 5 2
342 179
1 6 2
633 615
1 13 2
83 203
1 14 2
318 182
1 4 2
350 492
1 2 2
90 252
1 6 2
563 201
1 10 2
474 196
1 4 2
300 156
1 14 2
652 672
1 5 2
45 337
1 10 2
548 628
1 13 2
423 379
1 9 2
583 637
1 8 2
689 549
1 10 2
605 228
1 5 2
555 33
1 7 2
230 330
1 2 2
451 234
1 7 2
7 623
1 6 2
69 681
1 4 2
433 127
1 8 2
350 669
1 11 2
621 263
1 15 2
135 606
1 11 2
91 476
1 2 2
688 250
1 13 2
282 620
1 4 2
566 582
1 5 2
8 510
1 5 2
561 271
1 5 2
422 571
1 14 2
608 546
1 9 2
356 303
1 13 2
432 481
1 6 2
313 308
1 11 2
407 259
1 15 2
665 337
1 4 2
598 662
1 12 2
289 427
1 10 2
290 465
1 12 2
248 562
1 14 2
569 24
1 14 2
494 541
1 7 2
501 585
1 6 2
318 362
1 8 2
7 531
1 3 2
562 141
1 15 2
553 204
1 9 2
664 191
1 14 2
270 628
1 3 2
634 15
1 9 2
144 38
1 14 2
404 550
1 11 2
389 245
1 14 2
214 315
1 14 2
379 171
1 15 2
607 403
1 5 2
679 376
1 6 2
51 29
1 6 2
557 487
1 2 2
430 614
1 7 2
547 670
1 10 2
504 114
1 13 2
361 467
1 11 2
598 189
1 11 2
335 259
1 7 2
353 296
1 13 2
387 581
1 11 2
35 303
1 4 2
306 198
1 2 2
384 378
1 4 2
28 267
1 15 2
89 568
1 7 2
93 311
1 6 2
557 619
1 4 2
638 101
1 9 2
390 540
1 5 2
685 1
1 14 2
42 628
1 14 2
109 261
1 14 2
632 341
1 15 2
478 470
1 11 2
61 651
1 3 2
475 216
1 3 2
268 421
1 8 2
669 181
1 7 2
646 619
1 5 2
367 430
1 15 2
606 347
1 3 2
214 208
1 2 2
589 638
1 4 2
397 573
1 11 2
572 332
1 2 2
267 257
1 2 2
288 476
1 12 2
574 523
1 3 2
442 95
1 5 2
3 453
1 9 2
361 660
1 15 2
53 502
1 13 2
208 104
1 15 2
447 520
1 10 2
642 646
1 10 2
61 324
1 9 2
550 33
1 2 2
8 440
1 12 2
544 292
1 6 2
500 357
1 2 2
530 57
1 10 2
29 509
1 15 2
476 29
1 13 2
216 362
1 8 2
507 178
1 8 2
421 563
1 10 2
184 412
1 2 2
212 598
1 7 2
496 564
1 10 2
5 191
1 5 2
456 258
1 10 2
581 325
1 12 2
665 559
1 12 2
266 4
1 7 2
387 483
1 7 2
431 232
1 12 2
340 297
1 13 2
275 330
1 8 2
682 596
1 8 2
576 353
1 2 2
357 659
1 7 2
316 688
1 13 2
434 330
1 2 2
638 61
1 6 2
654 219
1 9 2
345 175
1 6 2
448 75
1 10 2
311 251
1 8 2
464 45
1 15 2
428 43
1 3 2
490 103
1 2 2
307 411
1 8 2
634 468
1 8 2
696 498
1 13 2
218 347
1 6 2
311 58
1 4 2
387 586
1 3 2
671 106
1 6 2
403 173
1 3 2
94 312
1 8 2
173 179
1 5 2
78 295
1 10 2
395 82
1 3 2
548 529
1 7 2
120 681
1 9 2
628 452
1 2 2
554 157
1 14 2
412 33
1 10 2
609 280
1 4 2
364 232
1 12 2
83 227
1 13 2
461 452
1 12 2
529 472
1 12 2
159 399
1 10 2
642 435
1 12 2
575 494
1 13 2
206 316
1 6 2
160 80
1 15 2
460 303
1 10 2
313 75
1 12 2
317 213
1 5 2
140 669
1 10 2
335 477
1 5 2
344 255
1 2 2
255 494
1 9 2
26 518
1 8 2
374 471
1 13 2
334 673
1 10 2
209 434
1 10 2
154 617
1 9 2
305 54
1 6 2
173 80
1 4 2
632 2
1 5 2
568 373
1 7 2
412 693
1 9 2
573 491
1 3 2
506 12
1 13 2
593 141
1 6 2
640 114
1 8 2
82 463
1 6 2
441 374
1 9 2
143 683
1 6 2
429 98
1 8 2
379 539
1 6 2
502 79
1 10 2
193 33
1 14 2
386 25
1 8 2
488 387
1 14 2
660 271
1 10 2
569 591
1 12 2
420 610
1 4 2
271 223
1 5 2
536 365
1 4 2
584 22
1 15 2
365 331
1 5 2
639 338
1 2 2
96 365
1 11 2
447 56
1 12 2
604 633
1 13 2
525 180
1 2 2
161 495
1 7 2
138 42
1 11 2
227 556
1 2 2
193 576
1 7 2
212 504
1 12 2
110 273
1 4 2
648 552
1 7 2
560 25
1 9 2
48 434
1 11 2
357 537
1 2 2
107 631
1 7 2
586 433
1 12 2
254 427
1 8 2
534 588
1 15 2
306 590
1 4 2
452 101
1 7 2
312 274
1 5 2
447 660
1 15 2
378 517
1 2 2
691 468
1 15 2
459 56
1 12 2
143 466
1 8 2
349 569
1 14 2
446 151
1 5 2
273 110
1 5 2
81 252
1 7 2
673 321
1 6 2
596 666
1 11 2
116 641
1 12 2
627 171
1 7 2
577 627
1 4 2
537 466
1 8 2
518 45
1 15 2
288 0
1 15 2
71 542
1 12 2
578 454
1 2 2
693 645
1 11 2
309 647
1 9 2
76 478
1 12 2
111 190
1 11 2
415 493
1 5 2
182 127
1 5 2
630 491
1 14 2
186 265
1 6 2
349 629
1 6 2
598 209
1 10 2
514 360
1 9 2
282 677
1 7 2
110 655
1 5 2
165 526
1 6 2
168 130
1 11 2
101 516
1 5 2
673 472
1 8 2
115 17
1 15 2
523 668
1 10 2
643 208
1 6 2
619 341
1 10 2
495 694
1 7 2
134 326
1 8 2
393 351
1 8 2
441 181
1 8 2
307 443
1 3 2
598 190
1 13 2
140 491
1 5 2
281 56
1 2 2
322 329
1 10 2
618 257
1 13 2
363 89
1 7 2
295 526
1 8 2
110 464
1 6 2
344 260
1 2 2
302 552
1 15 2
674 65
1 2 2
280 336
1 3 2
558 477
1 5 2
260 17
1 8 2
427 180
1 8 2
380 98
1 15 2
401 609
1 10 2
315 81
1 9 2
365 388
1 11 2
89 387
1 3 2
526 212
1 6 2
590 82
1 7 2
465 264
1 15 2
107 13
1 7 2
391 279
1 12 2
487 270
1 3 2
674 593
1 15 2
422 47
1 7 2
458 369
1 8 2
451 658
1 8 2
352 191
1 13 2
296 679
1 6 2
76 366
1 10 2
452 158
1 6 2
121 545
1 15 2
88 478
1 3 2
278 402
1 3 2
138 416
1 2 2
87 698
1 2 2
389 678
1 5 2
196 249
1 8 2
308 252
1 3 2
43 404
1 14 2
648 583
1 12 2
291 174
1 9 2
39 635
1 14 2
424 498
1 8 2
331 266
1 12 2
503 551
1 6 2
287 623
1 13 2
242 269
1 14 2
223 407
1 9 2
146 247
1 8 2
306 8
1 15 2
659 695
1 12 2
504 688
1 14 2
644 266
1 11 2
541 513
1 15 2
276 123
1 13 2
57 379
1 12 2
484 553
1 14 2
578 595
1 15 2
162 582
1 10 2
415 271
1 14 2
467 580
1 7 2
554 511
1 5 2
167 517
1 13 2
18 267
1 14 2
697 621
1 10 2
468 410
1 6 2
349 654
1 4 2
412 402
1 2 2
61 160
1 13 2
655 396
1 11 2
156 467
1 11 2
377 282
1 12 2
419 431
1 2 2
540 445
1 9 2
501 686
1 7 2
646 240
1 6 2
613 641
1 15 2
39 144
1 11 2
394 461
1 5 2
92 42
1 14 2
549 674
1 4 2
308 656
1 10 2
697 607
1 4 2
534 130
1 13 2
92 70
1 6 2
688 348
1 14 2
71 126
1 13 2
360 47
1 9 2
227 481
1 2 2
132 546
1 6 2
623 284
1 9 2
442 149
1 9 2
684 442
1 15 2
88 377
1 9 2
546 98
1 8 2
543 389
1 15 2
333 432
1 3 2
452 679
1 9 2
268 112
1 2 2
424 638
1 5 2
570 277
1 9 2
155 533
1 4 2
263 578
1 10 2
399 143
1 13 2
81 691
1 9 2
328 13
1 6 2
495 1
1 14 2
577 293
1 7 2
252 603
1 5 2
272 383
1 13 2
78 398
1 4 2
130 247
1 12 2
352 313
1 4 2
374 450
1 8 2
431 679
1 6 2
21 377
1 13 2
33 688
1 3 2
440 365
1 9 2
60 421
1 10 2
137 560
1 3 2
38 693
1 14 2
598 25
1 6 2
633 91
1 5 2
360 405
1 9 2
432 257
1 9 2
577 535
1 11 2
661 326
1 14 2
242 668
1 12 2
262 563
1 5 2
199 289
1 2 2
512 292
1 9 2
577 118
1 5 2
542 374
1 12 2
34 60
1 10 2
529 280
1 5 2
40 278
1 9 2
233 281
1 7 2
549 155
1 10 2
8 593
1 15 2
30 70
1 15 2
591 145
1 14 2
391 30
1 15 2
290 408
1 11 2
25 180
1 6 2
346 196
1 5 2
601 112
1 13 2
635 422
1 5 2
576 483
1 12 2
362 424
1 2 2
15 273
1 5 2
668 488
1 15 2
651 54
1 15 2
564 231
1 13 2
474 26
1 7 2
497 349
1 4 2
210 616
1 8 2
388 585
1 7 2
288 284
1 7 2
591 42
1 7 2
310 530
1 12 2
154 270
1 8 2
348 150
1 8 2
441 625
1 5 2
685 693
1 4 2
217 242
1 4 2
388 277
1 9 2
355 374
1 8 2
3 627
1 11 2
606 241
1 2 2
4 607
1 7 2
251 293
1 13 2
317 197
1 4 2
308 239
1 14 2
452 592
1 15 2
570 646
1 12 2
372 396
1 6 2
468 123
1 4 2
288 45
1 12 2
280 534
1 6 2
121 76
1 4 2
141 655
1 14 2
694 191
1 6 2
400 402
1 12 2
79 535
1 15 2
615 238
1 9 2
506 468
1 12 2
643 503
1 4 2
326 227
1 15 2
665 17
1 12 2
35 359
1 12 2
246 508
1 9 2
436 193
1 15 2
312 432
1 11 2
582 279
1 12 2
334 641
1 3 2
503 535
1 10 2
256 344
1 6 2
3 329
1 10 2
160 582
1 11 2
571 656
1 12 2
287 318
1 15 2
1 468
1 7 2
77 526
1 5 2
478 441
1 13 2
457 61
1 5 2
237 169
1 11 2
301 399
1 10 2
632 94
1 9 2
159 166
1 12 2
339 297
1 13 2
592 93
1 14 2
616 230
1 3 2
426 74
1 9 2
459 591
1 14 2
48 230
1 8 2
27 464
1 10 2
588 265
1 7 2
4 589
1 9 2
504 505
1 15 2
56 598
1 4 2
582 636
1 8 2
519 320
1 2 2
530 109
1 2 2
231 485
1 14 2
152 666
1 14 2
151 169
1 8 2
391 28
1 12 2
560 486
1 2 2
241 49
1 4 2
403 85
1 11 2
286 314
1 11 2
482 170
1 14 2
478 22
1 8 2
119 196
1 15 2
140 157
1 3 2
455 520
1 9 2
462 610
1 9 2
197 568
1 6 2
660 204
1 4 2
257 691
1 8 2
303 540
1 2 2
478 237
1 14 2
215 126
1 7 2
261 442
1 12 2
106 674
1 9 2
678 594
1 11 2
671 101
1 10 2
331 209
1 2 2
81 168
1 11 2
682 559
1 2 2
85 614
1 14 2
427 283
1 12 2
535 111
1 7 2
49 327
1 6 2
374 441
1 7 2
653 592
1 10 2
620 485
1 14 2
509 21
1 14 2
235 56
1 9 2
452 259
1 9 2
0 636
1 3 2
557 64
1 9 2
664 524
1 7 2
404 358
1 9 2
139 661
1 4 2
353 579
1 5 2
561 588
1 3 2
662 698
1 2 2
574 674
1 3 2
433 257
1 13 2
329 505
1 5 2
463 303
1 15 2
156 694
1 10 2
590 474
1 4 2
213 134
1 3 2
41 369
1 13 2
201 666
1 11 2
460 388
1 11 2
303 417
1 14 2
112 392
1 4 2
535 371
1 6 2
423 630
1 4 2
294 628
1 14 2
213 162
1 11 2
15 29
1 7 2
148 177
1 7 2
637 261
1 8 2
210 144
1 14 2
217 476
1 15 2
145 225
1 12 2
220 568
1 8 2
218 224
1 5 2
556 523
1 4 2
324 351
1 15 2
603 611
1 14 2
76 488
1 3 2
39 159
1 3 2
341 178
1 6 2
252 684
1 15 2
306 554
1 15 2
46 103
1 5 2
504 47
1 4 2
545 654
1 5 2
673 345
1 5 2
286 584
1 2 2
377 477
1 15 2
611 477
1 3 2
365 361
1 2 2
117 78
1 7 2
262 345
1 8 2
409 330
1 5 2
450 102
1 7 2
610 302
1 6 2
477 133
1 13 2
71 552
1 5 2
70 476
1 2 2
633 527
1 11 2
56 326
1 4 2
566 182
1 15 2
292 267
1 13 2
218 169
1 10 2
445 427
1 4 2
550 30
1 15 2
452 582
1 7 2
313 571
1 9 2
408 664
1 8 2
618 141
1 2 2
393 172
1 3 2
383 521
1 5 2
336 219
1 12 2
178 351
1 12 2
139 286
1 14 2
132 313
1 8 2
396 589
1 2 2
208 91
1 7 2
64 335
1 15 2
345 256
1 8 2
630 294
1 6 2
99 434
1 7 2
689 69
1 13 2
568 364
1 7 2
26 361
1 14 2
440 51
1 10 2
528 337
1 7 2
421 207
1 5 2
270 497
1 9 2
138 653
1 12 2
107 181
1 14 2
137 135
1 11 2
648 506
1 14 2
487 110
1 5 2
165 515
1 14 2
429 150
1 3 2
301 338
1 8 2
458 179
1 5 2
424 71
1 9 2
640 124
1 5 2
114 698
1 3 2
397 392
1 11 2
404 202
1 6 2
560 552
1 10 2
164 130
1 4 2
176 559
1 12 2
95 400
1 12 2
179 656
1 12 2
453 252
1 9 2
23 309
1 12 2
577 644
1 14 2
131 39
1 10 2
517 252
1 3 2
450 19
1 14 2
526 78
1 7 2
582 179
1 15 2
43 340
1 8 2
569 317
1 12 2
401 62
1 3 2
35 30
1 11 2
57 5
1 10 2
372 151
1 14 2
576 488
1 11 2
4 145
1 12 2
639 565
1 3 2
450 64
1 2 2
377 578
1 12 2
306 241
1 15 2
447 44
1 8 2
56 25
1 14 2
15 43
1 5 2
568 68
1 3 2
541 349
1 13 2
501 472
1 6 2
365 38
1 8 2
617 42
1 4 2
45 413
1 7 2
213 205
1 13 2
120 640
1 13 2
578 72
1 10 2
287 460
1 8 2
298 410
1 3 2
300 602
1 13 2
288 325
1 6 2
6 237
1 3 2
642 375
1 12 2
437 283
1 6 2
463 636
1 6 2
244 264
1 3 2
559 164
1 11 2
36 289
1 10 2
188 400
1 8 2
236 162
1 9 2
240 95
1 3 2
115 321
1 9 2
96 480
1 11 2
1 138
1 12 2
283 94
1 2 2
499 180
1 9 2
143 456
1 12 2
253 209
1 3 2
243 145
1 8 2
548 312
1 3 2
74 101
1 9 2
661 196
1 13 2
384 69
1 6 2
83 651
1 11 2
600 81
1 4 2
623 643
1 10 2
614 348
1 3 2
455 217
1 8 2
0 18
1 6 2
385 604
1 2 2
403 491
1 9 2
333 555
1 8 2
530 42
1 3 2
468 336
1 2 2
360 369
1 6 2
10 553
1 13 2
452 97
1 4 2
396 583
1 4 2
497 31
1 7 2
255 212
1 14 2
470 486
1 4 2
408 101
1 9 2
229 234
1 3 2
3 493
1 7 2
270 204
1 8 2
71 383
1 10 2
280 397
1 9 2
99 505
1 9 2
287 63
1 13 2
599 572
1 3 2
530 97
1 13 2
225 393
1 3 2
625 88
1 3 2
459 118
1 9 2
385 681
1 12 2
342 92
1 15 2
523 132
1 15 2
493 273
1 11 2
617 11
1 15 2
589 148
1 3 2
493 188
1 3 2
393 41
1 9 2
565 650
1 9 2
612 138
1 14 2
332 634
1 15 2
367 98
1 15 2
389 425
1 14 2
391 413
1 3 2
55 35
1 2 2
437 328
1 4 2
655 315
1 4 2
301 490
1 9 2
567 290
1 12 2
681 660
1 9 2
45 399
1 7 2
161 641
1 13 2
531 631
1 15 2
477 480
1 12 2
43 173
1 6 2
312 221
1 6 2
244 233
1 10 2
633 561
1 12 2
100 120
1 2 2
354 546
1 13 2
20 235
1 2 2
686 169
1 15 2
162 165
1 7 2
131 588
1 13 2
672 82
1 10 2
167 698
1 6 2
311 155
1 6 2
354 538
1 11 2
491 18
1 15 2
359 360
1 4 2
215 525
1 4 2
387 474
1 10 2
613 595
1 7 2
455 284
1 5 2
596 40
1 15 2
141 542
1 11 2
537 559
1 5 2
288 501
1 13 2
17 331
1 6 2
123 84
1 5 2
249 697
1 14 2
96 238
1 12 2
34 66
1 13 2
84 284
1 12 2
611 498
1 6 2
455 184
1 3 2
502 162
1 13 2
228 370
1 13 2
161 502
1 12 2
378 673
1 2 2
519 216
1 8 2
587 648
1 13 2
538 303
1 12 2
123 92
1 9 2
490 46
1 13 2
600 445
1 11 2
687 539
1 9 2
286 238
1 9 2
109 438
1 15 2
117 31
1 14 2
297 68
1 2 2
109 242
1 12 2
638 482
1 15 2
8 372
1 6 2
411 108
1 5 2
589 376
1 7 2
576 477
1 11 2
23 658
1 6 2
274 625
1 12 2
254 628
1 3 2
231 622
1 6 2
654 495
1 4 2
623 142
1 7 2
294 382
1 6 2
61 331
1 6 2
578 452
1 2 2
365 580
1 9 2
286 148
1 15 2
561 5
1 9 2
678 689
1 14 2
255 34
1 8 2
193 11
1 2 2
578 471
1 3 2
347 525
1 13 2
647 477
1 10 2
311 517
1 15 2
366 151
1 13 2
36 621
1 14 2
673 165
1 8 2
546 415
1 9 2
368 32
1 14 2
245 139
1 6 2
55 158
1 9 2
360 375
1 10 2
336 570
1 12 2
314 269
1 10 2
125 123
1 4 2
616 110
1 5 2
218 446
1 10 2
13 419
1 4 2
407 467
1 7 2
390 405
1 15 2
530 227
1 3 2
33 605
1 7 2
240 65
1 3 2
229 361
1 8 2
145 248
1 2 2
152 606
1 6 2
256 283
1 14 2
61 509
1 2 2
479 459
1 3 2
94 641
1 5 2
159 148
1 15 2
236 144
1 6 2
509 245
1 13 2
339 615
1 2 2
252 209
1 3 2
585 665
1 10 2
234 167
1 13 2
394 639
1 15 2
486 306
1 10 2
93 101
1 10 2
490 603
1 10 2
458 308
1 8 2
398 92
1 7 2
227 261
1 7 2
546 493
1 2 2
592 254
1 12 2
20 279
1 2 2
447 530
1 3 2
98 343
1 11 2
440 69
1 3 2
457 603
1 2 2
548 164
1 9 2
201 578
1 7 2
660 567
1 6 2
7 436
1 13 2
589 246
1 2 2
20 695
1 3 2
373 473
1 8 2
188 106
1 9 2
462 691
1 5 2
530 498
1 15 2
187 92
1 5 2
651 387
1 13 2
514 504
1 4 2
5 82
1 11 2
382 26
1 8 2
499 514
1 5 2
504 396
1 4 2
630 531
1 12 2
639 417
1 3 2
292 365
1 14 2
592 461
1 7 2
167 664
1 9 2
310 609
1 3 2
445 194
1 11 2
179 427
1 9 2
377 161
1 2 2
157 56
1 5 2
425 460
1 2 2
506 333
1 6 2
634 613
1 3 2
626 263
1 4 2
10 631
1 2 2
410 1
1 12 2
325 274
1 13 2
394 347
1 12 2
533 230
1 4 2
412 455
1 10 2
178 546
1 5 2
228 634
1 10 2
431 691
1 9 2
82 75
1 10 2
693 188
1 13 2
545 231
1 8 2
646 454
1 15 2
423 350
1 5 2
692 365
1 12 2
476 460
1 4 2
677 538
1 13 2
74 272
1 10 2
9 131
1 9 2
36 445
1 8 2
514 356
1 10 2
283 452
1 11 2
420 534
1 9 2
517 256
1 13 2
410 533
1 8 2
303 203
1 11 2
558 427
1 5 2
9 367
1 7 2
285 610
1 2 2
651 44
1 4 2
576 162
1 14 2
165 434
1 13 2
407 273
1 4 2
557 679
1 2 2
327 283
1 3 2
331 439
1 4 2
459 53
1 12 2
188 131
1 9 2
61 690
1 15 2
348 73
1 14 2
107 60
1 15 2
593 37
1 8 2
116 624
1 5 2
460 256
1 12 2
127 62
1 8 2
359 620
1 4 2
249 493
1 7 2
164 222
1 15 2
131 462
1 13 2
259 567
1 7 2
273 65
1 9 2
287 489
1 15 2
633 595
1 7 2
530 497
1 5 2
270 407
1 9 2
112 336
1 12 2
431 418
1 9 2
327 382
1 12 2
625 119
1 2 2
479 453
1 11 2
155 168
1 3 2
588 6
1 10 2
469 221
1 11 2
523 274
1 2 2
503 268
1 10 2
418 555
1 12 2
353 169
1 5 2
107 444
1 9 2
136 369
1 3 2
458 446
1 13 2
132 677
1 5 2
181 259
1 2 2
242 132
1 11 2
603 123
1 8 2
76 400
1 8 2
242 673
1 13 2
252 574
1 11 2
452 695
1 6 2
334 204
1 8 2
288 685
1 5 2
475 29
1 3 2
233 552
1 4 2
273 195
1 13 2
396 87
1 6 2
655 243
1 15 2
313 660
1 10 2
664 32
1 9 2
550 73
1 2 2
606 198
1 13 2
453 230
1 5 2
526 385
1 10 2
431 50
1 15 2
46 181
1 8 2
438 306
1 14 2
199 355
1 3 2
393 139
1 9 2
65 353
1 11 2
606 600
1 6 2
214 180
1 4 2
517 691
1 8 2
178 304
1 15 2
352 117
1 3 2
225 560
1 13 2
120 247
1 12 2
7 342
1 13 2
481 646
1 13 2
546 139
1 5 2
382 579
1 3 2
148 43
1 15 2
197 648
1 14 2
527 159
1 9 2
66 503
1 9 2
337 645
1 14 2
586 604
1 4 2
349 283
1 2 2
51 436
1 15 2
49 393
1 5 2
484 23
1 15 2
272 432
1 4 2
263 567
1 7 2
338 194
1 8 2
659 70
1 13 2
582 138
1 7 2
45 13
1 8 2
558 538
1 3 2
576 691
1 4 2
39 531
1 6 2
481 141
1 7 2
287 533
1 2 2
624 690
1 12 2
619 302
1 12 2
50 574
1 3 2
214 308
1 2 2
587 236
1 13 2
620 416
1 11 2
101 698
1 7 2
379 51
1 12 2
351 621
1 10 2
356 614
1 11 2
343 413
1 5 2
325 490
1 10 2
426 190
1 13 2
27 127
1 4 2
247 448
1 8 2
561 514
1 5 2
457 142
1 5 2
181 184
1 10 2
157 562
1 7 2
79 142
1 6 2
154 190
1 7 2
651 32
1 3 2
353 690
1 11 2
629 336
1 3 2
30 591
1 14 2
163 388
1 12 2
24 84
1 2 2
325 163
1 13 2
43 409
1 10 2
160 309
1 4 2
33 11
1 3 2
120 365
1 8 2
433 193
1 14 2
170 264
1 7 2
440 534
1 7 2
607 655
1 2 2
205 84
1 5 2
175 442
1 6 2
310 54
1 2 2
634 159
1 8 2
461 146
1 13 2
362 220
1 13 2
33 150
1 7 2
417 648
1 12 2
649 380
1 11 2
548 680
1 9 2
358 21
1 7 2
496 519
1 3 2
233 351
1 7 2
512 567
1 11 2
66 589
1 4 2
354 665
1 14 2
377 211
1 6 2
43 112
1 6 2
642 16
1 7 2
637 322
1 12 2
50 194
1 13 2
267 327
1 15 2
562 402
1 9 2
639 191
1 5 2
520 200
1 4 2
692 265
1 13 2
179 364
1 12 2
126 567
1 9 2
527 155
1 3 2
106 9
1 13 2
259 86
1 14 2
62 444
1 6 2
579 375
1 5 2
179 58
1 10 2
19 521
1 9 2
660 410
1 13 2
671 639
1 4 2
229 133
1 5 2
504 629
1 5 2
633 617
1 6 2
612 330
1 14 2
276 8
1 5 2
293 248
1 11 2
699 368
1 7 2
301 154
1 3 2
521 595
1 3 2
324 575
1 11 2
447 432
1 4 2
658 624
1 8 2
600 384
1 11 2
6 273
1 15 2
667 6
1 10 2
566 389
1 11 2
378 140
1 14 2
219 535
1 8 2
277 287
1 7 2
504 266
1 13 2
213 434
1 11 2
684 16
1 7 2
556 488
1 3 2
356 3
1 5 2
595 200
1 3 2
166 193
1 5 2
271 63
1 7 2
422 111
1 11 2
650 167
1 9 2
277 508
1 4 2
156 131
1 4 2
437 620
1 8 2
212 291
1 3 2
138 574
1 8 2
263 628
1 5 2
493 305
1 6 2
161 456
1 7 2
115 104
1 4 2
160 633
1 10 2
74 459
1 10 2
316 222
1 12 2
561 1
1 3 2
315 637
1 7 2
540 404
1 3 2
435 284
1 6 2
192 633
1 8 2
357 129
1 6 2
336 369
1 13 2
304 659
1 5 2
158 115
1 12 2
132 219
1 12 2
567 699
1 10 2
506 469
1 13 2
513 685
1 9 2
351 446
1 10 2
418 242
1 11 2
154 561
1 6 2
395 375
1 5 2
349 342
1 14 2
315 599
1 10 2
648 587
1 14 2
481 200
1 7 2
49 656
1 6 2
639 122
1 6 2
338 250
1 6 2
671 496
1 5 2
11 471
1 13 2
484 662
1 12 2
559 606
1 2 2
492 198
1 4 2
77 169
1 11 2
606 348
1 12 2
307 635
1 3 2
106 446
1 8 2
318 174
1 12 2
36 81
1 9 2
490 648
1 9 2
100 245
1 8 2
387 455
1 13 2
465 151
1 9 2
180 431
1 10 2
660 132
1 11 2
161 294
1 6 2
645 122
1 5 2
322 122
1 8 2
465 55
1 10 2
287 360
1 7 2
154 250
1 11 2
456 23
1 8 2
550 95
1 12 2
450 263
1 11 2
423 284
1 15 2
586 310
1 10 2
107 472
1 2 2
478 278
1 11 2
96 30
1 2 2
83 95
1 7 2
584 318
1 6 2
675 514
1 7 2
333 657
1 10 2
399 236
1 15 2
311 532
1 11 2
600 474
1 13 2
221 195
1 10 2
485 140
1 11 2
599 699
1 10 2
419 406
1 4 2
15 328
1 12 2
423 437
1 3 2
255 173
1 12 2
173 309
1 15 2
606 101
1 10 2
304 532
1 12 2
51 203
1 2 2
512 651
1 4 2
319 308
1 15 2
491 574
1 13 2
162 656
1 8 2
68 485
1 15 2
609 192
1 12 2
627 502
1 4 2
641 360
1 11 2
24 180
1 7 2
566 89
1 5 2
288 641
1 14 2
99 476
1 12 2
34 337
1 12 2
599 391
1 5 2
440 280
1 7 2
516 550
1 10 2
66 625
1 5 2
309 576
1 3 2
415 54
1 14 2
443 8
1 6 2
531 452
1 10 2
324 216
1 4 2
585 638
1 15 2
56 322
1 13 2
297 690
1 8 2
290 415
1 3 2
579 586
1 12 2
21 656
1 11 2
96 71
1 14 2
312 70
1 3 2
644 470
1 8 2
167 158
1 12 2
75 565
1 13 2
245 151
1 14 2
568 443
1 7 2
692 620
1 12 2
452 543
1 8 2
103 381
1 3 2
517 406
1 5 2
37 593
1 12 2
587 126
1 8 2
154 339
1 13 2
212 649
1 14 2
282 341
1 13 2
468 523
1 2 2
385 118
1 11 2
264 374
1 12 2
618 56
1 10 2
238 318
1 13 2
698 419
1 8 2
521 333
1 3 2
666 653
1 2 2
18 1
1 4 2
317 404
1 12 2
530 659
1 5 2
284 83
1 11 2
632 492
1 5 2
167 123
1 10 2
28 686
1 13 2
59 441
1 10 2
343 612
1 6 2
618 15
1 3 2
275 557
1 6 2
283 251
1 8 2
655 257
1 7 2
222 268
1 15 2
592 687
1 14 2
384 315
1 10 2
606 314
1 4 2
367 221
1 9 2
237 147
1 10 2
115 142
1 3 2
113 6
1 14 2
549 263
1 4 2
511 595
1 7 2
362 617
1 2 2
462 640
1 10 2
587 287
1 3 2
618 516
1 10 2
552 50
1 3 2
378 286
1 11 2
39 444
1 2 2
523 601
1 12 2
583 575
1 5 2
383 609
1 8 2
200 92
1 9 2
498 477
1 13 2
447 137
1 9 2
447 174
1 15 2
162 679
1 4 2
621 609
1 4 2
513 610
1 10 2
510 421
1 12 2
464 301
1 10 2
93 197
1 10 2
83 526
1 7 2
221 508
1 10 2
157 653
1 9 2
89 243
1 12 2
546 425
1 10 2
445 139
1 5 2
447 485
1 13 2
240 686
1 11 2
382 169
1 15 2
422 643
1 10 2
573 21
1 2 2
427 67
1 15 2
462 508
1 9 2
470 32
1 8 2
378 249
1 15 2
220 323
1 15 2
473 335
1 7 2
187 513
1 8 2
246 190
1 12 2
291 99
1 15 2
300 8
1 2 2
556 544
1 5 2
336 690
1 10 2
533 80
1 2 2
455 280
1 9 2
28 200
1 7 2
319 620
1 6 2
0 637
1 11 2
140 683
1 6 2
259 29
1 3 2
420 694
1 6 2
415 166
1 5 2
504 42
1 5 2
127 439
1 5 2
567 235
1 2 2
385 334
1 9 2
552 630
1 6 2
178 389
1 14 2
669 695
1 9 2
126 314
1 12 2
533 650
1 3 2
470 372
1 4 2
567 31
1 9 2
36 374
1 9 2
469 382
1 5 2
571 171
1 9 2
534 232
1 6 2
669 232
1 6 2
513 623
1 14 2
14 269
1 3 2
210 617
1 2 2
685 335
1 12 2
661 20
1 13 2
25 295
1 2 2
12 586
1 6 2
224 52
1 10 2
613 525
1 15 2
70 114
1 5 2
534 688
1 7 2
331 397
1 6 2
331 573
1 12 2
426 224
1 11 2
328 491
1 9 2
140 286
1 8 2
638 557
1 9 2
612 27
1 13 2
69 245
1 15 2
140 538
1 5 2
331 36
1 14 2
193 312
1 14 2
699 377
1 13 2
267 51
1 12 2
595 156
1 11 2
13 665
1 8 2
78 208
1 9 2
136 99
1 5 2
465 482
1 9 2
649 176
1 2 2
592 27
1 15 2
336 257
1 11 2
523 305
1 12 2
530 247
1 11 2
328 395
1 2 2
262 606
1 3 2
30 279
1 2 2
245 304
1 13 2
332 564
1 11 2
97 146
1 5 2
27 399
1 10 2
332 209
1 6 2
103 124
1 14 2
615 575
1 2 2
417 107
1 9 2
63 607
1 2 2
654 668
1 10 2
178 472
1 9 2
151 637
1 13 2
35 397
1 12 2
135 504
1 10 2
584 694
1 2 2
153 290
1 13 2
274 296
1 15 2
669 478
1 6 2
575 661
1 13 2
566 98
1 6 2
646 636
1 9 2
189 198
1 2 2
86 662
1 8 2
248 272
1 2 2
364 309
1 7 2
548 278
1 10 2
661 388
1 15 2
481 50
1 10 2
603 356
1 14 2
57 328
1 4 2
665 509
1 13 2
655 176
1 4 2
645 445
1 12 2
622 116
1 15 2
553 382
1 13 2
222 520
1 11 2
373 450
1 10 2
422 233
1 10 2
210 559
1 10 2
86 446
1 14 2
142 180
1 5 2
643 514
1 2 2
672 671
1 12 2
263 487
1 14 2
688 259
1 11 2
142 400
1 15 2
185 204
1 2 2
389 489
1 11 2
89 199
1 9 2
524 588
1 13 2
401 366
1 10 2
584 53
1 6 2
285 553
1 10 2
617 470
1 2 2
639 39
1 2 2
631 489
1 5 2
211 288
1 4 2
82 527
1 13 2
664 403
1 6 2
39 121
1 6 2
298 637
1 2 2
671 688
1 10 2
559 686
1 12 2
424 130
1 3 2
391 98
1 13 2
186 618
1 10 2
198 631
1 14 2
359 505
1 14 2
376 415
1 10 2
386 164
1 15 2
25 435
1 5 2
137 576
1 12 2
384 674
1 9 2
31 542
1 14 2
612 219
1 3 2
497 352
1 11 2
506 279
1 11 2
630 83
1 2 2
146 331
1 5 2
54 339
1 5 2
4 697
1 3 2
13 318
1 4 2
453 159
1 2 2
515 235
1 3 2
634 444
1 10 2
136 382
1 15 2
377 659
1 10 2
624 567
1 5 2
122 392
1 2 2
90 302
1 3 2
238 528
1 2 2
247 145
1 15 2
85 6
1 2 2
287 534
1 6 2
80 280
1 13 2
33 103
1 8 2
627 2
1 12 2
66 19
1 7 2
396 423
1 2 2
180 549
1 13 2
8 495
1 15 2
409 577
1 14 2
360 491
1 9 2
230 263
1 8 2
221 412
1 4 2
612 46
1 5 2
471 29
1 9 2
235 602
1 6 2
334 562
1 15 2
571 96
1 11 2
176 119
1 13 2
176 12
1 15 2
235 97
1 13 2
524 272
1 11 2
616 585
1 6 2
343 371
1 9 2
447 371
1 9 2
398 329
1 9 2
680 21
1 7 2
141 167
1 8 2
325 41
1 13 2
220 254
1 10 2
579 319
1 13 2
529 641
1 15 2
676 689
1 8 2
660 215
1 15 2
201 164
1 10 2
609 222
1 8 2
466 600
1 6 2
679 668
1 2 2
539 374
1 2 2
182 525
1 8 2
506 465
1 3 2
419 553
1 2 2
128 525
1 7 2
323 475
1 7 2
405 76
1 11 2
400 456
1 3 2
289 569
1 12 2
429 686
1 2 2
514 238
1 4 2
69 349
1 11 2
605 114
1 8 2
607 211
1 6 2
622 434
1 14 2
317 690
1 11 2
172 123
1 8 2
60 407
1 12 2
352 690
1 8 2
134 118
1 15 2
645 99
1 15 2
629 384
1 4 2
135 313
1 15 2
117 106
1 13 2
136 228
1 11 2
678 538
1 3 2
484 301
1 6 2
72 610
1 8 2
586 241
1 12 2
163 327
1 14 2
64 431
1 7 2
167 154
1 9 2
676 510
1 2 2
490 377
1 12 2
173 151
1 2 2
173 330
1 3 2
203 433
1 3 2
504 513
1 11 2
634 89
1 3 2
664 21
1 15 2
313 443
1 8 2
253 17
1 5 2
92 38
1 9 2
636 430
1 7 2
188 444
1 5 2
236 119
1 12 2
497 182
1 6 2
251 468
1 13 2
108 515
1 12 2
295 551
1 5 2
423 386
1 6 2
153 25
1 11 2
333 0
1 6 2
6 603
1 13 2
343 33
1 8 2
387 125
1 7 2
618 312
1 15 2
196 652
1 13 2
212 232
1 10 2
511 432
1 12 2
8 514
1 6 2
6 191
1 10 2
341 413
1 5 2
561 272
1 5 2
242 316
1 6 2
337 209
1 10 2
544 150
1 8 2
294 532
1 5 2
242 432
1 3 2
230 64
1 9 2
694 657
1 14 2
666 118
1 8 2
486 169
1 10 2
32 684
1 3 2
93 192
1 11 2
436 184
1 9 2
109 190
1 7 2
63 416
1 4 2
427 328
1 11 2
609 418
1 5 2
560 632
1 5 2
194 23
1 13 2
343 276
1 4 2
564 650
1 3 2
646 58
1 9 2
388 97
1 7 2
196 232
1 6 2
255 305
1 13 2
525 475
1 15 2
42 11
1 2 2
269 656
1 15 2
269 370
1 6 2
23 692
1 9 2
23 0
1 2 2
456 303
1 8 2
128 696
1 15 2
582 571
1 9 2
108 531
1 3 2
427 209
1 11 2
382 146
1 14 2
502 404
1 8 2
95 485
1 4 2
437 119
1 3 2
474 108
1 9 2
670 596
1 7 2
325 155
1 5 2
620 248
1 3 2
670 151
1 7 2
459 135
1 14 2
25 407
1 4 2
301 494
1 15 2
190 243
1 13 2
320 301
1 14 2
205 651
1 15 2
645 355
1 15 2
179 668
1 15 2
421 23
1 6 2
695 230
1 4 2
58 547
1 14 2
213 577
1 10 2
284 17
1 13 2
507 162
1 8 2
479 182
1 13 2
239 59
1 14 2
283 236
1 14 2
195 211
1 11 2
251 209
1 9 2
154 174
1 7 2
354 551
1 8 2
44 647
1 10 2
540 81
1 7 2
267 211
1 8 2
237 71
1 15 2
272 657
1 4 2
168 437
1 4 2
525 112
1 10 2
471 416
1 15 2
565 657
1 9 2
674 80
1 14 2
140 258
1 4 2
347 493
1 9 2
132 127
1 11 2
653 169
1 12 2
685 664
1 8 2
446 579
1 11 2
306 679
1 15 2
140 14
1 2 2
566 318
1 8 2
67 382
1 10 2
631 232
1 7 2
651 404
1 8 2
440 374
1 4 2
89 656
1 14 2
497 544
1 9 2
574 471
1 5 2
362 453
1 9 2
42 573
1 13 2
142 460
1 2 2
467 425
1 5 2
158 0
1 7 2
15 500
1 7 2
146 630
1 3 2
436 87
1 9 2
393 221
1 10 2
188 585
1 14 2
201 7
1 4 2
179 489
1 13 2
406 546
1 12 2
16 169
1 13 2
323 126
1 8 2
104 552
1 7 2
7 204
1 9 2
34 381
1 6 2
190 0
1 2 2
662 91
1 10 2
574 271
1 4 2
485 626
1 9 2
601 194
1 9 2
118 456
1 5 2
456 110
1 13 2
200 359
1 8 2
533 585
1 6 2
504 415
1 12 2
494 400
1 11 2
442 285
1 8 2
440 4
1 2 2
499 335
1 13 2
304 438
1 12 2
420 666
1 12 2
355 265
1 9 2
595 193
1 10 2
600 604
1 12 2
391 512
1 13 2
312 334
1 2 2
512 298
1 8 2
520 11
1 7 2
75 266
1 10 2
358 576
1 14 2
654 568
1 13 2
520 161
1 5 2
424 85
1 9 2
12 615
1 6 2
70 594
1 13 2
201 26
1 11 2
308 495
1 4 2
127 444
1 4 2
260 477
1 15 2
471 352
1 13 2
19 0
1 15 2
307 115
1 7 2
168 663
1 6 2
103 690
1 2 2
475 195
1 6 2
252 262
1 3 2
664 207
1 3 2
577 226
1 5 2
449 238
1 10 2
517 619
1 8 2
123 397
1 2 2
315 598
1 14 2
604 475
1 6 2
449 256
1 4 2
124 426
1 4 2
30 549
1 7 2
649 388
1 6 2
388 53
1 9 2
147 639
1 11 2
577 458
1 11 2
478 107
1 4 2
569 224
1 11 2
156 477
1 14 2
336 405
1 12 2
483 39
1 10 2
8 561
1 15 2
264 57
1 5 2
295 134
1 7 2
498 617
1 3 2
98 228
1 3 2
187 436
1 9 2
527 395
1 3 2
390 190
1 8 2
402 80
1 11 2
227 693
1 10 2
674 35
1 15 2
282 380
1 13 2
87 498
1 6 2
95 389
1 10 2
183 178
1 12 2
44 115
1 10 2
489 149
1 3 2
672 691
1 13 2
645 659
1 2 2
160 198
1 7 2
445 198
1 9 2
578 389
1 11 2
95 297
1 7 2
601 516
1 6 2
279 574
1 5 2
412 690
1 10 2
175 149
1 10 2
512 428
1 14 2
13 51
1 6 2
257 143
1 10 2
494 224
1 3 2
135 145
1 8 2
52 144
1 12 2
49 34
1 8 2
292 517
1 10 2
584 380
1 6 2
654 698
1 2 2
33 122
1 2 2
606 33
1 14 2
41 170
1 5 2
137 380
1 2 2
692 32
1 7 2
32 46
1 10 2
275 241
1 3 2
684 681
1 13 2
611 569
1 2 2
652 126
1 4 2
688 165
1 13 2
673 375
1 2 2
39 416
1 6 2
252 673
1 13 2
209 379
1 14 2
647 469
1 11 2
499 289
1 5 2
383 429
1 9 2
500 43
1 13 2
695 315
1 11 2
402 86
1 15 2
246 336
1 14 2
314 333
1 15 2
48 24
1 2 2
491 213
1 9 2
359 511
1 9 2
466 642
1 11 2
510 527
1 6 2
276 324
1 13 2
604 218
1 8 2
403 651
1 6 2
385 441
1 13 2
44 300
1 7 2
659 416
1 7 2
216 327
1 9 2
689 294
1 4 2
420 601
1 9 2
655 426
1 14 2
318 623
1 9 2
633 80
1 15 2
153 570
1 9 2
479 3
1 4 2
207 337
1 9 2
138 231
1 15 2
83 423
1 15 2
447 382
1 6 2
237 372
1 15 2
622 493
1 3 2
526 635
1 13 2
553 34
1 4 2
283 131
1 13 2
76 331
1 2 2
511 62
1 8 2
666 247
1 7 2
282 694
1 13 2
578 477
1 2 2
107 348
1 4 2
605 190
1 11 2
533 67
1 15 2
319 598
1 3 2
451 581
1 5 2
633 359
1 10 2
260 448
1 7 2
373 361
1 13 2
50 102
1 3 2
566 105
1 3 2
337 560
1 12 2
432 583
1 14 2
678 637
1 12 2
39 491
1 12 2
423 677
1 8 2
22 295
1 2 2
324 555
1 9 2
420 462
1 4 2
294 268
1 12 2
392 598
1 8 2
143 437
1 7 2
115 471
1 15 2
315 55
1 11 2
355 585
1 4 2
182 660
1 6 2
125 407
1 13 2
139 579
1 8 2
533 75
1 3 2
558 257
1 3 2
481 349
1 9 2
225 693
1 3 2
217 133
1 3 2
147 19
1 9 2
579 239
1 4 2
549 541
1 3 2
275 124
1 4 2
552 437
1 15 2
28 414
1 8 2
90 87
1 14 2
569 304
1 3 2
601 369
1 15 2
184 52
1 9 2
179 6
1 12 2
697 650
1 3 2
302 96
1 15 2
166 131
1 8 2
163 275
1 3 2
505 29
1 15 2
560 142
1 8 2
548 101
1 15 2
5 425
1 13 2
103 294
1 3 2
684 297
1 12 2
666 51
1 8 2
280 452
1 8 2
488 395
1 3 2
203 242
1 3 2
210 685
1 5 2
499 468
1 9 2
431 227
1 3 2
186 163
1 2 2
460 13
1 10 2
113 556
1 12 2
207 505
1 5 2
229 644
1 15 2
672 25
1 3 2
285 484
1 10 2
637 265
1 6 2
682 235
1 7 2
698 109
1 8 2
457 59
1 15 2
71 648
1 14 2
677 497
1 12 2
334 658
1 15 2
524 125
1 9 2
117 518
1 5 2
562 405
1 2 2
454 384
1 7 2
610 221
1 8 2
347 72
1 3 2
221 317
1 3 2
362 504
1 4 2
522 227
1 10 2
272 430
1 9 2
530 251
1 5 2
371 386
1 9 2
348 591
1 10 2
79 683
1 4 2
260 303
1 7 2
66 537
1 15 2
663 395
1 12 2
334 335
1 8 2
121 22
1 7 2
221 278
1 10 2
238 572
1 5 2
253 367
1 5 2
694 622
1 6 2
352 36
1 7 2
7 101
1 3 2
415 349
1 15 2
618 63
1 15 2
467 552
1 6 2
473 328
1 5 2
293 109
1 2 2
7 52
1 12 2
455 153
1 15 2
262 427
1 6 2
350 589
1 6 2
660 194
1 6 2
646 104
1 12 2
497 100
1 10 2
377 672
1 7 2
49 478
1 7 2
586 459
1 3 2
49 51
1 8 2
242 293
1 10 2
8 370
1 9 2
149 160
1 4 2
150 21
1 7 2
636 265
1 13 2
562 380
1 2 2
197 538
1 8 2
614 38
1 7 2
310 435
1 6 2
679 108
1 11 2
472 273
1 5 2
496 681
1 11 2
76 175
1 7 2
380 279
1 8 2
535 360
1 15 2
221 39
1 6 2
282 48
1 4 2
555 51
1 10 2
414 600
1 3 2
149 141
1 4 2
269 104
1 14 2
222 102
1 7 2
554 56
1 5 2
479 462
1 8 2
162 276
1 15 2
55 44
1 14 2
312 173
1 14 2
494 373
1 2 2
639 429
1 14 2
61 407
1 11 2
584 43
1 7 2
477 486
1 11 2
532 288
1 13 2
625 73
1 4 2
676 468
1 7 2
328 688
1 9 2
52 363
1 5 2
363 71
1 7 2
95 87
1 4 2
301 122
1 14 2
610 208
1 9 2
443 356
1 2 2
65 419
1 11 2
267 235
1 8 2
635 88
1 12 2
173 328
1 14 2
671 362
1 12 2
673 291
1 3 2
676 126
1 12 2
353 298
1 11 2
555 20
1 7 2
649 269
1 11 2
472 607
1 2 2
470 204
1 13 2
116 87
1 2 2
628 406
1 3 2
315 524
1 10 2
365 495
1 4 2
475 490
1 2 2
231 240
1 2 2
199 471
1 15 2
676 496
1 4 2
225 264
1 8 2
241 279
1 10 2
531 366
1 6 2
30 134
1 10 2
464 433
1 2 2
364 86
1 15 2
253 580
1 8 2
161 335
1 9 2
124 273
1 12 2
62 174
1 9 2
276 296
1 10 2
585 144
1 9 2
633 44
1 6 2
54 293
1 12 2
425 353
1 8 2
693 495
1 2 2
336 694
1 15 2
249 219
1 11 2
331 698
1 5 2
522 590
1 8 2
231 441
1 4 2
111 157
1 10 2
164 568
1 7 2
652 161
1 14 2
37 112
1 5 2
135 334
1 8 2
350 571
1 10 2
275 501
1 6 2
538 12
1 7 2
638 188
1 14 2
0 667
1 6 2
208 526
1 7 2
295 582
1 6 2
247 101
1 13 2
282 336
1 12 2
489 386
1 5 2
518 115
1 2 2
114 529
1 6 2
88 260
1 11 2
690 37
1 2 2
280 50
1 3 2
167 155
1 5 2
240 455
1 13 2
90 359
1 3 2
224 542
1 7 2
458 617
1 4 2
457 206
1 15 2
243 96
1 4 2
35 226
1 3 2
511 55
1 7 2
406 447
1 7 2
646 223
1 15 2
648 305
1 13 2
613 286
1 2 2
499 581
1 13 2
476 569
1 4 2
626 64
1 15 2
243 422
1 4 2
432 690
1 6 2
150 26
1 11 2
338 153
1 14 2
507 550
1 8 2
442 497
1 2 2
614 118
1 14 2
362 129
1 8 2
182 353
1 12 2
505 583
1 14 2
372 381
1 12 2
639 138
1 10 2
550 256
1 14 2
5 637
1 13 2
95 691
1 2 2
578 147
1 6 2
569 198
1 14 2
385 4
1 14 2
472 325
1 4 2
626 238
1 14 2
275 68
1 3 2
509 270
1 11 2
13 334
1 4 2
23 55
1 13 2
12 679
1 11 2
377 671
1 3 2
354 160
1 9 2
588 492
1 13 2
110 227
1 10 2
172 640
1 2 2
367 86
1 2 2
209 236
1 11 2
95 578
1 13 2
59 676
1 15 2
522 608
1 11 2
665 220
1 13 2
264 415
1 11 2
28 15
1 10 2
387 232
1 9 2
60 570
1 9 2
158 400
1 14 2
285 166
1 11 2
72 347
1 8 2
648 447
1 3 2
536 381
1 11 2
290 458
1 13 2
448 346
1 6 2
221 128
1 6 2
164 676
1 14 2
604 216
1 13 2
260 403
1 5 2
307 285
1 11 2
195 35
1 4 2
73 230
1 6 2
18 663
1 14 2
98 71
1 7 2
542 381
1 12 2
292 66
1 15 2
285 488
1 4 2
293 37
1 3 2
394 69
1 14 2
481 45
1 14 2
550 424
1 4 2
495 37
1 5 2
425 454
1 13 2
329 451
1 3 2
589 85
1 12 2
172 221
1 6 2
6 230
1 4 2
285 593
1 7 2
151 617
1 4 2
333 23
1 14 2
238 332
1 3 2
85 178
1 11 2
447 43
1 8 2
394 489
1 14 2
525 556
1 9 2
68 189
1 9 2
94 81
1 2 2
166 186
1 15 2
41 612
1 5 2
215 34
1 13 2
218 407
1 8 2
573 566
1 12 2
30 271
1 7 2
6 74
1 5 2
163 348
1 8 2
389 428
1 13 2
273 411
1 8 2
559 518
1 13 2
336 548
1 15 2
382 528
1 14 2
596 127
1 15 2
323 124
1 11 2
617 566
1 4 2
110 258
1 7 2
348 63
1 12 2
149 559
1 10 2
341 17
1 13 2
96 423
1 10 2
509 251
1 4 2
207 167
1 3 2
407 399
1 4 2
507 243
1 2 2
677 377
1 3 2
697 286
1 6 2
692 580
1 7 2
435 238
1 5 2
215 441
1 7 2
300 348
1 15 2
334 124
1 2 2
43 569
1 7 2
106 78
1 5 2
168 183
1 14 2
227 543
1 5 2
277 494
1 15 2
502 660
1 12 2
257 366
1 15 2
71 28
1 7 2
511 86
1 15 2
628 463
1 7 2
243 276
1 13 2
31 548
1 2 2
266 131
1 3 2
42 383
1 11 2
680 590
1 5 2
681 320
1 13 2
240 350
1 5 2
387 54
1 3 2
49 407
1 3 2
373 549
1 5 2
532 472
1 13 2
693 288
1 2 2
39 109
1 12 2
406 21
1 10 2
612 430
1 7 2
175 577
1 10 2
556 416
1 12 2
389 265
1 8 2
516 365
1 13 2
262 271
1 12 2
666 69
1 3 2
8 190
1 12 2
360 397
1 3 2
427 681
1 9 2
237 178
1 13 2
356 101
1 6 2
584 446
1 6 2
116 627
1 11 2
678 179
1 14 2
92 49
1 11 2
376 127
1 6 2
436 543
1 12 2
215 184
1 15 2
622 281
1 10 2
185 488
1 6 2
415 118
1 3 2
591 440
1 14 2
688 669
1 4 2
3 489
1 2 2
411 174
1 5 2
22 466
1 14 2
559 63
1 5 2
428 152
1 12 2
129 43
1 4 2
61 356
1 2 2
320 598
1 2 2
684 148
1 7 2
329 34
1 10 2
329 156
1 15 2
19 38
1 14 2
679 270
1 4 2
408 653
1 11 2
583 529
1 13 2
184 123
1 3 2
44 444
1 13 2
33 329
1 12 2
117 478
1 9 2
448 621
1 4 2
690 304
1 4 2
135 207
1 11 2
313 534
1 13 2
516 372
1 10 2
249 371
1 9 2
11 486
1 5 2
185 605
1 5 2
409 499
1 13 2
224 327
1 11 2
656 264
1 13 2
579 592
1 14 2
171 289
1 6 2
191 164
1 9 2
74 116
1 5 2
204 283
1 11 2
294 506
1 8 2
36 284
1 14 2
678 217
1 10 2
65 80
1 6 2
603 369
1 13 2
444 157
1 13 2
293 622
1 6 2
471 257
1 10 2
323 649
1 12 2
309 610
1 7 2
302 257
1 7 2
232 395
1 4 2
588 143
1 3 2
222 47
1 9 2
9 165
1 12 2
483 30
1 4 2
682 673
1 14 2
377 627
1 2 2
157 266
1 4 2
7 458
1 11 2
698 603
1 5 2
356 41
1 7 2
687 30
1 14 2
369 680
1 5 2
13 44
1 9 2
73 313
1 2 2
264 117
1 4 2
529 376
1 14 2
458 33
1 4 2
285 380
1 8 2
96 527
1 5 2
665 199
1 8 2
299 683
1 14 2
401 426
1 11 2
370 133
1 4 2
505 506
1 8 2
233 643
1 5 2
402 453
1 9 2
632 460
1 12 2
80 126
1 5 2
449 515
1 2 2
611 163
1 4 2
344 181
1 8 2
412 274
1 11 2
169 669
1 9 2
373 529
1 3 2
313 157
1 8 2
135 354
1 9 2
681 459
1 15 2
275 660
1 12 2
291 627
1 14 2
448 390
1 4 2
92 530
1 5 2
290 61
1 15 2
301 54
1 12 2
643 453
1 14 2
607 17
1 13 2
549 655
1 4 2
305 674
1 5 2
90 660
1 15 2
561 479
1 14 2
315 695
1 4 2
469 145
1 13 2
527 28
1 5 2
551 24
1 12 2
483 561
1 10 2
178 320
1 15 2
621 62
1 8 2
527 677
1 11 2
163 45
1 15 2
454 229
1 6 2
344 669
1 7 2
643 8
1 14 2
7 388
1 11 2
63 536
1 3 2
196 350
1 3 2
148 27
1 12 2
501 190
1 14 2
58 0
1 4 2
170 403
1 14 2
173 466
1 14 2
118 559
1 13 2
126 142
1 14 2
513 228
1 8 2
531 525
1 14 2
553 376
1 15 2
254 55
1 3 2
286 526
1 9 2
15 563
1 7 2
677 521
1 3 2
566 112
1 11 2
321 677
1 11 2
431 385
1 12 2
124 572
1 11 2
196 449
1 3 2
98 30
1 10 2
120 527
1 14 2
652 417
1 7 2
146 51
1 7 2
143 612
1 15 2
246 19
1 6 2
66 505
1 10 2
478 285
1 13 2
275 597
1 13 2
444 138
1 14 2
602 45
1 14 2
326 208
1 14 2
321 103
1 10 2
101 526
1 8 2
41 92
1 14 2
339 403
1 11 2
248 527
1 5 2
55 235
1 13 2
688 84
1 14 2
460 484
1 4 2
572 209
1 5 2
512 127
1 12 2
545 188
1 5 2
58 125
1 12 2
104 617
1 14 2
125 262
1 13 2
69 631
1 11 2
589 594
1 5 2
641 211
1 2 2
282 234
1 8 2
41 238
1 12 2
181 50
1 5 2
512 372
1 6 2
299 613
1 3 2
247 591
1 3 2
245 257
1 9 2
28 71
1 12 2
532 77
1 2 2
682 688
1 5 2
479 565
1 11 2
168 507
1 4 2
87 648
1 2 2
486 460
1 3 2
493 138
1 7 2
660 594
1 3 2
590 574
1 15 2
369 485
1 14 2
382 533
1 13 2
631 152
1 2 2
268 656
1 3 2
451 254
1 3 2
654 235
1 9 2
455 553
1 7 2
330 542
1 6 2
337 335
1 2 2
144 191
1 5 2
203 312
1 10 2
148 676
1 6 2
582 418
1 15 2
418 501
1 9 2
357 666
1 7 2
323 630
1 10 2
414 488
1 10 2
70 159
1 10 2
321 334
1 10 2
43 629
1 3 2
190 616
1 15 2
166 446
1 5 2
618 310
1 12 2
176 672
1 10 2
493 319
1 7 2
683 601
1 13 2
195 661
1 4 2
415 242
1 9 2
115 696
1 14 2
240 7
1 7 2
648 104
1 7 2
463 95
1 3 2
657 466
1 3 2
412 529
1 12 2
65 604
1 14 2
104 608
1 10 2
0 321
1 3 2
521 640
1 12 2
646 308
1 14 2
506 38
1 14 2
468 570
1 14 2
596 473
1 5 2
238 295
1 15 2
449 57
1 3 2
132 625
1 11 2
44 86
1 11 2
335 153
1 12 2
22 537
1 6 2
459 609
1 5 2
152 89
1 6 2
571 60
1 14 2
565 385
1 6 2
651 230
1 5 2
345 335
1 13 2
339 94
1 6 2
277 440
1 14 2
653 227
1 7 2
258 543
1 3 2
20 219
1 8 2
380 204
1 11 2
591 218
1 13 2
367 29
1 3 2
261 204
1 14 2
278 142
1 15 2
135 254
1 7 2
194 582
1 3 2
296 175
1 14 2
604 402
1 2 2
679 333
1 8 2
343 293
1 6 2
252 427
1 9 2
661 75
1 13 2
698 249
1 9 2
688 160
1 15 2
14 332
1 3 2
642 276
1 4 2
285 106
1 12 2
437 509
1 9 2
578 358
1 8 2
614 135
1 9 2
325 640
1 3 2
51 513
1 2 2
12 300
1 12 2
115 398
1 15 2
363 366
1 7 2
509 70
1 2 2
359 12
1 6 2
68 663
1 11 2
187 217
1 6 2
538 356
1 5 2
561 200
1 5 2
495 83
1 13 2
688 241
1 14 2
580 95
1 14 2
200 498
1 7 2
565 436
1 4 2
238 257
1 24 2
308 148
1 18 2
555 629
1 4 2
452 83
1 4 2
362 159
1 16 2
413 419
1 16 2
10 398
1 8 2
666 347
1 4 2
517 248
1 18 2
152 244
1 16 2
263 82
1 24 2
275 108
1 18 2
556 483
1 28 2
239 177
1 4 2
583 477
