700 4186 2100
8 5 7 20 25 25 12 14 14 6 23 21 16 21 19 5 24 15 16 9 20 9 13 6 10 18 22 17 14 24 11 12 12 8 21 21 10 25 21 13 13 5 15 6 5 12 24 5 16 9 19 19 18 6 22 17 13 24 11 9 10 18 16 9 22 18 14 8 13 12 10 10 7 10 21 25 19 21 17 21 18 8 10 21 9 9 5 6 10 17 15 8 22 20 23 23 16 6 8 12 7 9 8 24 17 9 17 18 6 23 13 11 6 19 8 14 24 5 6 13 25 21 21 20 11 9 14 8 9 24 12 17 21 15 25 15 21 11 24 22 14 18 22 12 18 13 19 12 14 19 7 13 11 15 17 9 7 7 21 5 9 23 8 6 7 17 19 19 15 8 6 20 15 19 7 13 5 22 25 24 6 25 10 14 12 24 19 9 5 12 25 7 12 14 20 24 12 6 25 24 15 14 25 12 19 23 15 18 9 5 23 19 5 6 11 20 8 16 5 7 17 17 13 17 8 12 22 9 12 15 19 14 16 20 14 25 13 17 13 8 8 12 15 17 12 5 19 15 15 15 11 23 21 24 23 19 5 5 19 14 23 18 14 21 12 12 23 22 15 6 7 18 14 16 14 12 16 5 22 6 20 10 8 15 19 25 16 13 19 18 25 11 12 15 15 11 12 14 17 9 11 10 19 23 18 11 21 10 14 20 23 15 12 19 10 5 7 6 14 18 17 22 6 16 13 13 15 18 20 14 19 6 10 16 13 25 24 13 17 12 9 17 20 8 25 12 15 10 25 13 19 10 14 20 24 24 13 11 12 23 8 10 23 10 18 13 11 25 7 19 5 16 8 11 17 11 20 13 18 13 9 14 25 11 24 22 14 14 14 10 11 10 18 18 25 5 23 23 13 8 12 25 14 9 9 19 14 10 13 25 22 14 22 16 22 25 7 22 21 22 24 10 24 21 23 10 11 17 16 20 23 7 20 9 20 17 25 24 20 24 6 6 13 12 5 22 17 11 14 20 16 17 9 23 13 7 21 25 16 17 17 17 24 6 9 6 19 19 10 22 5 6 12 19 6 24 9 12 18 12 14 12 10 19 9 25 24 6 13 23 7 15 14 8 9 5 21 8 16 15 13 21 7 14 8 11 20 24 9 22 5 17 15 11 22 23 17 25 13 11 12 9 15 15 9 12 24 13 15 8 12 16 11 24 24 24 14 25 7 10 6 19 20 15 8 24 8 10 11 10 9 24 23 16 13 13 10 14 17 20 6 6 13 24 18 15 6 22 18 19 6 6 9 11 20 23 22 10 6 21 22 24 25 10 12 10 20 24 11 18 11 12 21 21 19 24 23 22 11 17 18 20 25 8 25 20 10 19 14 18 25 13 18 15 6 12 19 23 11 21 9 8 25 13 15 13 23 13 16 19 25 22 17 17 13 22 22 6 21 18 20 11 25 22 10 23 6 9 19 23 16 16 21 21 7 10 21 18 11 18 23 15 16 7 12 19 25 7 12 19 16 14 22 14 20 24 15 7 21 23 21 16 22 11 25 11 19 18 14 20 20 19 12 15 7 12 6 21 13 25
3 9 11 8 7 5 19 3 7 5 11 7 19 10 5 12 4 19 6 7 5 12 7 3 6 14 16 3 19 13 16 6 19 4 19 5 11 16 11 16 4 9 15 3 6 18 14 18 5 3 10 14 15 9 11 18 14 16 13 9 14 18 9 20 20 18 11 7 9 19 3 7 13 16 14 17 3 12 7 3 20 17 5 9 3 15 8 12 11 18 15 17 20 16 8 14 17 19 11 6 6 15 10 12 11 19 14 4 3 15 20 14 9 3 8 11 15 11 4 6 20 11 12 4 11 5 7 17 17 15 9 16 18 5 3 11 7 18 5 12 11 4 17 14 11 9 14 15 12 8 14 7 15 12 13 19 14 11 6 12 9 19 20 11 16 5 17 6 12 16 9 12 8 14 7 16 6 12 18 17 16 7 7 12 13 13 5 17 18 3 6 20 15 17 5 12 13 16 9 4 18 11 10 7 15 10 12 4 9 8 9 15 9 18 19 15 18 17 19 9 14 5 14 12 10 12 6 5 19 16 8 20 4 5 15 16 10 9 13 15 16 11 13 16 7 20 11 5 9 5 15 12 20 20 9 18 9 18 6 11 13 12 4 14 9 16 14 16 15 13 18 15 12 6 19 9 20 18 8 3 3 6 19 8 13 19 9 5 11 10 11 19 15 19 17 7 10 10 18 19 12 18 11 16 14 12 4 7 16 7 7 9 10 10 7 15 4 5 7 6 12 16 6 9 5 7 9 17 11 6 14 14 12 17 10 16 18 16 8 14 19 13 14 14 8 16 5 15 5 10 17 6 14 14 13 3 4 12 15 19 3 12 10 19 8 6 17 18 6 20 6 4 11 18 11 20 11 15 13 9 19 19 11 11 6 4 16 10 5 17 10 3 4 3 8 13 7 8 6 7 19 3 14 16 3 15 5 11 14 16 13 10 14 5 4 8 3 5 17 8 3 17 4 18 15 17 17 14 17 9 13 12 13 15 14 15 16 12 12 12 17 4 9 6 8 14 6 17 18 17 7 10 11 5 17 7 15 5 18 14 19 11 4 15 13 20 7 3 16 10 12 15 8 17 16 6 17 9 5 18 18 5 9 15 14 17 7 19 13 19 18 9 7 3 16 12 6 18 5 9 18 6 17 4 11 7 15 15 13 3 13 8 20 11 8 4 7 11 7 17 18 13 20 3 6 3 6 11 5 9 10 16 6 11 20 13 6 11 20 13 10 9 5 19 10 8 16 12 9 20 20 13 7 15 12 11 10 5 6 8 11 17 10 15 16 18 12 4 11 19 15 5 9 12 12 11 16 13 9 6 9 15 4 15 3 11 3 10 4 15 13 20 9 11 8 12 11 13 16 20 3 18 9 4 15 19 9 13 6 7 8 13 15 3 5 17 3 3 5 6 19 6 4 11 14 3 12 14 20 20 11 20 12 13 19 17 13 20 17 8 5 4 5 7 19 14 6 6 5 6 12 8 19 19 5 16 10 16 20 15 5 15 20 17 18 9 14 9 14 11 12 18 17 17 6 20 20 14 6 4 13 20 19 3 20 16 5 7 3 3 18 10 3 14 15 10 4 10 8 15
1 7 2
464 38
1 2 2
66 679
1 5 2
425 534
1 7 2
157 122
1 8 2
573 656
1 7 2
457 528
1 6 2
260 10
1 5 2
619 48
1 13 2
56 689
1 10 2
585 293
1 9 2
639 527
1 12 2
44 345
1 13 2
460 400
1 15 2
103 212
1 11 2
449 244
1 13 2
37 625
1 3 2
319 468
1 5 2
303 56
1 8 2
441 240
1 14 2
395 39
1 5 2
507 19
1 4 2
447 297
1 9 2
124 584
1 12 2
204 327
1 7 2
521 428
1 10 2
607 405
1 10 2
115 49
1 5 2
254 232
1 15 2
397 265
1 9 2
515 579
1 2 2
311 668
1 13 2
467 375
1 4 2
539 468
1 7 2
228 534
1 12 2
199 351
1 13 2
86 547
1 8 2
398 121
1 4 2
597 622
1 9 2
487 51
1 11 2
474 507
1 11 2
70 379
1 10 2
6 176
1 13 2
641 515
1 12 2
313 580
1 6 2
687 64
1 11 2
249 338
1 6 2
509 177
1 15 2
40 403
1 5 2
0 102
1 6 2
541 285
1 5 2
470 43
1 15 2
621 445
1 2 2
351 253
1 5 2
546 294
1 3 2
635 372
1 14 2
684 183
1 10 2
455 71
1 7 2
97 307
1 6 2
309 579
1 8 2
248 319
1 11 2
564 93
1 7 2
586 484
1 10 2
682 269
1 10 2
148 9
1 12 2
57 341
1 14 2
536 435
1 7 2
103 272
1 5 2
363 459
1 7 2
436 383
1 4 2
141 195
1 2 2
197 154
1 12 2
196 689
1 7 2
407 379
1 11 2
666 590
1 11 2
311 252
1 11 2
47 200
1 6 2
420 107
1 3 2
631 466
1 11 2
303 545
1 11 2
38 434
1 12 2
209 101
1 14 2
148 610
1 5 2
130 500
1 9 2
559 324
1 12 2
579 402
1 8 2
193 483
1 5 2
259 652
1 2 2
627 152
1 15 2
590 11
1 8 2
271 502
1 4 2
502 225
1 9 2
548 149
1 10 2
290 484
1 8 2
118 483
1 10 2
420 70
1 6 2
573 467
1 7 2
588 688
1 5 2
668 277
1 7 2
480 639
1 15 2
69 516
1 6 2
134 5
1 9 2
193 456
1 9 2
39 453
1 12 2
110 96
1 11 2
603 359
1 13 2
216 227
1 2 2
555 606
1 3 2
137 158
1 12 2
121 395
1 14 2
93 15
1 8 2
138 23
1 4 2
308 686
1 10 2
544 480
1 5 2
675 425
1 13 2
62 404
1 12 2
603 499
1 12 2
88 24
1 9 2
337 231
1 6 2
288 539
1 14 2
190 375
1 3 2
295 143
1 7 2
3 118
1 2 2
416 562
1 14 2
64 673
1 7 2
382 637
1 4 2
542 495
1 9 2
181 109
1 7 2
328 249
1 6 2
206 498
1 4 2
195 77
1 2 2
177 387
1 6 2
480 467
1 7 2
249 51
1 10 2
128 244
1 9 2
222 527
1 11 2
20 410
1 5 2
456 52
1 9 2
628 343
1 4 2
170 478
1 15 2
444 390
1 12 2
487 56
1 15 2
446 146
1 12 2
544 696
1 14 2
275 556
1 13 2
276 143
1 10 2
7 63
1 2 2
417 334
1 8 2
23 191
1 2 2
21 20
1 2 2
539 653
1 4 2
183 50
1 9 2
491 382
1 7 2
604 518
1 5 2
611 171
1 14 2
587 368
1 6 2
578 216
1 11 2
378 194
1 15 2
138 607
1 5 2
206 586
1 15 2
685 468
1 9 2
226 578
1 14 2
674 2
1 13 2
445 400
1 6 2
667 315
1 6 2
50 208
1 4 2
556 93
1 5 2
287 457
1 11 2
161 23
1 10 2
117 498
1 3 2
183 331
1 11 2
685 538
1 2 2
304 407
1 7 2
277 307
1 3 2
533 334
1 2 2
13 149
1 4 2
138 159
1 2 2
503 263
1 13 2
617 235
1 3 2
290 108
1 5 2
78 652
1 7 2
196 484
1 12 2
26 112
1 5 2
234 611
1 13 2
96 330
1 5 2
314 99
1 5 2
408 14
1 13 2
488 257
1 13 2
613 699
1 7 2
472 188
1 10 2
674 534
1 10 2
67 649
1 8 2
331 417
1 3 2
683 675
1 6 2
238 283
1 9 2
654 392
1 7 2
694 139
1 3 2
148 121
1 3 2
566 321
1 12 2
523 500
1 3 2
191 504
1 2 2
604 460
1 13 2
246 602
1 11 2
554 362
1 10 2
308 221
1 6 2
221 628
1 5 2
565 571
1 9 2
554 53
1 9 2
462 172
1 7 2
349 68
1 11 2
322 527
1 4 2
337 347
1 2 2
93 581
1 7 2
369 342
1 13 2
8 632
1 11 2
357 133
1 12 2
412 6
1 5 2
186 419
1 10 2
478 96
1 12 2
46 67
1 15 2
396 124
1 6 2
226 309
1 8 2
202 453
1 11 2
345 311
1 12 2
515 672
1 4 2
288 518
1 5 2
448 111
1 10 2
583 293
1 13 2
274 676
1 3 2
608 405
1 7 2
416 29
1 3 2
134 508
1 5 2
8 516
1 15 2
515 257
1 11 2
205 394
1 7 2
467 598
1 2 2
258 103
1 12 2
232 97
1 2 2
136 81
1 9 2
456 671
1 12 2
91 139
1 10 2
195 419
1 8 2
231 436
1 11 2
123 158
1 12 2
529 0
1 2 2
553 671
1 11 2
331 302
1 4 2
95 483
1 14 2
502 214
1 10 2
417 655
1 6 2
440 423
1 10 2
13 568
1 8 2
70 39
1 5 2
294 456
1 5 2
280 258
1 10 2
153 308
1 7 2
70 50
1 11 2
169 690
1 4 2
559 35
1 11 2
372 246
1 15 2
538 177
1 11 2
472 605
1 5 2
697 525
1 4 2
611 592
1 12 2
23 402
1 2 2
249 343
1 12 2
481 200
1 11 2
108 162
1 3 2
178 152
1 8 2
409 141
1 3 2
304 386
1 11 2
545 133
1 11 2
698 247
1 9 2
61 84
1 15 2
409 132
1 5 2
158 658
1 2 2
330 695
1 9 2
662 150
1 10 2
641 240
1 2 2
268 320
1 2 2
354 192
1 9 2
483 315
1 2 2
475 606
1 4 2
12 71
1 15 2
589 41
1 14 2
317 330
1 15 2
112 309
1 15 2
392 685
1 12 2
540 659
1 8 2
151 275
1 14 2
259 501
1 4 2
412 343
1 12 2
679 193
1 10 2
166 13
1 11 2
276 294
1 2 2
372 370
1 15 2
176 356
1 11 2
36 59
1 6 2
240 7
1 5 2
33 152
1 11 2
292 464
1 6 2
640 76
1 12 2
694 568
1 9 2
445 413
1 3 2
384 437
1 14 2
521 281
1 7 2
284 86
1 4 2
67 358
1 9 2
698 152
1 2 2
146 644
1 2 2
595 266
1 14 2
34 664
1 13 2
22 456
1 14 2
453 150
1 6 2
178 536
1 9 2
121 424
1 8 2
36 333
1 3 2
103 92
1 5 2
436 493
1 9 2
695 361
1 4 2
208 130
1 8 2
151 101
1 14 2
656 104
1 3 2
208 325
1 11 2
95 349
1 14 2
326 358
1 2 2
578 548
1 5 2
213 142
1 9 2
153 657
1 5 2
504 338
1 2 2
209 309
1 7 2
546 419
1 10 2
53 461
1 3 2
442 51
1 9 2
112 654
1 4 2
256 386
1 8 2
409 440
1 4 2
373 601
1 3 2
247 478
1 4 2
201 474
1 7 2
632 637
1 6 2
27 526
1 3 2
682 539
1 8 2
173 19
1 7 2
165 97
1 15 2
40 517
1 7 2
209 145
1 7 2
61 394
1 13 2
350 239
1 8 2
597 541
1 14 2
40 86
1 7 2
100 13
1 7 2
28 338
1 12 2
595 264
1 3 2
11 126
1 12 2
252 421
1 6 2
462 317
1 11 2
308 248
1 10 2
395 59
1 9 2
161 254
1 2 2
99 455
1 14 2
650 20
1 8 2
98 350
1 10 2
590 627
1 2 2
655 13
1 10 2
381 602
1 12 2
259 698
1 14 2
24 268
1 4 2
65 153
1 14 2
220 280
1 14 2
587 394
1 2 2
177 125
1 2 2
655 650
1 8 2
383 38
1 2 2
321 574
1 10 2
659 441
1 15 2
243 333
1 4 2
73 314
1 15 2
375 570
1 3 2
85 586
1 13 2
666 244
1 8 2
274 626
1 12 2
617 251
1 15 2
15 619
1 11 2
257 8
1 14 2
411 381
1 5 2
72 422
1 9 2
235 574
1 11 2
370 246
1 5 2
416 335
1 12 2
514 102
1 3 2
11 633
1 10 2
84 24
1 10 2
466 546
1 9 2
605 311
1 9 2
8 64
1 7 2
651 361
1 12 2
164 62
1 4 2
40 464
1 8 2
144 192
1 5 2
566 333
1 12 2
243 178
1 13 2
89 341
1 11 2
60 234
1 6 2
42 667
1 7 2
111 580
1 6 2
555 327
1 9 2
83 578
1 9 2
156 106
1 10 2
189 551
1 6 2
577 574
1 12 2
18 163
1 5 2
343 59
1 15 2
158 63
1 9 2
8 304
1 2 2
325 491
1 14 2
560 270
1 13 2
370 180
1 8 2
202 537
1 15 2
436 668
1 2 2
364 132
1 6 2
252 144
1 13 2
408 344
1 3 2
7 447
1 14 2
422 240
1 11 2
588 630
1 11 2
490 204
1 5 2
618 115
1 2 2
325 167
1 5 2
107 661
1 3 2
367 188
1 7 2
367 203
1 6 2
303 315
1 13 2
232 300
1 4 2
629 359
1 7 2
183 500
1 10 2
371 552
1 12 2
143 57
1 8 2
208 616
1 11 2
69 77
1 8 2
44 263
1 8 2
37 206
1 8 2
648 403
1 13 2
481 205
1 3 2
690 511
1 3 2
570 185
1 4 2
59 540
1 12 2
637 320
1 15 2
561 324
1 9 2
219 35
1 5 2
571 580
1 2 2
155 349
1 8 2
328 342
1 14 2
626 99
1 9 2
270 426
1 7 2
23 497
1 9 2
342 693
1 4 2
172 152
1 12 2
514 439
1 15 2
56 506
1 13 2
245 408
1 7 2
372 695
1 9 2
54 418
1 7 2
334 32
1 15 2
124 375
1 8 2
547 368
1 6 2
155 271
1 7 2
589 180
1 4 2
217 44
1 12 2
298 485
1 10 2
646 32
1 8 2
233 583
1 4 2
75 439
1 7 2
333 648
1 12 2
694 227
1 10 2
575 477
1 12 2
378 529
1 6 2
26 691
1 8 2
392 675
1 13 2
293 66
1 7 2
693 202
1 8 2
528 288
1 6 2
90 653
1 5 2
547 153
1 3 2
97 152
1 3 2
302 570
1 14 2
647 266
1 9 2
259 303
1 3 2
579 361
1 3 2
274 599
1 11 2
93 229
1 14 2
216 301
1 11 2
315 112
1 9 2
93 188
1 5 2
45 209
1 14 2
353 50
1 7 2
337 135
1 5 2
591 56
1 9 2
543 227
1 10 2
15 34
1 14 2
197 191
1 10 2
590 699
1 4 2
639 408
1 5 2
580 152
1 7 2
418 397
1 10 2
126 515
1 8 2
442 415
1 12 2
656 334
1 6 2
659 152
1 9 2
282 53
1 2 2
416 285
1 5 2
320 693
1 3 2
556 317
1 5 2
586 156
1 6 2
445 446
1 11 2
89 322
1 15 2
321 291
1 14 2
330 237
1 2 2
534 651
1 12 2
285 460
1 15 2
175 279
1 3 2
516 417
1 8 2
572 483
1 7 2
483 104
1 11 2
638 10
1 14 2
493 10
1 12 2
442 512
1 3 2
338 497
1 4 2
286 351
1 5 2
356 477
1 7 2
498 321
1 9 2
459 513
1 14 2
132 692
1 2 2
496 382
1 11 2
170 62
1 9 2
148 597
1 14 2
464 587
1 15 2
24 115
1 8 2
159 24
1 5 2
124 358
1 3 2
510 692
1 14 2
640 592
1 5 2
150 418
1 3 2
195 553
1 9 2
448 238
1 13 2
30 104
1 3 2
565 632
1 14 2
669 296
1 9 2
457 556
1 13 2
633 479
1 10 2
278 386
1 9 2
201 255
1 7 2
593 413
1 12 2
445 186
1 5 2
401 211
1 12 2
208 288
1 4 2
662 429
1 3 2
16 545
1 10 2
401 128
1 8 2
482 55
1 5 2
456 545
1 12 2
405 19
1 4 2
664 602
1 14 2
439 605
1 3 2
556 241
1 3 2
436 17
1 8 2
117 166
1 14 2
356 340
1 7 2
490 119
1 14 2
68 221
1 14 2
683 696
1 14 2
235 510
1 4 2
688 42
1 15 2
689 393
1 10 2
512 354
1 15 2
179 384
1 14 2
20 303
1 4 2
313 568
1 10 2
97 596
1 9 2
487 427
1 14 2
431 379
1 7 2
139 361
1 9 2
331 323
1 12 2
19 231
1 9 2
95 392
1 3 2
254 622
1 9 2
161 52
1 5 2
17 103
1 6 2
26 92
1 6 2
391 465
1 6 2
184 365
1 9 2
188 619
1 9 2
521 235
1 6 2
594 230
1 5 2
684 529
1 12 2
464 638
1 11 2
499 649
1 6 2
337 633
1 8 2
5 344
1 8 2
164 407
1 10 2
290 582
1 11 2
67 84
1 7 2
285 383
1 7 2
174 421
1 3 2
499 266
1 6 2
453 459
1 12 2
33 502
1 3 2
332 589
1 12 2
307 94
1 15 2
328 102
1 13 2
458 94
1 3 2
65 480
1 12 2
666 97
1 8 2
312 624
1 11 2
485 20
1 4 2
203 337
1 6 2
213 89
1 7 2
504 497
1 9 2
457 291
1 2 2
359 272
1 15 2
362 259
1 2 2
494 337
1 13 2
640 443
1 11 2
477 187
1 3 2
280 506
1 2 2
546 565
1 8 2
506 416
1 10 2
581 429
1 12 2
72 509
1 11 2
478 151
1 8 2
77 317
1 9 2
537 234
1 3 2
650 86
1 10 2
329 58
1 3 2
327 183
1 9 2
237 196
1 15 2
405 414
1 2 2
562 484
1 12 2
342 282
1 13 2
310 632
1 8 2
46 644
1 4 2
605 298
1 12 2
0 347
1 12 2
650 218
1 2 2
449 573
1 5 2
460 233
1 12 2
572 538
1 2 2
151 18
1 12 2
42 677
1 10 2
660 654
1 8 2
629 179
1 12 2
148 246
1 2 2
554 81
1 5 2
218 497
1 13 2
149 202
1 14 2
423 492
1 7 2
612 57
1 10 2
209 102
1 10 2
168 626
1 5 2
386 698
1 12 2
39 659
1 8 2
464 301
1 15 2
282 573
1 10 2
608 133
1 4 2
475 643
1 12 2
149 440
1 6 2
30 313
1 5 2
594 426
1 7 2
319 30
1 13 2
255 279
1 4 2
581 110
1 3 2
643 97
1 5 2
501 409
1 2 2
285 610
1 3 2
396 118
1 15 2
40 372
1 5 2
356 89
1 2 2
13 145
1 2 2
53 367
1 9 2
526 239
1 6 2
15 488
1 7 2
138 689
1 10 2
350 258
1 4 2
174 566
1 7 2
58 87
1 12 2
76 126
1 3 2
284 425
1 10 2
236 643
1 2 2
549 168
1 14 2
693 177
1 8 2
636 148
1 2 2
621 322
1 15 2
33 610
1 11 2
346 570
1 3 2
454 27
1 15 2
484 70
1 2 2
358 283
1 5 2
646 613
1 12 2
698 256
1 15 2
234 136
1 8 2
231 449
1 10 2
256 365
1 12 2
658 175
1 10 2
546 301
1 3 2
591 104
1 10 2
454 699
1 2 2
255 378
1 11 2
607 184
1 2 2
653 280
1 6 2
346 172
1 4 2
228 446
1 11 2
328 640
1 11 2
19 385
1 2 2
417 247
1 8 2
254 46
1 2 2
438 635
1 3 2
643 223
1 2 2
377 644
1 15 2
201 229
1 2 2
640 213
1 2 2
348 428
1 2 2
324 691
1 12 2
25 314
1 9 2
341 246
1 6 2
671 276
1 11 2
460 266
1 2 2
472 624
1 3 2
236 208
1 8 2
572 50
1 10 2
409 689
1 9 2
108 368
1 9 2
554 11
1 14 2
153 457
1 9 2
143 319
1 6 2
302 353
1 3 2
664 413
1 7 2
145 341
1 3 2
237 406
1 4 2
502 102
1 11 2
312 373
1 10 2
96 207
1 10 2
20 651
1 8 2
602 569
1 4 2
269 371
1 6 2
290 292
1 12 2
79 539
1 4 2
660 437
1 2 2
553 610
1 8 2
575 352
1 8 2
207 625
1 5 2
547 239
1 8 2
670 665
1 6 2
175 521
1 13 2
427 4
1 13 2
205 144
1 13 2
313 517
1 15 2
104 203
1 13 2
7 52
1 13 2
488 442
1 15 2
552 548
1 7 2
565 10
1 4 2
215 487
1 12 2
200 270
1 12 2
433 490
1 7 2
631 591
1 11 2
239 398
1 14 2
552 244
1 14 2
497 279
1 11 2
353 567
1 15 2
247 327
1 5 2
644 361
1 7 2
213 602
1 12 2
463 179
1 13 2
303 214
1 11 2
240 451
1 15 2
37 303
1 6 2
538 614
1 9 2
246 173
1 2 2
350 691
1 6 2
148 592
1 12 2
88 594
1 15 2
612 205
1 15 2
192 411
1 2 2
520 360
1 11 2
602 311
1 7 2
112 61
1 6 2
19 403
1 6 2
329 136
1 12 2
580 111
1 11 2
76 325
1 8 2
17 502
1 6 2
365 382
1 6 2
517 38
1 10 2
198 618
1 11 2
116 337
1 8 2
520 294
1 13 2
550 440
1 9 2
639 15
1 4 2
222 295
1 6 2
625 670
1 3 2
197 278
1 3 2
269 658
1 8 2
534 14
1 6 2
264 30
1 13 2
179 503
1 4 2
129 13
1 14 2
107 89
1 10 2
547 254
1 10 2
17 111
1 12 2
652 480
1 10 2
31 110
1 10 2
360 641
1 10 2
606 232
1 7 2
50 223
1 8 2
270 182
1 4 2
78 384
1 13 2
341 226
1 9 2
155 144
1 12 2
560 196
1 10 2
531 50
1 14 2
299 367
1 8 2
359 105
1 4 2
556 335
1 10 2
228 308
1 11 2
346 157
1 5 2
5 479
1 13 2
219 233
1 11 2
103 493
1 8 2
434 682
1 5 2
59 496
1 12 2
547 525
1 3 2
364 668
1 2 2
445 418
1 10 2
634 314
1 3 2
103 115
1 6 2
218 689
1 11 2
274 591
1 9 2
568 165
1 4 2
1 512
1 6 2
296 388
1 3 2
130 471
1 10 2
436 347
1 11 2
369 430
1 6 2
554 372
1 8 2
419 354
1 5 2
483 62
1 8 2
58 0
1 7 2
382 401
1 11 2
24 282
1 9 2
544 613
1 15 2
288 191
1 14 2
245 115
1 8 2
454 33
1 8 2
319 299
1 15 2
171 129
1 11 2
407 110
1 10 2
5 269
1 7 2
462 528
1 8 2
612 460
1 6 2
149 32
1 13 2
122 552
1 12 2
630 82
1 8 2
381 597
1 15 2
261 498
1 15 2
240 605
1 8 2
490 236
1 4 2
695 624
1 3 2
105 436
1 6 2
247 679
1 4 2
383 307
1 2 2
448 14
1 11 2
579 108
1 10 2
493 454
1 2 2
635 135
1 8 2
407 231
1 13 2
663 269
1 9 2
1 607
1 14 2
218 303
1 9 2
613 261
1 9 2
218 444
1 7 2
392 665
1 12 2
68 595
1 10 2
569 595
1 14 2
76 200
1 2 2
335 531
1 2 2
664 559
1 9 2
399 279
1 4 2
187 312
1 15 2
663 7
1 6 2
197 549
1 2 2
605 533
1 10 2
43 299
1 15 2
488 1
1 6 2
212 146
1 2 2
195 596
1 12 2
170 113
1 5 2
452 328
1 15 2
143 517
1 2 2
343 584
1 8 2
121 623
1 11 2
377 0
1 12 2
132 638
1 13 2
531 195
1 5 2
54 395
1 2 2
677 448
1 8 2
519 240
1 6 2
503 155
1 2 2
430 240
1 7 2
563 129
1 13 2
165 67
1 2 2
425 216
1 4 2
293 442
1 3 2
333 42
1 6 2
408 270
1 8 2
270 208
1 7 2
624 46
1 15 2
647 204
1 7 2
44 305
1 14 2
201 147
1 2 2
491 186
1 6 2
89 446
1 10 2
514 357
1 3 2
240 612
1 9 2
398 579
1 8 2
362 617
1 9 2
26 666
1 12 2
129 96
1 9 2
435 498
1 14 2
432 261
1 2 2
185 622
1 2 2
297 279
1 4 2
506 339
1 3 2
634 450
1 6 2
385 511
1 8 2
3 125
1 13 2
203 125
1 13 2
32 118
1 6 2
149 59
1 7 2
475 181
1 8 2
580 664
1 8 2
264 181
1 12 2
558 166
1 9 2
544 124
1 10 2
70 616
1 14 2
568 302
1 3 2
504 151
1 12 2
373 71
1 11 2
572 17
1 8 2
62 516
1 13 2
440 25
1 5 2
288 563
1 11 2
643 294
1 11 2
33 573
1 5 2
295 543
1 2 2
368 604
1 3 2
235 538
1 11 2
127 101
1 14 2
534 430
1 15 2
389 110
1 15 2
591 275
1 10 2
436 146
1 6 2
689 98
1 15 2
260 30
1 13 2
544 596
1 2 2
91 570
1 15 2
244 656
1 14 2
101 232
1 2 2
212 314
1 7 2
532 447
1 8 2
158 541
1 9 2
649 189
1 14 2
355 625
1 5 2
169 452
1 12 2
312 539
1 2 2
68 357
1 10 2
470 142
1 11 2
646 358
1 13 2
655 681
1 4 2
379 596
1 3 2
385 236
1 9 2
254 298
1 5 2
300 639
1 15 2
499 595
1 9 2
257 450
1 4 2
27 314
1 9 2
560 614
1 8 2
359 187
1 10 2
131 444
1 8 2
180 391
1 2 2
420 139
1 11 2
321 399
1 12 2
499 135
1 8 2
224 308
1 7 2
573 659
1 11 2
170 505
1 15 2
663 609
1 15 2
70 559
1 12 2
550 177
1 14 2
208 533
1 2 2
160 601
1 9 2
210 391
1 12 2
136 104
1 10 2
365 158
1 7 2
30 436
1 15 2
166 429
1 4 2
355 428
1 7 2
352 240
1 15 2
7 145
1 8 2
546 104
1 11 2
555 110
1 14 2
502 171
1 2 2
299 192
1 6 2
598 437
1 9 2
256 624
1 3 2
284 188
1 14 2
221 347
1 10 2
340 166
1 7 2
575 412
1 9 2
476 502
1 15 2
93 202
1 11 2
540 322
1 14 2
667 459
1 11 2
370 158
1 6 2
197 484
1 9 2
625 657
1 3 2
37 582
1 10 2
676 604
1 2 2
637 329
1 9 2
284 665
1 3 2
203 472
1 12 2
224 499
1 13 2
480 446
1 10 2
605 531
1 2 2
604 312
1 9 2
167 254
1 6 2
491 583
1 5 2
474 32
1 5 2
526 266
1 4 2
489 9
1 13 2
617 690
1 8 2
259 226
1 3 2
176 59
1 5 2
564 567
1 7 2
674 629
1 9 2
244 595
1 14 2
36 344
1 3 2
612 304
1 11 2
284 19
1 6 2
329 339
1 7 2
230 643
1 7 2
41 609
1 10 2
140 267
1 8 2
604 628
1 6 2
137 289
1 8 2
140 615
1 7 2
582 596
1 13 2
334 488
1 3 2
330 228
1 12 2
107 456
1 10 2
544 408
1 14 2
301 414
1 8 2
261 532
1 5 2
378 420
1 8 2
357 276
1 2 2
641 20
1 5 2
262 541
1 2 2
269 356
1 7 2
653 685
1 15 2
287 413
1 12 2
516 177
1 7 2
454 60
1 11 2
294 304
1 11 2
650 693
1 6 2
216 528
1 2 2
147 167
1 7 2
539 271
1 6 2
121 70
1 4 2
368 185
1 3 2
572 180
1 10 2
490 693
1 13 2
307 159
1 13 2
294 524
1 11 2
202 455
1 15 2
229 572
1 10 2
522 537
1 13 2
133 287
1 3 2
463 81
1 10 2
693 376
1 10 2
98 76
1 5 2
414 408
1 4 2
385 534
1 6 2
252 141
1 15 2
678 247
1 8 2
531 504
1 8 2
98 535
1 12 2
584 65
1 7 2
186 111
1 3 2
594 689
1 3 2
452 399
1 6 2
380 595
1 14 2
412 403
1 14 2
492 461
1 5 2
256 284
1 11 2
204 328
1 2 2
411 514
1 14 2
450 543
1 15 2
245 121
1 14 2
256 464
1 2 2
168 244
1 12 2
465 302
1 6 2
196 472
1 11 2
402 198
1 9 2
302 607
1 2 2
182 213
1 2 2
360 601
1 7 2
683 114
1 10 2
320 65
1 9 2
300 657
1 10 2
599 70
1 7 2
292 651
1 7 2
452 247
1 11 2
73 494
1 10 2
93 529
1 3 2
226 538
1 6 2
116 164
1 8 2
662 52
1 5 2
101 164
1 6 2
56 44
1 5 2
532 486
1 13 2
29 610
1 7 2
36 589
1 13 2
462 242
1 14 2
495 647
1 8 2
655 269
1 6 2
460 213
1 5 2
144 665
1 7 2
514 483
1 11 2
320 124
1 8 2
384 536
1 14 2
438 104
1 8 2
57 6
1 5 2
91 381
1 2 2
689 428
1 3 2
699 23
1 6 2
526 423
1 5 2
449 444
1 9 2
501 118
1 13 2
376 486
1 15 2
2 159
1 10 2
587 491
1 13 2
101 382
1 7 2
137 645
1 5 2
111 379
1 7 2
415 235
1 3 2
168 177
1 13 2
641 340
1 11 2
450 319
1 10 2
46 234
1 13 2
241 131
1 9 2
66 542
1 5 2
14 176
1 5 2
656 452
1 6 2
287 133
1 15 2
305 699
1 4 2
570 223
1 3 2
596 75
1 10 2
13 16
1 14 2
295 229
1 12 2
352 250
1 14 2
648 48
1 3 2
248 161
1 15 2
265 473
1 15 2
214 221
1 9 2
425 176
1 11 2
648 560
1 15 2
447 622
1 2 2
179 232
1 5 2
381 160
1 8 2
491 237
1 3 2
211 625
1 13 2
436 512
1 14 2
535 563
1 11 2
474 651
1 8 2
111 230
1 8 2
189 653
1 7 2
359 692
1 3 2
544 46
1 7 2
646 130
1 4 2
184 358
1 2 2
285 457
1 8 2
694 368
1 9 2
162 69
1 3 2
79 367
1 5 2
515 161
1 5 2
175 8
1 8 2
79 654
1 10 2
441 75
1 14 2
594 387
1 11 2
563 504
1 10 2
155 511
1 4 2
570 341
1 13 2
254 102
1 2 2
486 443
1 5 2
208 174
1 7 2
182 179
1 9 2
493 561
1 5 2
410 269
1 2 2
627 85
1 13 2
284 299
1 8 2
123 422
1 13 2
144 602
1 14 2
354 51
1 10 2
684 333
1 8 2
249 532
1 11 2
110 537
1 9 2
293 143
1 13 2
150 109
1 7 2
377 576
1 9 2
179 113
1 2 2
131 382
1 14 2
320 550
1 13 2
609 525
1 14 2
40 566
1 15 2
94 641
1 15 2
246 546
1 3 2
379 682
1 4 2
174 2
1 8 2
224 445
1 8 2
55 434
1 9 2
175 447
1 4 2
382 618
1 3 2
308 192
1 4 2
241 79
1 15 2
190 679
1 15 2
236 655
1 14 2
105 290
1 9 2
58 237
1 10 2
137 66
1 11 2
372 186
1 15 2
46 540
1 4 2
674 95
1 6 2
678 559
1 2 2
450 61
1 8 2
213 371
1 15 2
297 591
1 14 2
382 285
1 8 2
538 314
1 9 2
106 510
1 10 2
310 570
1 5 2
23 81
1 15 2
129 467
1 10 2
421 130
1 5 2
246 570
1 12 2
232 693
1 8 2
447 185
1 5 2
162 635
1 10 2
559 515
1 6 2
431 167
1 4 2
651 343
1 8 2
287 445
1 14 2
38 428
1 3 2
509 239
1 11 2
120 298
1 4 2
241 594
1 4 2
319 279
1 6 2
445 177
1 10 2
566 297
1 2 2
119 301
1 3 2
32 34
1 6 2
194 32
1 15 2
282 667
1 13 2
659 350
1 3 2
603 247
1 11 2
3 282
1 6 2
669 681
1 8 2
400 537
1 3 2
666 99
1 8 2
379 144
1 13 2
105 547
1 6 2
222 505
1 2 2
99 509
1 7 2
96 591
1 9 2
143 589
1 7 2
151 69
1 14 2
448 58
1 14 2
649 244
1 4 2
501 458
1 12 2
295 555
1 11 2
29 251
1 15 2
544 591
1 3 2
631 411
1 4 2
636 683
1 13 2
578 225
1 11 2
92 595
1 6 2
406 168
1 14 2
516 376
1 14 2
346 321
1 6 2
67 425
1 14 2
478 179
1 4 2
569 638
1 2 2
295 429
1 6 2
545 573
1 5 2
513 498
1 4 2
336 571
1 6 2
646 149
1 15 2
625 339
1 11 2
12 17
1 6 2
257 420
1 6 2
445 698
1 5 2
549 694
1 12 2
29 158
1 9 2
290 19
1 7 2
133 404
1 15 2
340 58
1 2 2
604 255
1 14 2
532 498
1 6 2
665 511
1 6 2
232 19
1 10 2
469 602
1 10 2
584 493
1 10 2
222 606
1 10 2
124 207
1 4 2
33 223
1 4 2
697 130
1 13 2
630 537
1 7 2
686 492
1 13 2
603 542
1 3 2
454 186
1 10 2
300 435
1 15 2
543 532
1 8 2
340 232
1 12 2
436 477
1 13 2
141 320
1 4 2
408 309
1 10 2
139 170
1 15 2
616 555
1 8 2
564 642
1 4 2
41 271
1 6 2
416 55
1 3 2
272 589
1 5 2
423 582
1 3 2
150 78
1 12 2
334 408
1 14 2
489 196
1 2 2
612 661
1 10 2
509 670
1 5 2
23 68
1 7 2
585 31
1 12 2
455 619
1 9 2
243 198
1 14 2
519 615
1 4 2
391 370
1 10 2
291 678
1 6 2
86 675
1 9 2
621 358
1 15 2
403 119
1 6 2
351 33
1 12 2
373 604
1 5 2
595 76
1 6 2
614 60
1 5 2
4 281
1 11 2
202 146
1 15 2
51 113
1 11 2
671 669
1 11 2
613 277
1 5 2
460 411
1 12 2
629 149
1 5 2
42 115
1 6 2
325 105
1 7 2
559 591
1 2 2
119 87
1 5 2
300 344
1 15 2
157 140
1 11 2
288 645
1 13 2
45 406
1 12 2
475 433
1 2 2
21 565
1 13 2
239 405
1 8 2
529 317
1 8 2
378 607
1 8 2
330 209
1 6 2
564 13
1 10 2
532 573
1 9 2
509 70
1 7 2
87 102
1 6 2
265 374
1 9 2
390 337
1 9 2
239 183
1 4 2
644 295
1 12 2
223 268
1 6 2
81 273
1 7 2
653 426
1 10 2
408 422
1 12 2
677 360
1 2 2
544 240
1 10 2
542 405
1 7 2
229 161
1 8 2
68 613
1 8 2
278 525
1 11 2
152 445
1 14 2
579 668
1 14 2
205 471
1 7 2
437 559
1 3 2
80 104
1 4 2
636 307
1 9 2
439 402
1 5 2
254 299
1 14 2
196 399
1 10 2
630 555
1 11 2
239 82
1 12 2
445 498
1 15 2
472 54
1 4 2
272 202
1 10 2
234 44
1 11 2
149 522
1 7 2
446 102
1 11 2
606 596
1 6 2
138 258
1 14 2
635 685
1 13 2
58 624
1 13 2
576 379
1 10 2
515 367
1 7 2
68 67
1 12 2
426 591
1 2 2
99 568
1 11 2
253 240
1 9 2
300 507
1 14 2
240 598
1 15 2
435 579
1 4 2
401 40
1 5 2
142 323
1 2 2
556 87
1 14 2
682 124
1 8 2
15 211
1 10 2
153 132
1 11 2
554 0
1 12 2
194 698
1 14 2
598 55
1 9 2
380 689
1 11 2
255 628
1 13 2
109 523
1 11 2
442 102
1 10 2
550 238
1 4 2
46 232
1 11 2
451 137
1 10 2
643 401
1 12 2
329 78
1 9 2
95 90
1 9 2
102 524
1 12 2
213 476
1 3 2
576 520
1 15 2
280 624
1 14 2
264 334
1 14 2
161 362
1 2 2
339 355
1 15 2
674 430
1 2 2
472 168
1 6 2
379 34
1 11 2
358 174
1 14 2
453 493
1 13 2
143 379
1 7 2
145 203
1 9 2
235 271
1 5 2
201 125
1 4 2
137 329
1 2 2
136 313
1 3 2
249 306
1 14 2
417 549
1 14 2
684 2
1 6 2
363 445
1 8 2
507 576
1 3 2
440 150
1 4 2
487 86
1 13 2
91 435
1 12 2
430 83
1 4 2
260 149
1 8 2
58 358
1 12 2
550 348
1 3 2
152 68
1 3 2
358 504
1 13 2
83 683
1 8 2
216 116
1 10 2
256 226
1 8 2
659 100
1 13 2
504 403
1 7 2
19 596
1 2 2
320 161
1 14 2
405 576
1 3 2
519 191
1 3 2
209 141
1 6 2
139 63
1 2 2
505 51
1 8 2
373 561
1 9 2
250 539
1 4 2
403 696
1 11 2
150 145
1 9 2
678 515
1 7 2
604 196
1 11 2
590 108
1 10 2
38 236
1 9 2
86 459
1 5 2
529 625
1 12 2
408 334
1 8 2
312 280
1 15 2
388 156
1 6 2
375 622
1 13 2
173 96
1 9 2
661 247
1 7 2
366 74
1 9 2
286 22
1 12 2
679 70
1 11 2
372 685
1 12 2
37 26
1 13 2
690 653
1 3 2
590 18
1 14 2
150 392
1 2 2
93 686
1 10 2
293 461
1 13 2
648 543
1 14 2
328 277
1 14 2
486 490
1 15 2
278 213
1 5 2
488 460
1 12 2
167 267
1 3 2
301 245
1 12 2
598 0
1 8 2
452 448
1 7 2
473 677
1 9 2
387 298
1 6 2
183 105
1 15 2
155 342
1 7 2
277 627
1 8 2
531 23
1 6 2
427 619
1 8 2
624 109
1 15 2
138 493
1 6 2
353 584
1 3 2
664 647
1 14 2
676 595
1 10 2
671 500
1 5 2
280 594
1 7 2
75 257
1 3 2
473 680
1 8 2
102 333
1 4 2
672 190
1 4 2
277 152
1 9 2
591 381
1 6 2
241 454
1 7 2
680 350
1 2 2
629 81
1 7 2
194 16
1 2 2
153 610
1 8 2
279 441
1 2 2
133 557
1 9 2
572 632
1 8 2
497 479
1 7 2
572 637
1 4 2
432 587
1 10 2
30 513
1 4 2
195 632
1 6 2
636 43
1 12 2
249 255
1 2 2
95 19
1 8 2
480 11
1 6 2
114 53
1 12 2
211 15
1 5 2
220 638
1 4 2
194 276
1 7 2
415 641
1 5 2
569 191
1 8 2
193 674
1 12 2
411 128
1 3 2
35 459
1 12 2
74 602
1 15 2
479 262
1 5 2
390 377
1 8 2
272 292
1 2 2
342 409
1 4 2
172 188
1 4 2
381 265
1 4 2
67 501
1 7 2
372 177
1 12 2
522 63
1 3 2
615 595
1 8 2
320 524
1 6 2
243 543
1 14 2
67 56
1 12 2
512 202
1 8 2
620 433
1 3 2
487 397
1 12 2
405 492
1 4 2
223 589
1 2 2
562 359
1 6 2
503 643
1 8 2
561 211
1 5 2
364 299
1 6 2
4 618
1 5 2
83 61
1 8 2
541 481
1 2 2
662 300
1 4 2
449 666
1 13 2
183 407
1 2 2
53 125
1 14 2
192 460
1 15 2
162 214
1 12 2
144 148
1 6 2
361 34
1 10 2
167 628
1 2 2
502 482
1 3 2
408 361
1 14 2
642 590
1 5 2
367 298
1 3 2
306 447
1 11 2
5 196
1 12 2
54 493
1 6 2
556 39
1 12 2
665 588
1 7 2
564 283
1 13 2
331 690
1 3 2
442 548
1 12 2
274 100
1 4 2
207 517
1 7 2
407 182
1 6 2
440 655
1 14 2
31 335
1 2 2
580 25
1 5 2
347 253
1 8 2
73 99
1 15 2
564 540
1 8 2
582 434
1 9 2
602 361
1 10 2
415 640
1 12 2
68 79
1 15 2
315 26
1 12 2
572 74
1 5 2
346 394
1 9 2
293 339
1 4 2
7 696
1 7 2
240 233
1 13 2
482 181
1 13 2
446 199
1 9 2
234 547
1 9 2
9 599
1 13 2
377 40
1 6 2
402 9
1 11 2
492 699
1 15 2
381 258
1 4 2
255 448
1 15 2
401 553
1 13 2
123 692
1 8 2
387 464
1 5 2
252 99
1 14 2
231 524
1 9 2
159 640
1 9 2
595 249
1 10 2
655 691
1 7 2
673 299
1 4 2
117 344
1 12 2
295 173
1 15 2
198 124
1 13 2
561 483
1 2 2
33 25
1 13 2
507 513
1 6 2
308 124
1 14 2
492 580
1 7 2
5 585
1 4 2
596 32
1 13 2
444 99
1 5 2
60 120
1 15 2
668 467
1 4 2
57 111
1 11 2
438 417
1 8 2
633 18
1 4 2
420 453
1 6 2
545 89
1 2 2
422 569
1 5 2
470 23
1 10 2
439 483
1 7 2
9 184
1 5 2
195 511
1 13 2
648 643
1 11 2
555 323
1 7 2
352 361
1 15 2
46 131
1 12 2
526 252
1 7 2
598 563
1 6 2
45 128
1 12 2
298 683
1 7 2
112 340
1 15 2
233 429
1 7 2
155 560
1 11 2
155 311
1 7 2
132 113
1 4 2
174 148
1 8 2
547 325
1 15 2
163 641
1 4 2
420 395
1 9 2
128 104
1 9 2
221 648
1 6 2
604 507
1 8 2
100 235
1 12 2
483 617
1 4 2
602 220
1 10 2
259 34
1 8 2
558 422
1 10 2
438 503
1 15 2
539 57
1 11 2
242 594
1 11 2
665 659
1 14 2
535 473
1 10 2
298 444
1 8 2
519 424
1 10 2
279 255
1 3 2
691 238
1 11 2
431 450
1 7 2
501 9
1 15 2
56 472
1 4 2
512 347
1 14 2
373 508
1 12 2
28 62
1 7 2
222 155
1 14 2
244 519
1 11 2
176 450
1 15 2
166 567
1 12 2
482 497
1 14 2
15 382
1 2 2
634 414
1 10 2
616 572
1 4 2
404 320
1 11 2
518 316
1 4 2
502 325
1 14 2
653 263
1 15 2
427 5
1 10 2
635 222
1 6 2
427 133
1 6 2
57 436
1 4 2
689 347
1 11 2
534 488
1 9 2
273 555
1 13 2
300 566
1 9 2
166 280
1 15 2
301 334
1 4 2
613 535
1 10 2
332 620
1 13 2
136 429
1 3 2
456 76
1 2 2
411 486
1 2 2
311 28
1 9 2
146 181
1 11 2
605 347
1 11 2
512 49
1 9 2
195 232
1 6 2
327 459
1 7 2
516 344
1 12 2
200 125
1 9 2
190 466
1 3 2
425 505
1 3 2
674 608
1 11 2
23 541
1 8 2
227 90
1 9 2
526 665
1 8 2
660 81
1 9 2
510 643
1 13 2
309 388
1 10 2
383 634
1 2 2
106 163
1 11 2
60 438
1 14 2
338 421
1 7 2
149 5
1 3 2
33 64
1 9 2
660 237
1 3 2
687 509
1 5 2
57 42
1 10 2
357 275
1 6 2
148 515
1 10 2
69 8
1 12 2
432 255
1 3 2
381 368
1 6 2
433 288
1 15 2
195 356
1 15 2
311 298
1 4 2
620 339
1 2 2
449 211
1 10 2
610 390
1 3 2
302 548
1 6 2
147 127
1 12 2
661 87
1 7 2
300 501
1 8 2
671 20
1 2 2
15 53
1 14 2
259 630
1 3 2
500 350
1 9 2
376 546
1 3 2
665 374
1 8 2
173 652
1 10 2
198 390
1 2 2
682 183
1 9 2
18 406
1 12 2
456 150
1 15 2
132 131
1 13 2
330 163
1 13 2
619 287
1 3 2
610 40
1 8 2
222 77
1 3 2
73 35
1 6 2
222 401
1 15 2
332 547
1 7 2
198 460
1 5 2
94 43
1 14 2
531 661
1 10 2
520 457
1 8 2
621 176
1 3 2
393 548
1 7 2
4 663
1 3 2
647 385
1 9 2
502 31
1 12 2
61 259
1 12 2
568 366
1 15 2
80 142
1 7 2
549 255
1 9 2
501 311
1 9 2
223 12
1 13 2
597 127
1 4 2
214 215
1 10 2
317 692
1 9 2
409 371
1 10 2
645 182
1 8 2
54 474
1 6 2
369 355
1 12 2
683 462
1 13 2
532 579
1 15 2
523 23
1 3 2
59 559
1 3 2
390 408
1 11 2
49 185
1 3 2
659 425
1 9 2
441 597
1 3 2
586 179
1 7 2
600 52
1 12 2
357 63
1 8 2
155 616
1 4 2
424 270
1 9 2
266 475
1 13 2
490 226
1 7 2
461 96
1 7 2
170 484
1 14 2
50 219
1 12 2
433 376
1 8 2
590 544
1 3 2
108 287
1 11 2
54 156
1 11 2
564 38
1 8 2
202 637
1 2 2
452 579
1 14 2
290 497
1 12 2
258 416
1 7 2
31 365
1 10 2
660 378
1 2 2
442 318
1 7 2
29 355
1 13 2
339 4
1 13 2
576 371
1 13 2
183 186
1 7 2
345 223
1 5 2
296 63
1 6 2
33 78
1 4 2
682 506
1 15 2
15 563
1 5 2
254 96
1 14 2
558 417
1 7 2
362 629
1 7 2
47 155
1 10 2
371 88
1 10 2
394 143
1 15 2
506 119
1 12 2
504 578
1 8 2
319 178
1 15 2
386 121
1 4 2
106 618
1 11 2
565 69
1 5 2
479 514
1 12 2
546 196
1 3 2
393 27
1 9 2
504 329
1 13 2
579 236
1 2 2
88 423
1 11 2
500 61
1 11 2
617 52
1 6 2
546 164
1 15 2
698 524
1 6 2
542 349
1 15 2
390 602
1 6 2
240 211
1 9 2
609 252
1 2 2
10 303
1 9 2
503 100
1 6 2
77 222
1 13 2
538 133
1 13 2
98 417
1 3 2
531 630
1 10 2
76 244
1 7 2
688 286
1 12 2
240 266
1 8 2
667 382
1 10 2
44 247
1 4 2
184 321
1 15 2
212 310
1 15 2
183 418
1 6 2
121 5
1 12 2
153 462
1 3 2
594 147
1 15 2
361 486
1 7 2
458 419
1 6 2
366 440
1 2 2
106 683
1 10 2
627 235
1 15 2
151 251
1 6 2
40 210
1 6 2
120 587
1 10 2
482 479
1 4 2
141 97
1 6 2
110 200
1 9 2
307 437
1 7 2
489 174
1 14 2
315 586
1 8 2
590 271
1 3 2
502 668
1 15 2
276 693
1 4 2
370 584
1 13 2
392 597
1 2 2
159 54
1 11 2
453 221
1 11 2
162 477
1 10 2
320 307
1 8 2
100 76
1 6 2
7 598
1 2 2
638 155
1 9 2
125 490
1 3 2
518 644
1 2 2
546 510
1 11 2
621 519
1 10 2
248 524
1 9 2
524 649
1 10 2
628 538
1 9 2
242 420
1 7 2
96 486
1 10 2
279 86
1 15 2
7 43
1 2 2
358 674
1 11 2
288 139
1 7 2
160 303
1 14 2
259 87
1 13 2
426 641
1 15 2
427 612
1 10 2
509 181
1 2 2
193 611
1 7 2
590 69
1 12 2
132 179
1 6 2
74 208
1 2 2
292 265
1 9 2
28 97
1 7 2
73 342
1 14 2
475 365
1 14 2
525 346
1 10 2
483 312
1 4 2
541 9
1 3 2
453 39
1 14 2
143 459
1 15 2
515 514
1 3 2
155 617
1 5 2
108 370
1 2 2
196 365
1 13 2
158 16
1 6 2
381 386
1 6 2
164 674
1 6 2
1 401
1 5 2
552 582
1 12 2
407 229
1 12 2
525 588
1 4 2
657 88
1 7 2
514 13
1 4 2
62 369
1 13 2
63 408
1 15 2
0 419
1 9 2
77 466
1 10 2
153 83
1 9 2
93 588
1 5 2
90 235
1 2 2
246 284
1 8 2
282 113
1 7 2
162 579
1 7 2
290 517
1 12 2
19 698
1 5 2
243 14
1 12 2
608 109
1 6 2
68 640
1 11 2
166 317
1 10 2
306 564
1 3 2
484 547
1 9 2
109 552
1 8 2
21 68
1 5 2
370 160
1 3 2
525 119
1 2 2
414 405
1 10 2
600 403
1 10 2
315 231
1 5 2
414 395
1 7 2
110 546
1 8 2
578 685
1 7 2
193 317
1 2 2
441 333
1 7 2
214 423
1 3 2
693 607
1 7 2
308 24
1 15 2
270 259
1 9 2
88 43
1 13 2
136 410
1 11 2
126 122
1 10 2
330 471
1 13 2
555 286
1 13 2
144 245
1 7 2
235 242
1 15 2
245 206
1 6 2
658 423
1 14 2
372 209
1 8 2
170 571
1 3 2
69 665
1 4 2
261 43
1 2 2
321 382
1 4 2
519 455
1 4 2
14 676
1 4 2
452 409
1 5 2
659 550
1 15 2
179 129
1 11 2
114 167
1 3 2
354 160
1 3 2
230 97
1 15 2
192 205
1 15 2
642 386
1 7 2
683 74
1 10 2
144 408
1 7 2
660 173
1 10 2
360 502
1 5 2
27 187
1 14 2
343 12
1 13 2
40 526
1 11 2
178 8
1 8 2
162 57
1 2 2
330 391
1 13 2
52 201
1 14 2
396 464
1 11 2
269 79
1 10 2
461 148
1 14 2
379 471
1 9 2
480 414
1 4 2
575 156
1 14 2
112 468
1 9 2
506 557
1 5 2
357 526
1 3 2
385 311
1 12 2
83 317
1 13 2
353 682
1 12 2
628 109
1 14 2
202 33
1 4 2
662 245
1 8 2
228 364
1 14 2
431 657
1 14 2
212 296
1 6 2
525 486
1 8 2
286 554
1 8 2
172 592
1 12 2
498 293
1 8 2
455 599
1 2 2
42 555
1 10 2
14 188
1 11 2
165 683
1 6 2
443 439
1 13 2
645 213
1 7 2
400 500
1 4 2
418 190
1 13 2
81 72
1 7 2
17 364
1 12 2
284 61
1 4 2
398 411
1 4 2
633 495
1 9 2
387 620
1 6 2
267 473
1 4 2
119 488
1 7 2
304 513
1 11 2
317 18
1 8 2
454 365
1 3 2
244 457
1 5 2
507 59
1 5 2
5 2
1 7 2
672 14
1 10 2
604 534
1 9 2
198 208
1 6 2
404 377
1 13 2
699 298
1 10 2
523 163
1 14 2
204 553
1 8 2
566 32
1 13 2
57 631
1 9 2
672 390
1 7 2
370 509
1 7 2
628 241
1 14 2
197 24
1 12 2
414 645
1 15 2
211 369
1 12 2
421 578
1 9 2
123 336
1 9 2
550 313
1 8 2
46 205
1 12 2
44 351
1 3 2
235 385
1 8 2
384 234
1 8 2
491 110
1 9 2
89 671
1 14 2
225 631
1 14 2
400 306
1 14 2
260 208
1 11 2
619 556
1 6 2
32 693
1 8 2
659 513
1 13 2
102 476
1 14 2
419 448
1 12 2
481 503
1 7 2
327 613
1 2 2
553 89
1 15 2
365 446
1 14 2
259 74
1 10 2
5 666
1 9 2
646 695
1 15 2
9 45
1 6 2
59 651
1 2 2
227 680
1 2 2
292 243
1 13 2
512 694
1 9 2
177 525
1 7 2
337 164
1 12 2
408 224
1 8 2
443 26
1 9 2
674 228
1 10 2
306 582
1 3 2
579 465
1 11 2
669 401
1 14 2
324 607
1 13 2
690 697
1 6 2
643 562
1 2 2
659 87
1 13 2
205 92
1 7 2
118 269
1 5 2
242 83
1 13 2
62 210
1 6 2
516 207
1 6 2
84 556
1 15 2
414 223
1 2 2
553 129
1 10 2
303 82
1 15 2
628 618
1 12 2
46 329
1 9 2
608 409
1 2 2
422 462
1 8 2
314 369
1 6 2
600 245
1 5 2
249 560
1 8 2
212 540
1 12 2
305 334
1 3 2
189 251
1 8 2
681 408
1 11 2
669 386
1 15 2
234 120
1 14 2
598 403
1 8 2
506 112
1 9 2
206 299
1 12 2
50 191
1 5 2
184 500
1 2 2
488 133
1 10 2
187 535
1 4 2
384 1
1 6 2
356 496
1 7 2
424 507
1 14 2
115 460
1 2 2
256 553
1 2 2
407 202
1 5 2
41 579
1 2 2
1 155
1 12 2
528 425
1 8 2
573 651
1 2 2
303 30
1 14 2
304 693
1 11 2
262 620
1 11 2
646 541
1 6 2
625 619
1 14 2
13 230
1 7 2
248 474
1 8 2
153 136
1 5 2
77 573
1 7 2
693 247
1 2 2
139 338
1 9 2
590 465
1 10 2
457 386
1 10 2
547 161
1 15 2
445 510
1 8 2
396 633
1 14 2
462 48
1 7 2
286 199
1 11 2
504 357
1 13 2
74 293
1 8 2
438 495
1 11 2
607 259
1 10 2
300 297
1 13 2
349 532
1 9 2
484 304
1 6 2
691 9
1 14 2
135 408
1 3 2
94 607
1 2 2
632 452
1 2 2
551 116
1 10 2
420 585
1 9 2
616 99
1 5 2
459 322
1 11 2
3 454
1 9 2
453 432
1 4 2
525 435
1 10 2
533 192
1 12 2
661 320
1 9 2
310 269
1 11 2
78 129
1 4 2
44 656
1 14 2
541 447
1 2 2
105 486
1 2 2
210 443
1 11 2
226 489
1 15 2
584 629
1 14 2
251 301
1 15 2
117 219
1 10 2
632 454
1 11 2
446 452
1 13 2
332 304
1 8 2
497 354
1 5 2
644 49
1 7 2
26 301
1 12 2
270 200
1 9 2
552 350
1 6 2
488 521
1 9 2
426 354
1 13 2
287 627
1 6 2
575 376
1 9 2
612 15
1 9 2
581 26
1 12 2
83 679
1 10 2
205 2
1 9 2
184 280
1 9 2
181 97
1 2 2
456 394
1 14 2
234 17
1 5 2
669 691
1 11 2
167 367
1 11 2
638 163
1 12 2
483 631
1 3 2
465 348
1 8 2
168 667
1 7 2
225 260
1 15 2
228 328
1 2 2
213 116
1 4 2
505 359
1 13 2
197 0
1 10 2
478 461
1 5 2
245 500
1 9 2
73 294
1 5 2
324 364
1 9 2
63 402
1 4 2
63 490
1 8 2
602 303
1 4 2
633 482
1 15 2
218 395
1 6 2
692 242
1 6 2
315 532
1 10 2
480 243
1 13 2
315 90
1 13 2
323 683
1 10 2
481 477
1 12 2
76 238
1 2 2
210 537
1 6 2
527 404
1 7 2
495 524
1 7 2
373 359
1 10 2
454 560
1 5 2
244 271
1 5 2
159 6
1 9 2
517 21
1 10 2
193 273
1 3 2
566 375
1 14 2
557 473
1 8 2
242 300
1 15 2
599 300
1 8 2
566 499
1 3 2
132 87
1 10 2
382 424
1 2 2
479 547
1 4 2
682 492
1 12 2
471 671
1 10 2
543 106
1 12 2
121 605
1 15 2
278 159
1 13 2
196 602
1 5 2
170 121
1 10 2
108 586
1 13 2
65 220
1 13 2
127 607
1 15 2
653 301
1 14 2
239 578
1 6 2
369 671
1 15 2
501 84
1 13 2
635 469
1 10 2
258 105
1 12 2
134 459
1 8 2
444 513
1 15 2
266 39
1 3 2
149 632
1 14 2
200 697
1 9 2
669 658
1 6 2
75 531
1 9 2
20 14
1 2 2
369 306
1 13 2
501 600
1 8 2
55 571
1 8 2
136 196
1 8 2
160 140
1 7 2
583 604
1 12 2
445 304
1 9 2
88 171
1 13 2
368 3
1 8 2
46 433
1 14 2
580 279
1 12 2
548 394
1 7 2
602 312
1 6 2
392 182
1 3 2
589 342
1 3 2
593 554
1 15 2
425 24
1 15 2
419 301
1 7 2
135 390
1 3 2
287 189
1 8 2
580 331
1 9 2
105 325
1 8 2
534 552
1 10 2
557 656
1 8 2
501 548
1 2 2
551 263
1 6 2
524 46
1 12 2
67 557
1 5 2
520 276
1 7 2
383 394
1 10 2
263 93
1 14 2
247 454
1 12 2
651 301
1 7 2
219 187
1 9 2
420 33
1 15 2
214 363
1 13 2
97 450
1 13 2
465 100
1 3 2
20 351
1 14 2
699 571
1 3 2
443 370
1 9 2
431 74
1 12 2
267 125
1 4 2
681 495
1 2 2
364 38
1 11 2
273 126
1 2 2
629 210
1 6 2
668 406
1 14 2
188 437
1 14 2
560 499
1 6 2
89 321
1 13 2
546 619
1 11 2
249 158
1 15 2
90 448
1 3 2
13 557
1 11 2
222 682
1 7 2
86 26
1 13 2
27 291
1 4 2
159 571
1 11 2
303 335
1 7 2
83 336
1 11 2
372 96
1 9 2
240 402
1 13 2
218 457
1 13 2
297 4
1 7 2
652 639
1 4 2
43 187
1 6 2
480 45
1 14 2
563 589
1 4 2
29 647
1 15 2
148 601
1 8 2
279 499
1 11 2
131 304
1 7 2
590 433
1 8 2
613 628
1 6 2
123 100
1 2 2
182 140
1 2 2
481 352
1 11 2
129 1
1 7 2
506 76
1 15 2
662 359
1 8 2
346 33
1 8 2
314 494
1 9 2
86 354
1 8 2
231 551
1 14 2
191 136
1 9 2
54 218
1 14 2
629 260
1 7 2
213 139
1 11 2
649 409
1 2 2
618 663
1 13 2
30 287
1 4 2
268 353
1 9 2
23 188
1 8 2
578 30
1 2 2
293 402
1 5 2
559 483
1 7 2
2 142
1 12 2
121 107
1 5 2
633 381
1 8 2
112 668
1 6 2
521 38
1 12 2
495 317
1 4 2
446 422
1 13 2
394 564
1 11 2
651 181
1 3 2
488 542
1 3 2
169 569
1 11 2
633 635
1 15 2
139 36
1 10 2
629 550
1 13 2
407 73
1 15 2
520 188
1 5 2
91 590
1 9 2
621 123
1 10 2
680 144
1 9 2
338 457
1 15 2
22 537
1 10 2
26 255
1 7 2
469 452
1 13 2
146 686
1 13 2
347 551
1 4 2
113 582
1 14 2
95 429
1 3 2
697 422
1 9 2
8 663
1 2 2
342 195
1 10 2
213 561
1 6 2
411 129
1 8 2
343 61
1 10 2
160 442
1 8 2
644 420
1 7 2
41 425
1 6 2
456 161
1 4 2
166 114
1 8 2
202 44
1 7 2
351 19
1 6 2
593 169
1 12 2
175 34
1 8 2
106 346
1 6 2
662 675
1 6 2
684 563
1 4 2
405 196
1 10 2
155 336
1 13 2
220 292
1 6 2
252 6
1 2 2
649 524
1 11 2
674 136
1 5 2
165 430
1 10 2
228 483
1 7 2
447 10
1 2 2
330 292
1 13 2
379 116
1 14 2
598 223
1 8 2
615 674
1 2 2
354 145
1 7 2
116 511
1 4 2
490 128
1 2 2
14 173
1 7 2
55 58
1 11 2
90 3
1 3 2
698 358
1 10 2
499 328
1 4 2
90 255
1 3 2
14 637
1 13 2
476 69
1 15 2
486 122
1 13 2
528 569
1 12 2
140 221
1 4 2
560 395
1 2 2
542 642
1 15 2
135 375
1 11 2
489 378
1 6 2
444 68
1 5 2
263 164
1 15 2
351 618
1 15 2
262 79
1 9 2
332 313
1 5 2
12 42
1 2 2
670 145
1 13 2
566 458
1 3 2
189 49
1 8 2
132 341
1 6 2
254 478
1 5 2
361 121
1 5 2
166 624
1 5 2
177 645
1 6 2
365 465
1 10 2
630 434
1 8 2
211 664
1 6 2
413 3
1 3 2
362 429
1 13 2
174 489
1 9 2
587 516
1 11 2
504 79
1 5 2
182 316
1 5 2
209 394
1 13 2
554 10
1 14 2
441 510
1 6 2
474 261
1 9 2
274 247
1 5 2
491 64
1 7 2
220 386
1 9 2
476 316
1 2 2
190 253
1 13 2
12 355
1 2 2
247 674
1 12 2
510 619
1 6 2
291 582
1 4 2
642 118
1 14 2
22 381
1 9 2
38 59
1 15 2
429 219
1 15 2
428 406
1 15 2
435 59
1 9 2
627 529
1 13 2
165 668
1 4 2
233 148
1 15 2
692 409
1 10 2
675 494
1 13 2
546 123
1 12 2
253 448
1 2 2
199 74
1 11 2
677 584
1 11 2
216 209
1 14 2
542 259
1 12 2
81 411
1 14 2
204 465
1 7 2
257 460
1 4 2
569 467
1 8 2
394 470
1 9 2
538 22
1 8 2
259 85
1 15 2
58 364
1 13 2
176 614
1 4 2
270 658
1 3 2
587 400
1 4 2
145 375
1 9 2
93 394
1 10 2
127 370
1 5 2
58 685
1 12 2
613 300
1 13 2
174 221
1 13 2
579 519
1 12 2
427 205
1 6 2
79 166
1 7 2
592 544
1 9 2
170 240
1 4 2
523 418
1 7 2
19 378
1 4 2
340 658
1 11 2
422 341
1 9 2
366 225
1 4 2
594 288
1 7 2
465 632
1 15 2
250 47
1 9 2
552 526
1 8 2
498 282
1 9 2
575 64
1 5 2
394 7
1 15 2
649 67
1 13 2
479 229
1 13 2
130 242
1 12 2
480 140
1 3 2
562 214
1 10 2
470 578
1 3 2
22 177
1 5 2
356 211
1 3 2
404 626
1 3 2
415 343
1 8 2
180 503
1 4 2
652 422
1 10 2
456 16
1 7 2
478 64
1 2 2
116 243
1 6 2
78 690
1 15 2
145 543
1 12 2
101 23
1 6 2
219 563
1 2 2
319 399
1 12 2
389 65
1 13 2
520 68
1 5 2
307 257
1 3 2
83 443
1 7 2
104 80
1 3 2
408 215
1 10 2
662 223
1 8 2
231 344
1 2 2
507 153
1 4 2
418 295
1 12 2
187 540
1 12 2
520 335
1 14 2
54 349
1 12 2
505 509
1 11 2
248 618
1 8 2
232 538
1 7 2
202 685
1 8 2
127 207
1 15 2
274 192
1 12 2
521 654
1 7 2
314 250
1 11 2
451 534
1 2 2
681 277
1 5 2
514 596
1 8 2
561 536
1 4 2
551 322
1 4 2
387 208
1 11 2
375 354
1 3 2
652 157
1 5 2
134 284
1 14 2
208 484
1 3 2
359 214
1 13 2
99 672
1 9 2
431 677
1 2 2
43 280
1 11 2
19 30
1 13 2
623 377
1 3 2
213 525
1 5 2
640 549
1 5 2
414 360
1 12 2
608 207
1 2 2
542 102
1 13 2
262 100
1 2 2
473 380
1 15 2
535 28
1 7 2
542 314
1 5 2
327 112
1 9 2
6 518
1 12 2
270 457
1 13 2
219 444
1 6 2
167 17
1 4 2
228 201
1 5 2
330 534
1 10 2
379 517
1 2 2
383 435
1 3 2
248 373
1 14 2
231 228
1 14 2
339 514
1 5 2
529 575
1 8 2
363 90
1 7 2
601 203
1 8 2
291 218
1 2 2
187 687
1 9 2
208 658
1 7 2
173 472
1 15 2
533 220
1 8 2
160 71
1 8 2
38 287
1 7 2
260 79
1 4 2
376 677
1 6 2
547 380
1 8 2
22 573
1 6 2
79 339
1 14 2
558 641
1 9 2
567 87
1 8 2
67 472
1 9 2
663 419
1 14 2
680 102
1 9 2
297 137
1 15 2
431 619
1 14 2
421 489
1 8 2
389 301
1 9 2
608 475
1 3 2
541 666
1 3 2
425 691
1 15 2
446 34
1 10 2
565 246
1 6 2
217 371
1 12 2
188 165
1 11 2
277 412
1 4 2
441 623
1 11 2
399 68
1 6 2
683 403
1 9 2
475 251
1 13 2
651 689
1 7 2
447 673
1 4 2
614 8
1 7 2
316 351
1 11 2
388 320
1 11 2
156 151
1 5 2
295 245
1 3 2
445 280
1 3 2
272 605
1 13 2
95 167
1 3 2
485 513
1 11 2
374 696
1 2 2
246 482
1 10 2
333 391
1 10 2
562 411
1 14 2
65 584
1 10 2
34 560
1 5 2
150 488
1 8 2
416 512
1 5 2
299 548
1 5 2
30 89
1 8 2
158 161
1 5 2
494 365
1 6 2
521 22
1 2 2
424 565
1 3 2
368 165
1 5 2
295 540
1 6 2
144 593
1 5 2
404 242
1 13 2
265 232
1 8 2
404 373
1 8 2
601 147
1 3 2
325 363
1 10 2
297 299
1 2 2
152 78
1 10 2
48 175
1 13 2
687 690
1 8 2
389 578
1 13 2
291 687
1 12 2
370 215
1 6 2
596 386
1 5 2
132 30
1 7 2
238 652
1 15 2
245 191
1 6 2
414 343
1 3 2
594 390
1 7 2
575 206
1 12 2
509 220
1 15 2
411 314
1 12 2
165 117
1 6 2
109 586
1 14 2
215 91
1 7 2
636 436
1 7 2
603 412
1 12 2
390 307
1 15 2
6 167
1 8 2
153 537
1 9 2
553 479
1 7 2
565 416
1 12 2
671 591
1 4 2
686 486
1 4 2
353 468
1 11 2
660 219
1 15 2
414 146
1 12 2
472 143
1 10 2
366 474
1 10 2
595 418
1 3 2
176 557
1 6 2
651 96
1 13 2
474 76
1 14 2
269 63
1 13 2
257 678
1 9 2
28 545
1 7 2
413 531
1 3 2
82 66
1 6 2
150 326
1 11 2
157 535
1 9 2
511 172
1 4 2
184 694
1 12 2
602 579
1 9 2
420 656
1 8 2
578 471
1 4 2
80 661
1 9 2
237 45
1 3 2
342 274
1 4 2
29 47
1 10 2
339 481
1 2 2
108 54
1 2 2
125 679
1 12 2
404 289
1 10 2
154 619
1 15 2
382 532
1 2 2
384 547
1 15 2
531 273
1 6 2
315 204
1 8 2
261 420
1 13 2
490 69
1 5 2
391 606
1 5 2
404 649
1 6 2
549 402
1 13 2
229 466
1 9 2
618 344
1 10 2
42 443
1 2 2
142 78
1 5 2
142 607
1 8 2
699 364
1 13 2
605 430
1 7 2
215 548
1 6 2
358 182
1 8 2
251 255
1 11 2
340 11
1 10 2
612 356
1 5 2
508 693
1 11 2
116 139
1 11 2
596 411
1 15 2
543 662
1 5 2
693 369
1 13 2
264 150
1 8 2
198 646
1 9 2
238 407
1 15 2
184 427
1 12 2
333 625
1 2 2
590 644
1 5 2
41 424
1 9 2
638 544
1 10 2
65 188
1 3 2
547 308
1 13 2
193 349
1 12 2
533 453
1 10 2
136 9
1 13 2
455 546
1 13 2
170 643
1 14 2
436 503
1 8 2
229 404
1 3 2
116 280
1 4 2
401 665
1 15 2
455 302
1 5 2
639 200
1 11 2
75 593
1 15 2
234 366
1 7 2
142 370
1 3 2
34 557
1 12 2
437 298
1 11 2
517 110
1 11 2
696 532
1 13 2
392 255
1 9 2
519 268
1 4 2
386 283
1 11 2
102 471
1 9 2
674 405
1 15 2
419 537
1 5 2
143 280
1 2 2
196 687
1 15 2
153 366
1 10 2
133 636
1 13 2
239 474
1 15 2
23 370
1 6 2
41 638
1 7 2
444 266
1 4 2
23 594
1 12 2
270 553
1 14 2
479 7
1 7 2
98 217
1 12 2
596 112
1 3 2
477 242
1 12 2
622 220
1 6 2
263 31
1 14 2
536 611
1 4 2
456 22
1 8 2
282 413
1 8 2
613 476
1 10 2
480 375
1 3 2
533 166
1 14 2
573 486
1 10 2
606 414
1 6 2
500 459
1 14 2
615 559
1 10 2
154 76
1 8 2
118 626
1 9 2
215 349
1 2 2
461 315
1 9 2
687 35
1 4 2
18 407
1 7 2
136 67
1 4 2
255 432
1 15 2
352 87
1 4 2
311 537
1 9 2
490 342
1 14 2
475 98
1 4 2
261 649
1 9 2
675 262
1 10 2
601 679
1 5 2
30 415
1 11 2
347 297
1 6 2
303 349
1 11 2
124 567
1 2 2
147 258
1 8 2
18 81
1 14 2
25 648
1 7 2
646 551
1 12 2
310 597
1 5 2
56 363
1 10 2
414 42
1 4 2
593 315
1 11 2
682 480
1 9 2
209 462
1 10 2
224 129
1 10 2
117 49
1 6 2
147 269
1 6 2
38 660
1 6 2
617 461
1 6 2
680 268
1 3 2
561 602
1 2 2
110 300
1 10 2
526 251
1 11 2
620 103
1 3 2
40 570
1 8 2
53 216
1 2 2
466 187
1 13 2
172 106
1 7 2
213 496
1 2 2
205 497
1 6 2
603 27
1 9 2
96 674
1 15 2
220 410
1 12 2
193 342
1 10 2
129 90
1 8 2
699 686
1 14 2
556 194
1 6 2
269 149
1 5 2
441 73
1 3 2
505 546
1 8 2
77 458
1 2 2
238 93
1 8 2
388 54
1 12 2
588 614
1 7 2
348 288
1 8 2
14 618
1 14 2
328 558
1 13 2
176 419
1 9 2
239 613
1 13 2
146 311
1 11 2
376 164
1 13 2
424 629
1 3 2
118 666
1 3 2
20 117
1 2 2
192 55
1 9 2
641 168
1 2 2
519 280
1 9 2
311 608
1 6 2
283 171
1 15 2
146 547
1 6 2
123 547
1 7 2
645 64
1 9 2
405 173
1 4 2
327 65
1 7 2
116 527
1 9 2
115 278
1 12 2
666 51
1 3 2
219 308
1 14 2
228 538
1 8 2
488 127
1 9 2
391 384
1 4 2
459 62
1 9 2
408 399
1 9 2
321 348
1 8 2
403 625
1 11 2
68 333
1 12 2
619 618
1 2 2
308 631
1 2 2
390 344
1 3 2
674 533
1 13 2
305 281
1 14 2
324 225
1 10 2
434 464
1 9 2
199 144
1 12 2
497 391
1 12 2
314 44
1 3 2
416 581
1 6 2
474 44
1 5 2
346 82
1 3 2
79 267
1 6 2
317 608
1 6 2
671 94
1 8 2
276 673
1 3 2
264 355
1 8 2
682 576
1 6 2
650 609
1 4 2
441 530
1 13 2
575 232
1 9 2
75 184
1 14 2
187 336
1 3 2
491 668
1 6 2
282 531
1 6 2
79 268
1 5 2
379 359
1 8 2
321 677
1 8 2
45 231
1 13 2
161 329
1 15 2
371 246
1 12 2
288 100
1 9 2
286 285
1 14 2
86 218
1 14 2
539 603
1 11 2
637 500
1 8 2
635 424
1 15 2
575 674
1 14 2
286 561
1 9 2
175 436
1 14 2
282 675
1 12 2
279 228
1 2 2
678 290
1 5 2
522 651
1 2 2
522 186
1 12 2
411 696
1 12 2
346 491
1 2 2
559 587
1 14 2
474 530
1 5 2
500 383
1 7 2
408 679
1 10 2
222 300
1 9 2
25 523
1 15 2
128 413
1 10 2
298 574
1 15 2
366 637
1 13 2
219 186
1 4 2
444 470
1 6 2
534 606
1 5 2
524 432
1 13 2
616 691
1 13 2
120 6
1 4 2
306 684
1 5 2
38 509
1 7 2
209 45
1 15 2
259 105
1 2 2
315 137
1 3 2
562 477
1 12 2
664 355
1 4 2
149 87
1 2 2
640 599
1 14 2
671 149
1 6 2
0 550
1 10 2
30 182
1 6 2
144 102
1 3 2
351 354
1 2 2
670 123
1 12 2
587 56
1 8 2
297 291
1 10 2
165 540
1 10 2
292 400
1 14 2
580 549
1 3 2
431 269
1 8 2
176 315
1 3 2
676 344
1 12 2
214 97
1 15 2
266 349
1 10 2
241 508
1 3 2
341 47
1 6 2
415 567
1 2 2
449 267
1 2 2
290 438
1 3 2
567 622
1 9 2
671 123
1 15 2
462 223
1 5 2
216 5
1 2 2
413 544
1 8 2
468 327
1 5 2
293 263
1 13 2
77 680
1 12 2
51 688
1 14 2
322 323
1 8 2
332 305
1 8 2
398 341
1 4 2
637 137
1 3 2
423 1
1 9 2
382 149
1 9 2
398 592
1 5 2
568 251
1 15 2
150 54
1 6 2
222 448
1 6 2
382 129
1 7 2
443 521
1 6 2
505 430
1 11 2
365 273
1 9 2
487 65
1 4 2
179 690
1 12 2
478 674
1 2 2
317 263
1 14 2
172 121
1 15 2
360 226
1 13 2
486 440
1 10 2
90 313
1 7 2
182 408
1 13 2
473 193
1 11 2
555 653
1 13 2
171 690
1 9 2
137 307
1 10 2
593 113
1 11 2
448 260
1 3 2
519 99
1 2 2
394 636
1 12 2
628 351
1 6 2
359 378
1 7 2
488 339
1 10 2
334 357
1 7 2
192 363
1 4 2
237 599
1 6 2
125 430
1 10 2
298 469
1 14 2
158 275
1 8 2
593 510
1 2 2
599 536
1 2 2
409 99
1 11 2
349 660
1 10 2
447 444
1 11 2
500 564
1 15 2
238 452
1 10 2
150 325
1 14 2
476 517
1 13 2
361 201
1 10 2
555 417
1 7 2
406 529
1 11 2
286 174
1 4 2
229 223
1 2 2
359 90
1 8 2
56 575
1 6 2
280 189
1 6 2
580 530
1 5 2
521 402
1 6 2
602 457
1 7 2
329 290
1 2 2
23 649
1 6 2
247 623
1 5 2
516 569
1 4 2
367 369
1 10 2
410 591
1 6 2
69 287
1 8 2
108 533
1 14 2
691 392
1 8 2
550 393
1 5 2
544 363
1 7 2
289 261
1 5 2
13 272
1 14 2
687 503
1 14 2
260 438
1 3 2
653 679
1 15 2
471 176
1 3 2
630 317
1 6 2
566 98
1 12 2
567 412
1 5 2
455 176
1 13 2
448 117
1 15 2
80 129
1 4 2
535 373
1 8 2
226 20
1 2 2
639 63
1 6 2
189 200
1 5 2
494 442
1 7 2
35 24
1 2 2
36 395
1 9 2
560 447
1 6 2
682 365
1 11 2
598 46
1 7 2
299 246
1 2 2
383 149
1 7 2
304 189
1 15 2
628 324
1 11 2
415 56
1 12 2
37 75
1 2 2
359 97
1 9 2
463 595
1 9 2
675 300
1 13 2
566 396
1 2 2
48 236
1 11 2
208 229
1 11 2
403 588
1 7 2
343 290
1 4 2
183 249
1 9 2
367 89
1 5 2
614 299
1 13 2
321 125
1 5 2
190 525
1 9 2
268 355
1 6 2
519 673
1 6 2
30 230
1 8 2
100 340
1 10 2
561 418
1 14 2
336 212
1 2 2
240 617
1 4 2
171 667
1 13 2
352 69
1 10 2
643 449
1 12 2
277 85
1 7 2
44 541
1 7 2
461 622
1 11 2
295 462
1 15 2
462 555
1 13 2
436 692
1 10 2
203 568
1 13 2
500 183
1 9 2
81 366
1 3 2
339 517
1 8 2
577 34
1 8 2
631 133
1 15 2
403 551
1 2 2
423 375
1 15 2
404 584
1 5 2
264 210
1 14 2
635 33
1 7 2
143 369
1 13 2
146 19
1 3 2
215 261
1 14 2
161 24
1 15 2
541 446
1 2 2
530 618
1 14 2
227 250
1 2 2
277 683
1 2 2
172 459
1 12 2
693 248
1 11 2
140 82
1 13 2
151 444
1 4 2
97 635
1 6 2
452 284
1 7 2
257 379
1 2 2
486 247
1 3 2
422 109
1 15 2
444 194
1 3 2
692 624
1 11 2
44 13
1 14 2
378 392
1 6 2
390 564
1 9 2
331 213
1 3 2
364 315
1 7 2
162 32
1 11 2
169 556
1 15 2
391 200
1 8 2
588 321
1 2 2
252 439
1 8 2
332 359
1 8 2
322 215
1 5 2
19 306
1 10 2
19 458
1 2 2
517 632
1 12 2
314 241
1 15 2
411 108
1 11 2
574 651
1 15 2
680 593
1 4 2
613 662
1 2 2
263 397
1 3 2
300 386
1 6 2
207 300
1 10 2
575 259
1 11 2
287 273
1 13 2
376 659
1 7 2
331 415
1 15 2
150 92
1 15 2
63 411
1 11 2
263 571
1 13 2
200 16
1 9 2
559 213
1 7 2
645 583
1 10 2
59 410
1 10 2
403 241
1 9 2
346 477
1 10 2
584 104
1 12 2
524 7
1 4 2
409 509
1 9 2
534 160
1 15 2
644 198
1 3 2
468 505
1 15 2
538 566
1 15 2
538 263
1 10 2
82 239
1 10 2
567 250
1 7 2
587 643
1 2 2
403 647
1 3 2
97 650
1 5 2
550 315
1 14 2
257 96
1 8 2
564 214
1 3 2
183 533
1 14 2
248 614
1 11 2
367 318
1 2 2
230 403
1 14 2
433 253
1 11 2
393 547
1 3 2
195 108
1 2 2
431 307
1 5 2
418 116
1 3 2
204 129
1 12 2
355 396
1 6 2
573 29
1 2 2
35 260
1 7 2
368 195
1 15 2
125 555
1 7 2
637 53
1 12 2
497 118
1 3 2
602 375
1 9 2
505 662
1 10 2
515 85
1 6 2
287 597
1 14 2
212 321
1 14 2
333 664
1 8 2
202 205
1 8 2
633 429
1 15 2
94 120
1 5 2
399 594
1 11 2
337 514
1 9 2
359 483
1 8 2
21 431
1 2 2
410 356
1 6 2
132 577
1 13 2
306 434
1 3 2
285 507
1 8 2
525 334
1 9 2
614 502
1 9 2
291 242
1 15 2
417 634
1 15 2
457 41
1 8 2
389 266
1 3 2
251 23
1 9 2
83 437
1 13 2
104 459
1 15 2
279 661
1 9 2
313 100
1 7 2
75 470
1 9 2
416 430
1 3 2
595 594
1 8 2
654 571
1 5 2
157 555
1 13 2
51 668
1 13 2
311 42
1 7 2
604 392
1 13 2
594 610
1 3 2
161 397
1 5 2
119 569
1 5 2
609 332
1 9 2
91 157
1 5 2
164 381
1 2 2
250 430
1 3 2
419 243
1 8 2
303 378
1 8 2
688 209
1 15 2
411 485
1 8 2
156 683
1 13 2
118 112
1 6 2
220 273
1 4 2
221 162
1 6 2
507 184
1 3 2
71 114
1 13 2
452 644
1 4 2
231 271
1 9 2
281 599
1 13 2
231 412
1 13 2
146 121
1 3 2
364 111
1 2 2
2 53
1 11 2
160 304
1 2 2
341 598
1 11 2
612 241
1 6 2
688 186
1 2 2
343 169
1 13 2
52 128
1 5 2
54 13
1 2 2
356 13
1 10 2
269 4
1 4 2
203 559
1 12 2
193 306
1 5 2
263 34
1 6 2
87 89
1 6 2
334 315
1 3 2
96 316
1 3 2
658 667
1 14 2
446 497
1 14 2
613 274
1 7 2
74 142
1 11 2
172 546
1 3 2
38 570
1 11 2
493 312
1 2 2
481 156
1 11 2
350 697
1 14 2
26 593
1 13 2
434 101
1 15 2
623 586
1 7 2
207 390
1 9 2
366 201
1 12 2
600 530
1 3 2
301 345
1 6 2
80 161
1 8 2
552 179
1 13 2
332 127
1 12 2
276 395
1 13 2
31 217
1 9 2
416 246
1 6 2
384 598
1 8 2
150 207
1 9 2
434 502
1 6 2
568 182
1 2 2
479 443
1 8 2
41 223
1 8 2
401 548
1 6 2
565 596
1 8 2
289 611
1 10 2
248 562
1 9 2
622 229
1 9 2
655 357
1 7 2
222 485
1 7 2
190 314
1 14 2
252 282
1 11 2
597 318
1 3 2
596 14
1 2 2
627 29
1 3 2
478 343
1 3 2
300 606
1 3 2
595 487
1 12 2
355 231
1 10 2
617 545
1 6 2
225 14
1 10 2
41 253
1 10 2
103 133
1 8 2
674 275
1 6 2
71 580
1 10 2
572 218
1 11 2
263 674
1 13 2
416 236
1 6 2
645 525
1 15 2
512 614
1 7 2
437 212
1 13 2
353 428
1 7 2
148 579
1 2 2
609 383
1 10 2
668 399
1 5 2
72 292
1 2 2
230 554
1 2 2
656 688
1 14 2
174 422
1 7 2
125 153
1 14 2
103 581
1 12 2
34 288
1 7 2
60 321
1 13 2
250 509
1 2 2
7 498
1 9 2
21 48
1 6 2
360 333
1 3 2
277 676
1 8 2
195 581
1 8 2
84 275
1 5 2
411 410
1 10 2
449 353
1 3 2
359 671
1 11 2
418 228
1 6 2
114 33
1 7 2
363 115
1 13 2
164 391
1 11 2
608 695
1 9 2
552 409
1 10 2
167 550
1 13 2
533 649
1 4 2
210 408
1 7 2
487 218
1 11 2
261 270
1 5 2
221 161
1 6 2
231 257
1 8 2
396 162
1 13 2
645 566
1 4 2
55 259
1 15 2
197 567
1 13 2
87 545
1 4 2
311 41
1 13 2
242 694
1 5 2
631 241
1 4 2
51 592
1 6 2
588 467
1 5 2
660 584
1 2 2
441 285
1 14 2
218 117
1 11 2
402 458
1 10 2
172 274
1 2 2
108 512
1 15 2
337 422
1 13 2
286 631
1 4 2
677 335
1 10 2
243 244
1 10 2
16 115
1 13 2
432 443
1 3 2
418 596
1 6 2
125 346
1 4 2
433 0
1 3 2
291 556
1 14 2
499 64
1 7 2
575 470
1 7 2
56 179
1 4 2
620 215
1 9 2
326 639
1 10 2
578 561
1 4 2
469 613
1 5 2
374 441
1 9 2
295 443
1 13 2
520 553
1 11 2
85 601
1 4 2
380 500
1 7 2
609 221
1 9 2
182 463
1 11 2
455 683
1 8 2
631 162
1 12 2
86 396
1 8 2
53 11
1 2 2
48 585
1 2 2
185 423
1 7 2
177 540
1 7 2
229 348
1 6 2
206 393
1 3 2
404 388
1 9 2
697 113
1 4 2
355 605
1 2 2
63 14
1 12 2
405 62
1 5 2
271 282
1 15 2
686 356
1 5 2
158 443
1 5 2
229 677
1 9 2
656 49
1 15 2
397 458
1 7 2
250 237
1 12 2
205 482
1 9 2
431 487
1 7 2
107 699
1 6 2
594 661
1 12 2
593 601
1 13 2
240 242
1 10 2
41 624
1 15 2
299 133
1 14 2
617 647
1 2 2
91 224
1 8 2
126 192
1 8 2
608 520
1 3 2
472 214
1 2 2
54 51
1 8 2
219 440
1 11 2
623 216
1 4 2
151 617
1 6 2
202 157
1 13 2
20 182
1 4 2
602 292
1 6 2
112 500
1 12 2
634 44
1 11 2
78 589
1 4 2
508 545
1 10 2
576 657
1 3 2
556 129
1 14 2
377 468
1 8 2
280 639
1 8 2
667 234
1 9 2
573 82
1 12 2
509 449
1 10 2
524 41
1 14 2
426 435
1 2 2
120 457
1 8 2
189 446
1 6 2
466 148
1 5 2
229 24
1 12 2
235 507
1 9 2
188 573
1 15 2
553 98
1 13 2
282 477
1 8 2
520 530
1 8 2
36 648
1 12 2
672 562
1 15 2
422 264
1 10 2
367 237
1 10 2
150 165
1 14 2
611 141
1 2 2
356 151
1 13 2
467 364
1 2 2
229 414
1 9 2
645 489
1 12 2
269 568
1 7 2
558 71
1 11 2
328 341
1 3 2
361 291
1 7 2
130 104
1 14 2
625 626
1 10 2
629 304
1 5 2
132 42
1 6 2
606 146
1 8 2
388 122
1 3 2
132 688
1 12 2
17 134
1 13 2
496 241
1 5 2
284 664
1 15 2
519 174
1 11 2
621 569
1 9 2
650 389
1 6 2
65 225
1 15 2
114 174
1 3 2
425 175
1 13 2
9 358
1 14 2
75 541
1 5 2
261 268
1 13 2
349 300
1 14 2
383 148
1 4 2
229 104
1 15 2
369 438
1 15 2
611 136
1 7 2
460 444
1 10 2
317 475
1 8 2
410 569
1 9 2
326 689
1 2 2
664 460
1 14 2
665 387
1 10 2
517 285
1 10 2
110 57
1 11 2
456 56
1 7 2
297 354
1 13 2
249 346
1 3 2
305 413
1 14 2
126 276
1 8 2
163 36
1 9 2
481 277
1 14 2
96 213
1 14 2
160 613
1 13 2
377 465
1 5 2
604 369
1 3 2
159 50
1 10 2
632 643
1 6 2
25 249
1 15 2
73 367
1 8 2
91 4
1 4 2
437 314
1 2 2
666 632
1 9 2
295 601
1 14 2
80 475
1 11 2
464 180
1 10 2
491 457
1 6 2
593 653
1 5 2
68 365
1 15 2
259 639
1 15 2
523 642
1 11 2
582 121
1 9 2
75 255
1 4 2
155 263
1 10 2
297 49
1 15 2
633 593
1 2 2
32 250
1 8 2
207 280
1 2 2
597 432
1 6 2
672 664
1 2 2
358 364
1 9 2
647 644
1 7 2
92 158
1 5 2
568 477
1 9 2
232 450
1 10 2
565 47
1 4 2
225 113
1 12 2
420 544
1 6 2
141 169
1 2 2
574 658
1 15 2
172 230
1 8 2
21 13
1 5 2
596 312
1 14 2
169 520
1 12 2
593 307
1 2 2
106 477
1 7 2
322 313
1 15 2
298 457
1 6 2
122 121
1 4 2
9 317
1 10 2
59 161
1 6 2
353 547
1 3 2
443 246
1 3 2
281 610
1 14 2
667 193
1 12 2
95 28
1 4 2
452 418
1 11 2
510 473
1 9 2
108 73
1 5 2
380 613
1 3 2
618 641
1 7 2
93 574
1 13 2
416 17
1 15 2
682 693
1 5 2
225 629
1 4 2
177 513
1 7 2
432 164
1 12 2
455 660
1 9 2
572 130
1 8 2
562 296
1 2 2
291 106
1 5 2
690 591
1 7 2
576 57
1 7 2
256 64
1 3 2
449 66
1 3 2
597 223
1 9 2
370 481
1 3 2
338 425
1 6 2
524 564
1 4 2
416 274
1 4 2
51 392
1 10 2
371 579
1 8 2
677 473
1 13 2
545 17
1 3 2
120 235
1 10 2
259 605
1 6 2
162 331
1 2 2
165 292
1 6 2
231 689
1 7 2
685 503
1 7 2
105 268
1 9 2
575 566
1 14 2
205 698
1 11 2
396 54
1 15 2
94 193
1 6 2
518 55
1 7 2
153 627
1 13 2
207 184
1 13 2
694 252
1 11 2
162 174
1 12 2
392 282
1 14 2
621 255
1 5 2
554 346
1 5 2
403 348
1 13 2
384 65
1 9 2
292 19
1 2 2
30 675
1 5 2
447 675
1 2 2
244 312
1 15 2
408 353
1 4 2
307 504
1 13 2
191 342
1 11 2
427 423
1 15 2
612 92
1 12 2
38 314
1 7 2
96 637
1 8 2
340 406
1 5 2
85 240
1 7 2
341 354
1 11 2
653 189
1 12 2
318 559
1 8 2
55 226
1 9 2
38 315
1 10 2
400 110
1 15 2
87 582
1 6 2
663 211
1 5 2
639 559
1 7 2
433 475
1 2 2
639 314
1 15 2
68 665
1 8 2
181 641
1 4 2
636 659
1 7 2
549 130
1 15 2
310 5
1 2 2
603 628
1 7 2
378 463
1 5 2
287 174
1 8 2
358 535
1 12 2
82 181
1 15 2
164 259
1 12 2
75 157
1 2 2
208 434
1 5 2
17 535
1 7 2
230 636
1 6 2
79 148
1 5 2
246 43
1 5 2
264 474
1 3 2
570 372
1 2 2
370 470
1 2 2
312 487
1 11 2
156 359
1 3 2
86 334
1 14 2
595 137
1 4 2
163 522
1 5 2
359 472
1 14 2
500 150
1 10 2
156 568
1 12 2
244 308
1 4 2
253 164
1 7 2
277 192
1 7 2
567 573
1 2 2
591 624
1 14 2
529 434
1 10 2
87 310
1 9 2
158 667
1 10 2
214 593
1 7 2
283 84
1 9 2
233 340
1 8 2
193 663
1 10 2
113 481
1 9 2
83 511
1 7 2
200 130
1 5 2
402 105
1 9 2
567 504
1 5 2
159 659
1 10 2
53 143
1 10 2
139 478
1 6 2
162 678
1 15 2
100 657
1 6 2
515 655
1 3 2
211 363
1 14 2
644 125
1 8 2
147 573
1 10 2
608 515
1 4 2
335 59
1 12 2
516 157
1 8 2
548 355
1 15 2
199 500
1 5 2
373 539
1 2 2
176 245
1 10 2
621 81
1 11 2
290 498
1 2 2
150 265
1 10 2
153 145
1 9 2
282 117
1 2 2
31 580
1 14 2
391 454
1 9 2
256 443
1 10 2
337 551
1 9 2
150 60
1 4 2
169 659
1 2 2
471 199
1 3 2
646 687
1 13 2
129 589
1 5 2
319 269
1 8 2
287 598
1 15 2
614 393
1 7 2
267 15
1 2 2
252 270
1 12 2
75 226
1 6 2
299 243
1 2 2
521 403
1 2 2
677 147
1 7 2
10 137
1 2 2
185 645
1 14 2
670 98
1 10 2
332 96
1 6 2
395 625
1 15 2
624 439
1 8 2
386 407
1 7 2
411 208
1 7 2
138 435
1 11 2
674 288
1 15 2
388 595
1 14 2
643 495
1 3 2
201 144
1 9 2
7 319
1 2 2
112 52
1 3 2
595 207
1 13 2
538 146
1 14 2
240 422
1 8 2
165 532
1 15 2
543 639
1 2 2
386 595
1 11 2
395 94
1 10 2
432 323
1 13 2
599 178
1 14 2
183 3
1 6 2
209 339
1 2 2
274 324
1 11 2
54 368
1 12 2
633 263
1 3 2
249 471
1 11 2
643 290
1 8 2
434 510
1 14 2
280 7
1 5 2
374 367
1 11 2
347 497
1 4 2
464 252
1 14 2
289 512
1 5 2
393 334
1 6 2
584 257
1 8 2
131 339
1 9 2
172 28
1 2 2
183 612
1 10 2
271 325
1 10 2
635 601
1 14 2
324 270
1 15 2
393 267
1 2 2
375 583
1 5 2
200 116
1 15 2
297 14
1 8 2
679 644
1 15 2
36 561
1 4 2
304 378
1 12 2
332 396
1 12 2
295 285
1 10 2
349 594
1 6 2
607 242
1 6 2
9 526
1 15 2
361 444
1 15 2
114 639
1 10 2
386 565
1 6 2
152 401
1 9 2
120 688
1 4 2
131 110
1 10 2
419 597
1 14 2
235 346
1 9 2
305 17
1 11 2
82 17
1 2 2
473 310
1 7 2
585 329
1 10 2
342 350
1 14 2
95 477
1 11 2
451 693
1 7 2
109 698
1 2 2
693 532
1 7 2
574 321
1 4 2
280 46
1 13 2
79 343
1 3 2
352 299
1 4 2
424 65
1 14 2
237 213
1 2 2
250 150
1 6 2
91 618
1 5 2
545 548
1 10 2
63 209
1 14 2
211 379
1 6 2
283 349
1 8 2
137 543
1 6 2
267 105
1 7 2
73 659
1 14 2
96 24
1 12 2
500 60
1 14 2
423 346
1 9 2
486 15
1 14 2
587 334
1 11 2
535 17
1 13 2
502 216
1 4 2
248 137
1 13 2
467 280
1 11 2
81 623
1 8 2
677 696
1 6 2
634 373
1 8 2
631 295
1 15 2
436 137
1 11 2
430 682
1 3 2
599 675
1 9 2
184 348
1 5 2
380 316
1 11 2
447 233
1 11 2
494 683
1 14 2
86 228
1 14 2
165 553
1 10 2
124 284
1 12 2
557 333
1 7 2
319 237
1 6 2
298 538
1 11 2
693 244
1 7 2
534 245
1 15 2
253 439
1 7 2
410 135
1 13 2
639 505
1 10 2
497 231
1 7 2
119 109
1 4 2
662 387
1 12 2
79 372
1 6 2
285 170
1 14 2
53 36
1 3 2
253 206
1 10 2
88 59
1 5 2
631 41
1 4 2
475 617
1 15 2
689 244
1 4 2
512 338
1 11 2
84 120
1 8 2
330 176
1 9 2
251 14
1 6 2
365 612
1 4 2
391 255
1 8 2
695 422
1 4 2
492 102
1 14 2
190 489
1 14 2
274 583
1 14 2
565 365
1 7 2
357 487
1 14 2
95 196
1 5 2
487 248
1 8 2
294 680
1 7 2
228 152
1 5 2
379 180
1 5 2
381 616
1 15 2
218 610
1 11 2
247 643
1 11 2
223 236
1 9 2
110 533
1 6 2
236 653
1 9 2
570 399
1 10 2
226 410
1 4 2
262 25
1 13 2
95 528
1 6 2
620 621
1 5 2
656 60
1 7 2
151 451
1 5 2
257 440
1 8 2
300 633
1 6 2
355 190
1 6 2
450 43
1 15 2
303 388
1 5 2
525 468
1 2 2
657 50
1 12 2
272 483
1 10 2
431 661
1 13 2
469 164
1 4 2
362 119
1 10 2
181 172
1 10 2
34 132
1 15 2
77 519
1 12 2
404 90
1 5 2
556 201
1 8 2
545 494
1 6 2
340 548
1 11 2
300 473
1 11 2
98 626
1 7 2
248 400
1 14 2
256 110
1 15 2
570 5
1 15 2
640 380
1 8 2
549 253
1 12 2
666 694
1 15 2
298 321
1 12 2
666 466
1 6 2
260 545
1 9 2
234 246
1 14 2
104 575
1 14 2
75 353
1 3 2
20 38
1 6 2
481 279
1 7 2
606 579
1 14 2
614 116
1 14 2
423 126
1 3 2
334 563
1 15 2
53 327
1 8 2
84 55
1 3 2
657 42
1 11 2
668 287
1 14 2
609 552
1 10 2
92 179
1 9 2
361 307
1 15 2
189 493
1 6 2
422 550
1 7 2
318 596
1 5 2
92 183
1 4 2
266 5
1 3 2
641 55
1 15 2
119 208
1 14 2
14 368
1 15 2
312 268
1 7 2
606 326
1 12 2
495 419
1 14 2
323 275
1 4 2
502 596
1 12 2
254 233
1 14 2
547 595
1 15 2
144 380
1 4 2
616 119
1 11 2
385 507
1 9 2
344 430
1 12 2
249 505
1 13 2
119 94
1 6 2
606 221
1 15 2
374 195
1 11 2
569 393
1 8 2
26 450
1 6 2
636 115
1 13 2
123 444
1 13 2
414 584
1 14 2
213 489
1 8 2
304 670
1 10 2
505 598
1 8 2
210 635
1 13 2
659 579
1 8 2
55 646
1 12 2
598 139
1 10 2
580 411
1 7 2
17 99
1 7 2
218 656
1 2 2
637 34
1 15 2
543 677
1 8 2
669 578
1 7 2
586 15
1 10 2
148 53
1 15 2
5 671
1 15 2
671 243
1 9 2
658 456
1 9 2
382 79
1 15 2
249 696
1 4 2
370 263
1 6 2
495 168
1 14 2
344 626
1 7 2
649 316
1 9 2
426 671
1 13 2
390 600
1 4 2
171 652
1 15 2
310 622
1 5 2
481 455
1 11 2
285 64
1 10 2
87 130
1 5 2
309 620
1 10 2
577 535
1 10 2
33 62
1 8 2
272 244
1 14 2
572 598
1 6 2
454 479
1 15 2
513 695
1 10 2
583 652
1 11 2
252 164
1 3 2
56 241
1 14 2
299 51
1 6 2
409 352
1 5 2
398 261
1 11 2
221 339
1 12 2
103 578
1 6 2
636 53
1 13 2
578 461
1 3 2
473 583
1 7 2
83 75
1 6 2
107 524
1 5 2
496 221
1 5 2
100 15
1 7 2
461 153
1 3 2
254 193
1 4 2
174 52
1 5 2
154 226
1 8 2
299 640
1 13 2
62 529
1 15 2
619 294
1 10 2
61 53
1 14 2
538 126
1 2 2
551 62
1 14 2
126 12
1 11 2
459 56
1 3 2
445 119
1 13 2
45 459
1 14 2
666 385
1 15 2
479 335
1 12 2
438 103
1 4 2
207 194
1 5 2
558 442
1 7 2
250 109
1 12 2
602 456
1 7 2
625 663
1 4 2
26 42
1 5 2
691 14
1 9 2
4 90
1 2 2
590 311
1 3 2
690 189
1 4 2
109 8
1 13 2
683 235
1 9 2
463 191
1 12 2
321 44
1 6 2
394 361
1 7 2
311 433
1 2 2
459 144
1 7 2
620 197
1 13 2
630 380
1 4 2
8 248
1 11 2
136 173
1 15 2
60 5
1 14 2
263 70
1 14 2
442 640
1 12 2
113 452
1 7 2
283 448
1 8 2
432 331
1 4 2
258 414
1 3 2
663 436
1 6 2
77 308
1 4 2
72 679
1 6 2
370 299
1 15 2
154 213
1 2 2
354 635
1 14 2
261 290
1 2 2
10 372
1 12 2
355 172
1 9 2
495 104
1 8 2
312 415
1 12 2
209 213
1 10 2
617 21
1 20 2
282 283
1 4 2
462 663
1 12 2
412 108
1 16 2
150 236
1 22 2
645 593
1 10 2
363 222
1 6 2
406 389
1 10 2
159 460
1 22 2
202 149
1 4 2
633 664
1 6 2
346 440
1 12 2
415 686
1 16 2
687 118
