700 4180 2100
6 14 7 20 23 16 13 5 18 5 7 24 24 22 12 18 24 23 6 15 11 18 6 20 19 17 8 24 7 14 12 10 11 6 18 10 18 17 20 13 21 20 13 5 22 24 6 21 11 9 11 6 22 18 21 12 6 7 5 18 9 10 8 16 15 14 22 19 20 8 16 15 9 8 20 17 7 14 19 5 16 18 23 9 8 12 10 15 12 25 11 17 16 19 23 18 14 6 19 21 9 6 22 23 16 18 22 21 24 14 25 24 11 5 10 22 18 22 9 18 7 7 22 14 10 13 20 23 22 5 8 19 8 14 13 15 8 23 16 8 21 5 18 20 13 15 21 11 5 6 24 8 8 10 21 12 25 18 25 7 5 18 9 22 21 24 16 22 24 9 18 10 12 11 13 10 12 12 9 17 9 12 13 19 24 24 20 22 8 9 10 11 18 7 14 19 23 16 20 24 8 6 21 13 20 9 21 12 16 19 8 12 22 21 11 13 7 22 19 15 24 6 7 16 20 9 21 24 24 16 5 24 18 7 7 19 21 11 13 20 7 21 15 21 12 13 17 21 6 15 16 17 5 15 9 23 14 19 12 18 5 21 15 16 15 6 7 24 6 15 10 5 18 22 18 18 5 15 17 22 24 7 9 5 9 19 8 10 17 21 15 23 16 16 15 11 18 13 22 10 8 17 15 13 17 8 13 14 23 24 13 15 14 15 20 25 5 13 5 8 21 20 25 17 15 9 7 12 7 13 25 11 18 10 17 20 16 23 12 10 16 25 10 23 10 17 14 14 10 25 19 11 23 19 20 9 21 21 5 20 21 22 23 16 6 7 21 6 19 15 11 6 13 5 5 18 9 13 20 15 25 23 6 17 6 8 18 7 20 25 12 9 18 8 6 12 12 13 5 15 16 20 24 13 25 8 18 5 17 14 11 9 17 24 13 12 17 20 13 21 18 17 6 21 19 12 13 23 22 16 14 14 25 6 11 21 23 9 5 21 20 19 23 11 6 20 19 9 15 16 6 16 20 15 8 23 24 20 10 6 14 16 6 21 15 25 5 15 19 14 8 10 13 15 24 16 5 10 16 13 18 16 23 15 15 22 16 5 11 21 18 7 5 18 23 5 19 9 13 19 15 10 23 22 24 11 11 14 23 9 22 10 17 20 23 23 18 19 18 21 12 7 20 20 17 22 23 14 21 15 22 19 11 21 22 12 22 21 18 25 6 10 10 17 8 14 15 18 12 14 11 13 17 9 20 19 15 7 11 10 18 20 21 8 5 11 12 15 9 9 24 25 7 15 11 18 16 23 23 6 7 17 14 10 9 10 16 12 6 17 21 18 5 11 25 15 12 23 11 18 20 21 22 11 5 7 21 14 21 22 25 25 25 9 22 11 5 24 18 8 9 20 19 6 16 23 7 12 14 22 18 21 7 11 21 5 5 17 25 19 19 23 18 23 25 10 21 17 22 24 7 10 20 20 6 9 10 15 25 21 16 23 15 24 18 6 15 11 8 21 22 19 9 24 12 11 14 22 21 19 20 9 16 12 23 6 17 23 17 14 15 11 17 13 6 18 6 24 13 17
3 14 11 16 16 9 4 12 20 15 12 20 18 7 6 9 20 12 10 20 5 7 20 20 15 8 17 18 12 6 16 16 12 12 18 9 8 9 4 10 11 15 20 20 7 11 6 9 19 4 12 18 6 8 15 8 13 15 11 3 11 12 12 6 6 17 14 10 6 14 8 7 16 13 10 5 14 10 20 14 10 17 13 5 5 19 3 3 10 14 5 4 13 6 9 12 6 12 5 18 17 20 19 10 6 17 7 13 14 17 13 9 19 3 15 5 18 12 6 9 16 20 8 14 16 16 7 13 7 12 19 17 10 7 4 6 6 8 3 3 7 14 14 3 12 12 20 9 4 17 15 19 12 5 10 13 7 19 5 3 9 10 20 20 10 5 5 6 18 6 7 10 3 12 15 10 5 13 20 3 19 15 12 9 9 8 8 6 19 20 15 4 14 3 15 15 5 10 9 19 15 9 16 12 9 7 19 11 12 8 10 9 5 17 7 6 10 5 4 5 18 5 19 6 16 7 5 3 19 15 12 7 5 4 12 7 13 16 12 16 17 16 13 20 7 5 3 3 20 8 14 20 4 5 8 10 12 9 7 19 16 9 14 11 16 19 16 10 16 10 3 19 13 3 7 10 20 16 14 9 15 12 9 10 6 10 4 16 8 17 20 13 14 15 13 12 18 14 11 17 16 12 5 6 11 7 8 18 15 3 5 10 6 19 19 6 9 20 7 7 8 10 4 17 17 4 20 3 12 20 12 18 4 15 17 8 6 14 8 4 14 13 19 13 19 18 20 16 20 15 11 5 17 10 4 11 17 13 15 16 20 12 12 16 13 4 5 18 5 8 8 12 12 11 20 13 13 9 16 5 14 5 10 12 11 15 16 11 12 20 16 13 5 3 9 20 3 7 10 19 3 19 13 6 8 8 7 15 12 9 9 19 15 19 8 6 6 10 6 17 3 19 4 14 7 10 12 18 4 13 3 13 14 11 10 18 17 11 20 3 17 3 3 14 10 14 12 10 19 18 14 10 3 4 5 17 11 16 10 16 3 20 16 3 6 6 17 15 3 20 18 12 16 17 11 5 9 20 11 15 18 11 17 20 5 16 20 19 5 10 11 10 17 13 16 7 7 9 17 11 13 6 18 15 18 15 16 18 16 17 8 15 20 11 17 18 3 5 15 10 18 16 12 9 6 16 17 7 14 17 8 15 9 7 4 7 18 4 14 6 4 10 14 20 7 7 19 11 6 9 5 15 15 8 10 17 7 16 15 6 20 15 19 16 6 12 18 18 9 3 17 15 18 17 15 20 17 11 19 13 13 17 15 17 13 9 3 7 11 18 14 15 16 6 6 14 6 15 19 9 6 18 15 5 9 18 13 4 11 12 13 3 13 17 15 18 5 11 16 16 9 17 4 19 17 3 16 18 19 18 19 19 15 16 20 9 12 9 20 7 9 20 5 14 15 14 11 4 7 10 6 3 11 9 17 18 8 17 13 13 6 15 3 6 7 12 17 18 9 16 15 9 17 15 6 5 4 19 4 13 19 12 6 12 4 6 13 3 8 19 9 15 13 17 11 8 8 10 18 11
1 5 2
49 385
1 6 2
135 327
1 9 2
532 158
1 2 2
390 190
1 14 2
411 610
1 5 2
515 40
1 14 2
273 503
1 11 2
54 186
1 14 2
411 50
1 5 2
224 442
1 5 2
510 22
1 4 2
257 399
1 11 2
687 343
1 4 2
565 623
1 15 2
317 651
1 15 2
674 434
1 4 2
240 593
1 7 2
256 72
1 8 2
126 268
1 11 2
547 496
1 9 2
633 542
1 10 2
357 545
1 7 2
7 457
1 6 2
398 684
1 12 2
315 555
1 2 2
557 515
1 4 2
71 510
1 8 2
327 348
1 4 2
261 422
1 8 2
561 545
1 6 2
22 94
1 13 2
582 87
1 11 2
33 374
1 13 2
602 427
1 7 2
36 660
1 2 2
262 343
1 7 2
311 406
1 8 2
346 608
1 14 2
693 7
1 8 2
568 517
1 2 2
560 286
1 3 2
123 125
1 4 2
125 49
1 14 2
253 212
1 11 2
24 215
1 10 2
571 678
1 8 2
163 6
1 4 2
482 526
1 6 2
62 496
1 7 2
327 617
1 9 2
74 323
1 7 2
396 160
1 7 2
207 317
1 2 2
119 647
1 8 2
391 473
1 14 2
583 389
1 11 2
584 185
1 10 2
394 303
1 6 2
642 342
1 7 2
418 683
1 14 2
582 514
1 5 2
251 110
1 11 2
669 327
1 11 2
83 410
1 7 2
108 326
1 15 2
613 469
1 15 2
66 92
1 12 2
542 560
1 7 2
22 107
1 14 2
203 431
1 2 2
89 300
1 3 2
610 179
1 12 2
498 207
1 6 2
518 623
1 15 2
695 204
1 11 2
158 424
1 8 2
402 104
1 10 2
457 436
1 3 2
291 166
1 8 2
79 214
1 9 2
97 201
1 8 2
594 619
1 8 2
258 660
1 6 2
145 671
1 13 2
425 301
1 3 2
283 427
1 8 2
185 270
1 13 2
179 322
1 6 2
652 27
1 5 2
121 588
1 8 2
596 657
1 9 2
403 294
1 11 2
617 284
1 12 2
524 253
1 11 2
244 379
1 5 2
123 155
1 5 2
162 426
1 8 2
667 161
1 5 2
695 234
1 5 2
631 240
1 4 2
410 269
1 15 2
226 540
1 10 2
617 595
1 4 2
137 105
1 15 2
556 635
1 15 2
616 228
1 6 2
99 491
1 12 2
400 582
1 5 2
387 447
1 8 2
690 92
1 5 2
650 503
1 13 2
138 156
1 10 2
630 183
1 6 2
263 633
1 6 2
636 92
1 6 2
696 21
1 12 2
14 187
1 2 2
95 467
1 6 2
555 466
1 14 2
239 680
1 11 2
45 357
1 10 2
126 266
1 3 2
341 11
1 4 2
82 173
1 11 2
217 431
1 11 2
263 81
1 11 2
196 156
1 2 2
290 348
1 14 2
120 493
1 13 2
304 468
1 13 2
334 177
1 13 2
10 545
1 9 2
124 198
1 7 2
181 218
1 6 2
364 681
1 2 2
524 216
1 5 2
409 501
1 5 2
213 12
1 8 2
334 696
1 5 2
427 523
1 4 2
506 529
1 12 2
550 335
1 6 2
206 122
1 12 2
685 559
1 12 2
522 227
1 9 2
367 595
1 14 2
678 690
1 7 2
275 179
1 6 2
479 419
1 13 2
581 175
1 6 2
365 493
1 4 2
349 403
1 9 2
377 57
1 15 2
4 145
1 2 2
564 651
1 15 2
107 501
1 2 2
434 231
1 5 2
446 679
1 8 2
301 575
1 4 2
0 157
1 4 2
380 653
1 6 2
681 175
1 7 2
204 0
1 5 2
632 285
1 15 2
509 321
1 10 2
222 546
1 13 2
685 141
1 5 2
129 489
1 7 2
278 242
1 7 2
312 637
1 3 2
559 109
1 14 2
397 678
1 8 2
607 507
1 5 2
457 1
1 7 2
324 51
1 3 2
450 187
1 14 2
141 500
1 12 2
339 36
1 9 2
37 207
1 11 2
501 575
1 6 2
631 98
1 7 2
589 129
1 6 2
511 480
1 14 2
687 95
1 12 2
59 419
1 15 2
500 98
1 8 2
320 355
1 14 2
651 259
1 8 2
460 151
1 6 2
666 332
1 5 2
604 109
1 14 2
38 349
1 12 2
2 620
1 11 2
694 360
1 15 2
213 664
1 8 2
3 352
1 14 2
333 63
1 7 2
555 330
1 15 2
489 417
1 9 2
681 249
1 9 2
571 506
1 15 2
393 2
1 11 2
374 683
1 3 2
501 607
1 2 2
304 688
1 14 2
152 699
1 2 2
277 627
1 3 2
431 449
1 2 2
111 519
1 10 2
470 247
1 4 2
231 644
1 8 2
587 418
1 7 2
202 440
1 2 2
114 262
1 2 2
574 310
1 13 2
399 254
1 7 2
573 696
1 7 2
420 301
1 14 2
655 162
1 8 2
595 576
1 12 2
396 693
1 4 2
164 521
1 4 2
348 428
1 13 2
601 586
1 12 2
68 467
1 15 2
537 94
1 12 2
26 48
1 3 2
53 256
1 13 2
266 39
1 15 2
163 234
1 4 2
447 150
1 10 2
107 278
1 6 2
565 508
1 5 2
470 383
1 15 2
238 546
1 10 2
548 480
1 9 2
320 81
1 14 2
204 671
1 8 2
296 674
1 10 2
316 667
1 5 2
455 120
1 15 2
81 679
1 9 2
205 195
1 14 2
291 416
1 14 2
103 534
1 8 2
139 15
1 8 2
89 498
1 8 2
675 518
1 4 2
287 135
1 13 2
165 3
1 6 2
247 688
1 3 2
344 297
1 3 2
480 224
1 15 2
68 42
1 13 2
259 522
1 6 2
393 384
1 14 2
522 625
1 13 2
490 594
1 5 2
339 544
1 5 2
270 465
1 7 2
536 196
1 11 2
63 543
1 6 2
463 40
1 10 2
617 9
1 10 2
63 202
1 10 2
338 337
1 9 2
77 100
1 12 2
198 562
1 13 2
230 427
1 3 2
201 160
1 9 2
81 69
1 2 2
202 605
1 10 2
576 216
1 2 2
246 94
1 10 2
263 109
1 3 2
152 500
1 4 2
120 299
1 15 2
658 163
1 15 2
256 634
1 4 2
39 436
1 11 2
601 596
1 10 2
288 110
1 5 2
287 600
1 14 2
511 589
1 5 2
692 564
1 7 2
505 509
1 10 2
113 296
1 5 2
622 273
1 3 2
65 471
1 14 2
91 335
1 13 2
543 287
1 13 2
201 504
1 10 2
461 288
1 3 2
519 630
1 11 2
607 447
1 11 2
91 82
1 13 2
73 112
1 8 2
488 565
1 14 2
71 524
1 9 2
164 631
1 14 2
213 167
1 7 2
512 81
1 7 2
238 204
1 2 2
629 139
1 14 2
7 653
1 8 2
451 212
1 14 2
318 603
1 9 2
463 587
1 2 2
574 514
1 3 2
196 567
1 5 2
406 48
1 2 2
505 244
1 15 2
451 281
1 4 2
265 219
1 3 2
94 684
1 12 2
20 241
1 9 2
140 693
1 5 2
420 500
1 11 2
260 36
1 15 2
455 24
1 8 2
9 378
1 5 2
473 22
1 9 2
216 356
1 5 2
449 662
1 13 2
47 450
1 5 2
456 308
1 9 2
688 178
1 8 2
145 55
1 9 2
433 201
1 6 2
185 13
1 6 2
78 4
1 5 2
539 413
1 12 2
141 140
1 10 2
530 3
1 6 2
435 242
1 6 2
76 579
1 11 2
443 140
1 2 2
414 13
1 13 2
402 393
1 3 2
522 153
1 11 2
215 369
1 2 2
258 244
1 3 2
336 367
1 3 2
627 78
1 14 2
496 693
1 8 2
40 562
1 13 2
161 204
1 3 2
461 192
1 4 2
206 218
1 10 2
470 51
1 3 2
31 655
1 15 2
271 79
1 14 2
532 236
1 8 2
130 664
1 8 2
627 596
1 14 2
408 302
1 14 2
333 494
1 7 2
150 478
1 15 2
333 318
1 12 2
415 381
1 12 2
266 234
1 15 2
579 465
1 6 2
263 606
1 6 2
56 485
1 13 2
542 163
1 10 2
598 310
1 12 2
335 498
1 13 2
120 169
1 5 2
224 444
1 15 2
534 464
1 2 2
154 547
1 8 2
416 182
1 7 2
499 213
1 9 2
110 6
1 13 2
590 36
1 6 2
382 165
1 5 2
636 413
1 8 2
36 584
1 13 2
185 589
1 11 2
397 607
1 7 2
689 154
1 4 2
106 119
1 5 2
668 623
1 8 2
304 243
1 13 2
562 376
1 4 2
636 629
1 9 2
273 583
1 12 2
672 55
1 4 2
622 665
1 4 2
413 371
1 12 2
684 192
1 7 2
225 287
1 8 2
431 315
1 10 2
51 522
1 10 2
392 148
1 3 2
465 462
1 10 2
601 393
1 10 2
505 240
1 5 2
556 274
1 10 2
686 423
1 8 2
143 476
1 11 2
80 337
1 5 2
86 653
1 3 2
8 479
1 4 2
258 475
1 9 2
594 657
1 2 2
517 669
1 15 2
139 631
1 14 2
180 146
1 2 2
646 589
1 5 2
359 142
1 5 2
44 339
1 7 2
59 563
1 4 2
250 131
1 8 2
500 224
1 11 2
424 412
1 9 2
572 353
1 5 2
696 587
1 8 2
618 393
1 6 2
220 125
1 8 2
180 62
1 13 2
125 368
1 4 2
229 87
1 2 2
555 185
1 12 2
684 643
1 5 2
56 84
1 14 2
413 274
1 5 2
325 491
1 2 2
92 549
1 15 2
465 546
1 8 2
463 77
1 12 2
270 227
1 8 2
4 337
1 9 2
427 34
1 2 2
15 245
1 5 2
386 568
1 4 2
421 117
1 15 2
297 635
1 12 2
377 16
1 13 2
272 447
1 13 2
478 545
1 12 2
516 606
1 4 2
232 643
1 15 2
692 333
1 9 2
611 615
1 15 2
475 205
1 7 2
195 371
1 6 2
525 148
1 15 2
642 594
1 10 2
97 590
1 11 2
686 485
1 8 2
427 47
1 10 2
559 451
1 7 2
37 648
1 3 2
233 391
1 4 2
263 43
1 9 2
640 89
1 7 2
387 203
1 4 2
478 124
1 13 2
364 433
1 5 2
654 166
1 12 2
646 325
1 2 2
157 678
1 8 2
421 139
1 5 2
471 204
1 14 2
85 138
1 14 2
466 485
1 13 2
275 154
1 10 2
627 101
1 14 2
376 422
1 7 2
643 280
1 11 2
80 196
1 8 2
461 484
1 15 2
167 617
1 7 2
631 415
1 14 2
473 439
1 7 2
591 289
1 8 2
685 332
1 10 2
648 549
1 12 2
47 540
1 2 2
97 615
1 3 2
238 202
1 3 2
8 44
1 11 2
576 330
1 13 2
91 150
1 6 2
646 48
1 8 2
252 394
1 13 2
449 692
1 10 2
657 694
1 5 2
587 651
1 3 2
584 41
1 5 2
89 428
1 4 2
669 149
1 4 2
105 76
1 5 2
462 213
1 6 2
676 446
1 7 2
281 147
1 2 2
158 277
1 15 2
637 242
1 7 2
604 534
1 15 2
306 261
1 4 2
552 318
1 8 2
334 304
1 3 2
560 169
1 13 2
396 217
1 12 2
547 486
1 11 2
191 558
1 11 2
632 492
1 6 2
467 183
1 8 2
107 509
1 13 2
454 91
1 4 2
319 359
1 13 2
529 583
1 15 2
406 44
1 14 2
144 603
1 15 2
227 691
1 2 2
318 370
1 15 2
565 648
1 13 2
615 145
1 5 2
426 258
1 9 2
249 480
1 2 2
58 200
1 15 2
586 644
1 13 2
245 519
1 9 2
211 12
1 12 2
116 667
1 10 2
107 135
1 9 2
620 221
1 8 2
32 207
1 9 2
545 457
1 6 2
550 295
1 15 2
485 358
1 3 2
691 255
1 10 2
473 380
1 5 2
84 209
1 5 2
274 676
1 15 2
660 364
1 8 2
696 534
1 2 2
34 391
1 14 2
550 570
1 3 2
23 196
1 7 2
575 144
1 10 2
629 483
1 13 2
181 377
1 4 2
393 568
1 13 2
27 277
1 8 2
116 237
1 7 2
604 666
1 10 2
354 145
1 14 2
94 552
1 12 2
262 145
1 5 2
382 691
1 9 2
104 422
1 9 2
96 638
1 13 2
638 108
1 5 2
639 430
1 9 2
296 64
1 2 2
547 384
1 8 2
190 608
1 14 2
637 655
1 2 2
476 306
1 7 2
225 1
1 13 2
387 696
1 6 2
223 283
1 2 2
179 232
1 7 2
201 572
1 10 2
371 374
1 10 2
464 451
1 13 2
192 552
1 14 2
627 592
1 2 2
444 429
1 15 2
238 535
1 14 2
52 127
1 2 2
399 98
1 5 2
680 443
1 4 2
263 586
1 3 2
376 356
1 11 2
266 374
1 14 2
181 414
1 14 2
507 405
1 5 2
58 4
1 15 2
540 102
1 8 2
690 541
1 14 2
393 513
1 2 2
418 274
1 7 2
131 223
1 3 2
662 358
1 4 2
284 418
1 15 2
638 484
1 2 2
370 162
1 15 2
75 395
1 13 2
440 537
1 6 2
107 245
1 4 2
162 32
1 4 2
699 267
1 13 2
530 478
1 5 2
464 53
1 12 2
259 60
1 2 2
380 48
1 8 2
568 224
1 9 2
326 502
1 14 2
684 185
1 11 2
424 195
1 12 2
107 330
1 6 2
357 428
1 7 2
591 140
1 3 2
111 348
1 13 2
669 374
1 9 2
539 290
1 6 2
270 261
1 11 2
514 282
1 13 2
242 157
1 13 2
435 134
1 5 2
50 668
1 7 2
205 94
1 9 2
318 293
1 5 2
615 539
1 13 2
531 352
1 15 2
301 323
1 8 2
362 183
1 11 2
684 401
1 10 2
28 369
1 2 2
433 307
1 14 2
312 660
1 5 2
590 78
1 12 2
115 297
1 5 2
281 664
1 8 2
117 134
1 11 2
114 435
1 7 2
193 48
1 4 2
262 32
1 15 2
33 0
1 9 2
271 554
1 12 2
145 71
1 4 2
331 183
1 8 2
446 193
1 14 2
63 479
1 10 2
696 555
1 6 2
39 258
1 6 2
456 537
1 8 2
594 616
1 14 2
141 501
1 8 2
331 635
1 11 2
112 434
1 14 2
67 388
1 13 2
189 3
1 13 2
664 699
1 6 2
87 434
1 8 2
138 372
1 11 2
35 236
1 11 2
630 201
1 5 2
460 306
1 3 2
444 201
1 15 2
319 508
1 14 2
586 31
1 7 2
200 70
1 14 2
43 581
1 2 2
620 531
1 11 2
401 153
1 10 2
148 624
1 10 2
206 388
1 7 2
35 91
1 6 2
247 616
1 6 2
127 517
1 4 2
605 15
1 9 2
125 629
1 5 2
352 236
1 8 2
438 26
1 13 2
578 241
1 9 2
314 389
1 8 2
655 398
1 12 2
166 261
1 12 2
287 675
1 3 2
692 230
1 2 2
438 196
1 6 2
410 523
1 11 2
299 237
1 2 2
572 168
1 12 2
59 674
1 6 2
181 571
1 8 2
75 590
1 6 2
286 576
1 9 2
156 631
1 8 2
214 267
1 15 2
439 191
1 2 2
146 249
1 9 2
224 193
1 15 2
281 151
1 15 2
599 15
1 14 2
562 384
1 11 2
112 299
1 15 2
230 505
1 7 2
34 290
1 5 2
272 591
1 15 2
163 44
1 13 2
39 550
1 4 2
474 366
1 8 2
3 180
1 8 2
152 372
1 3 2
503 441
1 4 2
122 325
1 2 2
20 655
1 10 2
502 141
1 10 2
334 567
1 15 2
268 84
1 4 2
605 655
1 15 2
123 606
1 4 2
429 274
1 9 2
499 215
1 6 2
453 308
1 12 2
483 348
1 9 2
637 265
1 13 2
656 208
1 11 2
125 470
1 6 2
130 233
1 10 2
600 255
1 12 2
359 566
1 7 2
96 181
1 15 2
318 390
1 6 2
439 55
1 14 2
390 548
1 8 2
222 193
1 6 2
379 254
1 7 2
333 549
1 15 2
467 395
1 10 2
458 211
1 12 2
323 6
1 4 2
513 27
1 8 2
118 697
1 13 2
690 257
1 4 2
516 503
1 6 2
573 674
1 13 2
39 55
1 14 2
425 395
1 14 2
130 387
1 5 2
170 264
1 3 2
688 433
1 14 2
155 25
1 5 2
660 288
1 15 2
12 126
1 4 2
222 188
1 14 2
672 275
1 14 2
441 226
1 13 2
10 86
1 10 2
326 421
1 2 2
15 357
1 3 2
38 557
1 4 2
349 583
1 12 2
636 660
1 11 2
317 505
1 5 2
347 626
1 12 2
228 485
1 13 2
60 465
1 10 2
356 439
1 11 2
273 69
1 15 2
58 168
1 5 2
97 660
1 9 2
581 426
1 11 2
640 446
1 6 2
446 485
1 12 2
98 627
1 5 2
76 322
1 5 2
49 628
1 11 2
39 9
1 12 2
504 419
1 4 2
625 151
1 3 2
85 128
1 3 2
293 551
1 2 2
652 280
1 2 2
297 393
1 8 2
645 52
1 7 2
540 447
1 13 2
408 655
1 10 2
354 487
1 10 2
54 282
1 4 2
214 359
1 14 2
272 670
1 12 2
412 427
1 8 2
442 585
1 7 2
453 283
1 12 2
397 276
1 14 2
323 578
1 11 2
18 113
1 15 2
127 54
1 8 2
73 287
1 2 2
52 311
1 9 2
347 207
1 14 2
230 24
1 8 2
279 319
1 15 2
609 8
1 3 2
77 528
1 14 2
97 53
1 5 2
468 454
1 13 2
71 278
1 10 2
176 531
1 9 2
38 377
1 9 2
348 193
1 13 2
55 545
1 14 2
507 256
1 5 2
208 60
1 14 2
256 581
1 14 2
697 305
1 14 2
480 458
1 14 2
13 602
1 2 2
594 211
1 13 2
126 336
1 14 2
179 632
1 14 2
382 358
1 7 2
210 92
1 13 2
177 480
1 5 2
410 388
1 6 2
72 41
1 8 2
518 93
1 3 2
93 245
1 2 2
355 150
1 9 2
440 688
1 14 2
251 390
1 11 2
586 179
1 7 2
299 223
1 9 2
104 527
1 4 2
147 178
1 5 2
74 695
1 9 2
395 288
1 4 2
331 525
1 14 2
542 562
1 14 2
211 463
1 8 2
662 105
1 6 2
230 278
1 2 2
656 260
1 13 2
265 127
1 15 2
635 93
1 3 2
44 92
1 3 2
257 149
1 11 2
378 23
1 12 2
510 549
1 8 2
218 243
1 14 2
617 605
1 5 2
442 697
1 9 2
678 540
1 11 2
141 621
1 6 2
193 75
1 9 2
40 572
1 9 2
651 258
1 7 2
300 528
1 8 2
212 287
1 5 2
48 300
1 3 2
573 337
1 10 2
453 401
1 3 2
247 671
1 5 2
307 234
1 14 2
39 363
1 3 2
2 533
1 7 2
593 265
1 8 2
374 528
1 12 2
386 269
1 11 2
290 129
1 4 2
389 227
1 4 2
171 209
1 15 2
85 11
1 6 2
675 431
1 7 2
70 36
1 5 2
330 200
1 10 2
335 563
1 5 2
514 12
1 4 2
380 421
1 11 2
239 85
1 14 2
663 526
1 4 2
77 72
1 2 2
315 1
1 14 2
526 200
1 6 2
55 239
1 11 2
640 328
1 9 2
510 396
1 7 2
673 284
1 11 2
129 21
1 9 2
142 521
1 15 2
72 432
1 14 2
303 445
1 2 2
132 136
1 13 2
138 567
1 15 2
666 307
1 4 2
678 218
1 7 2
17 28
1 10 2
317 613
1 6 2
637 44
1 11 2
431 160
1 8 2
374 492
1 13 2
142 286
1 7 2
424 8
1 14 2
156 492
1 14 2
252 228
1 12 2
471 480
1 12 2
255 287
1 12 2
190 192
1 2 2
472 466
1 11 2
443 193
1 15 2
501 406
1 12 2
446 616
1 7 2
390 6
1 2 2
369 283
1 7 2
213 696
1 4 2
77 472
1 2 2
111 359
1 10 2
638 10
1 9 2
159 351
1 7 2
422 109
1 3 2
494 79
1 3 2
137 273
1 12 2
425 252
1 13 2
191 439
1 5 2
26 381
1 5 2
416 360
1 15 2
99 41
1 3 2
19 663
1 3 2
270 312
1 8 2
94 144
1 13 2
637 670
1 6 2
607 313
1 13 2
470 193
1 6 2
409 186
1 14 2
146 625
1 8 2
633 481
1 7 2
42 181
1 10 2
233 313
1 9 2
696 601
1 11 2
523 16
1 12 2
171 251
1 15 2
505 93
1 4 2
323 317
1 12 2
540 533
1 8 2
507 636
1 6 2
476 370
1 2 2
582 278
1 5 2
355 180
1 14 2
429 505
1 5 2
85 311
1 14 2
673 108
1 15 2
345 377
1 5 2
203 285
1 5 2
246 121
1 14 2
651 629
1 3 2
109 263
1 3 2
28 296
1 4 2
437 463
1 5 2
567 151
1 10 2
259 378
1 14 2
606 510
1 4 2
90 268
1 9 2
378 214
1 3 2
455 354
1 7 2
379 655
1 10 2
174 587
1 11 2
345 685
1 2 2
115 674
1 11 2
81 271
1 6 2
499 378
1 5 2
648 351
1 14 2
243 335
1 5 2
293 359
1 13 2
611 103
1 7 2
198 85
1 8 2
399 405
1 2 2
111 666
1 14 2
505 588
1 12 2
16 319
1 11 2
172 636
1 6 2
413 248
1 15 2
236 217
1 14 2
345 267
1 15 2
678 82
1 11 2
412 516
1 8 2
549 286
1 7 2
182 71
1 8 2
385 539
1 9 2
346 51
1 2 2
86 572
1 15 2
311 553
1 6 2
544 335
1 4 2
281 304
1 13 2
112 443
1 15 2
224 569
1 10 2
108 322
1 5 2
121 346
1 3 2
0 37
1 11 2
40 220
1 14 2
211 365
1 14 2
293 420
1 13 2
534 541
1 3 2
361 240
1 5 2
63 627
1 2 2
383 551
1 12 2
103 552
1 6 2
199 30
1 5 2
640 435
1 13 2
246 306
1 5 2
39 108
1 13 2
331 532
1 8 2
666 642
1 11 2
296 210
1 8 2
488 322
1 7 2
137 274
1 11 2
133 575
1 3 2
103 696
1 5 2
574 321
1 13 2
94 164
1 10 2
370 148
1 15 2
670 421
1 11 2
404 190
1 2 2
29 344
1 15 2
294 567
1 13 2
115 399
1 3 2
152 424
1 5 2
574 429
1 14 2
349 159
1 7 2
298 151
1 11 2
35 168
1 5 2
84 130
1 4 2
303 364
1 11 2
650 512
1 14 2
144 224
1 3 2
274 425
1 5 2
182 642
1 10 2
325 18
1 10 2
266 281
1 13 2
524 230
1 15 2
444 379
1 13 2
595 189
1 13 2
544 330
1 11 2
516 573
1 6 2
281 91
1 10 2
128 329
1 6 2
182 324
1 8 2
259 488
1 5 2
600 258
1 9 2
609 448
1 9 2
144 486
1 8 2
390 431
1 4 2
697 488
1 9 2
312 568
1 4 2
558 82
1 4 2
444 651
1 2 2
293 317
1 13 2
547 504
1 4 2
529 20
1 11 2
620 666
1 12 2
11 70
1 5 2
356 537
1 2 2
359 322
1 11 2
266 316
1 7 2
141 509
1 5 2
428 100
1 15 2
639 606
1 2 2
605 299
1 6 2
119 673
1 6 2
160 389
1 2 2
624 180
1 14 2
39 348
1 11 2
356 520
1 15 2
641 2
1 6 2
602 275
1 8 2
95 101
1 13 2
46 676
1 4 2
322 575
1 8 2
535 174
1 10 2
548 394
1 15 2
422 660
1 12 2
218 691
1 3 2
662 11
1 3 2
463 602
1 10 2
657 597
1 11 2
481 570
1 12 2
123 573
1 4 2
459 263
1 4 2
256 140
1 8 2
408 73
1 6 2
192 596
1 12 2
296 344
1 13 2
217 279
1 3 2
446 347
1 15 2
465 585
1 13 2
548 276
1 14 2
161 53
1 14 2
552 686
1 5 2
456 363
1 12 2
367 474
1 5 2
442 138
1 10 2
549 229
1 3 2
111 485
1 8 2
315 380
1 11 2
538 637
1 5 2
166 213
1 15 2
134 613
1 13 2
156 140
1 2 2
374 398
1 12 2
552 385
1 15 2
313 109
1 14 2
33 206
1 9 2
90 464
1 6 2
237 177
1 7 2
698 327
1 10 2
675 432
1 2 2
111 236
1 2 2
539 61
1 6 2
660 34
1 15 2
69 332
1 7 2
262 272
1 7 2
532 593
1 4 2
67 696
1 7 2
571 185
1 3 2
563 267
1 11 2
260 334
1 13 2
276 444
1 8 2
676 487
1 2 2
169 342
1 5 2
504 192
1 6 2
207 131
1 14 2
506 339
1 9 2
594 103
1 15 2
521 244
1 13 2
676 154
1 7 2
401 25
1 4 2
681 9
1 8 2
592 149
1 6 2
471 269
1 3 2
603 164
1 15 2
609 492
1 8 2
244 158
1 8 2
529 140
1 12 2
15 40
1 3 2
334 263
1 5 2
408 416
1 5 2
118 402
1 12 2
152 651
1 9 2
88 264
1 10 2
515 209
1 14 2
325 514
1 5 2
69 562
1 8 2
308 502
1 15 2
270 152
1 12 2
459 410
1 14 2
192 101
1 11 2
627 232
1 4 2
530 330
1 9 2
340 117
1 7 2
379 160
1 6 2
78 436
1 2 2
98 609
1 2 2
674 133
1 15 2
338 128
1 6 2
673 535
1 14 2
631 357
1 15 2
12 376
1 8 2
685 615
1 14 2
669 330
1 14 2
625 650
1 14 2
66 630
1 5 2
6 396
1 14 2
26 377
1 8 2
392 672
1 7 2
133 642
1 2 2
79 112
1 15 2
674 251
1 2 2
70 151
1 13 2
656 689
1 12 2
97 152
1 9 2
291 133
1 12 2
288 409
1 15 2
453 365
1 5 2
441 470
1 10 2
345 694
1 2 2
129 619
1 11 2
653 262
1 11 2
595 336
1 12 2
260 603
1 13 2
255 344
1 2 2
48 589
1 5 2
549 688
1 11 2
491 178
1 8 2
616 26
1 4 2
693 607
1 10 2
594 227
1 6 2
535 296
1 10 2
201 98
1 8 2
227 633
1 10 2
254 198
1 11 2
370 381
1 10 2
527 389
1 13 2
541 190
1 15 2
3 30
1 14 2
174 414
1 3 2
48 277
1 10 2
384 548
1 8 2
114 258
1 12 2
317 485
1 11 2
589 495
1 6 2
333 620
1 5 2
263 637
1 5 2
122 182
1 2 2
244 56
1 5 2
326 331
1 3 2
501 408
1 10 2
93 35
1 4 2
275 676
1 11 2
510 669
1 13 2
113 579
1 13 2
187 175
1 2 2
167 429
1 13 2
210 21
1 11 2
583 8
1 5 2
224 523
1 6 2
390 598
1 3 2
75 223
1 8 2
502 223
1 12 2
497 502
1 4 2
565 18
1 3 2
430 146
1 10 2
394 471
1 3 2
324 385
1 4 2
315 47
1 12 2
456 24
1 4 2
414 559
1 13 2
598 699
1 6 2
32 368
1 2 2
209 123
1 5 2
555 659
1 4 2
40 339
1 10 2
467 84
1 13 2
372 230
1 2 2
631 101
1 4 2
339 340
1 2 2
172 510
1 6 2
141 160
1 15 2
540 211
1 8 2
309 146
1 14 2
92 327
1 15 2
36 407
1 12 2
367 627
1 5 2
601 351
1 10 2
510 342
1 12 2
89 638
1 2 2
327 117
1 15 2
561 42
1 7 2
480 251
1 6 2
640 454
1 6 2
114 357
1 13 2
340 524
1 8 2
488 445
1 7 2
346 222
1 2 2
478 633
1 4 2
8 247
1 7 2
452 649
1 14 2
79 634
1 3 2
307 63
1 9 2
140 521
1 10 2
4 132
1 6 2
419 361
1 13 2
546 19
1 5 2
328 33
1 11 2
444 493
1 14 2
576 38
1 5 2
435 548
1 12 2
501 295
1 8 2
618 65
1 7 2
102 549
1 14 2
155 629
1 14 2
346 585
1 2 2
487 453
1 7 2
616 468
1 3 2
471 612
1 12 2
416 672
1 13 2
600 594
1 4 2
477 196
1 7 2
504 245
1 6 2
179 182
1 3 2
450 299
1 11 2
644 418
1 14 2
565 380
1 12 2
621 589
1 12 2
217 325
1 13 2
694 672
1 9 2
193 576
1 8 2
524 600
1 9 2
547 350
1 15 2
26 240
1 5 2
552 622
1 12 2
609 409
1 12 2
547 275
1 3 2
673 131
1 4 2
678 328
1 9 2
344 90
1 14 2
690 406
1 14 2
148 129
1 4 2
36 170
1 8 2
462 424
1 11 2
230 391
1 12 2
259 171
1 7 2
9 239
1 8 2
573 70
1 5 2
267 518
1 10 2
154 589
1 4 2
622 224
1 15 2
296 176
1 4 2
600 603
1 14 2
668 527
1 15 2
358 178
1 5 2
229 154
1 15 2
222 696
1 14 2
630 226
1 8 2
313 434
1 13 2
2 15
1 3 2
578 229
1 4 2
505 593
1 7 2
142 104
1 8 2
376 328
1 10 2
256 302
1 4 2
402 637
1 9 2
458 139
1 9 2
562 277
1 3 2
31 592
1 6 2
408 16
1 5 2
661 573
1 13 2
300 557
1 14 2
190 640
1 4 2
125 469
1 4 2
578 210
1 13 2
225 653
1 3 2
36 186
1 11 2
156 419
1 6 2
491 327
1 12 2
425 212
1 11 2
145 186
1 5 2
655 80
1 4 2
202 458
1 2 2
161 591
1 6 2
469 65
1 7 2
69 327
1 10 2
138 595
1 5 2
406 56
1 8 2
361 587
1 2 2
636 267
1 12 2
592 340
1 13 2
52 314
1 11 2
416 413
1 3 2
686 52
1 14 2
685 471
1 5 2
463 612
1 8 2
515 614
1 10 2
680 584
1 8 2
561 201
1 7 2
491 277
1 4 2
2 17
1 14 2
138 12
1 3 2
81 89
1 10 2
422 154
1 12 2
187 360
1 5 2
133 342
1 3 2
562 343
1 6 2
296 207
1 13 2
264 673
1 7 2
317 564
1 4 2
447 650
1 14 2
286 673
1 6 2
481 273
1 11 2
419 365
1 3 2
566 135
1 14 2
595 246
1 3 2
160 637
1 5 2
17 563
1 8 2
406 687
1 11 2
147 403
1 2 2
412 464
1 3 2
112 229
1 14 2
600 692
1 15 2
183 280
1 6 2
59 256
1 8 2
56 374
1 11 2
487 104
1 3 2
639 512
1 6 2
119 674
1 15 2
592 202
1 4 2
208 587
1 9 2
540 510
1 5 2
506 564
1 10 2
347 457
1 2 2
595 407
1 10 2
162 674
1 12 2
95 187
1 7 2
16 647
1 12 2
483 144
1 13 2
423 497
1 3 2
302 407
1 6 2
40 122
1 14 2
433 437
1 11 2
445 674
1 14 2
649 511
1 9 2
296 611
1 9 2
146 621
1 14 2
625 515
1 14 2
426 395
1 2 2
599 305
1 3 2
685 334
1 5 2
256 61
1 2 2
108 646
1 11 2
249 663
1 12 2
499 682
1 9 2
418 144
1 6 2
183 507
1 13 2
675 555
1 10 2
278 375
1 2 2
545 339
1 9 2
203 399
1 10 2
392 139
1 8 2
128 674
1 15 2
480 259
1 8 2
659 108
1 9 2
366 19
1 11 2
63 606
1 3 2
524 4
1 9 2
540 490
1 6 2
391 382
1 8 2
324 235
1 2 2
21 491
1 13 2
577 607
1 11 2
277 428
1 12 2
155 63
1 14 2
145 372
1 14 2
478 146
1 9 2
114 344
1 13 2
472 673
1 14 2
552 483
1 10 2
175 600
1 4 2
52 10
1 9 2
348 271
1 4 2
200 435
1 2 2
47 420
1 5 2
417 249
1 15 2
128 480
1 7 2
233 652
1 8 2
304 77
1 2 2
204 20
1 2 2
448 641
1 9 2
502 414
1 7 2
344 314
1 15 2
372 385
1 11 2
216 273
1 2 2
509 429
1 13 2
156 283
1 13 2
392 407
1 9 2
558 498
1 9 2
284 211
1 15 2
527 392
1 10 2
435 324
1 15 2
393 640
1 10 2
282 371
1 15 2
541 356
1 10 2
100 332
1 2 2
484 526
1 14 2
159 210
1 12 2
576 289
1 3 2
25 532
1 5 2
158 419
1 10 2
459 136
1 11 2
492 493
1 12 2
386 300
1 4 2
231 453
1 3 2
624 562
1 2 2
342 400
1 9 2
683 529
1 12 2
233 101
1 6 2
597 283
1 8 2
508 90
1 5 2
86 488
1 12 2
438 490
1 7 2
109 382
1 13 2
659 463
1 10 2
229 118
1 15 2
665 501
1 5 2
306 253
1 13 2
645 466
1 9 2
146 2
1 6 2
73 51
1 2 2
146 387
1 10 2
385 16
1 10 2
689 305
1 15 2
72 335
1 9 2
620 126
1 14 2
638 286
1 15 2
521 689
1 8 2
278 583
1 6 2
537 536
1 15 2
512 544
1 6 2
101 476
1 3 2
27 530
1 5 2
360 581
1 14 2
90 309
1 13 2
540 613
1 14 2
567 470
1 13 2
591 19
1 14 2
496 31
1 13 2
523 592
1 13 2
640 481
1 12 2
515 500
1 15 2
300 470
1 2 2
214 224
1 7 2
686 273
1 14 2
479 563
1 4 2
628 199
1 5 2
173 462
1 13 2
284 523
1 9 2
669 92
1 15 2
632 3
1 4 2
506 370
1 14 2
312 386
1 7 2
476 111
1 3 2
172 347
1 3 2
158 492
1 2 2
356 138
1 7 2
38 335
1 4 2
303 53
1 10 2
280 361
1 6 2
431 439
1 2 2
645 548
1 11 2
215 308
1 2 2
230 414
1 10 2
435 618
1 13 2
16 373
1 13 2
656 488
1 10 2
57 224
1 5 2
512 322
1 8 2
218 183
1 4 2
535 130
1 14 2
409 122
1 9 2
557 549
1 7 2
406 87
1 14 2
655 178
1 8 2
211 45
1 2 2
488 532
1 9 2
124 430
1 3 2
383 286
1 14 2
67 54
1 6 2
177 486
1 15 2
649 491
1 8 2
438 193
1 6 2
655 41
1 5 2
639 289
1 5 2
66 375
1 14 2
77 451
1 12 2
141 637
1 7 2
655 190
1 15 2
256 69
1 3 2
87 504
1 14 2
531 44
1 9 2
74 443
1 9 2
271 105
1 12 2
73 643
1 15 2
423 346
1 10 2
117 412
1 10 2
420 664
1 8 2
111 278
1 2 2
389 358
1 9 2
599 182
1 8 2
135 144
1 10 2
289 455
1 12 2
641 491
1 6 2
13 383
1 3 2
538 316
1 10 2
348 516
1 15 2
395 332
1 3 2
389 313
1 13 2
349 408
1 13 2
470 35
1 12 2
414 297
1 6 2
322 316
1 6 2
91 174
1 15 2
602 301
1 5 2
342 652
1 13 2
662 59
1 11 2
679 643
1 3 2
168 672
1 9 2
423 343
1 15 2
473 162
1 2 2
291 289
1 13 2
514 259
1 2 2
17 538
1 4 2
180 67
1 12 2
194 509
1 5 2
652 465
1 6 2
495 382
1 14 2
16 206
1 6 2
613 133
1 4 2
180 668
1 5 2
371 622
1 2 2
635 396
1 10 2
71 412
1 11 2
455 326
1 15 2
232 337
1 13 2
409 261
1 4 2
312 270
1 14 2
506 379
1 4 2
282 123
1 4 2
534 322
1 2 2
92 530
1 9 2
581 200
1 11 2
238 599
1 9 2
465 428
1 15 2
558 250
1 13 2
444 186
1 4 2
228 566
1 9 2
81 258
1 11 2
381 591
1 11 2
182 455
1 5 2
170 500
1 7 2
108 311
1 4 2
437 286
1 12 2
81 439
1 13 2
441 40
1 12 2
376 659
1 13 2
147 595
1 3 2
606 526
1 14 2
405 406
1 7 2
334 473
1 5 2
112 396
1 12 2
26 289
1 13 2
656 94
1 8 2
153 669
1 15 2
115 14
1 6 2
14 436
1 14 2
275 357
1 12 2
639 313
1 11 2
547 607
1 2 2
340 634
1 13 2
616 615
1 5 2
42 569
1 2 2
264 667
1 13 2
118 189
1 7 2
390 295
1 13 2
28 145
1 8 2
181 374
1 4 2
634 40
1 12 2
531 376
1 10 2
620 520
1 5 2
194 377
1 6 2
528 620
1 15 2
514 234
1 2 2
507 12
1 9 2
195 25
1 11 2
433 164
1 4 2
692 135
1 15 2
686 525
1 6 2
650 149
1 11 2
148 682
1 5 2
263 250
1 9 2
68 503
1 12 2
541 481
1 11 2
377 317
1 2 2
348 503
1 12 2
639 335
1 3 2
671 72
1 9 2
258 302
1 4 2
551 118
1 13 2
443 76
1 15 2
689 40
1 11 2
385 100
1 6 2
348 509
1 12 2
116 353
1 14 2
149 100
1 4 2
636 188
1 14 2
640 521
1 10 2
510 60
1 2 2
131 368
1 15 2
409 152
1 13 2
618 0
1 9 2
133 637
1 2 2
239 441
1 14 2
366 510
1 5 2
554 100
1 4 2
485 265
1 7 2
365 184
1 14 2
618 405
1 13 2
42 640
1 15 2
78 123
1 9 2
504 668
1 13 2
260 667
1 10 2
301 545
1 5 2
168 29
1 7 2
108 47
1 12 2
54 556
1 10 2
362 529
1 8 2
47 427
1 13 2
156 618
1 9 2
335 108
1 3 2
390 601
1 2 2
631 499
1 4 2
191 39
1 11 2
210 380
1 6 2
577 26
1 7 2
492 355
1 7 2
272 446
1 15 2
446 296
1 11 2
164 163
1 14 2
402 65
1 11 2
399 677
1 12 2
162 264
1 4 2
364 285
1 6 2
412 439
1 7 2
60 95
1 13 2
417 520
1 11 2
475 517
1 11 2
164 207
1 13 2
442 329
1 6 2
103 162
1 8 2
648 329
1 3 2
430 149
1 9 2
116 562
1 11 2
217 291
1 8 2
374 535
1 2 2
447 30
1 3 2
593 237
1 10 2
119 208
1 4 2
345 605
1 2 2
591 354
1 5 2
308 530
1 11 2
149 662
1 6 2
263 516
1 14 2
367 621
1 6 2
536 469
1 4 2
539 126
1 5 2
399 582
1 9 2
202 509
1 14 2
482 359
1 10 2
143 206
1 13 2
109 120
1 5 2
57 405
1 4 2
441 266
1 9 2
606 214
1 7 2
433 221
1 12 2
459 225
1 8 2
455 322
1 11 2
632 555
1 4 2
462 478
1 8 2
74 386
1 12 2
210 90
1 12 2
100 86
1 13 2
686 611
1 5 2
210 4
1 9 2
302 435
1 5 2
87 128
1 11 2
294 55
1 3 2
309 660
1 2 2
498 21
1 11 2
283 130
1 14 2
599 24
1 14 2
642 459
1 11 2
503 158
1 13 2
624 102
1 15 2
119 17
1 2 2
137 559
1 12 2
576 162
1 14 2
610 292
1 11 2
157 685
1 15 2
6 389
1 2 2
185 474
1 15 2
692 224
1 2 2
40 487
1 10 2
497 215
1 3 2
181 654
1 3 2
187 258
1 13 2
369 264
1 6 2
626 634
1 9 2
434 342
1 2 2
317 562
1 12 2
414 133
1 6 2
335 383
1 9 2
88 600
1 14 2
203 428
1 4 2
349 615
1 5 2
422 96
1 11 2
137 607
1 5 2
561 631
1 13 2
458 170
1 8 2
240 366
1 13 2
272 393
1 10 2
673 530
1 9 2
209 37
1 3 2
90 373
1 12 2
163 86
1 7 2
221 405
1 10 2
217 378
1 11 2
647 502
1 13 2
304 165
1 9 2
263 657
1 3 2
313 103
1 6 2
94 15
1 7 2
197 681
1 13 2
405 366
1 3 2
242 241
1 10 2
450 137
1 4 2
297 682
1 14 2
11 332
1 3 2
236 683
1 3 2
201 625
1 2 2
567 366
1 2 2
683 605
1 11 2
587 374
1 15 2
360 445
1 3 2
203 551
1 11 2
234 39
1 15 2
674 549
1 4 2
212 235
1 11 2
656 66
1 12 2
351 48
1 9 2
252 530
1 8 2
598 659
1 4 2
404 154
1 9 2
437 106
1 15 2
192 448
1 14 2
24 352
1 11 2
96 105
1 11 2
39 408
1 13 2
106 449
1 14 2
265 593
1 10 2
633 136
1 8 2
374 661
1 12 2
110 405
1 5 2
449 547
1 13 2
621 434
1 2 2
72 595
1 7 2
512 129
1 14 2
663 2
1 2 2
345 400
1 7 2
391 691
1 4 2
365 46
1 5 2
366 437
1 7 2
433 340
1 5 2
594 585
1 13 2
242 502
1 7 2
73 151
1 8 2
428 247
1 13 2
133 312
1 5 2
645 471
1 7 2
128 447
1 9 2
413 25
1 12 2
684 72
1 10 2
412 230
1 3 2
656 228
1 5 2
226 297
1 9 2
324 335
1 13 2
694 449
1 2 2
69 581
1 4 2
565 539
1 8 2
106 80
1 2 2
212 403
1 7 2
478 697
1 3 2
62 599
1 14 2
118 372
1 10 2
30 244
1 11 2
189 335
1 5 2
182 352
1 11 2
312 85
1 6 2
46 546
1 12 2
675 240
1 4 2
257 597
1 9 2
326 303
1 14 2
429 376
1 10 2
68 356
1 13 2
230 107
1 7 2
397 150
1 5 2
389 345
1 7 2
497 112
1 9 2
253 127
1 8 2
221 160
1 15 2
531 370
1 10 2
692 691
1 10 2
565 671
1 8 2
238 466
1 11 2
599 467
1 2 2
185 661
1 15 2
349 278
1 3 2
20 479
1 4 2
666 574
1 9 2
67 43
1 11 2
20 10
1 15 2
408 313
1 12 2
685 43
1 5 2
268 455
1 10 2
98 292
1 11 2
340 149
1 4 2
225 15
1 8 2
457 575
1 13 2
461 659
1 8 2
182 354
1 13 2
110 382
1 14 2
5 627
1 9 2
416 61
1 5 2
598 403
1 14 2
433 211
1 5 2
689 161
1 10 2
685 84
1 15 2
206 625
1 12 2
672 64
1 14 2
117 152
1 4 2
287 95
1 8 2
503 540
1 14 2
80 397
1 4 2
88 388
1 4 2
268 186
1 14 2
330 422
1 8 2
77 342
1 5 2
650 668
1 3 2
247 464
1 10 2
89 692
1 9 2
258 511
1 5 2
365 333
1 10 2
674 622
1 2 2
606 131
1 5 2
57 556
1 2 2
556 398
1 2 2
695 87
1 10 2
565 321
1 9 2
415 175
1 9 2
240 122
1 2 2
535 406
1 14 2
435 293
1 6 2
561 179
1 14 2
497 433
1 11 2
359 26
1 8 2
659 318
1 11 2
33 175
1 5 2
8 343
1 13 2
398 497
1 4 2
374 221
1 8 2
148 412
1 10 2
96 501
1 13 2
332 642
1 10 2
318 26
1 12 2
571 103
1 5 2
352 547
1 15 2
70 288
1 2 2
100 54
1 11 2
279 0
1 7 2
330 112
1 8 2
69 529
1 8 2
265 545
1 5 2
437 131
1 13 2
340 206
1 14 2
519 678
1 10 2
500 414
1 5 2
232 409
1 14 2
174 132
1 5 2
651 550
1 7 2
132 321
1 2 2
480 284
1 15 2
202 180
1 8 2
100 371
1 8 2
121 522
1 13 2
130 129
1 11 2
643 136
1 7 2
394 288
1 10 2
51 32
1 3 2
509 538
1 5 2
659 51
1 4 2
422 391
1 8 2
306 352
1 14 2
344 242
1 14 2
159 406
1 12 2
500 518
1 8 2
667 632
1 11 2
688 554
1 8 2
696 116
1 8 2
56 226
1 9 2
473 476
1 11 2
192 245
1 8 2
104 348
1 4 2
650 455
1 3 2
407 221
1 13 2
125 391
1 12 2
364 271
1 10 2
238 479
1 2 2
653 371
1 8 2
509 348
1 5 2
637 71
1 7 2
349 61
1 6 2
618 376
1 4 2
299 280
1 14 2
268 236
1 15 2
651 553
1 12 2
32 161
1 7 2
274 455
1 13 2
322 14
1 4 2
678 366
1 12 2
135 695
1 2 2
307 572
1 11 2
162 616
1 14 2
86 13
1 15 2
264 463
1 7 2
263 35
1 3 2
620 50
1 13 2
201 235
1 2 2
457 207
1 13 2
274 191
1 6 2
297 30
1 2 2
685 375
1 4 2
151 3
1 11 2
645 610
1 3 2
84 596
1 10 2
394 173
1 12 2
82 429
1 9 2
683 159
1 11 2
399 283
1 4 2
392 556
1 5 2
188 509
1 5 2
669 418
1 7 2
279 26
1 6 2
410 21
1 4 2
421 82
1 9 2
306 405
1 15 2
170 451
1 2 2
587 280
1 7 2
642 317
1 14 2
191 699
1 13 2
531 348
1 3 2
403 579
1 14 2
650 19
1 9 2
415 77
1 6 2
657 460
1 15 2
64 615
1 8 2
481 119
1 13 2
256 321
1 8 2
505 361
1 15 2
521 534
1 15 2
572 139
1 8 2
107 178
1 5 2
18 289
1 10 2
533 288
1 11 2
474 229
1 13 2
140 475
1 9 2
351 204
1 5 2
309 571
1 10 2
546 164
1 4 2
411 588
1 10 2
362 394
1 10 2
642 213
1 2 2
47 589
1 13 2
353 545
1 15 2
621 586
1 11 2
548 479
1 10 2
538 172
1 10 2
144 438
1 13 2
138 326
1 10 2
258 430
1 10 2
678 337
1 4 2
579 61
1 7 2
222 554
1 13 2
650 46
1 9 2
538 483
1 14 2
168 91
1 11 2
345 236
1 4 2
284 676
1 4 2
499 203
1 11 2
373 462
1 10 2
159 370
1 12 2
533 537
1 13 2
615 624
1 11 2
311 425
1 2 2
529 44
1 8 2
127 343
1 12 2
511 417
1 8 2
138 624
1 12 2
607 227
1 5 2
556 366
1 7 2
569 402
1 15 2
557 510
1 8 2
355 152
1 9 2
499 32
1 8 2
510 54
1 4 2
312 546
1 3 2
297 363
1 7 2
333 205
1 12 2
379 259
1 2 2
2 435
1 12 2
105 210
1 2 2
397 664
1 2 2
499 621
1 14 2
683 295
1 11 2
320 67
1 13 2
250 614
1 10 2
32 354
1 15 2
377 105
1 15 2
34 335
1 6 2
46 391
1 9 2
544 535
1 3 2
466 266
1 13 2
12 540
1 3 2
165 451
1 13 2
571 360
1 13 2
444 634
1 10 2
582 63
1 2 2
120 116
1 15 2
412 433
1 3 2
623 468
1 12 2
301 635
1 9 2
336 529
1 11 2
545 552
1 13 2
247 308
1 9 2
550 152
1 14 2
632 248
1 14 2
488 53
1 13 2
656 16
1 13 2
122 8
1 6 2
537 545
1 10 2
455 184
1 9 2
429 221
1 9 2
34 549
1 9 2
118 474
1 15 2
692 561
1 8 2
334 57
1 10 2
336 651
1 5 2
117 333
1 4 2
657 667
1 2 2
314 245
1 4 2
644 484
1 11 2
225 206
1 4 2
528 314
1 4 2
508 568
1 12 2
586 11
1 10 2
240 103
1 5 2
469 98
1 8 2
314 551
1 14 2
537 209
1 2 2
459 470
1 14 2
195 215
1 9 2
214 554
1 9 2
518 176
1 4 2
381 153
1 11 2
220 609
1 2 2
341 598
1 10 2
90 477
1 15 2
187 647
1 8 2
340 347
1 14 2
38 583
1 2 2
111 147
1 9 2
618 489
1 7 2
227 660
1 8 2
400 414
1 5 2
271 668
1 9 2
28 416
1 15 2
189 545
1 10 2
635 555
1 15 2
122 632
1 15 2
33 473
1 6 2
631 434
1 8 2
205 505
1 14 2
308 342
1 15 2
364 96
1 15 2
69 68
1 3 2
616 113
1 10 2
313 350
1 3 2
533 637
1 14 2
510 10
1 5 2
631 561
1 2 2
224 311
1 3 2
539 426
1 12 2
508 123
1 2 2
190 433
1 13 2
674 643
1 14 2
119 531
1 7 2
460 516
1 6 2
344 315
1 13 2
99 454
1 7 2
363 245
1 12 2
308 382
1 2 2
409 600
1 11 2
328 244
1 11 2
583 52
1 8 2
403 317
1 13 2
97 434
1 14 2
129 228
1 4 2
636 216
1 13 2
168 114
1 6 2
13 41
1 10 2
608 16
1 2 2
156 350
1 5 2
222 323
1 14 2
61 591
1 5 2
91 147
1 14 2
118 569
1 11 2
418 638
1 2 2
653 83
1 3 2
456 653
1 7 2
417 411
1 2 2
563 517
1 7 2
337 185
1 6 2
603 320
1 3 2
678 444
1 2 2
623 514
1 11 2
688 0
1 2 2
325 431
1 8 2
521 77
1 5 2
30 606
1 4 2
58 92
1 2 2
531 504
1 6 2
111 25
1 5 2
683 308
1 14 2
472 562
1 4 2
352 275
1 5 2
510 15
1 15 2
631 168
1 10 2
654 74
1 4 2
639 415
1 2 2
18 179
1 2 2
663 67
1 12 2
12 2
1 4 2
623 63
1 14 2
484 652
1 4 2
288 376
1 13 2
202 651
1 9 2
562 43
1 6 2
347 148
1 8 2
284 217
1 7 2
419 206
1 6 2
636 659
1 7 2
94 74
1 7 2
39 74
1 6 2
73 243
1 7 2
327 270
1 15 2
155 410
1 6 2
12 25
1 11 2
402 677
1 7 2
28 248
1 14 2
73 438
1 12 2
620 381
1 10 2
693 93
1 5 2
578 398
1 10 2
222 339
1 6 2
629 689
1 8 2
2 671
1 14 2
230 415
1 11 2
39 58
1 2 2
502 72
1 4 2
111 694
1 14 2
123 226
1 14 2
92 330
1 13 2
261 515
1 6 2
400 477
1 7 2
210 120
1 8 2
72 257
1 3 2
176 440
1 9 2
305 60
1 4 2
42 233
1 9 2
299 155
1 9 2
466 432
1 13 2
631 34
1 6 2
430 374
1 9 2
22 646
1 11 2
370 227
1 11 2
610 152
1 10 2
217 89
1 4 2
571 387
1 10 2
589 556
1 11 2
296 376
1 7 2
478 517
1 6 2
615 191
1 5 2
290 669
1 4 2
188 523
1 9 2
641 594
1 2 2
448 318
1 3 2
465 457
1 7 2
456 271
1 3 2
561 282
1 2 2
138 158
1 6 2
545 323
1 15 2
434 567
1 3 2
475 93
1 9 2
674 283
1 5 2
489 325
1 5 2
65 602
1 6 2
96 238
1 4 2
56 241
1 3 2
408 98
1 7 2
615 331
1 2 2
319 144
1 14 2
327 530
1 3 2
200 313
1 12 2
383 118
1 4 2
240 306
1 7 2
600 207
1 11 2
110 435
1 8 2
626 394
1 13 2
574 261
1 5 2
521 178
1 8 2
129 477
1 7 2
666 556
1 15 2
34 579
1 6 2
113 260
1 2 2
568 607
1 12 2
355 70
1 9 2
587 219
1 4 2
136 371
1 6 2
297 124
1 3 2
341 158
1 3 2
581 11
1 5 2
113 537
1 5 2
293 567
1 12 2
386 147
1 15 2
109 8
1 3 2
101 24
1 11 2
490 194
1 5 2
485 285
1 9 2
419 439
1 14 2
362 324
1 6 2
434 307
1 6 2
158 549
1 4 2
220 588
1 2 2
477 56
1 6 2
323 507
1 14 2
554 245
1 11 2
434 260
1 7 2
548 64
1 3 2
653 17
1 13 2
66 455
1 7 2
293 641
1 3 2
515 491
1 10 2
418 447
1 10 2
214 84
1 13 2
203 273
1 9 2
80 677
1 13 2
544 395
1 3 2
420 540
1 4 2
18 3
1 12 2
488 305
1 15 2
358 463
1 4 2
340 352
1 7 2
680 508
1 12 2
269 220
1 2 2
620 265
1 13 2
485 613
1 3 2
117 426
1 13 2
99 556
1 2 2
515 28
1 11 2
606 250
1 7 2
426 264
1 12 2
576 42
1 7 2
64 260
1 14 2
331 212
1 12 2
447 93
1 3 2
680 191
1 15 2
107 297
1 9 2
181 405
1 12 2
22 235
1 9 2
61 52
1 6 2
525 606
1 10 2
351 136
1 11 2
205 429
1 15 2
293 26
1 14 2
304 453
1 11 2
531 535
1 9 2
124 136
1 10 2
464 334
1 2 2
360 237
1 2 2
279 419
1 6 2
194 618
1 11 2
486 398
1 10 2
469 270
1 14 2
73 169
1 9 2
518 103
1 14 2
596 143
1 6 2
535 292
1 15 2
690 396
1 12 2
595 280
1 12 2
229 660
1 6 2
443 182
1 15 2
591 166
1 6 2
344 410
1 15 2
624 37
1 11 2
616 431
1 3 2
113 645
1 7 2
355 278
1 5 2
137 162
1 13 2
646 226
1 11 2
210 116
1 7 2
41 210
1 3 2
561 630
1 5 2
458 97
1 6 2
243 35
1 6 2
83 209
1 5 2
419 622
1 9 2
258 601
1 13 2
57 20
1 14 2
477 596
1 11 2
111 273
1 9 2
680 7
1 5 2
242 389
1 5 2
329 152
1 15 2
280 125
1 5 2
615 109
1 9 2
466 228
1 5 2
365 248
1 12 2
258 345
1 10 2
291 616
1 2 2
690 59
1 4 2
35 445
1 7 2
522 205
1 12 2
696 698
1 6 2
218 39
1 4 2
414 473
1 8 2
340 193
1 7 2
125 531
1 3 2
138 596
1 2 2
622 557
1 12 2
381 681
1 4 2
278 169
1 6 2
239 400
1 8 2
371 563
1 8 2
610 558
1 13 2
61 627
1 8 2
408 270
1 14 2
444 281
1 13 2
514 488
1 6 2
222 558
1 2 2
464 611
1 3 2
40 417
1 13 2
224 552
1 9 2
230 304
1 6 2
146 157
1 6 2
486 226
1 3 2
176 232
1 8 2
131 577
1 5 2
114 213
1 3 2
99 469
1 4 2
528 587
1 7 2
497 467
1 11 2
459 627
1 3 2
12 419
1 5 2
92 411
1 5 2
121 294
1 8 2
541 439
1 11 2
659 256
1 6 2
653 275
1 4 2
181 427
1 2 2
510 350
1 14 2
664 33
1 6 2
533 194
1 13 2
22 266
1 8 2
455 223
1 10 2
249 86
1 11 2
163 195
1 8 2
168 80
1 6 2
94 62
1 2 2
444 598
1 15 2
256 277
1 9 2
336 248
1 5 2
4 185
1 13 2
122 570
1 6 2
235 509
1 9 2
192 576
1 9 2
674 391
1 9 2
130 348
1 9 2
2 212
1 11 2
617 61
1 14 2
553 277
1 14 2
22 372
1 3 2
510 122
1 8 2
74 683
1 12 2
477 628
1 8 2
474 363
1 6 2
395 18
1 11 2
557 584
1 5 2
651 98
1 9 2
585 441
1 8 2
440 409
1 14 2
562 190
1 2 2
252 243
1 2 2
278 581
1 2 2
268 250
1 2 2
477 519
1 4 2
592 362
1 2 2
399 580
1 4 2
122 137
1 7 2
83 358
1 5 2
282 588
1 12 2
623 97
1 5 2
521 227
1 11 2
100 60
1 12 2
616 666
1 13 2
697 664
1 9 2
1 698
1 15 2
82 453
1 8 2
631 367
1 5 2
441 166
1 10 2
395 390
1 13 2
153 289
1 2 2
621 306
1 15 2
251 320
1 5 2
569 476
1 8 2
357 398
1 2 2
660 538
1 15 2
128 77
1 12 2
284 278
1 15 2
179 90
1 13 2
549 534
1 10 2
218 104
1 14 2
653 198
1 7 2
552 99
1 14 2
193 668
1 5 2
264 697
1 4 2
626 75
1 12 2
1 540
1 15 2
41 551
1 8 2
88 338
1 10 2
183 435
1 3 2
308 309
1 14 2
647 368
1 9 2
358 202
1 7 2
451 137
1 7 2
665 590
1 3 2
315 327
1 5 2
182 638
1 5 2
315 15
1 10 2
181 363
1 10 2
698 215
1 8 2
186 527
1 5 2
290 98
1 9 2
566 383
1 11 2
283 68
1 5 2
279 289
1 5 2
639 21
1 7 2
340 585
1 10 2
459 388
1 15 2
299 101
1 3 2
597 214
1 2 2
685 544
1 13 2
523 251
1 15 2
305 368
1 7 2
558 465
1 2 2
276 566
1 11 2
132 340
1 5 2
685 545
1 10 2
354 664
1 15 2
565 303
1 15 2
76 471
1 6 2
604 291
1 13 2
339 309
1 12 2
98 176
1 15 2
8 413
1 11 2
76 654
1 6 2
315 346
1 10 2
247 649
1 13 2
305 219
1 2 2
664 145
1 4 2
234 411
1 8 2
277 382
1 2 2
587 153
1 12 2
669 561
1 2 2
373 30
1 14 2
489 215
1 3 2
290 341
1 7 2
310 477
1 11 2
118 658
1 5 2
646 244
1 11 2
43 144
1 8 2
314 95
1 13 2
510 61
1 6 2
698 108
1 12 2
485 691
1 10 2
181 443
1 9 2
163 105
1 9 2
63 95
1 11 2
227 85
1 3 2
75 544
1 12 2
56 474
1 12 2
461 513
1 4 2
497 335
1 2 2
548 125
1 3 2
21 508
1 15 2
26 174
1 12 2
559 19
1 11 2
681 524
1 13 2
306 372
1 15 2
674 580
1 5 2
585 479
1 13 2
323 25
1 11 2
165 224
1 14 2
53 20
1 12 2
43 650
1 2 2
547 617
1 4 2
41 178
1 14 2
565 461
1 8 2
101 439
1 11 2
465 599
1 13 2
647 43
1 12 2
426 369
1 7 2
160 147
1 9 2
331 669
1 4 2
232 40
1 3 2
25 587
1 15 2
412 500
1 4 2
175 506
1 14 2
71 402
1 12 2
684 393
1 6 2
351 560
1 3 2
248 401
1 7 2
698 503
1 10 2
445 27
1 2 2
318 277
1 10 2
298 388
1 10 2
390 397
1 6 2
336 2
1 15 2
17 498
1 13 2
661 131
1 10 2
75 255
1 14 2
2 556
1 4 2
11 177
1 15 2
656 112
1 6 2
98 533
1 2 2
55 253
1 12 2
299 444
1 6 2
467 382
1 11 2
571 414
1 14 2
46 399
1 10 2
180 527
1 6 2
370 683
1 10 2
482 295
1 7 2
629 146
1 12 2
27 481
1 11 2
199 360
1 9 2
129 130
1 8 2
528 52
1 9 2
271 691
1 15 2
277 646
1 14 2
420 634
1 14 2
581 245
1 4 2
277 314
1 13 2
111 505
1 5 2
575 401
1 14 2
682 141
1 12 2
252 440
1 12 2
394 338
1 5 2
223 189
1 10 2
58 382
1 3 2
163 577
1 10 2
519 163
1 3 2
648 550
1 3 2
321 559
1 15 2
302 309
1 6 2
588 311
1 6 2
7 233
1 4 2
163 223
1 8 2
152 496
1 7 2
140 343
1 6 2
617 513
1 10 2
113 329
1 11 2
491 642
1 4 2
65 294
1 9 2
540 454
1 15 2
221 209
1 3 2
194 622
1 3 2
276 336
1 15 2
542 24
1 4 2
207 48
1 12 2
483 588
1 8 2
242 56
1 13 2
258 116
1 6 2
84 593
1 4 2
314 209
1 2 2
446 687
1 13 2
485 672
1 8 2
112 75
1 15 2
681 74
1 6 2
330 290
1 3 2
584 561
1 6 2
313 689
1 10 2
127 155
1 13 2
36 17
1 3 2
51 305
1 2 2
673 135
1 8 2
172 269
1 7 2
573 244
1 3 2
8 109
1 2 2
202 478
1 6 2
322 501
1 3 2
327 520
1 5 2
196 614
1 14 2
365 336
1 12 2
356 30
1 10 2
373 349
1 9 2
631 625
1 9 2
136 628
1 2 2
154 642
1 7 2
217 461
1 8 2
671 429
1 10 2
171 657
1 15 2
621 170
1 10 2
204 533
1 5 2
367 158
1 8 2
46 397
1 8 2
221 355
1 2 2
270 436
1 11 2
17 165
1 3 2
61 140
1 2 2
630 678
1 14 2
611 297
1 12 2
549 89
1 3 2
471 170
1 12 2
667 268
1 4 2
108 359
1 14 2
604 355
1 15 2
624 381
1 3 2
695 449
1 5 2
617 651
1 7 2
634 510
1 15 2
39 49
1 12 2
481 420
1 7 2
547 441
1 3 2
165 673
1 9 2
380 171
1 8 2
55 651
1 10 2
667 385
1 6 2
74 224
1 2 2
541 527
1 10 2
450 540
1 13 2
672 74
1 6 2
268 306
1 3 2
518 384
1 11 2
415 520
1 8 2
603 631
1 15 2
589 364
1 5 2
506 638
1 8 2
339 387
1 11 2
309 512
1 5 2
435 388
1 14 2
433 234
1 7 2
631 654
1 4 2
530 506
1 15 2
466 298
1 13 2
482 518
1 15 2
196 651
1 7 2
623 158
1 13 2
219 455
1 13 2
263 427
1 12 2
316 248
1 14 2
670 444
1 10 2
668 584
1 15 2
6 517
1 7 2
424 532
1 6 2
330 317
1 7 2
649 572
1 10 2
266 673
1 14 2
169 99
1 12 2
558 501
1 7 2
191 409
1 5 2
61 293
1 9 2
501 130
1 10 2
251 74
1 6 2
176 10
1 12 2
228 378
1 12 2
468 308
1 11 2
308 520
1 15 2
355 182
1 7 2
418 309
1 12 2
203 205
1 2 2
7 445
1 3 2
63 355
1 7 2
3 383
1 7 2
44 300
1 7 2
496 632
1 14 2
427 22
1 12 2
609 156
1 3 2
131 509
1 8 2
526 14
1 7 2
531 614
1 11 2
192 606
1 14 2
480 175
1 9 2
574 531
1 15 2
174 514
1 10 2
59 656
1 4 2
1 141
1 7 2
259 681
1 5 2
406 272
1 12 2
567 358
1 4 2
144 284
1 11 2
304 552
1 12 2
689 673
1 12 2
194 133
1 8 2
25 165
1 14 2
622 319
1 13 2
79 175
1 2 2
538 585
1 11 2
693 1
1 14 2
83 21
1 11 2
190 93
1 4 2
236 402
1 7 2
263 434
1 12 2
187 653
1 13 2
59 46
1 4 2
80 10
1 10 2
356 386
1 6 2
303 74
1 9 2
407 83
1 8 2
326 466
1 10 2
324 418
1 5 2
535 82
1 13 2
77 44
1 4 2
596 267
1 6 2
669 227
1 14 2
295 111
1 3 2
456 115
1 9 2
50 12
1 8 2
301 361
1 10 2
593 665
1 10 2
661 52
1 14 2
497 600
1 7 2
281 5
1 4 2
494 186
1 13 2
620 143
1 11 2
396 178
1 11 2
620 673
1 11 2
476 470
1 12 2
659 221
1 15 2
602 388
1 13 2
464 383
1 15 2
458 181
1 10 2
206 583
1 14 2
621 192
1 3 2
509 462
1 6 2
16 588
1 5 2
370 672
1 4 2
120 590
1 13 2
581 657
1 9 2
366 340
1 12 2
120 628
1 6 2
82 226
1 15 2
651 437
1 8 2
51 112
1 11 2
295 348
1 9 2
581 365
1 3 2
322 171
1 14 2
554 92
1 3 2
576 235
1 10 2
648 524
1 10 2
255 237
1 11 2
375 685
1 9 2
549 561
1 9 2
450 232
1 14 2
258 255
1 7 2
639 162
1 13 2
251 40
1 9 2
603 307
1 4 2
689 257
1 15 2
261 488
1 3 2
122 480
1 8 2
245 635
1 7 2
314 605
1 7 2
424 98
1 6 2
402 133
1 13 2
677 188
1 11 2
361 381
1 4 2
241 389
1 6 2
185 41
1 9 2
564 230
1 14 2
118 14
1 10 2
220 343
1 13 2
39 495
1 3 2
456 665
1 4 2
103 404
1 5 2
593 382
1 13 2
95 403
1 3 2
657 666
1 11 2
603 7
1 8 2
397 14
1 10 2
568 393
1 9 2
549 33
1 15 2
489 661
1 8 2
268 493
1 11 2
633 335
1 14 2
640 419
1 14 2
0 305
1 13 2
601 487
1 12 2
340 183
1 10 2
268 666
1 14 2
191 549
1 8 2
16 439
1 5 2
9 606
1 9 2
368 129
1 10 2
337 189
1 8 2
378 620
1 2 2
84 58
1 11 2
94 258
1 8 2
160 44
1 2 2
287 525
1 15 2
14 327
1 11 2
176 652
1 3 2
620 310
1 2 2
62 12
1 3 2
648 398
1 8 2
270 61
1 6 2
430 439
1 12 2
254 61
1 15 2
64 195
1 8 2
127 591
1 5 2
144 2
1 11 2
540 385
1 12 2
638 202
1 10 2
285 214
1 4 2
232 191
1 8 2
120 301
1 10 2
81 97
1 4 2
199 491
1 14 2
388 128
1 3 2
357 82
1 11 2
156 564
1 5 2
277 28
1 13 2
49 612
1 14 2
336 469
1 15 2
632 162
1 11 2
189 666
1 14 2
253 136
1 9 2
347 137
1 11 2
138 75
1 12 2
687 679
1 7 2
236 124
1 9 2
16 678
1 15 2
253 546
1 6 2
666 260
1 6 2
188 337
1 11 2
424 142
1 11 2
690 592
1 6 2
469 253
1 8 2
315 260
1 13 2
210 27
1 10 2
273 297
1 7 2
196 568
1 5 2
298 152
1 9 2
401 82
1 9 2
475 78
1 12 2
633 99
1 13 2
476 655
1 8 2
473 612
1 14 2
476 9
1 8 2
370 29
1 4 2
372 649
1 8 2
88 593
1 11 2
21 34
1 13 2
293 630
1 5 2
26 621
1 9 2
178 69
1 4 2
420 504
1 15 2
355 281
1 11 2
231 185
1 6 2
207 396
1 9 2
256 297
1 3 2
338 673
1 6 2
212 39
1 15 2
331 686
1 4 2
583 179
1 13 2
275 443
1 8 2
241 417
1 3 2
290 382
1 8 2
305 409
1 12 2
667 545
1 11 2
191 262
1 12 2
304 147
1 2 2
656 89
1 9 2
556 227
1 14 2
553 449
1 2 2
393 417
1 10 2
81 15
1 9 2
657 598
1 2 2
107 43
1 10 2
39 353
1 9 2
513 521
1 6 2
539 81
1 13 2
452 293
1 14 2
40 164
1 15 2
352 594
1 11 2
355 540
1 2 2
545 304
1 2 2
606 509
1 5 2
488 587
1 8 2
268 1
1 8 2
546 294
1 3 2
97 574
1 12 2
143 502
1 2 2
673 180
1 7 2
273 476
1 11 2
695 119
1 12 2
473 413
1 9 2
484 389
1 6 2
268 190
1 14 2
204 691
1 10 2
566 520
1 2 2
143 625
1 10 2
4 582
1 6 2
499 18
1 3 2
48 559
1 2 2
200 148
1 7 2
680 5
1 11 2
182 152
1 7 2
348 128
1 4 2
677 198
1 4 2
256 160
1 3 2
191 645
1 10 2
267 275
1 5 2
387 649
1 15 2
585 453
1 3 2
159 665
1 9 2
600 195
1 13 2
337 564
1 6 2
435 609
1 15 2
683 141
1 8 2
394 403
1 7 2
557 374
1 3 2
302 278
1 2 2
454 615
1 5 2
610 145
1 14 2
166 137
1 4 2
50 341
1 7 2
7 458
1 2 2
390 515
1 2 2
527 630
1 8 2
491 64
1 6 2
105 245
1 2 2
476 536
1 14 2
577 672
1 14 2
533 484
1 4 2
519 143
1 3 2
169 672
1 6 2
8 90
1 7 2
201 145
1 15 2
643 88
1 14 2
377 20
1 10 2
389 601
1 11 2
420 20
1 13 2
640 294
1 6 2
55 106
1 5 2
421 569
1 4 2
6 499
1 12 2
196 296
1 5 2
459 518
1 7 2
565 320
1 15 2
119 549
1 13 2
346 398
1 14 2
97 356
1 7 2
484 506
1 6 2
257 235
1 3 2
334 575
1 15 2
370 461
1 7 2
460 102
1 3 2
449 193
1 9 2
389 138
1 7 2
51 623
1 4 2
380 133
1 7 2
368 147
1 9 2
251 162
1 9 2
74 280
1 8 2
620 331
1 11 2
275 674
1 5 2
493 73
1 6 2
507 84
1 5 2
542 373
1 13 2
376 522
1 14 2
67 205
1 7 2
638 603
1 6 2
550 369
1 10 2
690 215
1 8 2
139 293
1 11 2
115 512
1 7 2
555 401
1 13 2
542 606
1 8 2
263 189
1 6 2
268 430
1 3 2
31 74
1 13 2
49 86
1 11 2
307 239
1 6 2
258 36
1 10 2
117 389
1 14 2
628 393
1 8 2
60 421
1 6 2
647 14
1 10 2
417 38
1 3 2
494 50
1 10 2
657 4
1 14 2
326 529
1 9 2
659 353
1 4 2
535 127
1 14 2
410 472
1 5 2
469 27
1 14 2
483 70
1 14 2
72 655
1 3 2
492 377
1 12 2
183 697
1 13 2
321 237
1 9 2
582 81
1 12 2
279 381
1 3 2
462 31
1 14 2
64 662
1 9 2
399 576
1 13 2
373 107
1 9 2
429 698
1 4 2
444 42
1 7 2
338 108
1 3 2
629 48
1 14 2
539 160
1 9 2
544 580
1 3 2
371 3
1 7 2
162 444
1 9 2
529 157
1 10 2
569 606
1 13 2
136 565
1 5 2
61 60
1 6 2
580 451
1 3 2
16 48
1 7 2
333 59
1 12 2
242 638
1 3 2
281 164
1 12 2
20 537
1 4 2
49 556
1 2 2
575 201
1 10 2
626 273
1 9 2
63 675
1 10 2
519 355
1 6 2
480 350
1 6 2
240 219
1 7 2
523 313
1 4 2
536 675
1 8 2
621 430
1 9 2
212 254
1 10 2
435 126
1 7 2
471 0
1 11 2
142 642
1 5 2
541 618
1 3 2
185 446
1 15 2
185 429
1 13 2
349 516
1 12 2
331 151
1 10 2
605 267
1 4 2
499 209
1 2 2
163 568
1 2 2
99 307
1 7 2
377 461
1 6 2
566 287
1 14 2
146 344
1 12 2
514 77
1 11 2
500 238
1 4 2
21 119
1 3 2
182 309
1 5 2
5 144
1 15 2
220 335
1 10 2
408 681
1 6 2
74 676
1 7 2
697 457
1 6 2
137 673
1 14 2
42 332
1 14 2
88 581
1 2 2
88 54
1 13 2
322 221
1 4 2
241 467
1 3 2
246 86
1 9 2
293 562
1 6 2
287 437
1 3 2
600 65
1 4 2
90 110
1 12 2
293 448
1 9 2
310 613
1 15 2
629 594
1 14 2
262 86
1 6 2
538 215
1 11 2
527 228
1 14 2
577 382
1 3 2
559 96
1 9 2
252 369
1 9 2
630 385
1 7 2
550 436
1 13 2
264 277
1 8 2
251 319
1 5 2
347 273
1 12 2
317 380
1 6 2
76 121
1 2 2
21 521
1 15 2
76 408
1 12 2
594 186
1 11 2
428 54
1 8 2
321 677
1 10 2
665 391
1 8 2
4 414
1 5 2
362 398
1 14 2
404 178
1 9 2
474 140
1 6 2
118 129
1 5 2
550 288
1 13 2
241 143
1 4 2
515 233
1 9 2
561 670
1 7 2
181 49
1 7 2
112 90
1 12 2
315 117
1 2 2
558 589
1 8 2
389 545
1 9 2
565 203
1 9 2
452 235
1 9 2
290 48
1 9 2
517 442
1 3 2
589 289
1 6 2
604 93
1 5 2
547 545
1 4 2
199 88
1 15 2
139 596
1 12 2
18 165
1 7 2
122 354
1 13 2
200 649
1 4 2
143 180
1 7 2
9 621
1 3 2
463 664
1 6 2
678 32
1 5 2
95 386
1 11 2
257 2
1 5 2
632 284
1 4 2
244 289
1 15 2
100 215
1 9 2
148 42
1 8 2
547 455
1 13 2
432 672
1 5 2
663 422
1 7 2
385 542
1 2 2
289 188
1 8 2
32 546
1 2 2
560 52
1 11 2
670 307
1 9 2
691 76
1 8 2
684 580
1 3 2
112 266
1 5 2
687 65
1 6 2
650 93
1 3 2
344 493
1 9 2
373 137
1 6 2
231 548
1 5 2
53 697
1 11 2
344 685
1 12 2
596 454
1 7 2
53 124
1 8 2
334 94
1 6 2
406 29
1 13 2
519 51
1 5 2
526 219
1 7 2
345 64
1 10 2
460 140
1 8 2
346 82
1 15 2
166 433
1 4 2
108 686
1 3 2
381 240
1 13 2
7 178
1 4 2
696 415
1 10 2
280 465
1 12 2
624 140
1 13 2
459 513
1 12 2
612 219
1 11 2
32 310
1 3 2
303 16
1 4 2
369 461
1 5 2
220 488
1 14 2
439 501
1 14 2
358 560
1 9 2
591 450
1 7 2
502 455
1 10 2
120 620
1 7 2
227 279
1 11 2
204 556
1 14 2
576 455
1 12 2
589 276
1 8 2
78 5
1 14 2
410 134
1 3 2
691 162
1 3 2
567 655
1 4 2
193 289
1 10 2
51 107
1 5 2
215 179
1 4 2
685 311
1 9 2
264 324
1 6 2
624 592
1 5 2
242 293
1 2 2
511 496
1 2 2
436 236
1 13 2
183 284
1 14 2
487 235
1 9 2
276 255
1 12 2
630 216
1 6 2
351 15
1 12 2
499 191
1 6 2
644 95
1 8 2
493 312
1 11 2
152 227
1 14 2
593 522
1 11 2
531 319
1 13 2
154 652
1 14 2
139 482
1 4 2
186 390
1 8 2
157 244
1 14 2
398 513
1 5 2
401 517
1 12 2
492 374
1 3 2
41 182
1 6 2
456 323
1 3 2
161 351
1 8 2
58 310
1 9 2
492 325
1 9 2
177 513
1 4 2
315 399
1 2 2
58 657
1 10 2
208 215
1 9 2
395 480
1 4 2
106 282
1 11 2
297 250
1 7 2
96 613
1 10 2
279 154
1 13 2
289 522
1 3 2
159 225
1 15 2
495 671
1 3 2
538 130
1 12 2
648 643
1 11 2
699 17
1 13 2
41 661
1 13 2
55 60
1 14 2
453 494
1 3 2
313 130
1 6 2
203 259
1 7 2
585 129
1 11 2
607 10
1 15 2
324 516
1 6 2
312 561
1 4 2
497 677
1 5 2
483 526
1 8 2
323 493
1 14 2
4 677
1 5 2
151 283
1 11 2
269 452
1 7 2
586 654
1 13 2
200 77
1 11 2
86 35
1 14 2
336 208
1 4 2
67 161
1 10 2
333 168
1 4 2
374 39
1 8 2
491 635
1 5 2
576 506
1 4 2
602 600
1 8 2
173 540
1 9 2
589 234
1 6 2
23 137
1 12 2
659 72
1 12 2
314 139
1 14 2
479 384
1 9 2
50 140
1 14 2
457 668
1 12 2
237 412
1 9 2
449 349
1 12 2
595 498
1 5 2
557 291
1 6 2
244 476
1 9 2
530 143
1 6 2
476 386
1 14 2
513 245
1 13 2
493 640
1 15 2
196 490
1 4 2
280 444
1 15 2
491 38
1 11 2
214 88
1 6 2
383 570
1 2 2
620 276
1 2 2
338 25
1 4 2
204 569
1 13 2
263 182
1 15 2
128 2
1 15 2
39 624
1 6 2
8 692
1 10 2
672 461
1 15 2
559 8
1 15 2
217 499
1 14 2
339 407
1 3 2
686 221
1 2 2
95 277
1 2 2
180 221
1 11 2
524 25
1 9 2
99 644
1 13 2
337 497
1 10 2
487 108
1 8 2
180 523
1 14 2
99 612
1 3 2
16 542
1 12 2
412 133
1 14 2
154 255
1 11 2
151 435
1 5 2
19 463
1 7 2
500 665
1 11 2
591 13
1 11 2
106 695
1 6 2
100 635
1 6 2
289 1
1 11 2
468 579
1 11 2
14 163
1 8 2
605 56
1 12 2
57 9
1 14 2
44 586
1 3 2
329 410
1 15 2
66 35
1 7 2
572 557
1 13 2
343 211
1 10 2
662 345
1 3 2
634 54
1 10 2
504 131
1 12 2
113 313
1 11 2
38 434
1 3 2
315 216
1 13 2
143 93
1 11 2
507 511
1 8 2
577 696
1 5 2
594 560
1 3 2
274 554
1 14 2
67 531
1 11 2
124 654
1 13 2
679 225
1 13 2
68 458
1 9 2
527 662
1 5 2
147 126
1 14 2
617 209
1 2 2
69 249
1 6 2
543 583
1 11 2
414 577
1 5 2
671 228
1 11 2
375 360
1 2 2
410 197
1 5 2
634 615
1 4 2
248 515
1 5 2
465 410
1 6 2
95 202
1 3 2
22 488
1 8 2
350 20
1 8 2
382 555
1 2 2
161 427
1 15 2
535 354
1 6 2
331 498
1 4 2
320 305
1 13 2
502 603
1 10 2
534 614
1 12 2
210 365
1 11 2
404 416
1 10 2
669 79
1 9 2
626 144
1 7 2
365 546
1 15 2
412 458
1 12 2
607 582
1 12 2
33 567
1 3 2
507 627
1 7 2
130 80
1 13 2
137 261
1 11 2
535 188
1 5 2
638 502
1 8 2
166 258
1 7 2
593 70
1 6 2
527 531
1 12 2
409 94
1 5 2
352 537
1 12 2
473 519
1 15 2
639 125
1 2 2
148 288
1 14 2
114 399
1 7 2
660 589
1 10 2
38 578
1 12 2
646 550
1 2 2
301 557
1 12 2
340 254
1 5 2
164 602
1 8 2
169 556
1 11 2
545 399
1 5 2
317 142
1 3 2
498 75
1 9 2
371 125
1 11 2
271 468
1 12 2
122 81
1 10 2
428 292
1 11 2
621 94
1 4 2
394 591
1 13 2
574 14
1 10 2
102 646
1 8 2
415 141
1 11 2
266 135
1 15 2
384 521
1 9 2
447 563
1 13 2
381 318
1 6 2
696 343
1 12 2
321 253
1 12 2
364 619
1 12 2
568 51
1 8 2
534 590
1 8 2
638 633
1 11 2
233 508
1 4 2
660 125
1 3 2
567 407
1 11 2
429 114
1 15 2
572 240
1 6 2
13 244
1 4 2
340 28
1 2 2
455 310
1 15 2
56 589
1 10 2
84 374
1 7 2
180 205
1 3 2
527 200
1 15 2
113 627
1 3 2
469 611
1 15 2
598 71
1 3 2
578 362
1 11 2
198 650
1 6 2
503 420
1 6 2
666 128
1 14 2
644 542
1 9 2
517 570
1 9 2
18 397
1 10 2
271 258
1 7 2
295 35
1 13 2
621 440
1 12 2
665 53
1 6 2
422 501
1 14 2
69 128
1 15 2
132 616
1 10 2
483 220
1 14 2
58 509
1 4 2
420 17
1 13 2
677 686
1 2 2
252 567
1 14 2
199 377
1 5 2
189 499
1 13 2
627 122
1 14 2
168 186
1 11 2
336 556
1 7 2
422 326
1 6 2
35 162
1 14 2
157 273
1 15 2
109 432
1 12 2
442 197
1 15 2
194 664
1 5 2
593 29
1 6 2
203 215
1 5 2
557 312
1 6 2
413 506
1 5 2
380 174
1 2 2
125 636
1 8 2
280 345
1 7 2
527 542
1 3 2
401 281
1 15 2
356 467
1 3 2
484 174
1 13 2
437 345
1 10 2
534 73
1 8 2
680 249
1 11 2
522 389
1 9 2
13 478
1 14 2
649 21
1 3 2
633 439
1 2 2
211 413
1 5 2
670 201
1 4 2
391 486
1 12 2
194 172
1 8 2
5 326
1 14 2
260 225
1 10 2
667 55
1 5 2
513 305
1 10 2
406 92
1 11 2
199 25
1 6 2
140 557
1 12 2
561 474
1 8 2
296 623
1 10 2
391 105
1 6 2
323 209
1 15 2
163 321
1 6 2
45 406
1 11 2
6 141
1 4 2
332 288
1 13 2
666 171
1 9 2
542 297
1 12 2
538 453
1 10 2
677 564
1 7 2
272 299
1 4 2
140 366
1 12 2
529 499
1 5 2
309 132
1 8 2
436 394
1 9 2
438 74
1 7 2
161 213
1 6 2
330 504
1 8 2
59 98
1 8 2
28 633
1 14 2
572 66
1 5 2
268 364
1 2 2
88 683
1 12 2
469 604
1 14 2
525 553
1 7 2
436 569
1 6 2
301 16
1 15 2
346 678
1 11 2
7 321
1 13 2
148 405
1 2 2
376 698
1 7 2
393 539
1 11 2
32 27
1 2 2
561 76
1 7 2
306 321
1 4 2
411 20
1 7 2
684 144
1 11 2
283 328
1 3 2
396 219
1 4 2
62 309
1 10 2
258 613
1 5 2
320 472
1 6 2
286 274
1 10 2
699 440
1 12 2
114 644
1 9 2
530 126
1 8 2
247 268
1 10 2
500 41
1 14 2
118 408
1 9 2
124 441
1 4 2
337 658
1 12 2
142 459
1 14 2
517 137
1 2 2
669 174
1 13 2
654 687
1 5 2
248 415
1 8 2
171 604
1 2 2
514 209
1 2 2
567 695
1 11 2
693 530
1 6 2
465 583
1 2 2
293 441
1 10 2
498 593
1 10 2
205 252
1 3 2
369 388
1 13 2
212 560
1 15 2
29 583
1 7 2
227 597
1 9 2
681 44
1 13 2
591 559
1 11 2
162 481
1 5 2
469 668
1 2 2
518 425
1 4 2
162 619
1 15 2
345 622
1 11 2
151 473
1 15 2
366 206
1 14 2
587 133
1 11 2
384 352
1 12 2
462 370
1 13 2
530 454
1 6 2
624 259
1 5 2
270 77
1 15 2
685 356
1 6 2
483 410
1 13 2
403 408
1 5 2
299 87
1 5 2
9 410
1 4 2
590 557
1 7 2
238 641
1 10 2
239 87
1 5 2
481 512
1 4 2
474 416
1 15 2
509 241
1 2 2
139 66
1 3 2
550 652
1 14 2
409 76
1 11 2
140 362
1 7 2
520 331
1 3 2
508 418
1 11 2
461 257
1 15 2
220 195
1 11 2
668 436
1 8 2
680 520
1 10 2
154 226
1 15 2
143 482
1 12 2
169 647
1 8 2
618 492
1 8 2
569 214
1 15 2
655 536
1 6 2
84 270
1 9 2
183 653
1 15 2
220 89
1 13 2
223 76
1 14 2
542 588
1 10 2
669 217
1 6 2
584 389
1 10 2
545 87
1 11 2
403 286
1 2 2
685 109
1 2 2
464 261
1 4 2
538 257
1 12 2
282 231
1 7 2
45 214
1 3 2
352 494
1 7 2
433 632
1 14 2
175 262
1 12 2
692 635
1 12 2
524 134
1 7 2
50 566
1 13 2
426 443
1 7 2
354 17
1 14 2
560 644
1 4 2
292 531
1 13 2
35 538
1 14 2
682 326
1 4 2
499 575
1 4 2
589 666
1 4 2
151 641
1 9 2
178 388
1 9 2
123 498
1 11 2
673 462
1 6 2
527 367
1 15 2
2 487
1 8 2
604 546
1 9 2
525 211
1 10 2
79 311
1 11 2
108 416
1 12 2
580 31
1 13 2
7 493
1 7 2
371 79
1 8 2
645 572
1 2 2
540 669
1 11 2
411 85
1 10 2
393 259
1 10 2
53 690
1 2 2
392 0
1 5 2
348 657
1 5 2
514 350
1 15 2
268 402
1 15 2
666 380
1 2 2
372 222
1 14 2
320 484
1 2 2
679 499
1 12 2
516 556
1 2 2
475 325
1 6 2
30 267
1 6 2
450 587
1 7 2
169 577
1 14 2
648 255
1 5 2
448 316
1 7 2
630 101
1 13 2
597 666
1 9 2
69 367
1 8 2
178 442
1 6 2
472 618
1 14 2
98 115
1 8 2
499 630
1 10 2
54 449
1 10 2
308 366
1 3 2
670 687
1 15 2
262 34
1 11 2
496 561
1 3 2
466 175
1 12 2
203 563
1 12 2
325 455
1 12 2
245 578
1 12 2
521 149
1 2 2
314 292
1 7 2
273 87
1 5 2
178 383
1 2 2
640 669
1 8 2
125 445
1 2 2
580 475
1 2 2
517 464
1 2 2
609 304
1 2 2
457 482
1 13 2
179 426
1 6 2
530 189
1 8 2
171 221
1 13 2
280 253
1 5 2
361 374
1 11 2
311 528
1 2 2
295 658
1 8 2
85 634
1 13 2
533 376
1 2 2
581 96
1 7 2
285 331
1 10 2
315 52
1 2 2
482 42
1 11 2
432 341
1 2 2
537 159
1 11 2
670 228
1 2 2
541 643
1 4 2
633 134
1 15 2
229 344
1 14 2
471 628
1 5 2
466 68
1 11 2
191 679
1 7 2
197 215
1 7 2
552 2
1 14 2
422 679
1 12 2
518 570
1 11 2
76 79
1 8 2
602 379
1 4 2
348 697
1 9 2
383 690
1 15 2
357 275
1 7 2
670 160
1 7 2
121 172
1 15 2
617 45
1 11 2
122 126
1 3 2
14 35
1 10 2
445 103
1 6 2
576 194
1 11 2
222 121
1 3 2
62 482
1 5 2
171 600
1 3 2
421 97
1 4 2
288 542
1 7 2
503 242
1 5 2
492 278
1 9 2
358 379
1 8 2
612 546
1 2 2
647 586
1 13 2
247 288
1 4 2
173 30
1 14 2
428 209
1 14 2
28 118
1 8 2
561 521
1 12 2
339 189
1 11 2
211 465
1 13 2
152 531
1 14 2
569 147
1 8 2
348 120
1 10 2
217 144
1 15 2
374 371
1 13 2
302 528
1 6 2
303 318
1 14 2
506 418
1 10 2
109 45
1 11 2
236 268
1 3 2
656 594
1 9 2
604 4
1 5 2
427 98
1 10 2
327 22
1 11 2
162 402
1 7 2
589 75
1 11 2
34 129
1 13 2
653 403
1 14 2
362 59
1 12 2
576 628
1 11 2
662 430
1 3 2
170 518
1 3 2
330 685
1 14 2
71 678
1 9 2
72 348
1 2 2
417 162
1 15 2
196 47
1 10 2
275 593
1 3 2
540 179
1 15 2
85 275
1 4 2
460 674
1 4 2
119 238
1 13 2
519 71
1 2 2
495 519
1 3 2
480 696
1 2 2
423 70
1 13 2
372 584
1 11 2
166 376
1 10 2
522 297
1 3 2
290 151
1 11 2
599 428
1 14 2
643 327
1 7 2
56 62
1 4 2
379 318
1 6 2
143 66
1 14 2
20 425
1 6 2
457 398
1 5 2
331 403
1 4 2
459 29
1 14 2
261 253
1 11 2
372 417
1 7 2
403 549
1 14 2
96 609
1 2 2
74 320
1 4 2
413 627
1 9 2
360 430
1 10 2
301 462
1 13 2
682 377
1 3 2
612 543
1 15 2
651 319
1 8 2
418 243
1 12 2
600 104
1 6 2
407 278
1 3 2
68 269
1 9 2
115 198
1 15 2
396 697
1 3 2
380 285
1 3 2
300 25
1 13 2
629 570
1 14 2
217 240
1 5 2
12 58
1 10 2
556 69
1 5 2
395 592
1 3 2
52 384
1 5 2
51 690
1 14 2
286 515
1 4 2
647 661
1 2 2
570 139
1 5 2
207 113
1 4 2
413 698
1 13 2
641 686
1 10 2
636 489
1 2 2
166 96
1 8 2
214 640
1 5 2
328 502
1 12 2
44 276
1 14 2
651 447
1 8 2
2 329
1 2 2
669 226
1 10 2
210 164
1 5 2
169 630
1 15 2
626 598
1 4 2
396 58
1 4 2
495 369
1 14 2
281 313
1 10 2
144 432
1 9 2
11 543
1 15 2
649 235
1 3 2
488 239
1 14 2
525 316
1 9 2
162 384
1 12 2
679 532
1 12 2
215 523
1 4 2
145 320
1 3 2
264 238
1 14 2
189 129
1 7 2
427 248
1 7 2
68 283
1 5 2
373 87
1 15 2
573 603
1 4 2
216 534
1 13 2
296 286
1 10 2
561 680
1 3 2
367 660
1 15 2
636 695
1 9 2
563 227
1 8 2
240 261
1 14 2
452 586
1 2 2
291 162
1 10 2
53 319
1 13 2
453 544
1 5 2
321 461
1 9 2
13 351
1 9 2
192 277
1 12 2
290 297
1 13 2
32 108
1 9 2
443 73
1 7 2
223 305
1 14 2
49 182
1 4 2
568 138
1 3 2
617 183
1 15 2
174 649
1 10 2
612 398
1 10 2
533 633
1 4 2
459 346
1 5 2
485 278
1 11 2
631 22
1 6 2
398 216
1 12 2
483 648
1 10 2
413 561
1 2 2
180 24
1 2 2
608 476
1 3 2
130 119
1 5 2
380 345
1 4 2
363 538
1 7 2
149 73
1 5 2
173 79
1 10 2
218 579
1 10 2
543 126
1 7 2
401 652
1 4 2
414 290
1 13 2
469 423
1 5 2
634 291
1 10 2
612 294
1 3 2
60 58
1 11 2
424 509
1 13 2
676 480
1 15 2
611 657
1 5 2
183 47
1 3 2
430 346
1 6 2
41 134
1 14 2
427 41
1 9 2
7 192
1 11 2
82 52
1 13 2
35 581
1 6 2
606 567
1 7 2
353 521
1 8 2
417 530
1 9 2
455 614
1 11 2
201 591
1 15 2
116 575
1 3 2
343 145
1 7 2
500 382
1 5 2
596 298
1 14 2
697 230
1 6 2
667 16
1 12 2
21 319
1 11 2
439 64
1 8 2
115 453
1 7 2
216 602
1 4 2
98 554
1 10 2
505 146
1 14 2
608 230
1 15 2
577 134
1 9 2
677 117
1 4 2
19 497
1 7 2
571 478
1 5 2
336 241
1 5 2
429 18
1 4 2
17 200
1 2 2
161 546
1 15 2
150 288
1 6 2
253 562
1 12 2
448 621
1 7 2
605 680
1 7 2
188 395
1 9 2
554 246
1 15 2
327 657
1 2 2
551 690
1 2 2
143 294
1 7 2
106 310
1 2 2
100 36
1 9 2
312 291
1 8 2
53 323
1 12 2
35 690
1 11 2
594 465
1 12 2
348 402
1 5 2
617 348
1 4 2
506 341
1 6 2
300 675
1 4 2
599 19
1 13 2
628 185
1 13 2
634 121
1 15 2
239 143
1 6 2
597 548
1 12 2
87 615
1 15 2
534 99
1 10 2
216 258
1 2 2
494 152
1 9 2
452 215
1 13 2
276 123
1 5 2
245 453
1 13 2
207 54
1 12 2
501 660
1 15 2
127 117
1 11 2
466 299
1 13 2
292 558
1 6 2
545 652
1 4 2
561 289
1 9 2
655 335
1 2 2
141 98
1 8 2
40 534
1 12 2
573 297
1 6 2
101 330
1 11 2
103 600
1 12 2
299 293
1 2 2
355 486
1 5 2
95 639
1 7 2
439 658
1 13 2
526 389
1 13 2
474 196
1 2 2
576 300
1 2 2
100 463
1 5 2
380 543
1 9 2
444 78
1 7 2
308 169
1 5 2
402 137
1 5 2
213 346
1 9 2
460 54
1 4 2
325 597
1 11 2
692 618
1 5 2
96 309
1 15 2
542 376
1 5 2
632 614
1 11 2
533 269
1 8 2
157 580
1 14 2
445 282
1 9 2
370 400
1 13 2
27 486
1 4 2
533 95
1 9 2
476 568
1 3 2
567 159
1 15 2
534 190
1 7 2
73 162
1 9 2
9 452
1 2 2
12 528
1 12 2
10 406
1 5 2
450 286
1 11 2
355 420
1 7 2
125 492
1 2 2
383 199
1 12 2
7 136
1 11 2
496 353
1 11 2
35 523
1 13 2
450 304
1 10 2
280 670
1 15 2
674 641
1 6 2
420 549
1 3 2
466 249
1 12 2
483 413
1 12 2
672 560
1 8 2
538 159
1 13 2
621 436
1 3 2
108 252
1 14 2
419 520
1 13 2
55 491
1 2 2
241 528
1 9 2
278 288
1 8 2
351 674
1 9 2
442 648
1 2 2
446 396
1 3 2
234 370
1 13 2
284 161
1 5 2
71 36
1 2 2
115 480
1 14 2
497 635
1 12 2
584 259
1 6 2
403 535
1 10 2
166 673
1 5 2
28 224
1 13 2
556 225
1 14 2
185 111
1 15 2
21 462
1 12 2
486 165
1 10 2
373 612
1 7 2
468 345
1 5 2
0 156
1 8 2
516 338
1 11 2
136 193
1 5 2
551 582
1 8 2
307 663
1 10 2
385 626
1 11 2
96 600
1 13 2
22 6
1 3 2
210 62
1 11 2
426 218
1 6 2
488 570
1 4 2
370 90
1 15 2
374 337
1 7 2
579 92
1 13 2
386 97
1 13 2
20 211
1 6 2
185 540
1 10 2
628 168
1 13 2
90 141
1 8 2
15 436
1 2 2
290 510
1 2 2
445 525
1 14 2
629 542
1 2 2
168 625
1 9 2
613 391
1 5 2
30 522
1 4 2
494 211
1 2 2
649 448
1 3 2
262 481
1 10 2
533 59
1 2 2
586 429
1 3 2
461 571
1 3 2
451 266
1 16 2
540 660
1 10 2
256 467
1 20 2
445 148
1 22 2
295 496
1 24 2
519 136
1 28 2
313 493
1 12 2
602 532
1 28 2
100 198
1 10 2
101 258
1 12 2
258 236
1 24 2
21 675
1 16 2
103 403
1 6 2
456 600
1 18 2
487 457
1 16 2
380 536
1 12 2
428 182
1 24 2
478 544
1 18 2
214 522
1 20 2
159 641
1 28 2
243 583
