700 4177 2100
18 22 19 21 5 10 22 19 18 12 11 13 9 7 14 8 16 7 18 8 11 17 24 22 22 15 25 6 8 12 13 17 12 13 13 9 15 21 11 6 25 10 21 14 24 17 11 9 10 21 20 10 21 7 21 12 6 10 15 8 16 24 13 24 9 20 8 13 10 13 23 5 23 19 12 6 11 6 20 19 10 16 23 7 22 9 6 9 16 14 25 10 25 17 9 17 22 10 25 25 12 18 7 12 8 9 9 14 14 20 14 13 16 25 18 16 7 9 19 6 23 16 15 23 17 24 7 10 9 6 12 23 24 5 18 16 13 22 6 11 16 18 21 8 20 14 20 9 23 12 6 20 20 21 22 25 17 24 15 5 21 24 14 22 7 16 14 22 5 13 19 15 13 5 7 16 22 16 14 22 18 21 19 14 24 16 25 10 22 8 16 11 14 8 11 20 15 14 19 7 19 12 20 5 13 10 25 23 24 20 22 6 7 18 17 6 19 24 10 7 9 20 24 12 25 5 8 18 22 13 9 8 24 16 19 23 14 6 7 14 18 9 25 25 9 16 22 23 19 21 5 20 17 8 15 20 9 23 13 19 16 15 7 16 12 19 22 15 25 20 21 22 17 14 9 20 13 15 12 23 19 12 14 7 20 20 6 17 13 10 22 21 15 14 8 23 8 21 19 21 24 5 17 5 11 22 11 9 25 8 25 25 16 19 25 25 6 8 23 22 18 9 11 25 16 18 17 5 5 16 7 8 17 5 12 13 9 25 17 18 24 20 20 18 23 19 24 10 15 9 6 25 23 17 22 10 17 5 16 12 6 21 11 7 23 17 16 23 8 7 23 21 15 12 14 24 12 25 23 5 17 23 12 20 11 17 17 24 25 8 9 24 13 16 6 5 19 24 17 9 22 16 16 13 21 7 15 16 9 25 9 17 17 10 9 24 12 25 16 6 12 19 21 19 20 10 17 23 14 21 21 9 23 10 23 13 7 16 23 14 22 7 17 20 10 7 24 5 14 9 19 5 21 17 7 22 14 9 25 9 20 20 7 6 14 25 17 8 14 19 10 8 19 20 25 15 11 21 14 13 15 20 23 16 8 15 13 24 15 21 20 9 24 21 20 12 17 22 21 13 14 21 14 19 11 14 24 10 23 5 13 17 12 9 22 8 24 20 14 8 21 6 9 13 6 7 14 13 15 8 9 23 22 9 6 21 5 13 22 6 23 5 6 6 9 24 19 8 16 7 11 25 9 9 8 7 24 13 13 22 16 18 17 8 23 25 10 17 22 16 9 8 6 23 8 24 11 15 23 13 18 21 21 23 10 6 17 15 23 24 14 20 22 13 16 12 6 17 25 11 24 12 9 6 23 18 6 15 21 18 25 20 5 5 5 21 18 15 18 14 14 21 16 22 15 18 10 15 24 22 6 22 14 23 8 12 18 9 19 14 11 11 18 8 10 24 19 7 9 16 18 9 23 7 18 21 13 10 24 10 8 12 24 22 10 19 24 7 15 7 11 13 25 11 5 23 23 10 14 8 17 6 20 21 5 17 7 19 16 20 14 14 7 10 25 24 7 20 24 7
3 8 13 13 10 16 19 4 15 12 8 15 6 10 19 4 8 17 5 14 19 6 5 12 11 7 18 5 17 9 9 18 15 11 7 18 8 16 10 18 4 12 11 11 16 17 19 11 4 10 18 8 5 5 8 7 13 14 17 18 10 18 8 20 8 4 18 5 17 8 11 6 6 7 6 15 8 6 18 4 16 14 7 12 10 20 11 8 7 19 15 5 16 4 5 6 8 20 8 20 16 12 9 18 9 18 6 8 16 9 11 9 20 19 10 15 18 4 8 16 11 15 6 10 14 11 20 5 10 18 15 12 14 13 12 6 5 15 14 14 16 12 5 13 13 15 15 10 7 10 4 11 13 18 7 13 12 10 19 4 7 11 10 16 16 7 12 20 10 18 17 17 5 7 13 18 12 8 6 18 15 15 8 7 20 13 4 10 10 4 7 18 5 10 19 13 18 11 12 10 7 17 20 5 14 8 19 16 19 3 20 4 11 9 18 14 17 18 5 16 8 12 5 9 12 3 10 12 13 6 4 19 4 3 19 4 20 18 9 3 20 3 3 5 13 9 16 6 8 12 18 7 11 20 6 7 6 11 13 17 6 3 11 12 9 3 13 6 13 16 20 12 6 6 16 19 10 6 18 8 16 18 16 12 19 10 6 17 3 17 12 20 4 8 7 10 10 7 4 11 10 18 20 10 4 4 3 13 11 12 9 4 3 16 18 18 10 12 19 6 9 5 9 16 13 11 9 20 18 14 14 15 14 4 16 9 8 14 3 16 6 10 3 17 17 13 10 6 12 4 12 13 20 12 4 15 17 15 19 11 16 20 6 17 5 19 12 4 15 10 8 12 16 19 6 10 14 16 20 5 5 14 13 5 17 20 11 20 11 12 20 4 10 18 8 9 14 6 3 9 11 7 9 16 14 15 5 3 7 12 4 10 18 3 6 11 20 12 20 5 19 10 11 12 12 13 13 20 13 11 8 20 12 14 19 8 12 5 20 3 6 8 16 8 18 14 15 16 6 10 7 10 13 13 3 6 19 18 10 11 4 20 14 14 11 3 8 9 8 13 7 8 12 12 15 4 13 4 17 12 6 14 12 13 10 20 13 11 18 12 10 15 9 3 7 20 3 13 6 8 18 10 20 10 18 11 11 17 16 11 3 16 9 4 12 5 13 9 15 7 16 9 11 13 9 3 8 3 16 8 15 4 19 12 16 6 12 12 10 7 8 9 3 9 18 11 15 4 12 8 4 10 4 7 11 8 18 13 16 18 10 14 17 20 4 5 14 19 3 20 11 19 10 8 11 5 7 8 9 12 17 7 15 16 17 17 20 10 17 3 9 18 16 3 20 19 16 12 15 4 12 3 17 14 11 12 16 19 13 15 7 16 20 16 19 4 4 18 20 16 12 4 16 20 17 8 6 17 18 16 5 15 8 10 7 14 13 9 13 19 14 20 16 14 16 9 15 12 4 8 15 16 12 10 5 7 17 10 14 11 6 3 17 12 19 20 4 13 18 5 11 12 12 3 10 19 7 3 18 8 8 14 12 3 18 13 18 19 4 13 14 5 12 15 17 12 15 12 12 17
1 2 2
172 332
1 13 2
481 543
1 13 2
669 547
1 10 2
645 669
1 14 2
383 224
1 7 2
56 461
1 11 2
249 250
1 9 2
60 146
1 15 2
677 210
1 3 2
239 122
1 11 2
530 399
1 6 2
473 454
1 15 2
594 98
1 9 2
695 230
1 13 2
670 362
1 6 2
100 289
1 2 2
5 595
1 14 2
81 167
1 5 2
531 640
1 11 2
433 269
1 13 2
542 375
1 6 2
6 500
1 14 2
117 20
1 14 2
641 264
1 14 2
689 563
1 13 2
167 598
1 9 2
601 237
1 3 2
304 559
1 9 2
12 457
1 14 2
418 170
1 13 2
207 51
1 6 2
487 219
1 8 2
10 155
1 11 2
214 208
1 4 2
148 338
1 2 2
276 572
1 11 2
13 410
1 12 2
93 490
1 13 2
333 361
1 3 2
68 518
1 8 2
374 665
1 10 2
463 679
1 15 2
303 6
1 8 2
209 657
1 3 2
44 664
1 14 2
593 575
1 8 2
18 421
1 10 2
368 612
1 9 2
543 617
1 4 2
574 96
1 2 2
613 642
1 3 2
223 44
1 3 2
664 623
1 13 2
433 182
1 2 2
88 352
1 3 2
92 578
1 10 2
560 524
1 10 2
241 296
1 14 2
2 66
1 14 2
567 120
1 14 2
366 353
1 5 2
23 532
1 8 2
634 353
1 2 2
341 427
1 5 2
276 424
1 12 2
569 112
1 12 2
163 304
1 4 2
285 432
1 4 2
148 176
1 2 2
338 614
1 9 2
476 86
1 8 2
34 393
1 7 2
431 221
1 6 2
666 539
1 15 2
476 66
1 14 2
623 172
1 3 2
437 68
1 11 2
351 480
1 9 2
504 66
1 11 2
438 489
1 10 2
175 187
1 9 2
280 612
1 10 2
453 556
1 7 2
408 667
1 8 2
582 84
1 12 2
310 480
1 7 2
288 43
1 2 2
450 630
1 3 2
575 282
1 8 2
602 601
1 15 2
67 637
1 10 2
249 602
1 15 2
290 657
1 15 2
698 620
1 12 2
250 382
1 9 2
69 83
1 3 2
431 333
1 4 2
465 281
1 2 2
536 505
1 11 2
25 330
1 10 2
121 517
1 7 2
235 228
1 14 2
529 513
1 8 2
51 313
1 11 2
486 403
1 8 2
252 256
1 3 2
167 233
1 12 2
391 558
1 2 2
193 387
1 2 2
431 179
1 13 2
103 620
1 11 2
657 122
1 7 2
309 110
1 8 2
627 688
1 3 2
608 345
1 3 2
488 14
1 13 2
327 338
1 14 2
308 605
1 4 2
235 488
1 6 2
401 152
1 14 2
84 158
1 3 2
255 602
1 10 2
588 55
1 10 2
362 512
1 11 2
662 320
1 4 2
571 511
1 8 2
551 444
1 14 2
364 627
1 10 2
270 465
1 11 2
74 654
1 9 2
222 134
1 12 2
71 258
1 13 2
519 11
1 9 2
530 420
1 9 2
179 86
1 14 2
223 34
1 14 2
290 362
1 9 2
231 75
1 8 2
467 522
1 7 2
439 302
1 2 2
213 466
1 5 2
522 133
1 9 2
183 317
1 8 2
150 437
1 8 2
485 114
1 14 2
434 420
1 5 2
560 474
1 9 2
462 385
1 9 2
18 269
1 15 2
372 384
1 5 2
28 52
1 6 2
171 256
1 2 2
307 261
1 15 2
551 52
1 10 2
678 90
1 10 2
410 93
1 11 2
498 2
1 13 2
40 343
1 2 2
112 477
1 8 2
294 169
1 15 2
227 289
1 3 2
70 11
1 10 2
332 221
1 13 2
541 335
1 4 2
198 199
1 12 2
593 667
1 6 2
510 386
1 12 2
501 590
1 10 2
462 518
1 13 2
140 272
1 13 2
521 127
1 11 2
311 200
1 5 2
652 283
1 11 2
180 114
1 2 2
453 28
1 2 2
635 66
1 5 2
678 271
1 8 2
192 167
1 7 2
584 176
1 14 2
501 439
1 13 2
237 291
1 15 2
693 125
1 3 2
291 643
1 10 2
120 88
1 9 2
228 174
1 5 2
131 477
1 7 2
564 427
1 15 2
136 484
1 3 2
380 30
1 8 2
479 30
1 13 2
660 333
1 9 2
240 421
1 9 2
345 445
1 11 2
426 227
1 13 2
597 365
1 5 2
279 661
1 13 2
297 22
1 6 2
326 358
1 3 2
196 528
1 5 2
673 72
1 14 2
267 96
1 12 2
271 12
1 2 2
148 3
1 9 2
59 152
1 13 2
156 248
1 14 2
494 322
1 12 2
562 329
1 4 2
570 349
1 7 2
586 260
1 12 2
445 91
1 13 2
453 119
1 13 2
501 221
1 15 2
259 645
1 11 2
287 661
1 12 2
308 90
1 8 2
423 125
1 2 2
222 115
1 4 2
42 192
1 12 2
624 49
1 7 2
74 303
1 8 2
578 184
1 13 2
267 402
1 11 2
126 194
1 3 2
495 334
1 2 2
478 610
1 7 2
299 152
1 2 2
310 99
1 4 2
558 84
1 7 2
455 548
1 10 2
511 601
1 13 2
38 382
1 9 2
407 461
1 12 2
338 608
1 13 2
206 113
1 14 2
66 42
1 14 2
471 213
1 2 2
608 200
1 8 2
270 313
1 3 2
595 49
1 8 2
657 123
1 8 2
304 641
1 11 2
565 621
1 7 2
523 221
1 12 2
78 59
1 2 2
631 377
1 9 2
158 179
1 11 2
5 255
1 12 2
399 292
1 9 2
207 262
1 12 2
311 126
1 15 2
382 599
1 4 2
643 344
1 13 2
479 637
1 8 2
442 361
1 14 2
374 438
1 15 2
210 509
1 10 2
548 175
1 9 2
50 73
1 7 2
123 631
1 3 2
72 52
1 14 2
225 226
1 5 2
294 416
1 8 2
286 228
1 10 2
76 616
1 6 2
21 302
1 10 2
10 190
1 13 2
358 456
1 15 2
51 112
1 2 2
26 415
1 13 2
106 585
1 3 2
160 578
1 4 2
415 305
1 2 2
566 390
1 2 2
266 71
1 14 2
640 128
1 3 2
423 412
1 6 2
686 542
1 4 2
138 252
1 11 2
455 612
1 3 2
92 526
1 7 2
680 587
1 14 2
363 507
1 6 2
658 673
1 15 2
70 693
1 12 2
298 281
1 14 2
165 647
1 3 2
110 81
1 12 2
42 417
1 14 2
269 473
1 9 2
9 518
1 11 2
279 406
1 2 2
577 209
1 15 2
226 82
1 15 2
61 454
1 7 2
2 318
1 12 2
120 560
1 7 2
548 387
1 8 2
81 316
1 7 2
408 300
1 6 2
169 22
1 12 2
126 373
1 4 2
636 157
1 15 2
493 63
1 2 2
669 620
1 14 2
302 132
1 14 2
527 427
1 11 2
289 192
1 15 2
604 593
1 15 2
550 215
1 8 2
488 130
1 6 2
640 535
1 3 2
673 363
1 4 2
673 253
1 14 2
546 563
1 11 2
146 207
1 15 2
2 314
1 13 2
110 323
1 2 2
465 21
1 4 2
655 687
1 9 2
485 200
1 6 2
80 469
1 7 2
490 74
1 6 2
394 146
1 2 2
413 294
1 8 2
143 341
1 10 2
459 33
1 14 2
64 26
1 10 2
371 117
1 14 2
27 482
1 6 2
100 385
1 3 2
52 539
1 15 2
525 132
1 5 2
695 418
1 11 2
242 174
1 7 2
292 668
1 6 2
686 290
1 14 2
465 219
1 2 2
349 367
1 13 2
530 133
1 9 2
340 698
1 11 2
188 158
1 5 2
218 628
1 2 2
282 698
1 15 2
95 261
1 12 2
513 137
1 14 2
194 665
1 3 2
514 447
1 12 2
464 399
1 5 2
357 349
1 10 2
287 54
1 2 2
257 403
1 6 2
109 520
1 12 2
192 270
1 15 2
304 517
1 9 2
631 637
1 3 2
295 578
1 14 2
358 582
1 12 2
361 378
1 15 2
80 407
1 6 2
633 114
1 15 2
68 645
1 15 2
138 689
1 7 2
80 411
1 14 2
41 616
1 9 2
548 237
1 5 2
687 660
1 5 2
395 271
1 8 2
354 533
1 13 2
677 424
1 11 2
500 308
1 14 2
41 683
1 11 2
482 599
1 13 2
228 592
1 13 2
686 684
1 5 2
344 77
1 5 2
401 48
1 12 2
422 43
1 15 2
566 298
1 8 2
78 662
1 15 2
318 18
1 9 2
162 597
1 6 2
220 197
1 4 2
220 245
1 11 2
389 6
1 2 2
341 174
1 10 2
93 467
1 7 2
150 23
1 2 2
182 199
1 6 2
543 271
1 2 2
684 285
1 5 2
511 246
1 13 2
121 162
1 3 2
610 218
1 14 2
84 438
1 11 2
337 78
1 8 2
462 236
1 8 2
0 458
1 4 2
397 480
1 10 2
675 387
1 5 2
335 599
1 2 2
471 380
1 2 2
337 364
1 8 2
416 480
1 11 2
211 246
1 13 2
397 643
1 15 2
314 286
1 6 2
653 644
1 9 2
689 291
1 13 2
521 77
1 2 2
367 469
1 2 2
335 249
1 14 2
365 409
1 8 2
197 229
1 11 2
301 458
1 6 2
640 641
1 10 2
4 439
1 5 2
661 378
1 4 2
523 594
1 12 2
639 313
1 11 2
44 194
1 8 2
584 514
1 14 2
494 431
1 11 2
126 492
1 9 2
335 630
1 4 2
362 225
1 14 2
85 365
1 5 2
243 595
1 8 2
384 466
1 13 2
450 113
1 9 2
68 504
1 3 2
544 635
1 7 2
353 465
1 2 2
574 169
1 8 2
279 506
1 5 2
4 136
1 11 2
521 351
1 13 2
86 397
1 10 2
104 385
1 11 2
132 102
1 11 2
620 262
1 8 2
251 456
1 7 2
376 591
1 10 2
606 221
1 8 2
219 633
1 12 2
377 657
1 15 2
122 196
1 2 2
66 684
1 14 2
281 635
1 12 2
569 493
1 6 2
162 411
1 2 2
516 182
1 6 2
364 324
1 2 2
103 88
1 3 2
266 7
1 14 2
3 182
1 8 2
582 528
1 10 2
50 106
1 11 2
387 315
1 4 2
539 605
1 9 2
127 262
1 11 2
449 137
1 11 2
484 653
1 14 2
164 490
1 12 2
578 457
1 11 2
129 50
1 15 2
245 601
1 14 2
600 247
1 2 2
623 266
1 4 2
514 570
1 3 2
485 107
1 14 2
59 342
1 12 2
298 166
1 2 2
600 268
1 3 2
422 20
1 4 2
298 361
1 3 2
113 624
1 7 2
141 62
1 8 2
11 441
1 12 2
460 349
1 3 2
238 365
1 8 2
43 187
1 14 2
489 453
1 8 2
364 396
1 13 2
57 76
1 15 2
644 558
1 10 2
312 202
1 5 2
600 481
1 15 2
321 497
1 10 2
594 359
1 9 2
113 623
1 13 2
279 528
1 15 2
612 566
1 14 2
458 128
1 14 2
88 592
1 13 2
495 475
1 2 2
434 515
1 11 2
297 224
1 6 2
6 110
1 8 2
21 80
1 4 2
481 153
1 14 2
401 587
1 4 2
408 85
1 9 2
574 373
1 7 2
142 667
1 15 2
249 326
1 11 2
43 659
1 12 2
242 656
1 3 2
347 549
1 13 2
159 217
1 6 2
658 241
1 14 2
82 371
1 13 2
187 372
1 8 2
373 193
1 14 2
50 115
1 14 2
612 679
1 13 2
276 20
1 6 2
408 41
1 2 2
615 315
1 15 2
165 202
1 5 2
206 264
1 5 2
421 440
1 9 2
67 517
1 7 2
414 222
1 7 2
10 382
1 10 2
411 296
1 8 2
26 442
1 2 2
684 238
1 14 2
514 651
1 12 2
59 338
1 15 2
240 476
1 5 2
230 593
1 10 2
538 142
1 6 2
420 425
1 11 2
504 25
1 10 2
403 415
1 15 2
254 307
1 10 2
188 541
1 2 2
661 179
1 3 2
617 547
1 3 2
638 658
1 15 2
441 367
1 12 2
61 610
1 13 2
403 662
1 12 2
250 464
1 2 2
418 307
1 4 2
511 487
1 10 2
347 22
1 13 2
79 517
1 4 2
500 309
1 12 2
597 229
1 12 2
500 410
1 11 2
158 137
1 15 2
551 46
1 6 2
687 423
1 9 2
654 683
1 7 2
600 234
1 9 2
646 523
1 9 2
273 348
1 2 2
50 14
1 7 2
28 191
1 14 2
420 108
1 4 2
520 358
1 7 2
104 498
1 6 2
150 172
1 10 2
290 153
1 3 2
221 347
1 14 2
485 477
1 10 2
653 74
1 13 2
612 658
1 8 2
256 214
1 15 2
531 173
1 12 2
578 615
1 14 2
352 302
1 13 2
574 110
1 5 2
497 388
1 11 2
331 260
1 6 2
292 134
1 8 2
513 187
1 11 2
19 257
1 3 2
328 70
1 10 2
280 515
1 11 2
390 527
1 10 2
626 670
1 14 2
606 229
1 2 2
39 62
1 12 2
586 392
1 3 2
228 273
1 9 2
69 298
1 7 2
151 569
1 13 2
593 560
1 5 2
536 599
1 6 2
12 531
1 15 2
5 453
1 2 2
293 75
1 10 2
419 662
1 9 2
404 189
1 5 2
388 453
1 2 2
129 257
1 7 2
113 336
1 15 2
428 191
1 9 2
224 553
1 6 2
351 485
1 9 2
6 10
1 12 2
232 200
1 4 2
499 446
1 6 2
609 245
1 2 2
204 519
1 14 2
468 432
1 12 2
662 668
1 3 2
432 314
1 2 2
188 67
1 2 2
396 38
1 10 2
237 659
1 3 2
272 698
1 11 2
375 567
1 7 2
106 127
1 5 2
357 280
1 11 2
62 479
1 15 2
219 397
1 7 2
9 326
1 14 2
391 356
1 14 2
389 61
1 14 2
638 482
1 11 2
79 632
1 7 2
359 159
1 12 2
454 71
1 9 2
534 677
1 14 2
567 649
1 12 2
482 238
1 4 2
645 125
1 13 2
531 26
1 14 2
61 687
1 6 2
665 155
1 15 2
152 279
1 12 2
131 95
1 6 2
699 320
1 7 2
665 658
1 2 2
689 470
1 4 2
66 527
1 11 2
665 39
1 4 2
149 449
1 5 2
533 217
1 15 2
308 238
1 6 2
343 261
1 15 2
473 139
1 14 2
66 250
1 9 2
46 153
1 8 2
135 396
1 6 2
498 333
1 11 2
377 597
1 8 2
107 567
1 2 2
654 126
1 11 2
280 281
1 2 2
513 539
1 8 2
27 154
1 5 2
81 191
1 8 2
680 552
1 9 2
107 469
1 14 2
332 679
1 11 2
605 405
1 3 2
335 199
1 12 2
187 648
1 7 2
485 418
1 10 2
202 656
1 13 2
510 380
1 15 2
522 633
1 3 2
349 2
1 13 2
322 416
1 8 2
298 284
1 11 2
347 455
1 4 2
32 591
1 6 2
457 36
1 14 2
419 164
1 2 2
239 585
1 7 2
100 285
1 4 2
476 279
1 8 2
489 395
1 6 2
501 552
1 15 2
563 542
1 11 2
91 481
1 12 2
306 569
1 15 2
92 450
1 7 2
30 340
1 3 2
635 461
1 3 2
105 484
1 5 2
171 61
1 15 2
238 65
1 3 2
509 120
1 3 2
145 84
1 2 2
568 664
1 2 2
626 281
1 11 2
94 648
1 3 2
221 262
1 9 2
250 639
1 8 2
282 221
1 5 2
633 518
1 9 2
77 281
1 14 2
77 442
1 2 2
536 583
1 4 2
676 339
1 15 2
10 631
1 11 2
403 142
1 15 2
412 641
1 4 2
508 488
1 6 2
648 615
1 12 2
39 442
1 8 2
214 595
1 8 2
273 649
1 3 2
69 252
1 5 2
622 62
1 12 2
653 623
1 15 2
411 650
1 10 2
455 405
1 7 2
229 9
1 6 2
455 90
1 5 2
688 446
1 13 2
344 348
1 13 2
364 356
1 7 2
123 119
1 11 2
647 34
1 14 2
365 697
1 12 2
398 168
1 10 2
652 285
1 5 2
429 657
1 8 2
649 513
1 14 2
451 568
1 12 2
494 383
1 9 2
453 105
1 9 2
371 555
1 9 2
33 309
1 8 2
505 286
1 10 2
24 479
1 15 2
488 613
1 3 2
622 122
1 4 2
608 376
1 7 2
34 430
1 5 2
367 606
1 2 2
106 657
1 13 2
81 590
1 15 2
251 12
1 13 2
316 327
1 9 2
624 280
1 2 2
492 64
1 8 2
640 656
1 10 2
333 655
1 13 2
134 72
1 2 2
375 470
1 12 2
379 150
1 6 2
235 368
1 12 2
106 326
1 15 2
178 595
1 14 2
187 452
1 2 2
225 144
1 14 2
90 509
1 3 2
140 211
1 7 2
325 475
1 8 2
17 553
1 9 2
689 223
1 11 2
440 146
1 5 2
560 260
1 13 2
528 286
1 13 2
199 321
1 14 2
520 577
1 13 2
240 171
1 15 2
340 237
1 12 2
340 167
1 14 2
197 108
1 6 2
283 93
1 13 2
409 270
1 4 2
176 392
1 2 2
503 622
1 15 2
272 439
1 3 2
308 47
1 15 2
492 179
1 15 2
225 382
1 14 2
254 124
1 5 2
23 316
1 2 2
510 216
1 6 2
260 512
1 9 2
296 424
1 12 2
453 84
1 13 2
319 484
1 15 2
492 427
1 6 2
642 613
1 7 2
28 222
1 10 2
250 173
1 12 2
27 211
1 8 2
399 669
1 15 2
384 685
1 9 2
216 212
1 8 2
68 298
1 4 2
594 683
1 11 2
66 610
1 6 2
534 248
1 5 2
280 278
1 5 2
517 678
1 4 2
196 50
1 3 2
115 232
1 13 2
395 174
1 5 2
96 102
1 8 2
231 312
1 3 2
128 138
1 8 2
330 124
1 14 2
474 567
1 3 2
283 193
1 13 2
198 302
1 8 2
567 162
1 11 2
82 576
1 10 2
97 220
1 11 2
351 136
1 9 2
582 437
1 2 2
125 360
1 2 2
84 461
1 9 2
75 451
1 11 2
522 137
1 14 2
606 660
1 7 2
340 86
1 11 2
46 389
1 14 2
223 594
1 14 2
441 540
1 15 2
18 21
1 7 2
4 75
1 8 2
557 323
1 3 2
305 565
1 7 2
683 395
1 9 2
256 313
1 7 2
242 185
1 5 2
116 13
1 15 2
439 63
1 11 2
597 336
1 4 2
362 472
1 5 2
537 183
1 3 2
616 333
1 12 2
104 287
1 8 2
508 351
1 9 2
65 399
1 11 2
666 27
1 14 2
234 338
1 14 2
208 389
1 2 2
60 488
1 5 2
115 224
1 14 2
112 401
1 4 2
363 451
1 7 2
253 44
1 7 2
508 592
1 6 2
688 16
1 12 2
444 228
1 7 2
74 112
1 4 2
288 604
1 12 2
70 568
1 7 2
305 501
1 14 2
583 599
1 13 2
408 205
1 2 2
299 635
1 12 2
286 573
1 11 2
299 450
1 5 2
102 163
1 11 2
78 660
1 4 2
279 6
1 10 2
147 33
1 2 2
326 102
1 5 2
576 451
1 9 2
658 447
1 12 2
544 369
1 14 2
22 518
1 14 2
518 392
1 5 2
455 353
1 14 2
259 347
1 14 2
247 607
1 2 2
334 15
1 6 2
368 523
1 11 2
201 219
1 4 2
237 56
1 2 2
424 523
1 12 2
597 247
1 7 2
649 163
1 4 2
342 420
1 3 2
151 643
1 5 2
380 202
1 9 2
536 452
1 3 2
351 548
1 9 2
333 652
1 10 2
542 270
1 15 2
470 326
1 9 2
553 435
1 4 2
368 225
1 2 2
116 432
1 5 2
472 561
1 11 2
282 562
1 15 2
578 377
1 3 2
310 468
1 2 2
569 213
1 8 2
99 450
1 12 2
106 646
1 10 2
677 336
1 6 2
440 73
1 9 2
645 487
1 8 2
26 60
1 15 2
113 10
1 2 2
480 393
1 13 2
542 82
1 9 2
600 371
1 7 2
582 552
1 15 2
285 143
1 12 2
435 640
1 3 2
364 582
1 2 2
396 350
1 12 2
374 570
1 2 2
228 491
1 4 2
324 669
1 6 2
373 61
1 9 2
405 70
1 15 2
51 300
1 6 2
557 647
1 13 2
425 68
1 4 2
42 696
1 15 2
304 636
1 13 2
203 690
1 6 2
287 450
1 12 2
334 663
1 3 2
606 333
1 13 2
452 271
1 14 2
379 396
1 9 2
218 260
1 5 2
273 299
1 11 2
9 547
1 13 2
448 279
1 8 2
223 506
1 14 2
654 631
1 15 2
508 504
1 2 2
157 487
1 9 2
0 663
1 5 2
382 223
1 8 2
228 204
1 15 2
265 457
1 13 2
88 599
1 2 2
193 356
1 5 2
395 561
1 2 2
570 74
1 13 2
554 559
1 12 2
594 193
1 9 2
406 642
1 7 2
97 310
1 7 2
685 98
1 7 2
262 518
1 13 2
663 387
1 5 2
685 544
1 7 2
169 634
1 12 2
455 442
1 5 2
143 468
1 2 2
311 566
1 6 2
135 22
1 2 2
588 280
1 7 2
109 85
1 11 2
22 297
1 10 2
119 259
1 9 2
10 324
1 14 2
533 102
1 4 2
144 655
1 5 2
466 623
1 6 2
697 192
1 11 2
570 359
1 5 2
451 366
1 3 2
174 604
1 9 2
324 132
1 14 2
653 243
1 4 2
203 445
1 2 2
151 247
1 11 2
273 364
1 3 2
573 126
1 6 2
416 520
1 15 2
135 616
1 2 2
225 106
1 7 2
429 248
1 6 2
320 240
1 10 2
160 336
1 9 2
698 153
1 15 2
407 183
1 8 2
529 380
1 7 2
326 72
1 11 2
457 350
1 5 2
300 479
1 12 2
109 492
1 4 2
662 125
1 13 2
390 331
1 10 2
128 379
1 15 2
520 349
1 13 2
204 176
1 3 2
681 652
1 2 2
430 440
1 10 2
546 47
1 4 2
233 182
1 13 2
557 45
1 8 2
635 408
1 9 2
82 302
1 12 2
550 202
1 9 2
240 401
1 4 2
685 671
1 8 2
351 327
1 8 2
553 66
1 12 2
522 448
1 7 2
37 199
1 8 2
556 162
1 12 2
169 395
1 13 2
529 84
1 9 2
486 591
1 2 2
307 111
1 12 2
175 387
1 12 2
630 694
1 14 2
271 97
1 11 2
87 275
1 6 2
284 127
1 3 2
369 404
1 7 2
399 234
1 6 2
243 238
1 11 2
23 75
1 12 2
406 516
1 2 2
610 427
1 2 2
31 488
1 7 2
381 285
1 8 2
528 462
1 4 2
411 293
1 11 2
256 372
1 14 2
29 419
1 4 2
10 103
1 7 2
648 396
1 3 2
569 637
1 4 2
191 16
1 4 2
175 661
1 11 2
400 606
1 10 2
38 438
1 8 2
549 587
1 8 2
325 603
1 7 2
217 308
1 15 2
4 420
1 12 2
413 16
1 15 2
101 595
1 10 2
399 574
1 15 2
202 337
1 13 2
277 82
1 11 2
586 452
1 6 2
631 427
1 8 2
449 652
1 15 2
75 306
1 10 2
307 362
1 7 2
370 479
1 6 2
618 615
1 14 2
420 229
1 11 2
416 667
1 6 2
515 321
1 4 2
424 316
1 15 2
607 263
1 14 2
336 346
1 3 2
294 699
1 15 2
407 284
1 3 2
466 450
1 6 2
535 583
1 7 2
577 190
1 10 2
383 179
1 10 2
368 567
1 3 2
381 490
1 8 2
300 453
1 9 2
50 664
1 5 2
600 448
1 9 2
317 441
1 12 2
449 177
1 8 2
525 294
1 14 2
407 62
1 15 2
597 443
1 2 2
680 14
1 15 2
615 634
1 13 2
590 69
1 2 2
605 460
1 6 2
341 212
1 10 2
635 233
1 5 2
5 168
1 6 2
231 56
1 13 2
222 615
1 13 2
149 79
1 15 2
419 83
1 15 2
581 462
1 11 2
586 241
1 5 2
303 453
1 4 2
125 489
1 13 2
492 630
1 8 2
194 233
1 7 2
298 408
1 5 2
518 473
1 4 2
77 98
1 7 2
520 238
1 8 2
6 130
1 3 2
207 352
1 5 2
579 164
1 2 2
326 684
1 8 2
392 620
1 3 2
20 388
1 14 2
180 452
1 6 2
528 56
1 7 2
216 455
1 2 2
356 14
1 10 2
654 657
1 4 2
39 271
1 14 2
266 318
1 7 2
536 545
1 12 2
681 629
1 12 2
504 84
1 14 2
658 561
1 7 2
491 200
1 2 2
176 323
1 10 2
140 87
1 15 2
511 539
1 4 2
37 528
1 9 2
117 135
1 2 2
135 511
1 10 2
609 303
1 7 2
84 521
1 6 2
396 466
1 12 2
474 279
1 2 2
398 318
1 3 2
516 62
1 15 2
607 195
1 13 2
404 477
1 15 2
466 568
1 14 2
631 269
1 11 2
475 415
1 2 2
96 534
1 2 2
105 42
1 13 2
344 412
1 3 2
150 49
1 10 2
74 163
1 13 2
28 666
1 3 2
242 388
1 4 2
446 382
1 4 2
441 116
1 5 2
258 307
1 7 2
181 247
1 15 2
259 239
1 15 2
444 47
1 6 2
148 254
1 3 2
422 155
1 8 2
171 82
1 7 2
104 276
1 15 2
71 590
1 3 2
237 8
1 11 2
575 203
1 8 2
613 202
1 3 2
140 660
1 8 2
12 417
1 7 2
518 202
1 3 2
361 302
1 2 2
140 651
1 13 2
121 232
1 7 2
431 421
1 11 2
3 382
1 7 2
615 624
1 15 2
13 447
1 15 2
98 12
1 7 2
169 591
1 8 2
159 597
1 3 2
58 610
1 13 2
647 603
1 11 2
412 37
1 11 2
173 242
1 7 2
415 433
1 12 2
610 248
1 12 2
125 237
1 4 2
240 663
1 5 2
190 371
1 8 2
586 442
1 4 2
435 271
1 8 2
571 640
1 6 2
170 239
1 15 2
681 9
1 6 2
376 484
1 6 2
363 698
1 8 2
420 559
1 5 2
458 2
1 15 2
136 29
1 3 2
259 624
1 2 2
560 176
1 9 2
177 225
1 2 2
597 394
1 6 2
186 535
1 6 2
318 414
1 4 2
30 22
1 4 2
399 659
1 2 2
14 305
1 14 2
90 105
1 5 2
608 620
1 7 2
294 93
1 4 2
469 292
1 12 2
330 197
1 2 2
594 33
1 2 2
287 562
1 5 2
176 455
1 3 2
293 557
1 4 2
579 242
1 12 2
311 102
1 7 2
224 411
1 2 2
247 187
1 6 2
527 468
1 6 2
0 200
1 8 2
389 333
1 4 2
138 399
1 8 2
214 106
1 13 2
660 140
1 2 2
112 109
1 12 2
498 286
1 13 2
17 106
1 13 2
103 651
1 2 2
54 50
1 11 2
262 451
1 4 2
400 420
1 3 2
81 353
1 14 2
447 370
1 12 2
419 118
1 4 2
322 434
1 9 2
12 133
1 7 2
206 401
1 8 2
287 203
1 2 2
63 542
1 4 2
250 333
1 6 2
30 276
1 12 2
312 27
1 15 2
624 440
1 2 2
433 51
1 9 2
276 300
1 5 2
106 316
1 10 2
96 471
1 4 2
385 389
1 12 2
644 214
1 6 2
157 75
1 3 2
492 621
1 7 2
25 28
1 3 2
87 301
1 8 2
547 60
1 13 2
124 475
1 11 2
367 13
1 6 2
129 694
1 12 2
99 318
1 6 2
384 641
1 5 2
647 394
1 8 2
257 480
1 5 2
189 57
1 8 2
90 258
1 15 2
440 198
1 14 2
533 551
1 3 2
625 681
1 9 2
691 310
1 5 2
90 650
1 8 2
204 89
1 6 2
106 481
1 2 2
169 231
1 12 2
362 259
1 3 2
535 31
1 6 2
443 563
1 13 2
584 271
1 2 2
441 405
1 3 2
558 186
1 7 2
652 39
1 5 2
355 156
1 3 2
571 551
1 10 2
170 460
1 8 2
266 11
1 10 2
562 398
1 5 2
428 142
1 6 2
128 518
1 8 2
311 105
1 6 2
170 542
1 12 2
629 615
1 3 2
266 187
1 7 2
262 138
1 3 2
258 593
1 11 2
534 630
1 11 2
523 66
1 12 2
574 341
1 2 2
444 430
1 13 2
613 246
1 3 2
63 176
1 13 2
236 65
1 9 2
510 184
1 8 2
438 235
1 6 2
248 184
1 2 2
253 408
1 15 2
158 454
1 4 2
357 10
1 4 2
593 400
1 5 2
67 37
1 15 2
475 349
1 9 2
503 656
1 7 2
443 435
1 4 2
129 457
1 7 2
144 249
1 8 2
317 243
1 10 2
343 684
1 14 2
429 602
1 9 2
416 347
1 10 2
231 266
1 12 2
520 144
1 3 2
275 466
1 12 2
284 78
1 5 2
147 22
1 2 2
575 591
1 12 2
569 593
1 4 2
603 508
1 14 2
344 350
1 10 2
604 691
1 12 2
358 688
1 9 2
625 111
1 14 2
310 237
1 12 2
5 203
1 12 2
51 288
1 5 2
417 502
1 14 2
592 236
1 9 2
205 101
1 2 2
401 301
1 5 2
230 494
1 10 2
183 511
1 11 2
221 139
1 9 2
350 696
1 11 2
376 144
1 14 2
423 685
1 15 2
483 467
1 9 2
380 534
1 15 2
191 30
1 11 2
581 589
1 9 2
74 41
1 8 2
237 282
1 12 2
270 109
1 5 2
95 118
1 15 2
422 443
1 7 2
552 437
1 7 2
521 329
1 8 2
309 675
1 10 2
53 437
1 2 2
303 688
1 6 2
277 648
1 10 2
493 214
1 8 2
380 76
1 8 2
452 506
1 11 2
363 528
1 7 2
363 85
1 3 2
206 323
1 15 2
595 550
1 11 2
90 47
1 5 2
433 325
1 7 2
402 108
1 6 2
248 192
1 8 2
304 132
1 14 2
263 399
1 14 2
623 592
1 7 2
169 435
1 5 2
428 107
1 9 2
466 205
1 2 2
503 21
1 11 2
92 479
1 13 2
244 479
1 6 2
92 455
1 8 2
203 603
1 6 2
145 266
1 6 2
108 279
1 11 2
296 348
1 13 2
40 54
1 11 2
158 264
1 9 2
44 90
1 12 2
301 7
1 15 2
18 363
1 3 2
103 640
1 4 2
319 558
1 2 2
460 75
1 3 2
462 585
1 13 2
242 537
1 4 2
310 1
1 2 2
635 162
1 13 2
680 257
1 13 2
190 317
1 13 2
132 43
1 4 2
230 388
1 2 2
23 374
1 11 2
633 155
1 14 2
187 472
1 13 2
81 486
1 14 2
355 152
1 11 2
669 6
1 9 2
305 541
1 8 2
340 461
1 2 2
694 311
1 2 2
4 289
1 10 2
56 217
1 4 2
622 52
1 4 2
100 516
1 5 2
282 527
1 4 2
668 270
1 3 2
333 79
1 15 2
403 609
1 3 2
527 648
1 2 2
422 369
1 12 2
131 527
1 15 2
205 191
1 6 2
361 588
1 7 2
534 343
1 9 2
88 248
1 12 2
682 323
1 6 2
493 671
1 6 2
7 262
1 3 2
505 625
1 6 2
216 25
1 2 2
609 15
1 6 2
114 355
1 3 2
330 306
1 7 2
496 73
1 15 2
649 678
1 5 2
306 88
1 10 2
581 95
1 11 2
335 149
1 3 2
436 395
1 14 2
461 223
1 11 2
236 375
1 4 2
531 682
1 5 2
233 337
1 7 2
256 127
1 13 2
74 235
1 15 2
344 474
1 3 2
338 170
1 13 2
90 302
1 14 2
354 55
1 6 2
182 413
1 5 2
344 567
1 9 2
562 496
1 13 2
127 255
1 12 2
311 279
1 5 2
357 524
1 6 2
628 593
1 8 2
254 696
1 8 2
643 519
1 11 2
675 80
1 13 2
586 629
1 9 2
83 257
1 6 2
427 682
1 8 2
682 550
1 3 2
604 351
1 7 2
568 484
1 6 2
625 317
1 11 2
303 273
1 13 2
567 43
1 8 2
98 634
1 5 2
655 82
1 14 2
58 640
1 4 2
407 153
1 10 2
123 516
1 6 2
327 194
1 15 2
205 156
1 15 2
656 364
1 10 2
25 551
1 4 2
28 392
1 4 2
296 74
1 5 2
524 675
1 3 2
15 8
1 11 2
656 679
1 10 2
632 251
1 4 2
310 147
1 15 2
313 407
1 10 2
683 23
1 3 2
99 296
1 6 2
255 607
1 3 2
111 581
1 5 2
430 283
1 10 2
106 403
1 14 2
298 462
1 10 2
256 211
1 3 2
20 169
1 8 2
530 185
1 3 2
517 373
1 10 2
384 82
1 6 2
399 533
1 14 2
598 231
1 11 2
430 565
1 5 2
123 323
1 13 2
501 599
1 15 2
269 646
1 11 2
104 120
1 8 2
474 528
1 10 2
387 36
1 11 2
433 563
1 14 2
604 411
1 9 2
312 322
1 13 2
220 229
1 4 2
362 698
1 13 2
193 396
1 5 2
383 357
1 11 2
99 401
1 8 2
303 46
1 15 2
187 443
1 10 2
13 353
1 14 2
513 205
1 8 2
542 571
1 13 2
221 340
1 11 2
41 679
1 5 2
440 315
1 13 2
10 610
1 9 2
482 623
1 6 2
558 524
1 13 2
203 157
1 4 2
119 395
1 12 2
163 380
1 6 2
197 673
1 14 2
404 671
1 8 2
255 187
1 10 2
487 403
1 7 2
537 408
1 11 2
244 557
1 11 2
292 630
1 4 2
9 113
1 14 2
105 200
1 15 2
426 324
1 3 2
487 299
1 10 2
454 197
1 5 2
320 371
1 6 2
132 225
1 14 2
312 316
1 4 2
167 314
1 2 2
413 532
1 13 2
265 68
1 3 2
284 560
1 6 2
660 71
1 7 2
563 319
1 10 2
52 288
1 14 2
692 4
1 15 2
109 235
1 8 2
458 190
1 6 2
198 109
1 6 2
123 50
1 13 2
59 273
1 11 2
292 539
1 6 2
318 123
1 2 2
243 462
1 5 2
225 334
1 15 2
350 640
1 11 2
451 653
1 13 2
206 95
1 8 2
170 615
1 8 2
450 231
1 12 2
686 18
1 8 2
378 132
1 4 2
661 284
1 10 2
526 659
1 2 2
353 159
1 4 2
155 601
1 11 2
256 683
1 12 2
255 343
1 3 2
203 644
1 6 2
315 1
1 9 2
238 347
1 4 2
293 327
1 5 2
610 444
1 7 2
105 551
1 4 2
644 381
1 6 2
683 67
1 6 2
51 103
1 12 2
523 548
1 2 2
378 537
1 8 2
175 202
1 10 2
423 126
1 4 2
179 169
1 9 2
177 429
1 10 2
107 397
1 10 2
360 358
1 4 2
565 640
1 15 2
125 354
1 5 2
3 586
1 2 2
623 365
1 3 2
172 658
1 6 2
658 66
1 15 2
533 282
1 6 2
441 215
1 3 2
279 489
1 11 2
210 393
1 9 2
141 652
1 10 2
58 672
1 9 2
586 283
1 11 2
31 280
1 5 2
593 604
1 4 2
440 285
1 8 2
542 174
1 5 2
285 191
1 11 2
537 18
1 9 2
295 270
1 9 2
329 621
1 8 2
8 116
1 3 2
58 349
1 12 2
285 563
1 4 2
418 446
1 3 2
598 640
1 8 2
337 428
1 9 2
393 118
1 5 2
425 627
1 11 2
75 65
1 12 2
581 605
1 4 2
147 124
1 11 2
122 675
1 15 2
538 425
1 6 2
460 575
1 4 2
175 372
1 5 2
455 92
1 5 2
685 617
1 13 2
509 26
1 12 2
627 353
1 3 2
301 238
1 14 2
608 668
1 2 2
577 59
1 15 2
331 514
1 13 2
41 481
1 7 2
646 57
1 2 2
165 329
1 7 2
321 618
1 10 2
162 671
1 7 2
58 543
1 5 2
103 391
1 4 2
431 382
1 13 2
614 447
1 10 2
489 325
1 10 2
584 355
1 15 2
85 287
1 3 2
371 396
1 13 2
606 659
1 15 2
608 187
1 12 2
356 240
1 6 2
238 351
1 3 2
218 96
1 6 2
239 696
1 14 2
677 321
1 13 2
285 169
1 14 2
533 335
1 2 2
478 284
1 10 2
241 278
1 12 2
38 124
1 7 2
685 540
1 8 2
682 41
1 5 2
481 418
1 4 2
299 192
1 6 2
567 596
1 14 2
375 574
1 3 2
542 112
1 8 2
245 63
1 14 2
62 239
1 2 2
623 549
1 4 2
134 515
1 11 2
83 553
1 8 2
488 151
1 13 2
429 564
1 10 2
640 485
1 11 2
472 357
1 14 2
683 82
1 15 2
513 680
1 12 2
309 283
1 10 2
200 85
1 3 2
687 228
1 2 2
115 175
1 11 2
381 501
1 8 2
384 333
1 9 2
345 216
1 3 2
535 615
1 7 2
286 556
1 15 2
492 210
1 12 2
244 212
1 7 2
599 57
1 13 2
198 306
1 2 2
312 473
1 3 2
53 512
1 15 2
313 84
1 2 2
342 648
1 3 2
146 232
1 6 2
365 650
1 9 2
606 242
1 14 2
487 267
1 8 2
238 78
1 12 2
180 134
1 11 2
609 61
1 3 2
352 415
1 9 2
157 522
1 14 2
126 253
1 2 2
32 315
1 5 2
366 62
1 15 2
14 213
1 15 2
384 88
1 8 2
330 9
1 15 2
255 698
1 9 2
196 359
1 8 2
377 244
1 13 2
647 344
1 9 2
135 72
1 7 2
139 577
1 6 2
193 586
1 10 2
160 136
1 5 2
267 12
1 15 2
668 504
1 11 2
290 432
1 3 2
355 646
1 11 2
639 350
1 8 2
446 401
1 11 2
194 328
1 5 2
34 675
1 8 2
37 663
1 13 2
231 638
1 10 2
62 361
1 15 2
9 513
1 2 2
287 549
1 4 2
184 19
1 4 2
330 224
1 11 2
197 364
1 6 2
136 455
1 12 2
42 289
1 9 2
399 430
1 15 2
574 645
1 5 2
436 157
1 9 2
459 124
1 8 2
551 132
1 15 2
624 186
1 5 2
595 506
1 8 2
693 307
1 15 2
520 206
1 4 2
44 634
1 4 2
84 601
1 5 2
254 121
1 12 2
75 151
1 7 2
446 131
1 14 2
171 656
1 7 2
60 321
1 5 2
205 93
1 9 2
168 40
1 4 2
598 4
1 10 2
286 366
1 6 2
419 608
1 8 2
178 329
1 8 2
286 305
1 5 2
187 66
1 2 2
161 456
1 3 2
605 493
1 15 2
112 541
1 11 2
624 273
1 4 2
630 502
1 11 2
401 55
1 7 2
202 540
1 3 2
591 692
1 13 2
2 107
1 14 2
86 72
1 15 2
76 216
1 8 2
373 266
1 4 2
459 482
1 6 2
93 40
1 5 2
37 224
1 6 2
354 1
1 11 2
256 134
1 9 2
183 516
1 15 2
635 282
1 15 2
430 663
1 6 2
335 445
1 2 2
632 104
1 5 2
563 106
1 12 2
173 20
1 12 2
130 127
1 4 2
671 565
1 10 2
297 626
1 4 2
652 440
1 13 2
261 273
1 4 2
385 85
1 5 2
263 215
1 10 2
493 511
1 5 2
213 604
1 12 2
615 664
1 6 2
286 301
1 5 2
14 657
1 9 2
382 240
1 10 2
21 250
1 15 2
216 440
1 13 2
54 456
1 14 2
611 664
1 4 2
150 506
1 14 2
338 163
1 9 2
165 660
1 4 2
288 330
1 10 2
497 512
1 9 2
33 539
1 5 2
154 215
1 2 2
468 366
1 4 2
460 234
1 12 2
137 27
1 15 2
452 647
1 6 2
385 15
1 5 2
320 189
1 8 2
215 613
1 5 2
342 48
1 3 2
213 306
1 12 2
656 218
1 2 2
503 248
1 7 2
52 626
1 15 2
157 505
1 9 2
21 377
1 12 2
226 167
1 3 2
3 128
1 10 2
325 668
1 3 2
137 688
1 10 2
161 33
1 12 2
522 139
1 6 2
613 300
1 11 2
666 162
1 15 2
379 492
1 15 2
526 338
1 14 2
449 548
1 3 2
178 460
1 12 2
387 152
1 3 2
221 544
1 14 2
121 413
1 2 2
437 584
1 3 2
646 120
1 8 2
571 129
1 10 2
448 427
1 11 2
286 376
1 9 2
339 310
1 8 2
290 330
1 10 2
405 305
1 10 2
591 357
1 11 2
270 125
1 11 2
239 656
1 9 2
666 364
1 9 2
467 591
1 14 2
104 33
1 11 2
590 571
1 2 2
671 603
1 4 2
126 310
1 11 2
500 110
1 9 2
77 390
1 7 2
52 155
1 13 2
393 687
1 9 2
418 328
1 14 2
217 220
1 4 2
531 253
1 7 2
313 495
1 3 2
224 415
1 5 2
259 451
1 2 2
227 390
1 4 2
493 164
1 12 2
156 203
1 12 2
231 618
1 13 2
164 2
1 7 2
444 52
1 4 2
192 154
1 8 2
246 383
1 5 2
506 499
1 4 2
371 277
1 11 2
200 233
1 5 2
595 260
1 7 2
411 405
1 5 2
46 74
1 13 2
116 437
1 9 2
183 503
1 2 2
20 560
1 6 2
263 313
1 12 2
268 596
1 3 2
373 31
1 5 2
255 517
1 7 2
517 165
1 8 2
576 4
1 10 2
554 290
1 10 2
457 226
1 9 2
647 257
1 12 2
259 452
1 14 2
157 355
1 4 2
293 400
1 8 2
158 462
1 7 2
227 6
1 8 2
251 332
1 4 2
442 630
1 7 2
409 84
1 5 2
509 578
1 10 2
293 110
1 9 2
345 651
1 9 2
310 513
1 6 2
427 324
1 8 2
309 427
1 7 2
295 594
1 8 2
641 582
1 8 2
453 485
1 4 2
37 244
1 7 2
676 564
1 2 2
109 318
1 9 2
313 94
1 15 2
530 541
1 2 2
113 230
1 7 2
27 453
1 4 2
684 483
1 9 2
42 661
1 14 2
469 51
1 13 2
135 638
1 13 2
277 419
1 14 2
689 304
1 14 2
148 650
1 4 2
151 457
1 4 2
676 361
1 14 2
601 563
1 14 2
453 351
1 10 2
248 335
1 10 2
292 388
1 10 2
87 130
1 5 2
659 104
1 10 2
319 109
1 13 2
415 346
1 15 2
333 419
1 2 2
676 624
1 14 2
371 151
1 13 2
4 695
1 5 2
457 404
1 6 2
31 71
1 8 2
591 121
1 15 2
584 148
1 3 2
312 108
1 12 2
318 570
1 9 2
222 213
1 13 2
515 413
1 9 2
111 333
1 7 2
417 445
1 7 2
414 180
1 5 2
194 248
1 2 2
44 305
1 14 2
686 665
1 7 2
694 431
1 8 2
417 365
1 10 2
597 59
1 12 2
217 512
1 6 2
81 86
1 13 2
598 247
1 12 2
552 44
1 5 2
282 605
1 9 2
512 40
1 2 2
668 349
1 13 2
142 364
1 5 2
640 639
1 7 2
606 47
1 13 2
527 304
1 4 2
481 296
1 15 2
169 355
1 7 2
228 435
1 10 2
36 593
1 4 2
176 116
1 15 2
598 476
1 4 2
337 142
1 5 2
442 4
1 3 2
191 239
1 7 2
102 318
1 13 2
610 297
1 11 2
295 45
1 3 2
385 205
1 8 2
666 387
1 2 2
146 71
1 10 2
0 67
1 15 2
478 107
1 10 2
28 113
1 2 2
139 353
1 13 2
540 170
1 4 2
675 189
1 9 2
295 569
1 2 2
599 15
1 4 2
237 244
1 14 2
551 170
1 6 2
252 604
1 10 2
693 59
1 11 2
672 14
1 2 2
275 470
1 12 2
632 295
1 11 2
263 6
1 4 2
16 414
1 7 2
632 659
1 13 2
124 243
1 3 2
263 272
1 3 2
48 639
1 15 2
495 511
1 9 2
324 393
1 7 2
392 321
1 2 2
271 417
1 3 2
396 51
1 4 2
646 620
1 3 2
422 517
1 4 2
497 55
1 9 2
368 538
1 5 2
245 426
1 6 2
543 521
1 9 2
36 637
1 10 2
71 525
1 3 2
296 607
1 6 2
126 609
1 10 2
381 64
1 11 2
220 570
1 8 2
660 177
1 4 2
278 535
1 10 2
575 47
1 11 2
375 357
1 2 2
247 346
1 8 2
539 42
1 14 2
348 262
1 4 2
321 379
1 14 2
18 418
1 13 2
35 484
1 7 2
538 25
1 5 2
525 332
1 9 2
412 692
1 13 2
272 472
1 8 2
328 449
1 10 2
276 372
1 10 2
128 398
1 8 2
646 176
1 15 2
421 344
1 11 2
66 118
1 15 2
592 595
1 7 2
163 504
1 13 2
28 442
1 6 2
404 309
1 5 2
372 41
1 8 2
397 53
1 11 2
414 558
1 10 2
523 297
1 13 2
495 462
1 4 2
493 218
1 8 2
477 564
1 8 2
182 617
1 7 2
400 607
1 5 2
425 512
1 9 2
20 475
1 15 2
381 39
1 5 2
606 569
1 14 2
344 629
1 2 2
112 137
1 4 2
549 110
1 4 2
89 468
1 11 2
654 102
1 11 2
3 186
1 13 2
589 611
1 5 2
237 435
1 13 2
613 151
1 15 2
526 105
1 2 2
632 195
1 2 2
367 528
1 13 2
170 6
1 4 2
430 12
1 15 2
275 24
1 2 2
603 569
1 6 2
170 575
1 12 2
515 646
1 14 2
397 226
1 8 2
348 438
1 13 2
661 458
1 9 2
553 227
1 6 2
318 153
1 6 2
133 206
1 5 2
202 88
1 11 2
270 214
1 10 2
101 69
1 12 2
464 229
1 2 2
94 178
1 4 2
226 368
1 15 2
589 669
1 3 2
3 532
1 3 2
679 102
1 10 2
286 290
1 8 2
572 542
1 7 2
109 279
1 8 2
334 487
1 7 2
82 611
1 6 2
190 353
1 7 2
488 160
1 12 2
176 598
1 10 2
119 99
1 13 2
107 367
1 8 2
611 366
1 3 2
650 17
1 15 2
260 336
1 4 2
194 366
1 13 2
608 600
1 13 2
173 666
1 14 2
658 646
1 3 2
167 544
1 10 2
407 49
1 6 2
565 58
1 14 2
415 484
1 10 2
99 60
1 7 2
204 225
1 7 2
184 51
1 13 2
8 34
1 8 2
600 676
1 7 2
522 483
1 4 2
171 303
1 3 2
489 411
1 11 2
534 521
1 12 2
683 363
1 2 2
578 694
1 2 2
140 269
1 9 2
22 655
1 13 2
691 206
1 10 2
329 549
1 11 2
91 496
1 13 2
537 528
1 7 2
307 373
1 11 2
480 281
1 11 2
667 347
1 6 2
613 662
1 3 2
50 6
1 13 2
554 163
1 2 2
337 587
1 11 2
374 339
1 7 2
368 456
1 8 2
373 88
1 7 2
5 216
1 5 2
699 127
1 10 2
231 404
1 2 2
217 355
1 9 2
69 72
1 9 2
137 617
1 3 2
498 674
1 6 2
379 314
1 2 2
617 374
1 2 2
392 443
1 2 2
605 471
1 6 2
352 599
1 15 2
667 313
1 7 2
0 296
1 9 2
150 655
1 3 2
30 679
1 6 2
97 378
1 14 2
439 500
1 14 2
72 474
1 11 2
0 570
1 3 2
16 525
1 8 2
440 503
1 10 2
617 88
1 14 2
403 91
1 6 2
147 599
1 10 2
366 620
1 5 2
191 234
1 4 2
658 178
1 14 2
214 94
1 8 2
650 265
1 13 2
169 146
1 5 2
256 572
1 2 2
587 297
1 8 2
680 224
1 6 2
642 111
1 11 2
586 388
1 14 2
18 666
1 5 2
455 632
1 7 2
359 55
1 13 2
92 46
1 10 2
524 531
1 3 2
674 147
1 9 2
165 103
1 7 2
505 651
1 3 2
132 356
1 7 2
561 604
1 8 2
135 149
1 14 2
549 438
1 5 2
57 319
1 2 2
144 648
1 15 2
230 206
1 5 2
91 98
1 15 2
283 513
1 9 2
506 139
1 7 2
130 697
1 12 2
253 426
1 5 2
351 72
1 6 2
557 104
1 8 2
371 599
1 12 2
515 285
1 13 2
564 651
1 12 2
326 545
1 4 2
484 332
1 7 2
191 125
1 10 2
442 227
1 12 2
390 664
1 13 2
58 197
1 6 2
668 633
1 3 2
33 697
1 15 2
591 228
1 3 2
659 533
1 12 2
492 246
1 8 2
273 539
1 15 2
540 649
1 5 2
499 494
1 14 2
169 522
1 13 2
674 690
1 11 2
431 151
1 12 2
669 622
1 7 2
562 451
1 2 2
606 260
1 5 2
459 659
1 15 2
432 362
1 12 2
169 124
1 5 2
452 482
1 3 2
571 164
1 4 2
15 222
1 4 2
518 360
1 4 2
598 210
1 6 2
216 507
1 2 2
228 530
1 4 2
435 528
1 11 2
157 210
1 13 2
138 509
1 14 2
90 228
1 8 2
17 132
1 5 2
202 139
1 14 2
26 311
1 5 2
407 147
1 7 2
157 412
1 4 2
608 612
1 2 2
65 192
1 5 2
647 132
1 8 2
602 484
1 8 2
36 298
1 12 2
598 59
1 4 2
643 289
1 15 2
240 344
1 11 2
177 531
1 2 2
690 175
1 4 2
478 491
1 9 2
394 567
1 5 2
634 662
1 8 2
199 45
1 3 2
507 673
1 10 2
396 405
1 12 2
152 609
1 5 2
86 387
1 2 2
610 534
1 3 2
670 619
1 12 2
323 657
1 7 2
82 163
1 14 2
174 546
1 8 2
126 296
1 9 2
236 698
1 7 2
509 34
1 15 2
657 655
1 15 2
362 607
1 6 2
126 613
1 8 2
478 36
1 2 2
579 152
1 5 2
282 4
1 4 2
411 639
1 5 2
500 573
1 12 2
407 254
1 7 2
366 631
1 7 2
416 662
1 12 2
73 400
1 12 2
366 173
1 15 2
647 649
1 13 2
45 671
1 15 2
246 135
1 3 2
138 135
1 12 2
468 298
1 8 2
140 151
1 3 2
190 267
1 15 2
599 666
1 10 2
50 59
1 13 2
227 493
1 15 2
300 109
1 5 2
692 180
1 5 2
308 288
1 14 2
125 412
1 2 2
692 425
1 3 2
511 527
1 8 2
692 551
1 5 2
322 384
1 8 2
372 675
1 3 2
637 167
1 13 2
51 484
1 9 2
605 690
1 13 2
467 179
1 4 2
560 186
1 14 2
371 180
1 15 2
525 64
1 9 2
466 526
1 12 2
449 207
1 3 2
160 454
1 12 2
662 693
1 2 2
228 86
1 6 2
533 51
1 3 2
308 365
1 3 2
648 348
1 3 2
437 381
1 8 2
679 658
1 4 2
664 95
1 2 2
675 549
1 9 2
683 604
1 13 2
224 382
1 14 2
214 632
1 4 2
584 82
1 11 2
178 344
1 15 2
435 85
1 4 2
511 45
1 4 2
133 623
1 2 2
584 16
1 14 2
665 520
1 11 2
110 189
1 13 2
281 308
1 7 2
595 262
1 3 2
230 40
1 3 2
559 285
1 11 2
76 497
1 6 2
162 273
1 10 2
605 462
1 8 2
553 127
1 5 2
557 296
1 3 2
339 407
1 3 2
390 662
1 10 2
248 497
1 8 2
250 550
1 4 2
490 458
1 5 2
448 526
1 9 2
242 439
1 13 2
529 161
1 7 2
359 478
1 5 2
598 510
1 3 2
541 498
1 12 2
218 581
1 14 2
414 489
1 4 2
356 20
1 10 2
426 594
1 8 2
176 374
1 2 2
149 289
1 9 2
403 646
1 7 2
496 42
1 4 2
404 365
1 12 2
559 157
1 14 2
543 381
1 6 2
564 88
1 10 2
90 269
1 6 2
588 220
1 10 2
196 295
1 5 2
576 139
1 13 2
24 219
1 7 2
509 609
1 3 2
158 308
1 7 2
47 574
1 2 2
668 572
1 15 2
328 587
1 3 2
281 603
1 11 2
357 271
1 6 2
576 458
1 6 2
375 159
1 3 2
102 249
1 10 2
417 224
1 12 2
610 470
1 3 2
199 37
1 8 2
217 225
1 8 2
140 143
1 3 2
624 71
1 9 2
604 367
1 4 2
241 653
1 12 2
425 263
1 6 2
29 387
1 14 2
506 409
1 8 2
89 383
1 15 2
638 442
1 2 2
391 585
1 11 2
14 533
1 4 2
486 342
1 7 2
565 363
1 9 2
162 696
1 6 2
634 431
1 14 2
682 616
1 5 2
398 197
1 15 2
271 511
1 7 2
175 358
1 10 2
104 550
1 15 2
411 645
1 3 2
94 205
1 2 2
647 349
1 7 2
170 319
1 3 2
311 116
1 15 2
618 97
1 12 2
481 53
1 3 2
54 358
1 12 2
518 432
1 11 2
575 106
1 14 2
328 545
1 11 2
135 225
1 7 2
4 634
1 2 2
354 31
1 3 2
203 311
1 9 2
88 217
1 6 2
689 145
1 13 2
591 122
1 7 2
188 334
1 12 2
228 219
1 9 2
612 287
1 9 2
278 621
1 6 2
587 12
1 9 2
143 507
1 7 2
289 541
1 8 2
699 307
1 9 2
261 360
1 11 2
463 143
1 7 2
670 558
1 8 2
165 137
1 12 2
698 206
1 7 2
398 268
1 4 2
280 197
1 6 2
531 645
1 13 2
144 587
1 2 2
388 39
1 7 2
415 330
1 3 2
339 149
1 9 2
184 253
1 12 2
254 260
1 10 2
176 464
1 6 2
557 88
1 11 2
34 574
1 11 2
432 607
1 12 2
400 667
1 9 2
314 408
1 9 2
667 415
1 7 2
343 179
1 15 2
10 513
1 9 2
544 617
1 6 2
261 20
1 14 2
433 69
1 8 2
199 363
1 7 2
517 155
1 6 2
415 115
1 7 2
363 488
1 5 2
577 558
1 7 2
154 604
1 13 2
15 372
1 6 2
534 293
1 7 2
231 221
1 7 2
15 670
1 15 2
523 309
1 13 2
97 130
1 5 2
153 181
1 4 2
56 248
1 9 2
572 294
1 7 2
431 235
1 4 2
337 162
1 12 2
6 211
1 11 2
476 245
1 9 2
496 210
1 11 2
308 64
1 2 2
208 680
1 3 2
359 93
1 8 2
336 251
1 7 2
636 655
1 4 2
126 403
1 6 2
428 289
1 10 2
688 583
1 6 2
105 131
1 14 2
693 475
1 3 2
289 56
1 4 2
288 694
1 4 2
345 298
1 13 2
159 514
1 3 2
300 328
1 4 2
619 673
1 2 2
391 451
1 6 2
200 432
1 14 2
267 460
1 5 2
121 429
1 9 2
339 235
1 6 2
164 158
1 9 2
262 233
1 6 2
465 92
1 3 2
148 33
1 8 2
557 602
1 4 2
60 629
1 7 2
219 509
1 9 2
527 24
1 8 2
234 212
1 14 2
275 383
1 7 2
160 319
1 2 2
646 277
1 9 2
684 533
1 7 2
298 699
1 2 2
509 411
1 12 2
102 92
1 7 2
136 122
1 5 2
72 301
1 9 2
626 479
1 9 2
349 25
1 10 2
158 480
1 14 2
219 531
1 8 2
452 352
1 14 2
487 472
1 5 2
580 44
1 12 2
483 459
1 8 2
645 71
1 7 2
39 138
1 15 2
386 504
1 11 2
624 338
1 15 2
205 75
1 3 2
511 470
1 3 2
471 393
1 2 2
131 554
1 3 2
664 231
1 15 2
459 268
1 6 2
245 77
1 15 2
511 189
1 13 2
269 640
1 5 2
478 113
1 15 2
643 470
1 2 2
24 521
1 7 2
570 527
1 8 2
257 467
1 8 2
294 371
1 5 2
280 140
1 3 2
516 61
1 8 2
188 117
1 6 2
403 256
1 4 2
601 164
1 3 2
182 595
1 6 2
647 329
1 7 2
521 356
1 12 2
597 183
1 4 2
460 402
1 3 2
138 591
1 7 2
455 498
1 7 2
651 327
1 5 2
462 242
1 15 2
539 648
1 13 2
505 268
1 7 2
341 199
1 7 2
55 21
1 10 2
644 338
1 7 2
183 107
1 8 2
137 485
1 13 2
87 399
1 15 2
451 637
1 8 2
573 383
1 10 2
14 696
1 3 2
611 111
1 14 2
6 235
1 10 2
387 377
1 13 2
405 279
1 13 2
393 465
1 14 2
297 418
1 3 2
491 116
1 4 2
27 544
1 10 2
14 149
1 11 2
614 294
1 5 2
532 278
1 14 2
663 415
1 7 2
591 574
1 7 2
150 507
1 9 2
113 146
1 11 2
65 19
1 9 2
425 513
1 10 2
608 210
1 11 2
587 375
1 15 2
17 403
1 11 2
653 332
1 7 2
67 48
1 3 2
190 361
1 7 2
411 561
1 5 2
659 270
1 15 2
603 46
1 15 2
419 452
1 2 2
48 13
1 5 2
546 14
1 9 2
173 303
1 14 2
385 216
1 14 2
655 431
1 4 2
237 304
1 6 2
229 18
1 3 2
559 116
1 2 2
138 307
1 9 2
620 128
1 12 2
212 184
1 5 2
583 335
1 14 2
33 352
1 8 2
214 568
1 6 2
433 41
1 12 2
171 310
1 15 2
645 76
1 8 2
563 461
1 4 2
149 463
1 10 2
502 517
1 10 2
167 656
1 8 2
503 318
1 7 2
223 309
1 3 2
256 334
1 14 2
280 564
1 3 2
577 583
1 10 2
169 487
1 2 2
636 249
1 5 2
657 394
1 8 2
517 429
1 13 2
539 575
1 10 2
235 191
1 15 2
380 623
1 11 2
665 412
1 9 2
681 403
1 4 2
681 538
1 14 2
426 698
1 10 2
671 275
1 2 2
589 536
1 7 2
213 539
1 2 2
95 236
1 11 2
156 339
1 3 2
264 282
1 13 2
277 580
1 9 2
9 693
1 7 2
181 647
1 15 2
378 543
1 9 2
382 505
1 4 2
196 534
1 11 2
234 644
1 7 2
72 21
1 8 2
547 503
1 14 2
78 42
1 13 2
275 609
1 8 2
227 428
1 15 2
174 296
1 9 2
369 623
1 11 2
665 349
1 9 2
613 567
1 13 2
439 288
1 8 2
413 307
1 7 2
322 479
1 9 2
397 426
1 4 2
128 186
1 13 2
636 20
1 12 2
578 568
1 2 2
278 169
1 7 2
630 652
1 13 2
447 111
1 15 2
14 353
1 13 2
385 401
1 4 2
38 83
1 13 2
561 691
1 15 2
285 324
1 5 2
174 461
1 5 2
300 386
1 8 2
222 198
1 4 2
510 378
1 2 2
206 143
1 9 2
30 528
1 6 2
250 278
1 11 2
508 552
1 8 2
573 544
1 12 2
654 236
1 4 2
225 674
1 14 2
186 366
1 6 2
68 43
1 14 2
331 603
1 7 2
455 127
1 14 2
145 325
1 8 2
616 656
1 3 2
83 612
1 8 2
291 378
1 11 2
547 270
1 6 2
65 222
1 11 2
12 483
1 3 2
662 15
1 10 2
510 71
1 4 2
412 527
1 6 2
223 89
1 14 2
345 100
1 8 2
78 513
1 11 2
502 607
1 15 2
61 228
1 3 2
638 521
1 8 2
203 650
1 5 2
321 44
1 12 2
692 512
1 8 2
695 367
1 3 2
212 298
1 9 2
267 696
1 9 2
513 306
1 7 2
133 73
1 4 2
266 333
1 11 2
129 627
1 2 2
64 335
1 11 2
612 47
1 3 2
353 55
1 13 2
225 659
1 3 2
437 269
1 8 2
385 693
1 4 2
510 536
1 13 2
48 3
1 11 2
174 78
1 14 2
641 324
1 4 2
259 466
1 12 2
317 422
1 14 2
674 658
1 15 2
622 496
1 5 2
518 245
1 11 2
243 78
1 9 2
156 499
1 7 2
223 589
1 13 2
618 651
1 2 2
469 593
1 14 2
349 398
1 2 2
540 255
1 12 2
398 233
1 3 2
565 652
1 13 2
657 5
1 13 2
417 300
1 2 2
282 536
1 11 2
360 179
1 11 2
370 320
1 10 2
689 618
1 7 2
662 546
1 14 2
207 404
1 8 2
5 316
1 2 2
568 288
1 8 2
320 330
1 4 2
681 374
1 9 2
295 657
1 14 2
281 415
1 15 2
665 347
1 14 2
596 136
1 3 2
507 495
1 12 2
366 158
1 4 2
473 158
1 14 2
343 218
1 12 2
616 684
1 2 2
515 351
1 9 2
344 432
1 7 2
513 461
1 8 2
140 422
1 7 2
42 651
1 10 2
59 643
1 11 2
156 601
1 8 2
413 218
1 14 2
602 198
1 13 2
569 22
1 9 2
581 648
1 4 2
104 458
1 3 2
205 137
1 4 2
51 428
1 12 2
146 231
1 2 2
222 251
1 6 2
625 143
1 6 2
12 516
1 13 2
264 341
1 6 2
399 392
1 11 2
251 668
1 5 2
670 549
1 3 2
56 132
1 7 2
543 472
1 7 2
6 444
1 2 2
350 644
1 11 2
353 521
1 4 2
441 336
1 3 2
29 242
1 5 2
342 581
1 10 2
179 224
1 15 2
504 431
1 14 2
301 437
1 8 2
209 248
1 14 2
362 68
1 15 2
280 73
1 14 2
475 429
1 15 2
274 270
1 2 2
101 4
1 9 2
332 623
1 12 2
430 161
1 11 2
238 383
1 7 2
504 262
1 2 2
458 508
1 15 2
537 693
1 8 2
48 634
1 4 2
212 383
1 15 2
390 403
1 12 2
86 522
1 14 2
511 174
1 15 2
339 592
1 14 2
531 301
1 8 2
523 578
1 13 2
108 324
1 6 2
574 548
1 10 2
298 30
1 4 2
614 415
1 11 2
662 608
1 11 2
669 283
1 14 2
47 412
1 4 2
637 236
1 2 2
296 531
1 8 2
12 574
1 12 2
392 162
1 2 2
86 153
1 10 2
291 97
1 10 2
286 450
1 13 2
484 581
1 2 2
152 322
1 12 2
373 516
1 4 2
304 59
1 4 2
22 637
1 2 2
682 542
1 8 2
561 382
1 7 2
331 325
1 11 2
490 96
1 10 2
347 653
1 4 2
650 332
1 8 2
437 386
1 3 2
692 143
1 12 2
606 76
1 9 2
675 664
1 13 2
165 558
1 11 2
417 294
1 4 2
45 672
1 9 2
115 359
1 12 2
533 573
1 12 2
437 268
1 12 2
503 439
1 9 2
20 110
1 14 2
298 586
1 5 2
380 666
1 14 2
247 680
1 3 2
560 167
1 10 2
124 60
1 11 2
590 79
1 5 2
333 630
1 3 2
530 447
1 4 2
448 415
1 9 2
391 698
1 3 2
573 470
1 4 2
287 199
1 10 2
240 512
1 8 2
182 685
1 7 2
309 205
1 5 2
508 135
1 7 2
86 687
1 4 2
385 581
1 10 2
614 699
1 3 2
461 637
1 12 2
569 42
1 9 2
492 114
1 5 2
424 604
1 4 2
222 293
1 7 2
70 483
1 7 2
25 73
1 12 2
201 542
1 2 2
634 193
1 2 2
96 323
1 13 2
354 561
1 7 2
422 534
1 9 2
637 75
1 7 2
474 288
1 11 2
410 627
1 10 2
393 372
1 13 2
63 556
1 5 2
348 216
1 2 2
346 22
1 9 2
363 225
1 2 2
272 172
1 4 2
493 101
1 15 2
266 377
1 3 2
201 618
1 2 2
109 472
1 10 2
380 566
1 3 2
304 644
1 3 2
472 277
1 10 2
591 271
1 6 2
334 299
1 3 2
535 120
1 6 2
339 689
1 4 2
641 59
1 14 2
161 480
1 8 2
422 564
1 5 2
503 275
1 10 2
245 439
1 10 2
49 258
1 8 2
519 631
1 13 2
378 466
1 12 2
376 403
1 15 2
71 179
1 5 2
419 11
1 15 2
243 308
1 3 2
260 613
1 11 2
381 384
1 6 2
676 203
1 4 2
591 46
1 2 2
179 524
1 8 2
463 536
1 11 2
345 154
1 6 2
464 33
1 13 2
476 606
1 9 2
580 463
1 13 2
9 692
1 7 2
532 185
1 6 2
259 545
1 5 2
639 488
1 9 2
174 156
1 5 2
410 572
1 11 2
249 377
1 4 2
369 380
1 10 2
3 130
1 5 2
426 283
1 15 2
228 683
1 10 2
645 515
1 9 2
175 231
1 13 2
541 452
1 13 2
699 108
1 6 2
549 423
1 9 2
320 665
1 10 2
216 441
1 9 2
56 223
1 9 2
84 174
1 6 2
134 149
1 4 2
298 103
1 9 2
119 137
1 7 2
130 536
1 14 2
425 595
1 13 2
26 365
1 14 2
242 393
1 8 2
112 483
1 10 2
645 607
1 4 2
66 481
1 5 2
215 372
1 7 2
117 133
1 11 2
293 508
1 4 2
68 410
1 11 2
380 236
1 3 2
252 82
1 7 2
172 492
1 3 2
571 391
1 8 2
479 104
1 2 2
387 350
1 10 2
499 21
1 11 2
247 597
1 8 2
168 550
1 3 2
94 28
1 11 2
80 7
1 10 2
276 444
1 14 2
140 232
1 12 2
46 66
1 10 2
585 361
1 6 2
344 490
1 13 2
313 298
1 12 2
591 177
1 13 2
194 134
1 14 2
264 367
1 13 2
118 193
1 6 2
643 514
1 13 2
418 666
1 5 2
306 530
1 12 2
587 504
1 2 2
188 6
1 8 2
338 476
1 6 2
328 432
1 14 2
424 481
1 15 2
679 282
1 6 2
463 612
1 10 2
186 500
1 7 2
509 349
1 8 2
336 87
1 7 2
190 453
1 3 2
602 406
1 5 2
599 510
1 2 2
30 243
1 2 2
422 641
1 10 2
566 484
1 12 2
531 232
1 13 2
600 580
1 3 2
392 191
1 13 2
60 81
1 5 2
36 569
1 2 2
493 533
1 9 2
434 671
1 5 2
70 463
1 2 2
205 331
1 9 2
491 413
1 8 2
558 394
1 11 2
276 436
1 2 2
346 408
1 7 2
649 407
1 9 2
0 584
1 11 2
564 155
1 9 2
293 122
1 15 2
457 515
1 15 2
478 667
1 9 2
148 131
1 5 2
425 500
1 15 2
271 153
1 15 2
320 407
1 8 2
343 439
1 5 2
621 79
1 2 2
34 512
1 5 2
138 695
1 13 2
645 102
1 3 2
316 205
1 15 2
49 350
1 9 2
37 365
1 8 2
76 328
1 3 2
611 68
1 4 2
239 618
1 14 2
558 34
1 4 2
13 497
1 8 2
8 74
1 2 2
543 514
1 9 2
286 438
1 11 2
29 10
1 4 2
148 577
1 7 2
4 662
1 3 2
137 406
1 14 2
677 226
1 7 2
65 322
1 13 2
669 276
1 15 2
690 287
1 10 2
23 245
1 3 2
100 11
1 10 2
225 403
1 7 2
207 498
1 13 2
570 126
1 11 2
99 383
1 3 2
266 122
1 4 2
41 550
1 11 2
458 464
1 2 2
121 372
1 7 2
531 259
1 11 2
640 472
1 10 2
299 5
1 14 2
537 438
1 5 2
248 380
1 4 2
454 262
1 9 2
574 570
1 6 2
92 244
1 10 2
302 361
1 7 2
679 399
1 6 2
518 327
1 12 2
61 179
1 8 2
396 514
1 15 2
36 179
1 2 2
560 688
1 11 2
44 421
1 6 2
299 392
1 13 2
571 318
1 15 2
410 356
1 4 2
66 380
1 2 2
75 508
1 3 2
316 131
1 7 2
132 405
1 13 2
286 17
1 9 2
115 151
1 10 2
499 102
1 4 2
9 51
1 7 2
587 217
1 15 2
246 449
1 7 2
514 481
1 13 2
671 659
1 13 2
7 66
1 2 2
159 578
1 3 2
137 550
1 7 2
649 532
1 2 2
579 29
1 6 2
427 207
1 7 2
575 335
1 14 2
688 363
1 11 2
493 240
1 15 2
393 489
1 15 2
563 376
1 4 2
149 505
1 14 2
154 113
1 3 2
120 565
1 5 2
343 146
1 3 2
265 689
1 6 2
163 140
1 5 2
80 331
1 7 2
207 633
1 5 2
235 153
1 9 2
318 245
1 6 2
185 633
1 7 2
332 259
1 12 2
440 159
1 5 2
293 8
1 15 2
296 219
1 13 2
535 377
1 15 2
440 597
1 10 2
345 179
1 15 2
570 439
1 4 2
149 346
1 13 2
262 268
1 14 2
611 43
1 6 2
529 374
1 13 2
345 489
1 2 2
473 605
1 7 2
256 551
1 7 2
202 660
1 4 2
213 669
1 9 2
556 6
1 2 2
453 646
1 2 2
380 459
1 11 2
520 187
1 10 2
533 253
1 7 2
396 394
1 7 2
75 159
1 12 2
472 265
1 10 2
492 294
1 5 2
352 650
1 3 2
41 612
1 2 2
513 355
1 3 2
482 586
1 7 2
14 501
1 10 2
166 483
1 5 2
53 114
1 8 2
162 520
1 9 2
106 694
1 10 2
97 449
1 10 2
239 605
1 8 2
22 588
1 7 2
644 39
1 8 2
434 140
1 8 2
55 610
1 9 2
659 255
1 10 2
288 449
1 7 2
161 206
1 7 2
210 191
1 8 2
557 261
1 5 2
70 573
1 4 2
15 685
1 15 2
558 667
1 15 2
87 373
1 10 2
153 383
1 4 2
610 625
1 14 2
590 284
1 9 2
71 342
1 6 2
109 74
1 12 2
666 186
1 2 2
128 553
1 11 2
101 383
1 9 2
334 118
1 15 2
363 195
1 4 2
453 87
1 8 2
593 239
1 12 2
312 674
1 8 2
105 554
1 15 2
71 15
1 8 2
393 640
1 9 2
276 561
1 3 2
347 414
1 9 2
676 125
1 13 2
318 587
1 7 2
37 534
1 13 2
35 108
1 2 2
258 75
1 12 2
631 461
1 9 2
390 505
1 8 2
560 306
1 8 2
378 417
1 4 2
318 660
1 14 2
597 589
1 2 2
662 669
1 9 2
396 325
1 4 2
282 538
1 6 2
640 143
1 4 2
537 405
1 15 2
412 219
1 12 2
18 398
1 8 2
473 586
1 5 2
83 71
1 3 2
119 520
1 10 2
420 614
1 3 2
602 375
1 12 2
500 592
1 4 2
243 593
1 3 2
89 21
1 4 2
390 274
1 9 2
254 235
1 3 2
284 221
1 11 2
473 67
1 5 2
323 656
1 5 2
619 313
1 6 2
299 695
1 15 2
58 297
1 3 2
644 101
1 3 2
169 189
1 11 2
123 406
1 13 2
211 377
1 2 2
553 214
1 13 2
78 648
1 3 2
391 605
1 5 2
337 465
1 9 2
541 130
1 15 2
349 353
1 12 2
540 489
1 11 2
620 697
1 13 2
520 469
1 10 2
429 633
1 5 2
540 72
1 10 2
309 83
1 5 2
293 95
1 8 2
345 588
1 3 2
355 46
1 11 2
183 466
1 11 2
141 10
1 7 2
291 137
1 15 2
532 29
1 9 2
634 334
1 11 2
663 244
1 4 2
444 184
1 12 2
345 545
1 5 2
565 349
1 10 2
192 488
1 8 2
521 177
1 12 2
472 593
1 4 2
590 155
1 14 2
599 512
1 2 2
373 82
1 8 2
391 102
1 8 2
398 493
1 13 2
569 526
1 6 2
558 544
1 14 2
444 164
1 15 2
20 287
1 13 2
332 125
1 9 2
457 592
1 13 2
290 231
1 14 2
468 210
1 2 2
56 259
1 10 2
27 1
1 7 2
148 581
1 14 2
559 98
1 12 2
616 34
1 13 2
339 95
1 5 2
224 237
1 5 2
460 107
1 7 2
303 585
1 5 2
533 107
1 2 2
229 401
1 5 2
518 341
1 14 2
265 58
1 8 2
619 174
1 4 2
617 344
1 5 2
292 35
1 5 2
400 293
1 15 2
204 299
1 10 2
578 222
1 11 2
365 215
1 9 2
154 237
1 8 2
7 412
1 2 2
687 24
1 11 2
186 353
1 15 2
555 470
1 12 2
255 446
1 4 2
72 143
1 3 2
594 43
1 2 2
169 317
1 6 2
218 196
1 10 2
88 670
1 3 2
531 7
1 2 2
369 191
1 7 2
552 321
1 12 2
40 655
1 7 2
282 413
1 14 2
121 250
1 4 2
155 94
1 6 2
634 77
1 14 2
467 182
1 10 2
450 134
1 14 2
28 185
1 12 2
193 427
1 4 2
386 497
1 6 2
77 526
1 2 2
619 15
1 12 2
168 616
1 5 2
124 560
1 5 2
10 471
1 11 2
577 602
1 13 2
431 529
1 14 2
567 531
1 9 2
446 85
1 12 2
432 176
1 7 2
423 23
1 12 2
193 85
1 7 2
521 258
1 10 2
84 211
1 6 2
17 566
1 5 2
415 261
1 11 2
647 200
1 10 2
449 375
1 2 2
625 567
1 8 2
358 94
1 9 2
408 147
1 5 2
344 163
1 11 2
451 629
1 11 2
426 527
1 12 2
631 82
1 8 2
529 191
1 10 2
159 133
1 5 2
105 508
1 13 2
592 216
1 15 2
179 517
1 2 2
443 339
1 6 2
113 223
1 7 2
672 402
1 12 2
110 270
1 6 2
519 415
1 4 2
96 446
1 2 2
596 339
1 12 2
425 308
1 9 2
240 116
1 3 2
527 585
1 2 2
138 264
1 15 2
81 506
1 6 2
346 39
1 5 2
326 437
1 15 2
147 320
1 4 2
14 406
1 7 2
436 583
1 4 2
641 233
1 9 2
111 584
1 7 2
143 503
1 3 2
38 28
1 10 2
24 147
1 5 2
16 47
1 10 2
245 519
1 15 2
338 345
1 14 2
507 670
1 4 2
299 292
1 5 2
291 637
1 6 2
270 478
1 3 2
250 225
1 11 2
318 683
1 12 2
61 600
1 5 2
462 413
1 15 2
500 233
1 4 2
14 53
1 14 2
19 187
1 9 2
89 493
1 7 2
244 349
1 7 2
623 34
1 3 2
228 90
1 2 2
496 284
1 7 2
694 681
1 7 2
37 310
1 14 2
359 579
1 13 2
121 51
1 4 2
193 580
1 9 2
48 690
1 2 2
332 257
1 12 2
211 353
1 3 2
232 64
1 13 2
634 51
1 12 2
557 202
1 3 2
333 73
1 14 2
103 600
1 7 2
249 98
1 15 2
10 696
1 10 2
358 309
1 3 2
614 296
1 10 2
688 276
1 12 2
460 497
1 10 2
349 246
1 11 2
160 621
1 3 2
444 91
1 4 2
325 152
1 14 2
635 364
1 7 2
605 189
1 12 2
617 16
1 3 2
592 211
1 8 2
571 365
1 10 2
47 516
1 4 2
641 493
1 7 2
174 685
1 5 2
416 691
1 3 2
85 77
1 5 2
505 218
1 10 2
389 393
1 15 2
287 303
1 7 2
646 152
1 3 2
252 121
1 5 2
68 660
1 8 2
615 156
1 12 2
93 184
1 12 2
350 46
1 13 2
662 498
1 5 2
487 179
1 13 2
14 439
1 10 2
95 279
1 13 2
303 472
1 9 2
450 232
1 11 2
643 294
1 10 2
100 397
1 9 2
95 425
1 4 2
8 600
1 8 2
448 282
1 6 2
402 153
1 11 2
584 38
1 9 2
575 11
1 6 2
159 342
1 6 2
191 152
1 9 2
301 194
1 13 2
689 314
1 4 2
270 268
1 14 2
261 387
1 13 2
590 332
1 8 2
652 270
1 2 2
316 134
1 8 2
411 430
1 15 2
362 273
1 11 2
101 537
1 15 2
40 481
1 15 2
606 180
1 15 2
180 546
1 12 2
58 460
1 8 2
557 336
1 6 2
654 660
1 5 2
681 602
1 4 2
217 186
1 14 2
61 16
1 2 2
494 485
1 15 2
89 116
1 3 2
305 548
1 8 2
148 255
1 3 2
557 448
1 6 2
398 227
1 6 2
377 513
1 8 2
641 157
1 6 2
366 486
1 4 2
613 554
1 4 2
53 587
1 11 2
453 329
1 10 2
173 697
1 6 2
167 52
1 2 2
451 59
1 4 2
634 667
1 15 2
324 523
1 8 2
473 240
1 6 2
203 314
1 13 2
328 348
1 6 2
349 370
1 12 2
410 342
1 7 2
344 653
1 10 2
289 670
1 8 2
441 491
1 10 2
386 383
1 14 2
654 583
1 12 2
539 270
1 8 2
308 349
1 11 2
298 248
1 15 2
613 104
1 8 2
598 343
1 4 2
488 84
1 4 2
7 397
1 13 2
647 669
1 13 2
247 533
1 15 2
430 588
1 11 2
390 148
1 12 2
251 449
1 14 2
48 544
1 3 2
656 236
1 2 2
234 333
1 15 2
444 437
1 5 2
524 161
1 14 2
416 475
1 13 2
410 215
1 9 2
134 64
1 15 2
154 91
1 5 2
259 554
1 11 2
377 409
1 15 2
180 662
1 13 2
334 696
1 5 2
323 130
1 15 2
169 539
1 15 2
158 459
1 5 2
681 456
1 10 2
516 418
1 3 2
438 44
1 10 2
267 260
1 3 2
273 588
1 3 2
560 318
1 8 2
380 578
1 10 2
317 654
1 3 2
282 620
1 15 2
2 73
1 2 2
257 617
1 13 2
74 597
1 14 2
588 155
1 12 2
256 549
1 12 2
262 274
1 13 2
448 66
1 8 2
594 313
1 15 2
446 417
1 10 2
92 454
1 3 2
269 359
1 11 2
658 277
1 14 2
337 525
1 8 2
94 171
1 4 2
598 482
1 15 2
28 579
1 10 2
100 302
1 9 2
60 503
1 10 2
251 655
1 15 2
432 192
1 2 2
691 305
1 10 2
351 83
1 5 2
590 25
1 5 2
20 339
1 5 2
484 240
1 5 2
356 30
1 13 2
42 675
1 4 2
591 84
1 14 2
327 143
1 9 2
447 16
1 15 2
104 409
1 5 2
313 159
1 12 2
359 251
1 9 2
638 48
1 9 2
590 290
1 6 2
163 229
1 8 2
441 231
1 9 2
553 418
1 10 2
157 687
1 8 2
178 633
1 6 2
37 574
1 11 2
355 9
1 11 2
625 54
1 9 2
122 444
1 5 2
135 582
1 2 2
4 389
1 5 2
227 355
1 11 2
635 167
1 8 2
678 179
1 15 2
590 67
1 13 2
436 600
1 7 2
63 468
1 14 2
149 257
1 7 2
541 291
1 6 2
112 257
1 5 2
285 448
1 11 2
658 536
1 2 2
643 636
1 4 2
50 180
1 7 2
581 56
1 4 2
462 540
1 8 2
656 322
1 5 2
215 596
1 8 2
4 24
1 4 2
13 639
1 11 2
235 630
1 3 2
66 82
1 11 2
350 279
1 11 2
389 517
1 8 2
17 350
1 13 2
526 161
1 6 2
83 473
1 5 2
697 446
1 11 2
584 122
1 8 2
347 660
1 8 2
629 398
1 2 2
342 396
1 14 2
378 143
1 2 2
28 273
1 7 2
516 257
1 7 2
311 651
1 7 2
574 620
1 9 2
690 349
1 15 2
652 419
1 4 2
3 175
1 6 2
51 528
1 5 2
583 109
1 12 2
357 270
1 4 2
78 337
1 9 2
144 622
1 12 2
232 493
1 5 2
284 135
1 15 2
586 626
1 8 2
283 88
1 9 2
39 128
1 3 2
422 514
1 15 2
67 590
1 8 2
519 88
1 8 2
233 338
1 12 2
515 461
1 15 2
434 111
1 10 2
654 367
1 15 2
419 563
1 6 2
641 29
1 8 2
650 171
1 2 2
501 310
1 15 2
42 287
1 6 2
465 93
1 9 2
531 580
1 2 2
23 14
1 4 2
430 65
1 2 2
208 326
1 2 2
221 678
1 10 2
27 181
1 4 2
664 592
1 3 2
611 571
1 3 2
682 504
1 5 2
501 22
1 3 2
618 130
1 13 2
456 263
1 12 2
612 520
1 10 2
146 123
1 13 2
457 0
1 9 2
226 280
1 10 2
123 660
1 9 2
26 128
1 2 2
648 337
1 9 2
631 117
1 8 2
534 290
1 5 2
488 35
1 6 2
429 148
1 7 2
267 692
1 9 2
17 281
1 5 2
697 165
1 9 2
694 222
1 9 2
98 692
1 15 2
403 306
1 15 2
230 72
1 8 2
77 37
1 3 2
434 32
1 4 2
18 396
1 14 2
686 170
1 8 2
377 118
1 5 2
270 189
1 13 2
96 491
1 4 2
64 35
1 2 2
422 608
1 6 2
298 460
1 10 2
591 557
1 4 2
166 337
1 2 2
578 390
1 4 2
128 78
1 11 2
537 540
1 8 2
69 540
1 15 2
311 415
1 2 2
172 173
1 15 2
673 449
1 11 2
697 382
1 6 2
269 66
1 11 2
532 446
1 7 2
583 464
1 14 2
14 29
1 12 2
68 495
1 7 2
29 189
1 6 2
691 352
1 5 2
124 4
1 2 2
398 499
1 7 2
473 355
1 7 2
49 348
1 8 2
594 375
1 11 2
549 112
1 11 2
450 193
1 10 2
84 393
1 15 2
696 244
1 3 2
644 205
1 10 2
443 469
1 4 2
590 252
1 11 2
289 234
1 4 2
257 5
1 11 2
268 522
1 15 2
475 523
1 11 2
308 240
1 8 2
217 507
1 8 2
278 147
1 6 2
604 434
1 5 2
240 422
1 5 2
167 359
1 3 2
11 488
1 6 2
628 49
1 6 2
121 342
1 14 2
173 162
1 14 2
340 104
1 3 2
481 348
1 3 2
436 646
1 12 2
674 149
1 10 2
662 691
1 8 2
91 282
1 3 2
148 593
1 8 2
491 75
1 6 2
1 530
1 4 2
157 519
1 7 2
287 487
1 12 2
565 338
1 12 2
679 283
1 6 2
321 274
1 12 2
352 666
1 2 2
12 244
1 14 2
289 67
1 13 2
114 555
1 6 2
67 648
1 6 2
429 567
1 15 2
290 60
1 5 2
358 233
1 4 2
315 409
1 3 2
375 555
1 11 2
511 97
1 15 2
630 159
1 11 2
98 196
1 5 2
190 231
1 7 2
608 88
1 9 2
670 39
1 11 2
443 470
1 2 2
102 399
1 6 2
207 327
1 14 2
7 562
1 5 2
235 696
1 13 2
136 56
1 3 2
468 617
1 15 2
497 686
1 12 2
615 223
1 7 2
685 487
1 2 2
226 49
1 4 2
92 611
1 9 2
433 280
1 4 2
247 221
1 9 2
212 361
1 8 2
288 256
1 8 2
227 588
1 14 2
362 91
1 11 2
586 399
1 8 2
407 531
1 7 2
467 129
1 11 2
232 225
1 10 2
228 132
1 9 2
638 531
1 8 2
671 207
1 11 2
341 579
1 6 2
414 503
1 14 2
584 302
1 7 2
308 138
1 15 2
567 434
1 15 2
107 135
1 15 2
396 655
1 3 2
123 422
1 4 2
31 310
1 12 2
323 255
1 5 2
627 110
1 10 2
193 519
1 6 2
301 35
1 12 2
191 389
1 12 2
89 295
1 11 2
129 86
1 8 2
158 481
1 3 2
566 574
1 8 2
540 112
1 8 2
528 267
1 8 2
13 317
1 14 2
693 389
1 15 2
33 324
1 5 2
174 661
1 7 2
535 239
1 14 2
267 223
1 3 2
314 434
1 8 2
216 597
1 7 2
87 260
1 10 2
657 374
1 12 2
420 311
1 15 2
78 111
1 7 2
641 332
1 2 2
530 157
1 10 2
699 680
1 4 2
445 307
1 10 2
335 494
1 4 2
85 569
1 6 2
133 510
1 10 2
214 16
1 6 2
468 414
1 14 2
341 292
1 3 2
61 17
1 8 2
173 439
1 10 2
554 185
1 2 2
27 654
1 5 2
242 46
1 10 2
436 492
1 13 2
47 544
1 5 2
41 638
1 15 2
118 117
1 13 2
670 324
1 4 2
467 557
1 8 2
67 623
1 2 2
286 73
1 7 2
200 372
1 14 2
574 324
1 13 2
43 367
1 7 2
176 137
1 3 2
326 164
1 7 2
418 667
1 9 2
374 345
1 9 2
541 422
1 2 2
86 434
1 11 2
441 274
1 4 2
15 71
1 10 2
693 51
1 4 2
230 348
1 6 2
634 348
1 12 2
611 383
1 11 2
337 662
1 5 2
632 431
1 9 2
685 80
1 15 2
159 38
1 14 2
440 671
1 6 2
70 440
1 3 2
600 543
1 15 2
672 456
1 15 2
108 12
1 8 2
384 464
1 2 2
371 78
1 2 2
191 99
1 15 2
618 139
1 4 2
82 506
1 2 2
546 466
1 7 2
384 573
1 2 2
446 377
1 15 2
627 453
1 12 2
60 566
1 3 2
586 342
1 5 2
153 360
1 12 2
430 266
1 13 2
117 427
1 9 2
478 254
1 9 2
411 167
1 5 2
588 581
1 7 2
40 517
1 10 2
371 607
1 10 2
439 594
1 2 2
404 324
1 15 2
466 603
1 11 2
260 551
1 9 2
242 375
1 9 2
330 81
1 12 2
647 104
1 12 2
60 445
1 14 2
190 558
1 7 2
535 612
1 14 2
679 321
1 8 2
44 175
1 10 2
541 5
1 2 2
215 343
1 11 2
667 465
1 12 2
577 85
1 4 2
38 352
1 14 2
248 658
1 13 2
28 140
1 14 2
96 253
1 13 2
8 256
1 3 2
264 693
1 10 2
565 331
1 9 2
387 239
1 7 2
425 94
1 4 2
303 80
1 13 2
58 18
1 8 2
237 310
1 15 2
95 648
1 13 2
317 477
1 6 2
217 652
1 6 2
399 132
1 14 2
91 234
1 2 2
679 208
1 7 2
397 605
1 13 2
248 512
1 7 2
324 9
1 11 2
98 521
1 7 2
478 617
1 15 2
151 681
1 15 2
231 101
1 5 2
486 269
1 10 2
411 436
1 2 2
46 580
1 11 2
195 389
1 5 2
458 375
1 10 2
68 616
1 6 2
567 190
1 15 2
301 589
1 9 2
658 377
1 4 2
503 147
1 8 2
386 510
1 6 2
152 680
1 9 2
662 192
1 7 2
3 551
1 15 2
280 614
1 9 2
259 605
1 10 2
351 243
1 3 2
12 56
1 2 2
648 138
1 11 2
9 24
1 3 2
165 88
1 10 2
110 440
1 3 2
69 75
1 3 2
22 377
1 4 2
227 170
1 6 2
365 386
1 13 2
349 87
1 14 2
294 151
1 13 2
311 250
1 9 2
611 549
1 9 2
512 314
1 14 2
85 550
1 9 2
346 547
1 7 2
631 140
1 13 2
581 651
1 12 2
505 447
1 8 2
74 542
1 15 2
157 380
1 6 2
48 130
1 3 2
534 361
1 6 2
7 368
1 14 2
378 402
1 5 2
494 233
1 9 2
169 26
1 13 2
29 145
1 3 2
501 8
1 12 2
563 699
1 11 2
166 365
1 2 2
698 646
1 4 2
261 265
1 11 2
477 241
1 2 2
581 365
1 7 2
23 638
1 12 2
198 458
1 14 2
462 512
1 15 2
60 563
1 15 2
471 187
1 8 2
542 364
1 8 2
17 395
1 3 2
667 280
1 10 2
651 492
1 4 2
489 497
1 10 2
125 484
1 2 2
560 250
1 8 2
284 124
1 3 2
524 209
1 4 2
664 561
1 10 2
356 653
1 4 2
501 274
1 6 2
58 581
1 12 2
53 134
1 5 2
203 546
1 4 2
627 345
1 13 2
87 389
1 6 2
199 214
1 12 2
542 596
1 9 2
326 440
1 15 2
454 456
1 6 2
430 520
1 15 2
333 138
1 5 2
334 104
1 13 2
106 251
1 11 2
438 275
1 12 2
594 605
1 8 2
180 54
1 7 2
504 476
1 11 2
228 669
1 13 2
369 198
1 5 2
543 380
1 14 2
448 166
1 2 2
149 618
1 6 2
465 374
1 6 2
174 65
1 13 2
435 318
1 6 2
637 188
1 3 2
299 382
1 8 2
116 308
1 6 2
90 461
1 6 2
363 217
1 5 2
640 291
1 8 2
338 181
1 7 2
229 148
1 11 2
645 95
1 15 2
463 353
1 4 2
494 5
1 8 2
34 538
1 9 2
288 220
1 4 2
90 102
1 4 2
7 296
1 2 2
585 136
1 3 2
637 321
1 5 2
365 19
1 10 2
282 277
1 4 2
290 115
1 2 2
329 21
1 12 2
25 301
1 5 2
653 572
1 11 2
611 662
1 15 2
64 666
1 6 2
246 166
1 11 2
34 199
1 14 2
334 1
1 8 2
280 250
1 7 2
21 81
1 13 2
32 62
1 13 2
280 401
1 7 2
459 528
1 6 2
185 564
1 15 2
326 583
1 5 2
417 665
1 13 2
186 404
1 5 2
371 25
1 7 2
60 525
1 12 2
192 257
1 4 2
104 362
1 15 2
485 106
1 3 2
383 633
1 6 2
229 397
1 6 2
694 269
1 10 2
40 663
1 15 2
452 557
1 6 2
157 131
1 6 2
11 100
1 13 2
638 660
1 9 2
393 65
1 2 2
529 531
1 10 2
407 642
1 11 2
343 96
1 4 2
174 549
1 2 2
462 165
1 11 2
265 253
1 10 2
461 644
1 6 2
142 182
1 2 2
6 148
1 10 2
268 502
1 12 2
513 505
1 4 2
96 0
1 5 2
533 283
1 2 2
333 25
1 9 2
418 522
1 7 2
150 94
1 5 2
619 262
1 7 2
618 525
1 3 2
129 434
1 6 2
518 625
1 14 2
72 6
1 8 2
439 107
1 8 2
108 554
1 4 2
241 44
1 11 2
245 603
1 10 2
644 668
1 12 2
604 465
1 4 2
509 9
1 15 2
304 575
1 3 2
102 216
1 7 2
549 197
1 9 2
159 282
1 14 2
474 425
1 4 2
411 545
1 14 2
75 184
1 9 2
149 122
1 4 2
325 655
1 9 2
539 160
1 2 2
579 668
1 3 2
596 651
1 5 2
27 185
1 2 2
52 90
1 15 2
645 489
1 10 2
345 484
1 7 2
339 645
1 12 2
436 166
1 11 2
284 235
1 13 2
678 258
1 2 2
563 425
1 11 2
166 18
1 5 2
20 216
1 11 2
688 50
1 11 2
5 503
1 12 2
138 330
1 8 2
653 334
1 3 2
685 690
1 3 2
0 286
1 9 2
411 210
1 12 2
325 657
1 15 2
391 480
1 7 2
46 151
1 10 2
676 516
1 6 2
291 217
1 5 2
693 65
1 10 2
217 2
1 14 2
120 193
1 9 2
28 510
1 12 2
3 340
1 8 2
596 688
1 13 2
685 39
1 8 2
214 561
1 9 2
40 637
1 6 2
7 550
1 11 2
490 518
1 7 2
113 154
1 7 2
649 347
1 13 2
401 323
1 7 2
367 504
1 8 2
698 259
1 4 2
358 686
1 11 2
697 573
1 15 2
146 685
1 13 2
307 321
1 15 2
616 439
1 14 2
671 623
1 14 2
69 267
1 11 2
194 208
1 12 2
94 445
1 10 2
302 435
1 15 2
125 487
1 12 2
646 548
1 14 2
607 540
1 14 2
188 332
1 12 2
687 548
1 9 2
102 337
1 12 2
82 447
1 4 2
153 684
1 8 2
438 136
1 12 2
600 143
1 15 2
34 277
1 15 2
604 416
1 13 2
361 475
1 14 2
525 259
1 4 2
521 663
1 12 2
143 437
1 4 2
86 665
1 15 2
363 40
1 10 2
451 579
1 12 2
601 247
1 3 2
593 376
1 15 2
430 306
1 4 2
215 168
1 13 2
78 151
1 6 2
576 630
1 9 2
124 67
1 12 2
312 4
1 6 2
114 658
1 8 2
25 478
1 2 2
374 444
1 8 2
389 310
1 2 2
398 608
1 4 2
68 401
1 2 2
271 515
1 13 2
600 392
1 5 2
396 414
1 12 2
599 153
1 7 2
196 32
1 9 2
506 675
1 5 2
674 299
1 15 2
267 340
1 15 2
104 680
1 2 2
283 365
1 8 2
115 697
1 3 2
70 370
1 10 2
447 22
1 2 2
425 242
1 7 2
396 189
1 2 2
436 183
1 7 2
67 303
1 10 2
160 612
1 5 2
512 353
1 8 2
78 459
1 5 2
383 572
1 8 2
646 240
1 10 2
266 687
1 4 2
33 110
1 11 2
444 451
1 8 2
223 69
1 3 2
632 532
1 15 2
421 81
1 13 2
381 91
1 9 2
514 597
1 7 2
645 297
1 11 2
246 556
1 11 2
338 404
1 10 2
99 65
1 10 2
670 177
1 26 2
689 621
1 4 2
42 419
1 16 2
94 142
1 24 2
324 346
1 30 2
473 24
1 14 2
31 329
1 12 2
353 581
1 28 2
200 94
1 22 2
658 520
1 8 2
254 555
1 16 2
477 36
1 28 2
500 125
1 22 2
266 225
1 18 2
230 23
1 4 2
3 387
1 4 2
534 353
1 14 2
572 565
1 30 2
31 314
1 14 2
571 386
1 26 2
618 110
1 30 2
266 651
1 16 2
102 559
