700 4181 2100
19 19 14 11 8 25 23 22 5 18 9 10 17 8 20 15 22 24 19 6 10 25 6 21 10 17 8 24 18 14 20 9 11 21 8 24 12 19 11 25 10 21 17 18 21 13 7 13 9 19 25 24 23 13 17 25 16 20 13 10 5 6 24 25 24 10 10 7 5 5 11 24 11 20 5 16 13 6 21 23 9 16 15 23 17 13 7 10 5 15 23 5 18 15 25 8 24 6 8 12 8 13 11 21 14 6 9 6 25 5 6 22 12 6 16 13 8 9 13 7 7 11 15 18 5 20 13 17 6 10 13 9 23 11 18 16 17 8 15 23 15 9 20 14 16 13 6 7 10 11 23 18 22 23 8 21 6 23 19 8 20 20 13 20 14 22 18 22 21 5 11 9 15 13 18 16 24 22 11 17 8 20 21 13 25 10 19 9 17 24 25 22 24 18 23 16 23 21 6 20 17 19 6 13 16 16 22 14 17 24 20 12 21 16 7 11 5 15 10 11 9 10 15 19 11 17 23 15 11 17 14 16 16 14 8 6 13 24 17 7 20 20 11 18 17 7 22 17 6 19 15 13 11 20 12 5 18 13 15 25 6 22 24 9 11 5 14 15 5 19 20 11 14 7 21 5 16 12 6 25 12 14 20 14 7 6 13 10 10 23 23 11 12 10 15 16 14 20 14 21 17 9 24 18 9 10 5 24 6 16 19 14 19 11 5 8 5 5 10 18 8 10 11 17 11 24 11 22 16 8 12 23 18 6 8 17 5 12 11 25 15 25 24 14 18 23 15 23 22 20 5 10 20 8 9 20 25 22 10 8 12 5 8 13 9 20 21 6 6 18 9 19 18 23 16 10 23 8 14 5 10 22 21 8 22 15 5 25 6 5 8 12 18 8 11 25 11 14 21 11 8 16 13 25 23 9 6 14 19 13 5 19 10 8 8 12 7 7 11 16 25 12 15 16 9 13 17 11 20 19 19 12 25 5 18 18 21 22 8 6 19 24 17 10 20 16 12 19 22 18 17 11 5 18 6 10 13 25 8 18 14 12 17 18 18 23 9 25 10 17 16 18 13 15 21 5 7 12 11 22 10 13 25 24 7 21 8 7 7 24 18 8 22 20 11 23 9 14 24 7 14 16 5 16 17 21 15 13 24 15 13 22 13 19 25 23 9 17 8 25 14 22 18 19 14 24 8 13 8 8 15 12 6 12 8 12 8 21 18 8 9 19 17 14 5 25 25 13 17 6 7 22 24 15 20 11 17 12 15 17 22 18 5 14 6 20 18 5 15 19 8 18 22 8 13 10 19 15 18 25 23 9 12 17 13 13 5 11 13 19 24 16 12 10 10 8 15 14 5 13 15 10 15 24 19 23 5 10 16 20 25 6 17 18 10 8 12 18 15 23 14 19 23 23 11 9 25 9 11 5 24 12 20 20 15 22 13 12 24 7 13 10 8 19 14 16 15 25 11 23 25 7 24 19 18 25 6 5 16 25 24 11 9 7 10 12 13 14 23 12 20 7 6 16 24 16 12 8 19 8 24 14 7 7 6 11 7 16 8 24 17 12 21 11 15 7 7 15 18 22
3 14 3 18 8 16 12 19 9 15 10 12 16 14 5 5 20 19 8 19 10 4 7 8 10 7 17 6 19 19 12 17 13 19 19 10 7 18 16 14 15 3 4 15 15 19 6 5 5 19 7 12 5 10 10 15 13 11 10 10 15 5 8 19 7 8 10 12 5 3 7 3 15 5 6 18 5 14 5 4 11 7 9 17 5 4 3 19 10 5 10 17 19 6 10 6 18 13 14 7 20 10 5 18 11 9 8 4 3 19 20 11 16 9 6 5 15 9 18 11 17 4 4 5 15 17 20 9 12 9 11 7 20 11 16 16 7 4 10 17 10 3 9 16 17 10 6 10 19 14 10 19 19 20 5 16 14 10 19 20 12 6 9 12 7 14 15 10 18 3 7 4 3 7 7 14 19 8 10 10 9 8 3 13 18 19 14 4 18 12 18 14 3 19 7 13 18 9 20 7 9 20 16 3 14 8 4 9 14 18 13 16 15 9 6 17 12 10 15 15 11 7 15 6 12 4 9 6 16 3 16 13 17 12 8 3 6 18 12 14 17 9 3 14 11 4 4 9 3 11 14 19 8 18 4 15 14 14 14 9 19 10 11 7 15 4 11 6 13 18 15 19 19 13 14 18 20 5 13 19 20 15 16 15 14 5 15 11 14 9 3 14 13 5 18 17 6 10 13 10 17 8 7 4 6 16 3 14 12 4 6 10 4 6 18 17 11 15 9 19 11 4 19 17 12 19 9 9 5 6 18 15 6 15 14 18 20 15 6 17 13 6 18 6 5 3 20 8 12 15 6 18 8 10 4 4 18 11 12 3 20 10 15 19 4 8 18 5 9 5 12 18 10 16 16 18 16 6 11 3 7 7 6 7 11 9 4 10 5 8 7 17 20 12 19 12 19 18 17 12 16 8 11 8 9 20 7 10 9 17 14 3 4 19 12 20 17 7 6 7 6 14 9 4 8 20 17 12 6 15 8 10 7 11 6 15 16 7 7 17 3 18 10 19 15 8 12 5 6 5 11 18 3 13 20 4 11 3 8 11 7 16 6 6 10 18 17 5 6 4 6 19 7 10 19 8 4 16 20 5 11 12 12 18 13 8 20 19 17 20 11 11 16 17 7 11 15 12 3 18 16 20 16 19 7 4 6 15 5 12 17 13 6 8 9 12 20 7 20 9 8 7 18 9 12 11 7 7 16 8 15 15 4 18 16 18 12 15 14 3 16 11 14 20 3 9 14 14 19 16 12 11 5 7 9 8 7 6 5 19 14 14 3 16 7 4 18 17 12 10 8 14 18 15 12 3 4 3 13 8 9 8 9 14 9 6 12 9 11 17 17 7 12 11 10 6 20 14 20 9 16 15 4 18 14 10 20 9 19 16 9 9 20 19 14 4 18 17 14 3 18 12 8 8 3 14 12 19 10 17 7 5 20 4 19 18 19 10 7 20 12 9 13 17 6 15 8 13 5 12 17 7 9 7 10 12 18 4 19 10 19 10 3 5 12 19 17 13 9 4 15 12 19 6 11 5 12 20 17 15 4 6 12 17 14 3 16 8 7 10 3 10 9 5 15 19 6 16 11 16
1 3 2
232 61
1 11 2
685 293
1 9 2
461 279
1 15 2
31 362
1 7 2
403 270
1 8 2
45 475
1 10 2
140 50
1 4 2
657 486
1 6 2
569 415
1 8 2
359 135
1 8 2
173 523
1 4 2
110 277
1 14 2
66 0
1 4 2
343 83
1 13 2
392 265
1 7 2
430 301
1 12 2
409 19
1 8 2
637 4
1 14 2
476 348
1 7 2
125 57
1 15 2
609 62
1 6 2
430 36
1 5 2
681 335
1 11 2
125 102
1 4 2
69 353
1 10 2
455 429
1 12 2
642 124
1 7 2
510 476
1 11 2
567 271
1 14 2
326 137
1 8 2
94 38
1 7 2
574 410
1 9 2
534 486
1 2 2
269 294
1 13 2
573 260
1 8 2
539 464
1 12 2
604 693
1 4 2
167 356
1 8 2
647 65
1 13 2
88 630
1 3 2
80 440
1 11 2
289 442
1 9 2
481 452
1 2 2
581 426
1 15 2
492 307
1 11 2
567 599
1 3 2
554 92
1 8 2
523 444
1 10 2
644 356
1 5 2
517 369
1 7 2
305 525
1 14 2
68 484
1 14 2
122 670
1 11 2
468 541
1 5 2
137 154
1 14 2
87 385
1 13 2
620 31
1 10 2
131 310
1 3 2
498 95
1 8 2
434 257
1 4 2
217 558
1 3 2
506 353
1 7 2
435 160
1 2 2
267 428
1 9 2
265 109
1 6 2
579 655
1 12 2
190 337
1 9 2
399 687
1 9 2
399 146
1 3 2
500 128
1 14 2
670 14
1 12 2
436 123
1 12 2
455 112
1 5 2
92 651
1 11 2
279 89
1 6 2
104 338
1 13 2
137 440
1 14 2
35 273
1 13 2
235 527
1 2 2
186 43
1 13 2
426 347
1 15 2
679 226
1 5 2
474 368
1 5 2
678 300
1 11 2
546 445
1 8 2
143 112
1 7 2
321 44
1 4 2
139 201
1 7 2
66 662
1 11 2
629 182
1 8 2
632 103
1 2 2
434 166
1 5 2
420 203
1 5 2
274 356
1 14 2
670 423
1 8 2
274 29
1 10 2
52 581
1 2 2
524 74
1 15 2
182 488
1 14 2
40 375
1 2 2
259 470
1 11 2
213 192
1 9 2
340 601
1 6 2
106 587
1 3 2
499 494
1 9 2
468 166
1 11 2
321 173
1 13 2
108 34
1 15 2
245 51
1 9 2
391 365
1 8 2
36 543
1 9 2
358 276
1 4 2
334 441
1 14 2
524 149
1 3 2
279 539
1 9 2
357 661
1 6 2
229 20
1 3 2
319 92
1 10 2
509 511
1 9 2
632 481
1 13 2
383 426
1 13 2
490 406
1 2 2
273 655
1 11 2
625 652
1 5 2
376 549
1 14 2
656 41
1 10 2
282 406
1 3 2
23 349
1 12 2
15 102
1 8 2
635 61
1 3 2
133 136
1 13 2
300 375
1 8 2
559 165
1 13 2
33 168
1 6 2
425 580
1 7 2
110 255
1 14 2
612 641
1 3 2
401 221
1 11 2
409 34
1 8 2
68 593
1 15 2
443 538
1 12 2
614 120
1 11 2
415 689
1 2 2
392 52
1 5 2
175 82
1 15 2
334 532
1 7 2
345 171
1 3 2
425 300
1 3 2
7 639
1 3 2
331 10
1 3 2
688 526
1 3 2
549 57
1 3 2
129 49
1 15 2
175 559
1 11 2
591 367
1 6 2
228 86
1 10 2
373 602
1 2 2
635 70
1 7 2
371 572
1 12 2
311 562
1 9 2
330 182
1 6 2
646 66
1 11 2
245 71
1 12 2
527 615
1 7 2
477 39
1 2 2
395 229
1 4 2
628 330
1 15 2
666 446
1 6 2
418 682
1 13 2
361 501
1 3 2
507 197
1 14 2
302 455
1 7 2
579 667
1 4 2
480 440
1 8 2
319 218
1 12 2
663 385
1 8 2
652 113
1 12 2
149 695
1 10 2
661 193
1 4 2
167 281
1 14 2
292 636
1 9 2
417 521
1 4 2
557 531
1 11 2
325 40
1 15 2
252 660
1 9 2
397 248
1 14 2
101 667
1 6 2
592 666
1 14 2
579 142
1 2 2
697 166
1 2 2
467 164
1 15 2
186 674
1 5 2
304 277
1 9 2
225 215
1 8 2
76 244
1 5 2
505 6
1 4 2
434 489
1 13 2
617 542
1 2 2
125 465
1 6 2
616 312
1 7 2
358 598
1 12 2
162 277
1 13 2
528 688
1 15 2
346 694
1 9 2
5 1
1 2 2
304 300
1 9 2
143 137
1 14 2
332 372
1 7 2
29 128
1 8 2
514 334
1 4 2
618 140
1 8 2
33 15
1 9 2
399 131
1 6 2
326 561
1 5 2
594 46
1 13 2
366 588
1 2 2
538 423
1 6 2
337 204
1 15 2
290 60
1 11 2
518 128
1 5 2
496 384
1 8 2
8 436
1 12 2
507 364
1 5 2
256 480
1 14 2
262 319
1 5 2
172 582
1 2 2
526 454
1 15 2
592 376
1 13 2
554 647
1 7 2
300 689
1 11 2
388 452
1 5 2
202 286
1 12 2
698 79
1 12 2
75 472
1 3 2
233 262
1 13 2
697 490
1 6 2
515 442
1 6 2
384 193
1 7 2
661 376
1 14 2
300 185
1 2 2
299 246
1 2 2
660 557
1 11 2
529 676
1 12 2
230 550
1 11 2
621 343
1 3 2
24 581
1 9 2
122 511
1 5 2
598 217
1 14 2
108 41
1 5 2
431 124
1 7 2
31 502
1 4 2
526 50
1 11 2
199 524
1 7 2
219 354
1 14 2
280 528
1 4 2
578 493
1 5 2
38 387
1 9 2
307 594
1 15 2
676 85
1 15 2
387 50
1 7 2
563 392
1 4 2
69 100
1 4 2
276 341
1 3 2
78 643
1 7 2
489 460
1 8 2
327 152
1 15 2
56 15
1 10 2
254 388
1 10 2
265 571
1 9 2
204 431
1 4 2
549 255
1 11 2
656 468
1 15 2
625 536
1 11 2
113 614
1 4 2
176 578
1 9 2
550 607
1 13 2
596 292
1 2 2
213 516
1 14 2
670 477
1 9 2
236 664
1 4 2
308 274
1 13 2
542 300
1 4 2
679 474
1 2 2
506 486
1 6 2
493 688
1 12 2
219 148
1 3 2
263 397
1 7 2
577 553
1 8 2
412 234
1 9 2
245 463
1 11 2
430 52
1 13 2
341 39
1 4 2
132 420
1 7 2
466 17
1 13 2
506 198
1 8 2
172 363
1 11 2
323 362
1 4 2
675 488
1 14 2
517 693
1 12 2
559 13
1 10 2
600 173
1 13 2
341 327
1 9 2
294 255
1 11 2
83 632
1 6 2
578 587
1 11 2
169 615
1 8 2
127 387
1 14 2
275 191
1 15 2
81 492
1 10 2
486 694
1 15 2
502 588
1 8 2
434 533
1 5 2
282 148
1 6 2
567 61
1 15 2
288 252
1 13 2
530 570
1 15 2
433 580
1 2 2
151 158
1 8 2
391 206
1 6 2
14 392
1 10 2
335 278
1 4 2
31 590
1 3 2
675 682
1 14 2
263 526
1 13 2
66 614
1 5 2
613 165
1 6 2
592 130
1 6 2
658 646
1 11 2
250 537
1 9 2
637 297
1 15 2
531 556
1 5 2
236 412
1 11 2
477 440
1 14 2
172 216
1 3 2
67 698
1 11 2
153 196
1 10 2
528 412
1 10 2
27 283
1 6 2
473 557
1 13 2
128 45
1 9 2
496 479
1 2 2
508 325
1 7 2
587 215
1 9 2
5 393
1 14 2
219 541
1 5 2
545 11
1 13 2
247 664
1 2 2
252 470
1 12 2
502 435
1 3 2
228 349
1 11 2
544 189
1 15 2
638 556
1 9 2
697 568
1 12 2
228 684
1 6 2
594 267
1 2 2
376 483
1 11 2
642 480
1 11 2
525 41
1 12 2
676 426
1 10 2
602 396
1 12 2
510 502
1 4 2
612 275
1 4 2
462 82
1 7 2
117 331
1 3 2
159 127
1 4 2
641 410
1 2 2
246 402
1 5 2
185 269
1 15 2
242 97
1 10 2
232 433
1 2 2
595 10
1 4 2
687 524
1 6 2
605 26
1 6 2
128 658
1 2 2
579 428
1 12 2
573 388
1 12 2
248 667
1 10 2
412 399
1 7 2
629 698
1 6 2
138 120
1 4 2
240 628
1 8 2
186 423
1 6 2
544 683
1 8 2
671 350
1 3 2
214 624
1 13 2
600 321
1 9 2
345 518
1 14 2
530 399
1 12 2
315 356
1 5 2
648 577
1 4 2
102 696
1 4 2
375 28
1 5 2
354 644
1 12 2
665 143
1 10 2
503 399
1 14 2
661 86
1 6 2
527 35
1 10 2
415 438
1 14 2
481 81
1 5 2
240 218
1 3 2
618 325
1 11 2
111 699
1 6 2
629 495
1 4 2
130 689
1 7 2
1 127
1 15 2
339 532
1 4 2
296 650
1 15 2
263 430
1 3 2
196 670
1 4 2
144 275
1 8 2
606 540
1 7 2
476 70
1 15 2
69 305
1 12 2
523 153
1 5 2
120 79
1 3 2
210 584
1 10 2
323 633
1 15 2
41 645
1 10 2
393 123
1 13 2
643 238
1 4 2
407 109
1 4 2
106 196
1 2 2
506 119
1 8 2
389 277
1 10 2
642 110
1 11 2
471 101
1 9 2
531 63
1 9 2
345 460
1 2 2
53 212
1 6 2
107 169
1 9 2
361 143
1 7 2
235 650
1 4 2
472 669
1 8 2
535 397
1 12 2
256 490
1 11 2
363 282
1 2 2
623 226
1 15 2
34 281
1 2 2
367 421
1 15 2
317 364
1 9 2
102 357
1 12 2
602 586
1 3 2
288 685
1 9 2
440 692
1 2 2
438 243
1 10 2
568 80
1 9 2
28 546
1 9 2
650 369
1 13 2
437 665
1 7 2
403 65
1 12 2
445 475
1 15 2
459 385
1 9 2
375 476
1 4 2
181 31
1 12 2
350 674
1 12 2
199 92
1 8 2
79 114
1 7 2
519 445
1 11 2
177 95
1 10 2
690 410
1 3 2
609 684
1 14 2
163 134
1 12 2
207 212
1 5 2
84 203
1 12 2
220 213
1 14 2
450 320
1 8 2
465 180
1 6 2
117 308
1 5 2
588 639
1 15 2
495 655
1 15 2
637 105
1 3 2
278 539
1 10 2
201 185
1 2 2
131 320
1 15 2
116 203
1 12 2
333 40
1 11 2
599 144
1 7 2
606 506
1 15 2
311 556
1 15 2
646 276
1 9 2
282 168
1 6 2
673 223
1 13 2
135 426
1 11 2
580 467
1 10 2
16 100
1 9 2
377 677
1 6 2
353 130
1 11 2
11 187
1 12 2
415 309
1 13 2
623 666
1 6 2
255 599
1 11 2
233 88
1 15 2
245 683
1 11 2
337 286
1 15 2
228 14
1 4 2
309 262
1 13 2
590 354
1 15 2
100 302
1 15 2
58 514
1 15 2
194 672
1 10 2
498 408
1 3 2
504 272
1 13 2
154 546
1 13 2
204 294
1 8 2
15 669
1 13 2
403 663
1 7 2
348 1
1 2 2
405 525
1 13 2
472 495
1 4 2
515 197
1 5 2
531 251
1 6 2
157 438
1 8 2
65 594
1 8 2
613 173
1 11 2
255 480
1 8 2
499 665
1 5 2
232 222
1 10 2
491 552
1 6 2
410 32
1 2 2
617 695
1 3 2
267 122
1 7 2
336 88
1 15 2
214 53
1 9 2
611 657
1 8 2
422 221
1 6 2
5 375
1 12 2
690 374
1 3 2
606 253
1 14 2
388 501
1 10 2
175 93
1 6 2
128 242
1 13 2
479 558
1 7 2
158 291
1 2 2
45 489
1 15 2
503 127
1 15 2
334 333
1 11 2
654 352
1 6 2
596 325
1 15 2
674 1
1 9 2
459 353
1 7 2
79 495
1 6 2
576 411
1 5 2
422 35
1 7 2
135 348
1 5 2
408 267
1 14 2
266 274
1 10 2
481 694
1 9 2
212 16
1 12 2
601 95
1 15 2
577 391
1 10 2
426 72
1 14 2
227 628
1 14 2
210 259
1 14 2
518 146
1 13 2
573 618
1 15 2
495 443
1 9 2
279 169
1 5 2
188 605
1 4 2
62 427
1 15 2
320 656
1 10 2
439 641
1 7 2
289 59
1 9 2
589 480
1 9 2
209 528
1 8 2
627 80
1 3 2
383 202
1 8 2
515 625
1 7 2
540 23
1 10 2
88 473
1 11 2
286 692
1 15 2
217 444
1 4 2
272 471
1 13 2
475 666
1 4 2
77 476
1 7 2
373 14
1 2 2
241 310
1 3 2
406 601
1 2 2
361 166
1 13 2
625 45
1 6 2
538 131
1 4 2
416 452
1 15 2
59 599
1 7 2
168 541
1 2 2
575 171
1 14 2
72 591
1 6 2
173 288
1 15 2
240 397
1 15 2
617 514
1 11 2
661 258
1 5 2
582 377
1 2 2
536 548
1 8 2
110 417
1 9 2
543 455
1 9 2
354 307
1 2 2
145 398
1 14 2
189 247
1 2 2
247 690
1 2 2
322 48
1 10 2
450 656
1 7 2
679 151
1 12 2
385 310
1 3 2
498 131
1 3 2
590 18
1 5 2
169 591
1 14 2
97 658
1 8 2
568 248
1 5 2
361 368
1 9 2
577 629
1 15 2
13 647
1 3 2
137 307
1 2 2
175 411
1 11 2
654 217
1 14 2
10 168
1 4 2
564 116
1 13 2
380 422
1 2 2
335 329
1 14 2
4 620
1 2 2
453 34
1 11 2
610 285
1 15 2
211 478
1 11 2
449 392
1 10 2
118 130
1 13 2
625 415
1 5 2
266 444
1 14 2
501 565
1 5 2
158 635
1 12 2
390 229
1 6 2
564 478
1 6 2
289 31
1 7 2
44 539
1 7 2
178 329
1 5 2
625 416
1 10 2
137 605
1 7 2
569 75
1 13 2
82 59
1 13 2
536 366
1 14 2
545 381
1 10 2
698 448
1 12 2
136 653
1 4 2
435 200
1 10 2
413 631
1 15 2
582 514
1 10 2
19 143
1 7 2
102 33
1 3 2
511 679
1 12 2
503 242
1 12 2
675 339
1 9 2
571 213
1 3 2
557 136
1 14 2
207 681
1 14 2
110 628
1 5 2
682 146
1 13 2
512 236
1 15 2
464 22
1 4 2
654 227
1 15 2
407 559
1 6 2
690 162
1 10 2
372 480
1 12 2
226 493
1 9 2
651 536
1 12 2
105 32
1 3 2
573 584
1 4 2
448 636
1 7 2
257 331
1 12 2
539 155
1 8 2
433 560
1 2 2
550 369
1 13 2
637 38
1 10 2
202 173
1 11 2
483 211
1 13 2
421 621
1 8 2
146 554
1 7 2
339 191
1 6 2
379 568
1 13 2
50 215
1 2 2
684 669
1 15 2
402 612
1 12 2
296 10
1 10 2
408 187
1 11 2
12 293
1 2 2
51 273
1 8 2
266 259
1 5 2
579 300
1 9 2
287 267
1 5 2
67 161
1 11 2
583 30
1 12 2
79 127
1 8 2
248 356
1 6 2
279 652
1 9 2
90 571
1 10 2
345 507
1 6 2
265 117
1 4 2
104 681
1 6 2
82 698
1 12 2
199 671
1 5 2
131 209
1 7 2
426 410
1 5 2
105 510
1 5 2
37 228
1 8 2
343 284
1 13 2
24 461
1 6 2
244 232
1 8 2
472 10
1 11 2
674 580
1 7 2
109 71
1 4 2
521 155
1 9 2
630 623
1 15 2
136 448
1 12 2
534 11
1 13 2
267 271
1 14 2
600 79
1 4 2
657 167
1 6 2
692 484
1 4 2
504 689
1 12 2
16 628
1 13 2
645 175
1 11 2
644 478
1 12 2
169 327
1 3 2
140 129
1 15 2
371 61
1 13 2
524 340
1 15 2
11 536
1 2 2
95 406
1 12 2
376 526
1 6 2
371 528
1 3 2
333 104
1 11 2
413 565
1 15 2
625 596
1 10 2
686 465
1 6 2
634 303
1 3 2
140 278
1 3 2
85 676
1 9 2
19 589
1 3 2
22 537
1 11 2
686 158
1 14 2
404 650
1 4 2
64 510
1 4 2
468 610
1 13 2
20 697
1 10 2
495 660
1 9 2
145 58
1 5 2
130 316
1 3 2
262 223
1 15 2
659 695
1 15 2
141 626
1 13 2
657 628
1 3 2
229 95
1 2 2
219 144
1 3 2
20 135
1 8 2
657 647
1 6 2
33 86
1 2 2
615 42
1 3 2
332 144
1 12 2
608 268
1 11 2
397 489
1 12 2
447 598
1 12 2
496 662
1 10 2
214 289
1 4 2
635 247
1 9 2
611 161
1 5 2
446 175
1 14 2
601 429
1 4 2
533 460
1 13 2
435 614
1 14 2
532 60
1 6 2
373 177
1 14 2
445 379
1 2 2
162 115
1 15 2
256 296
1 14 2
262 605
1 14 2
480 5
1 3 2
495 597
1 11 2
426 277
1 10 2
426 30
1 14 2
631 356
1 2 2
155 388
1 14 2
143 357
1 3 2
68 420
1 6 2
27 238
1 15 2
264 62
1 10 2
316 588
1 10 2
545 224
1 3 2
398 443
1 15 2
643 559
1 9 2
100 649
1 15 2
532 618
1 4 2
238 597
1 15 2
570 212
1 15 2
581 33
1 4 2
383 125
1 5 2
399 364
1 3 2
474 419
1 3 2
629 336
1 5 2
37 613
1 2 2
489 309
1 4 2
286 657
1 3 2
569 514
1 10 2
559 525
1 14 2
373 627
1 12 2
329 282
1 11 2
573 676
1 3 2
477 18
1 2 2
539 551
1 13 2
597 313
1 6 2
13 362
1 10 2
158 265
1 3 2
619 509
1 3 2
313 437
1 2 2
294 300
1 11 2
394 662
1 5 2
20 159
1 13 2
213 224
1 9 2
424 691
1 14 2
138 431
1 15 2
411 341
1 4 2
147 263
1 5 2
551 318
1 12 2
686 552
1 4 2
471 340
1 10 2
503 434
1 9 2
583 41
1 10 2
328 152
1 14 2
200 577
1 15 2
256 80
1 14 2
359 384
1 9 2
515 404
1 10 2
7 624
1 11 2
655 19
1 8 2
167 285
1 3 2
338 218
1 2 2
594 3
1 10 2
203 22
1 8 2
108 314
1 11 2
211 347
1 8 2
388 607
1 9 2
656 497
1 3 2
556 119
1 13 2
305 614
1 14 2
477 646
1 11 2
412 30
1 10 2
595 191
1 4 2
645 250
1 2 2
76 164
1 9 2
288 59
1 10 2
316 556
1 13 2
275 391
1 9 2
263 451
1 13 2
259 409
1 10 2
656 570
1 13 2
134 302
1 10 2
98 437
1 6 2
171 355
1 5 2
43 273
1 15 2
611 488
1 9 2
364 533
1 10 2
670 119
1 13 2
686 678
1 5 2
69 698
1 13 2
410 494
1 15 2
618 247
1 12 2
481 559
1 5 2
642 166
1 13 2
543 691
1 10 2
207 246
1 2 2
425 240
1 8 2
138 162
1 8 2
5 107
1 3 2
393 328
1 11 2
374 160
1 2 2
643 431
1 10 2
313 413
1 6 2
189 308
1 6 2
305 189
1 15 2
49 278
1 3 2
469 476
1 15 2
71 630
1 15 2
559 572
1 6 2
616 29
1 9 2
56 151
1 13 2
351 691
1 4 2
576 603
1 9 2
424 531
1 13 2
692 377
1 5 2
3 557
1 14 2
92 665
1 11 2
201 590
1 15 2
4 58
1 12 2
612 568
1 8 2
681 220
1 6 2
147 262
1 12 2
33 452
1 5 2
225 62
1 8 2
672 94
1 10 2
454 170
1 5 2
99 375
1 14 2
462 274
1 4 2
534 62
1 14 2
523 475
1 2 2
451 145
1 13 2
237 291
1 9 2
134 5
1 7 2
532 507
1 4 2
453 164
1 12 2
322 683
1 8 2
343 567
1 5 2
628 394
1 8 2
57 339
1 15 2
410 176
1 10 2
96 581
1 14 2
122 202
1 2 2
30 150
1 12 2
642 489
1 11 2
478 22
1 8 2
432 530
1 15 2
553 482
1 12 2
295 442
1 7 2
326 579
1 13 2
236 603
1 5 2
373 33
1 15 2
437 688
1 15 2
404 567
1 6 2
482 698
1 12 2
513 94
1 12 2
248 618
1 7 2
235 549
1 9 2
555 362
1 10 2
340 339
1 3 2
63 278
1 9 2
64 496
1 2 2
343 529
1 5 2
51 32
1 7 2
407 433
1 3 2
130 434
1 6 2
360 299
1 12 2
398 138
1 10 2
266 319
1 7 2
490 245
1 3 2
658 106
1 14 2
623 116
1 7 2
532 379
1 5 2
650 307
1 3 2
683 645
1 2 2
373 242
1 11 2
356 350
1 5 2
325 328
1 13 2
109 437
1 14 2
186 671
1 2 2
166 30
1 14 2
18 356
1 15 2
585 560
1 3 2
514 596
1 2 2
208 209
1 12 2
433 612
1 8 2
27 302
1 8 2
669 225
1 15 2
272 665
1 12 2
584 273
1 6 2
135 79
1 2 2
678 373
1 15 2
97 661
1 14 2
568 324
1 13 2
387 35
1 8 2
386 354
1 11 2
70 342
1 10 2
247 408
1 3 2
634 56
1 10 2
504 103
1 12 2
616 619
1 6 2
250 349
1 6 2
219 294
1 3 2
531 104
1 5 2
666 459
1 8 2
611 670
1 7 2
589 644
1 14 2
407 382
1 4 2
325 655
1 6 2
563 370
1 5 2
129 88
1 5 2
414 380
1 3 2
102 274
1 4 2
321 328
1 10 2
251 179
1 2 2
215 106
1 4 2
662 364
1 7 2
364 375
1 5 2
307 45
1 3 2
99 448
1 10 2
158 465
1 7 2
41 687
1 6 2
624 313
1 15 2
246 248
1 9 2
573 147
1 12 2
689 396
1 15 2
25 658
1 10 2
157 402
1 5 2
535 137
1 3 2
130 251
1 4 2
234 186
1 4 2
438 120
1 9 2
122 658
1 10 2
445 203
1 6 2
588 606
1 5 2
9 110
1 13 2
444 462
1 11 2
88 22
1 4 2
10 275
1 12 2
329 175
1 14 2
309 210
1 4 2
54 229
1 3 2
312 478
1 11 2
655 124
1 12 2
691 653
1 15 2
13 209
1 14 2
370 403
1 3 2
0 222
1 9 2
237 606
1 5 2
654 98
1 4 2
682 551
1 4 2
119 655
1 14 2
278 255
1 14 2
12 398
1 15 2
108 553
1 7 2
282 30
1 10 2
330 645
1 11 2
294 124
1 3 2
452 365
1 2 2
438 136
1 11 2
649 354
1 8 2
585 587
1 5 2
515 407
1 15 2
234 259
1 8 2
236 300
1 15 2
144 552
1 3 2
84 250
1 10 2
450 365
1 13 2
323 579
1 15 2
694 611
1 12 2
671 492
1 10 2
431 533
1 14 2
71 349
1 4 2
420 20
1 14 2
133 274
1 9 2
469 568
1 6 2
441 27
1 13 2
142 657
1 9 2
262 328
1 15 2
653 297
1 13 2
687 243
1 5 2
196 261
1 14 2
316 546
1 13 2
330 382
1 3 2
58 153
1 4 2
225 168
1 8 2
467 287
1 15 2
204 335
1 6 2
69 476
1 7 2
596 221
1 14 2
531 539
1 2 2
399 214
1 9 2
79 67
1 15 2
408 87
1 2 2
395 239
1 4 2
296 201
1 14 2
575 626
1 13 2
635 223
1 3 2
53 640
1 8 2
613 620
1 7 2
362 401
1 5 2
447 275
1 6 2
117 115
1 10 2
683 238
1 7 2
406 473
1 8 2
342 499
1 5 2
398 411
1 7 2
630 240
1 11 2
218 597
1 10 2
333 48
1 15 2
87 59
1 9 2
441 590
1 5 2
580 102
1 8 2
668 478
1 5 2
97 364
1 9 2
547 234
1 5 2
536 117
1 5 2
178 58
1 13 2
99 322
1 2 2
214 610
1 10 2
629 393
1 10 2
416 382
1 6 2
437 318
1 15 2
576 464
1 13 2
146 152
1 7 2
470 371
1 4 2
425 314
1 11 2
68 229
1 2 2
182 440
1 3 2
654 70
1 5 2
222 142
1 10 2
418 200
1 10 2
552 683
1 12 2
290 231
1 4 2
450 267
1 3 2
640 582
1 15 2
164 494
1 10 2
30 38
1 12 2
7 362
1 8 2
160 122
1 6 2
9 96
1 4 2
672 162
1 8 2
285 22
1 10 2
139 7
1 13 2
185 433
1 15 2
497 81
1 13 2
535 464
1 11 2
364 396
1 7 2
211 372
1 14 2
110 203
1 2 2
361 688
1 6 2
504 208
1 15 2
279 283
1 6 2
610 54
1 15 2
312 114
1 12 2
279 165
1 15 2
152 243
1 3 2
268 414
1 14 2
198 74
1 7 2
335 38
1 8 2
152 126
1 11 2
124 146
1 8 2
672 423
1 15 2
282 350
1 7 2
564 672
1 2 2
327 296
1 10 2
131 327
1 10 2
545 89
1 15 2
676 436
1 14 2
502 186
1 8 2
121 378
1 14 2
525 159
1 8 2
427 474
1 13 2
620 437
1 8 2
667 576
1 11 2
194 188
1 8 2
258 203
1 2 2
255 615
1 5 2
147 364
1 4 2
645 249
1 14 2
76 346
1 6 2
485 512
1 3 2
582 172
1 13 2
67 469
1 8 2
632 31
1 7 2
508 518
1 12 2
32 674
1 14 2
536 617
1 11 2
624 619
1 11 2
490 232
1 10 2
618 268
1 3 2
695 88
1 14 2
21 214
1 11 2
334 28
1 13 2
568 681
1 14 2
48 183
1 9 2
268 599
1 3 2
163 461
1 14 2
184 391
1 2 2
193 111
1 3 2
245 198
1 13 2
516 228
1 14 2
657 614
1 9 2
174 302
1 11 2
397 121
1 10 2
623 451
1 4 2
512 423
1 2 2
146 188
1 7 2
114 309
1 7 2
248 592
1 4 2
159 427
1 4 2
234 129
1 2 2
181 163
1 8 2
524 51
1 10 2
11 632
1 5 2
576 372
1 14 2
616 650
1 15 2
124 263
1 11 2
378 267
1 7 2
334 523
1 15 2
512 637
1 14 2
313 569
1 14 2
130 381
1 5 2
657 581
1 2 2
574 119
1 13 2
311 450
1 5 2
342 449
1 6 2
603 301
1 8 2
684 2
1 2 2
43 435
1 6 2
338 665
1 4 2
131 198
1 5 2
215 57
1 14 2
348 385
1 14 2
418 399
1 14 2
420 397
1 5 2
15 228
1 10 2
20 574
1 10 2
97 271
1 2 2
285 40
1 10 2
47 126
1 4 2
490 23
1 15 2
107 676
1 3 2
105 47
1 3 2
418 237
1 4 2
25 323
1 5 2
83 695
1 2 2
208 498
1 7 2
475 597
1 6 2
156 3
1 9 2
605 572
1 14 2
163 110
1 5 2
499 201
1 11 2
147 173
1 7 2
402 531
1 13 2
41 660
1 10 2
313 45
1 7 2
407 27
1 13 2
65 334
1 13 2
646 65
1 5 2
537 425
1 8 2
538 31
1 4 2
619 269
1 3 2
37 21
1 3 2
333 310
1 15 2
121 58
1 6 2
647 38
1 7 2
37 125
1 11 2
463 578
1 6 2
691 523
1 9 2
628 497
1 5 2
460 687
1 12 2
416 169
1 7 2
42 147
1 13 2
227 140
1 2 2
617 122
1 8 2
561 125
1 6 2
476 61
1 14 2
310 295
1 11 2
181 120
1 7 2
260 487
1 12 2
689 669
1 5 2
274 92
1 8 2
76 349
1 7 2
10 591
1 15 2
504 614
1 5 2
497 540
1 13 2
28 7
1 3 2
458 664
1 11 2
107 76
1 12 2
227 417
1 5 2
354 348
1 6 2
87 614
1 9 2
405 104
1 7 2
320 395
1 9 2
364 466
1 7 2
199 420
1 10 2
257 200
1 12 2
27 361
1 15 2
505 24
1 7 2
299 13
1 12 2
629 175
1 14 2
324 661
1 9 2
104 136
1 7 2
447 90
1 9 2
674 446
1 13 2
430 364
1 14 2
661 324
1 4 2
392 95
1 12 2
342 471
1 3 2
22 202
1 3 2
615 225
1 13 2
244 1
1 9 2
670 293
1 13 2
41 141
1 4 2
257 551
1 13 2
404 181
1 8 2
501 167
1 9 2
402 683
1 7 2
269 631
1 2 2
490 366
1 9 2
571 477
1 5 2
425 515
1 3 2
381 1
1 2 2
331 652
1 3 2
455 257
1 8 2
422 140
1 12 2
425 481
1 10 2
511 228
1 4 2
25 319
1 15 2
221 80
1 3 2
125 81
1 7 2
220 95
1 15 2
684 95
1 7 2
272 226
1 11 2
398 65
1 14 2
408 415
1 7 2
38 406
1 12 2
7 200
1 10 2
644 375
1 9 2
12 643
1 8 2
328 71
1 9 2
330 400
1 3 2
592 313
1 4 2
182 441
1 7 2
41 442
1 15 2
682 501
1 12 2
47 54
1 10 2
288 402
1 2 2
279 351
1 3 2
463 198
1 13 2
185 527
1 3 2
21 425
1 12 2
390 486
1 12 2
96 462
1 13 2
683 399
1 3 2
427 624
1 8 2
447 590
1 3 2
40 84
1 8 2
562 215
1 7 2
568 95
1 8 2
161 540
1 10 2
612 617
1 11 2
83 34
1 4 2
193 216
1 3 2
35 584
1 10 2
445 216
1 8 2
561 73
1 13 2
304 150
1 6 2
528 128
1 6 2
224 337
1 3 2
645 218
1 12 2
223 619
1 7 2
8 424
1 2 2
600 165
1 12 2
667 335
1 13 2
40 301
1 11 2
580 496
1 15 2
544 213
1 11 2
236 216
1 5 2
501 244
1 9 2
143 417
1 7 2
411 305
1 5 2
255 387
1 4 2
39 653
1 7 2
566 59
1 8 2
42 547
1 5 2
406 87
1 7 2
436 636
1 3 2
300 41
1 6 2
334 104
1 3 2
62 506
1 13 2
254 556
1 15 2
340 620
1 5 2
105 72
1 13 2
221 586
1 7 2
309 535
1 8 2
42 132
1 5 2
613 259
1 6 2
293 109
1 3 2
273 231
1 15 2
17 142
1 6 2
504 456
1 7 2
698 684
1 5 2
687 240
1 10 2
225 573
1 14 2
352 156
1 6 2
486 128
1 12 2
358 361
1 10 2
635 626
1 9 2
478 547
1 2 2
639 185
1 14 2
266 358
1 5 2
484 204
1 9 2
199 254
1 13 2
568 221
1 15 2
1 511
1 3 2
126 357
1 4 2
297 294
1 9 2
556 622
1 7 2
86 198
1 13 2
327 317
1 5 2
410 422
1 4 2
196 21
1 10 2
475 164
1 7 2
259 500
1 8 2
593 380
1 15 2
281 261
1 13 2
264 485
1 5 2
337 296
1 3 2
20 422
1 6 2
475 586
1 3 2
689 538
1 12 2
260 576
1 5 2
375 74
1 5 2
18 63
1 10 2
431 500
1 5 2
277 661
1 2 2
393 213
1 4 2
200 600
1 13 2
261 339
1 15 2
383 484
1 10 2
150 328
1 10 2
543 328
1 14 2
181 236
1 9 2
140 175
1 3 2
201 640
1 4 2
457 65
1 8 2
540 653
1 9 2
184 311
1 14 2
608 340
1 9 2
461 129
1 2 2
243 548
1 5 2
500 592
1 5 2
647 95
1 2 2
3 430
1 6 2
263 99
1 10 2
491 674
1 8 2
578 462
1 13 2
374 453
1 14 2
565 172
1 11 2
634 166
1 2 2
215 508
1 11 2
459 64
1 3 2
364 196
1 10 2
573 636
1 8 2
312 174
1 6 2
329 156
1 11 2
534 325
1 4 2
397 444
1 15 2
630 313
1 10 2
164 112
1 7 2
391 171
1 12 2
64 405
1 11 2
521 387
1 11 2
415 490
1 15 2
623 156
1 9 2
441 293
1 11 2
112 273
1 3 2
151 414
1 11 2
546 521
1 3 2
112 24
1 2 2
44 184
1 4 2
149 105
1 10 2
348 575
1 6 2
653 619
1 15 2
211 680
1 15 2
166 389
1 3 2
446 271
1 3 2
485 609
1 11 2
375 390
1 6 2
16 387
1 5 2
378 487
1 2 2
293 208
1 6 2
516 612
1 9 2
57 168
1 15 2
351 376
1 2 2
209 516
1 11 2
254 167
1 2 2
245 267
1 5 2
327 467
1 11 2
501 219
1 8 2
182 651
1 11 2
348 405
1 12 2
287 561
1 9 2
318 694
1 14 2
536 287
1 8 2
268 686
1 12 2
104 360
1 5 2
528 272
1 15 2
648 449
1 4 2
232 647
1 14 2
16 509
1 12 2
157 67
1 11 2
32 689
1 2 2
476 499
1 2 2
303 152
1 2 2
383 696
1 11 2
444 509
1 4 2
409 433
1 8 2
381 530
1 14 2
385 106
1 6 2
691 521
1 14 2
438 599
1 6 2
559 433
1 12 2
422 286
1 15 2
236 655
1 8 2
607 298
1 14 2
144 162
1 7 2
489 517
1 7 2
558 476
1 10 2
396 330
1 15 2
379 238
1 4 2
482 565
1 6 2
468 497
1 6 2
18 351
1 15 2
214 551
1 12 2
151 168
1 12 2
579 417
1 5 2
165 199
1 9 2
78 304
1 10 2
128 152
1 13 2
148 92
1 14 2
349 29
1 2 2
294 313
1 12 2
261 104
1 13 2
242 682
1 8 2
497 290
1 13 2
457 421
1 7 2
5 121
1 2 2
628 225
1 3 2
241 96
1 3 2
640 118
1 9 2
226 125
1 15 2
216 670
1 6 2
503 270
1 12 2
364 107
1 11 2
437 204
1 11 2
477 582
1 5 2
40 307
1 11 2
617 458
1 4 2
694 31
1 6 2
369 163
1 11 2
432 511
1 3 2
206 680
1 8 2
147 477
1 4 2
628 322
1 4 2
627 372
1 4 2
234 452
1 11 2
373 589
1 14 2
199 196
1 7 2
680 419
1 8 2
348 290
1 14 2
648 201
1 7 2
543 378
1 10 2
152 117
1 6 2
263 628
1 14 2
636 184
1 12 2
118 34
1 12 2
179 634
1 5 2
584 625
1 3 2
2 253
1 15 2
272 240
1 10 2
51 55
1 7 2
104 468
1 12 2
458 247
1 15 2
517 440
1 15 2
394 239
1 3 2
383 524
1 2 2
119 612
1 4 2
528 289
1 10 2
528 70
1 11 2
16 596
1 2 2
41 321
1 5 2
561 212
1 4 2
28 159
1 11 2
59 482
1 14 2
349 327
1 14 2
476 536
1 6 2
269 465
1 3 2
634 647
1 12 2
119 234
1 2 2
224 634
1 5 2
501 20
1 5 2
675 469
1 2 2
431 566
1 9 2
235 373
1 2 2
188 693
1 8 2
47 138
1 12 2
530 82
1 8 2
0 83
1 12 2
264 436
1 9 2
366 395
1 14 2
163 695
1 7 2
83 556
1 8 2
478 243
1 6 2
697 291
1 2 2
575 87
1 4 2
171 112
1 2 2
557 318
1 2 2
595 410
1 5 2
433 413
1 10 2
222 4
1 11 2
88 253
1 5 2
367 248
1 8 2
488 405
1 3 2
47 192
1 8 2
604 388
1 15 2
305 263
1 3 2
505 121
1 11 2
565 433
1 4 2
699 625
1 4 2
651 274
1 6 2
273 386
1 6 2
638 397
1 9 2
260 403
1 9 2
678 346
1 3 2
682 600
1 12 2
668 675
1 6 2
445 391
1 15 2
363 208
1 3 2
420 444
1 8 2
116 27
1 10 2
390 352
1 5 2
232 216
1 15 2
263 311
1 11 2
316 427
1 14 2
635 251
1 4 2
333 182
1 10 2
164 175
1 5 2
573 276
1 10 2
446 381
1 3 2
380 478
1 8 2
420 111
1 9 2
386 290
1 4 2
230 88
1 4 2
262 629
1 4 2
207 578
1 7 2
377 430
1 8 2
81 420
1 14 2
376 56
1 5 2
470 369
1 4 2
60 411
1 6 2
274 630
1 8 2
106 162
1 15 2
216 371
1 11 2
390 211
1 8 2
160 453
1 13 2
11 182
1 13 2
665 697
1 13 2
269 86
1 15 2
73 540
1 11 2
125 328
1 8 2
9 255
1 4 2
71 309
1 5 2
27 381
1 9 2
126 316
1 11 2
583 334
1 4 2
588 286
1 4 2
477 656
1 2 2
99 221
1 7 2
118 591
1 11 2
187 17
1 4 2
602 540
1 15 2
412 501
1 6 2
537 600
1 12 2
376 135
1 12 2
457 434
1 3 2
160 350
1 3 2
325 532
1 11 2
483 314
1 12 2
569 253
1 13 2
11 107
1 15 2
635 155
1 10 2
635 341
1 15 2
270 412
1 6 2
256 540
1 15 2
307 496
1 14 2
253 591
1 7 2
470 564
1 5 2
281 687
1 7 2
532 382
1 4 2
422 593
1 15 2
158 238
1 9 2
310 480
1 14 2
537 233
1 3 2
628 367
1 8 2
150 435
1 8 2
610 528
1 15 2
650 335
1 15 2
457 91
1 14 2
539 434
1 9 2
124 346
1 10 2
69 257
1 6 2
653 387
1 7 2
387 440
1 2 2
186 164
1 12 2
548 70
1 8 2
23 98
1 9 2
134 104
1 15 2
237 571
1 5 2
678 640
1 9 2
485 665
1 6 2
177 612
1 12 2
151 175
1 15 2
53 252
1 8 2
670 211
1 11 2
46 518
1 3 2
516 655
1 4 2
30 608
1 7 2
304 339
1 9 2
86 125
1 4 2
605 330
1 4 2
375 216
1 13 2
224 193
1 12 2
35 0
1 5 2
437 170
1 3 2
297 357
1 8 2
418 555
1 8 2
144 620
1 11 2
32 109
1 8 2
540 604
1 11 2
21 555
1 6 2
346 6
1 4 2
65 79
1 13 2
429 463
1 7 2
691 353
1 3 2
225 73
1 12 2
538 38
1 3 2
241 68
1 15 2
379 63
1 6 2
158 541
1 9 2
158 637
1 10 2
278 443
1 6 2
414 333
1 4 2
183 595
1 13 2
270 5
1 15 2
131 268
1 3 2
165 92
1 14 2
529 56
1 8 2
654 657
1 15 2
342 426
1 15 2
447 424
1 3 2
402 249
1 2 2
287 230
1 12 2
515 155
1 6 2
126 107
1 8 2
144 47
1 4 2
530 96
1 14 2
93 565
1 8 2
134 563
1 2 2
527 351
1 13 2
108 674
1 4 2
103 547
1 10 2
147 311
1 8 2
360 207
1 10 2
48 17
1 11 2
314 666
1 11 2
163 331
1 9 2
319 603
1 13 2
330 60
1 2 2
413 177
1 8 2
33 132
1 15 2
576 480
1 7 2
647 488
1 15 2
559 348
1 15 2
418 27
1 8 2
655 74
1 15 2
621 76
1 3 2
102 449
1 9 2
98 603
1 8 2
217 660
1 13 2
67 691
1 12 2
415 257
1 11 2
353 567
1 12 2
236 365
1 14 2
549 471
1 15 2
595 147
1 7 2
181 446
1 13 2
333 681
1 14 2
73 336
1 13 2
30 455
1 10 2
43 484
1 14 2
39 656
1 6 2
627 616
1 6 2
175 385
1 8 2
641 328
1 14 2
73 290
1 8 2
533 402
1 2 2
435 191
1 11 2
479 351
1 4 2
299 693
1 15 2
184 549
1 12 2
173 561
1 15 2
345 321
1 14 2
519 153
1 14 2
298 442
1 2 2
669 383
1 12 2
435 601
1 5 2
419 253
1 8 2
373 560
1 13 2
529 679
1 10 2
4 315
1 8 2
67 610
1 10 2
182 328
1 3 2
97 8
1 7 2
417 4
1 10 2
342 120
1 15 2
180 389
1 7 2
186 182
1 8 2
482 468
1 2 2
512 83
1 14 2
296 388
1 11 2
34 394
1 13 2
295 69
1 2 2
324 652
1 11 2
75 257
1 14 2
73 377
1 11 2
348 489
1 12 2
692 315
1 2 2
90 382
1 13 2
59 121
1 2 2
564 6
1 4 2
344 355
1 7 2
580 559
1 9 2
299 635
1 5 2
640 353
1 8 2
175 76
1 12 2
158 408
1 14 2
546 441
1 6 2
11 440
1 13 2
597 680
1 4 2
503 527
1 6 2
642 610
1 3 2
480 438
1 14 2
74 407
1 4 2
337 283
1 15 2
281 236
1 14 2
236 364
1 5 2
580 585
1 11 2
522 341
1 11 2
31 403
1 11 2
339 231
1 4 2
630 609
1 4 2
152 495
1 14 2
647 587
1 15 2
549 218
1 12 2
489 162
1 12 2
214 4
1 7 2
280 199
1 5 2
398 481
1 9 2
97 242
1 9 2
189 64
1 7 2
16 37
1 2 2
292 638
1 6 2
186 578
1 9 2
91 623
1 10 2
698 393
1 13 2
372 370
1 11 2
294 486
1 4 2
202 36
1 5 2
16 217
1 3 2
486 458
1 2 2
362 139
1 11 2
576 568
1 3 2
621 145
1 5 2
501 559
1 15 2
293 112
1 7 2
26 685
1 6 2
688 338
1 12 2
308 275
1 6 2
646 656
1 8 2
581 676
1 13 2
444 408
1 12 2
387 472
1 13 2
583 82
1 13 2
504 191
1 11 2
350 5
1 3 2
694 145
1 5 2
563 2
1 14 2
500 279
1 6 2
379 106
1 11 2
352 273
1 7 2
172 523
1 12 2
353 269
1 5 2
358 116
1 4 2
141 387
1 2 2
226 640
1 5 2
364 276
1 12 2
361 638
1 3 2
452 639
1 14 2
130 266
1 7 2
5 538
1 6 2
552 636
1 14 2
259 263
1 2 2
93 37
1 9 2
671 308
1 13 2
646 346
1 9 2
614 252
1 10 2
129 488
1 13 2
81 110
1 2 2
16 618
1 3 2
62 485
1 7 2
599 697
1 6 2
123 239
1 3 2
156 463
1 3 2
507 388
1 6 2
103 289
1 15 2
373 379
1 12 2
690 407
1 2 2
141 359
1 10 2
201 467
1 3 2
446 537
1 3 2
627 12
1 11 2
229 594
1 15 2
276 491
1 14 2
287 3
1 12 2
166 197
1 3 2
470 191
1 13 2
109 264
1 5 2
397 498
1 8 2
241 660
1 3 2
57 151
1 11 2
172 168
1 3 2
361 463
1 4 2
178 688
1 12 2
558 366
1 3 2
17 269
1 13 2
435 668
1 10 2
541 130
1 14 2
361 460
1 13 2
390 7
1 3 2
526 25
1 3 2
33 331
1 12 2
367 676
1 3 2
145 83
1 8 2
265 219
1 7 2
107 8
1 15 2
164 139
1 11 2
262 362
1 5 2
306 179
1 11 2
486 99
1 4 2
144 363
1 9 2
430 338
1 14 2
391 25
1 11 2
236 259
1 13 2
203 35
1 13 2
258 205
1 5 2
296 495
1 2 2
628 635
1 11 2
681 324
1 8 2
630 371
1 15 2
528 98
1 5 2
116 407
1 8 2
30 664
1 7 2
89 648
1 6 2
133 39
1 4 2
226 132
1 14 2
433 584
1 8 2
384 136
1 13 2
484 385
1 6 2
283 335
1 10 2
603 658
1 5 2
530 351
1 9 2
666 60
1 4 2
197 379
1 9 2
608 163
1 7 2
423 434
1 8 2
82 687
1 4 2
458 278
1 15 2
110 499
1 7 2
286 243
1 14 2
401 309
1 12 2
106 491
1 5 2
326 176
1 14 2
488 120
1 2 2
606 294
1 6 2
612 648
1 14 2
383 328
1 2 2
661 307
1 10 2
489 647
1 11 2
238 136
1 4 2
259 283
1 9 2
249 73
1 6 2
534 77
1 9 2
527 232
1 5 2
576 212
1 15 2
169 320
1 12 2
165 457
1 13 2
214 251
1 15 2
552 364
1 5 2
579 376
1 15 2
263 49
1 14 2
209 289
1 14 2
674 222
1 3 2
131 67
1 7 2
161 635
1 7 2
81 553
1 11 2
680 51
1 8 2
447 59
1 8 2
581 502
1 15 2
386 640
1 14 2
161 655
1 15 2
61 420
1 5 2
167 483
1 10 2
349 178
1 12 2
62 617
1 3 2
72 503
1 3 2
158 457
1 14 2
167 93
1 15 2
27 47
1 8 2
301 97
1 7 2
370 37
1 3 2
84 432
1 7 2
500 567
1 5 2
327 250
1 4 2
292 165
1 2 2
239 578
1 12 2
585 197
1 3 2
660 317
1 2 2
67 124
1 5 2
81 456
1 7 2
412 657
1 13 2
465 564
1 5 2
314 339
1 11 2
100 189
1 12 2
525 329
1 2 2
526 105
1 4 2
485 628
1 12 2
601 114
1 14 2
201 202
1 8 2
328 53
1 15 2
550 345
1 10 2
312 684
1 2 2
378 10
1 14 2
308 521
1 7 2
272 575
1 9 2
252 346
1 13 2
415 432
1 10 2
514 247
1 12 2
380 280
1 11 2
57 380
1 4 2
413 319
1 11 2
498 304
1 3 2
34 592
1 9 2
536 687
1 13 2
317 16
1 6 2
600 16
1 3 2
527 285
1 12 2
88 317
1 11 2
648 613
1 2 2
332 664
1 3 2
490 127
1 7 2
383 37
1 13 2
305 136
1 3 2
648 420
1 13 2
123 116
1 11 2
406 407
1 7 2
211 337
1 5 2
513 366
1 7 2
687 169
1 5 2
134 167
1 9 2
146 232
1 9 2
689 91
1 13 2
266 140
1 2 2
484 228
1 11 2
651 403
1 11 2
357 361
1 14 2
14 573
1 6 2
88 595
1 7 2
439 487
1 14 2
264 430
1 12 2
282 395
1 4 2
320 420
1 7 2
597 68
1 5 2
442 319
1 5 2
91 193
1 12 2
101 666
1 4 2
82 454
1 10 2
537 318
1 3 2
495 233
1 5 2
32 382
1 15 2
451 499
1 11 2
215 224
1 2 2
360 556
1 8 2
168 662
1 2 2
159 564
1 12 2
110 569
1 5 2
491 604
1 12 2
599 100
1 11 2
173 399
1 5 2
192 405
1 9 2
39 284
1 14 2
298 366
1 2 2
679 563
1 7 2
380 125
1 13 2
391 531
1 13 2
679 345
1 8 2
695 137
1 15 2
345 251
1 14 2
456 302
1 7 2
15 620
1 14 2
412 120
1 7 2
37 71
1 6 2
314 343
1 14 2
462 522
1 7 2
415 100
1 2 2
298 668
1 5 2
321 554
1 14 2
601 466
1 3 2
46 541
1 14 2
488 403
1 6 2
543 257
1 9 2
568 323
1 3 2
418 225
1 10 2
320 254
1 3 2
396 129
1 5 2
98 496
1 12 2
181 631
1 3 2
17 345
1 11 2
525 1
1 11 2
63 518
1 9 2
342 61
1 14 2
618 348
1 11 2
641 383
1 14 2
674 536
1 13 2
514 18
1 11 2
376 287
1 11 2
306 126
1 4 2
439 465
1 14 2
451 220
1 10 2
599 632
1 9 2
588 331
1 11 2
599 270
1 10 2
154 396
1 13 2
118 378
1 15 2
507 236
1 9 2
555 1
1 15 2
316 63
1 6 2
291 32
1 8 2
362 612
1 4 2
572 684
1 5 2
255 37
1 13 2
373 472
1 13 2
653 671
1 9 2
481 460
1 2 2
65 580
1 6 2
501 518
1 3 2
417 518
1 9 2
696 219
1 2 2
158 351
1 8 2
199 462
1 5 2
50 503
1 2 2
106 523
1 12 2
314 43
1 2 2
658 361
1 10 2
686 597
1 14 2
573 693
1 14 2
177 110
1 6 2
241 643
1 9 2
351 409
1 9 2
613 237
1 3 2
613 593
1 12 2
259 680
1 7 2
625 564
1 15 2
363 449
1 7 2
216 190
1 12 2
666 693
1 5 2
468 80
1 5 2
495 177
1 10 2
637 151
1 7 2
547 512
1 8 2
182 33
1 9 2
238 608
1 13 2
217 662
1 9 2
187 128
1 14 2
386 395
1 14 2
79 663
1 7 2
265 281
1 15 2
228 239
1 7 2
542 53
1 15 2
553 159
1 6 2
342 45
1 15 2
88 563
1 13 2
543 641
1 8 2
388 493
1 2 2
171 40
1 8 2
186 23
1 12 2
311 152
1 4 2
33 371
1 2 2
284 282
1 9 2
596 203
1 6 2
185 435
1 11 2
256 313
1 13 2
28 592
1 10 2
18 194
1 9 2
366 532
1 11 2
409 227
1 11 2
184 225
1 15 2
239 518
1 10 2
547 660
1 14 2
240 35
1 4 2
37 170
1 15 2
352 137
1 6 2
331 523
1 6 2
532 232
1 12 2
600 275
1 12 2
275 492
1 11 2
57 328
1 6 2
637 236
1 10 2
491 349
1 9 2
430 33
1 15 2
122 393
1 9 2
657 73
1 12 2
554 289
1 2 2
626 16
1 4 2
368 138
1 4 2
58 84
1 9 2
560 430
1 6 2
392 281
1 12 2
134 347
1 13 2
99 393
1 5 2
328 105
1 7 2
495 343
1 6 2
362 97
1 14 2
275 124
1 10 2
561 174
1 6 2
117 633
1 10 2
382 15
1 14 2
519 619
1 3 2
38 164
1 7 2
653 169
1 3 2
194 499
1 15 2
252 293
1 4 2
386 632
1 6 2
207 117
1 5 2
430 548
1 12 2
333 129
1 3 2
194 357
1 14 2
124 107
1 7 2
427 272
1 7 2
332 10
1 11 2
678 290
1 14 2
15 471
1 12 2
482 640
1 7 2
124 160
1 2 2
2 235
1 12 2
493 51
1 8 2
80 186
1 3 2
51 598
1 2 2
422 330
1 10 2
415 95
1 3 2
195 122
1 14 2
664 644
1 15 2
45 646
1 4 2
231 221
1 4 2
231 92
1 3 2
549 445
1 8 2
393 333
1 15 2
128 358
1 3 2
349 361
1 10 2
484 255
1 8 2
104 347
1 3 2
77 9
1 6 2
596 533
1 5 2
333 260
1 5 2
394 131
1 8 2
652 172
1 12 2
231 74
1 15 2
80 217
1 9 2
371 195
1 15 2
507 46
1 4 2
442 484
1 10 2
44 618
1 8 2
334 372
1 9 2
124 162
1 6 2
288 286
1 7 2
402 150
1 3 2
418 591
1 11 2
644 492
1 14 2
1 644
1 13 2
563 637
1 12 2
659 98
1 15 2
643 535
1 3 2
406 40
1 8 2
434 424
1 4 2
298 336
1 10 2
148 458
1 14 2
282 673
1 6 2
263 40
1 9 2
289 297
1 6 2
106 683
1 8 2
638 623
1 5 2
351 3
1 8 2
338 322
1 3 2
396 298
1 14 2
364 122
1 5 2
370 196
1 11 2
514 193
1 9 2
94 261
1 5 2
13 189
1 9 2
657 652
1 12 2
648 86
1 3 2
516 626
1 12 2
606 6
1 10 2
360 618
1 15 2
403 306
1 4 2
682 38
1 7 2
690 585
1 5 2
245 282
1 8 2
94 15
1 2 2
470 511
1 12 2
398 286
1 13 2
58 384
1 10 2
445 283
1 13 2
197 421
1 14 2
574 429
1 10 2
615 34
1 15 2
693 649
1 10 2
293 16
1 9 2
12 93
1 11 2
399 45
1 14 2
520 386
1 11 2
43 227
1 13 2
616 485
1 8 2
48 146
1 9 2
424 7
1 7 2
336 80
1 9 2
565 671
1 14 2
536 360
1 2 2
461 269
1 8 2
372 221
1 13 2
665 191
1 9 2
323 549
1 3 2
544 555
1 12 2
459 260
1 9 2
418 68
1 10 2
28 492
1 2 2
392 482
1 13 2
586 35
1 4 2
333 13
1 7 2
136 471
1 13 2
383 65
1 11 2
372 0
1 4 2
315 62
1 8 2
463 33
1 3 2
84 259
1 5 2
693 500
1 11 2
323 523
1 6 2
311 393
1 15 2
359 515
1 4 2
497 558
1 3 2
555 129
1 15 2
521 493
1 7 2
66 607
1 6 2
342 237
1 4 2
697 655
1 12 2
414 260
1 13 2
155 699
1 8 2
433 258
1 3 2
215 593
1 12 2
577 526
1 9 2
220 563
1 13 2
549 514
1 3 2
679 477
1 8 2
535 575
1 9 2
537 256
1 4 2
33 418
1 9 2
145 190
1 13 2
692 202
1 5 2
248 525
1 15 2
558 369
1 3 2
225 203
1 8 2
228 601
1 11 2
220 222
1 2 2
221 665
1 5 2
153 103
1 3 2
447 48
1 14 2
342 556
1 11 2
577 507
1 2 2
62 497
1 9 2
587 27
1 13 2
276 225
1 6 2
324 447
1 13 2
667 8
1 3 2
265 444
1 9 2
252 469
1 13 2
642 97
1 7 2
699 97
1 11 2
653 486
1 5 2
356 409
1 12 2
630 30
1 6 2
322 255
1 14 2
397 166
1 3 2
446 324
1 14 2
609 229
1 8 2
274 149
1 2 2
90 296
1 6 2
561 398
1 11 2
37 367
1 4 2
248 223
1 11 2
232 282
1 15 2
549 560
1 2 2
311 207
1 10 2
335 550
1 14 2
88 694
1 9 2
592 318
1 8 2
312 639
1 11 2
322 191
1 10 2
406 573
1 14 2
50 68
1 7 2
292 527
1 14 2
294 10
1 2 2
72 253
1 11 2
310 64
1 11 2
73 556
1 8 2
31 320
1 11 2
168 399
1 10 2
325 144
1 12 2
554 634
1 11 2
380 93
1 5 2
257 315
1 15 2
312 512
1 9 2
303 73
1 11 2
86 537
1 11 2
158 538
1 4 2
9 553
1 11 2
201 156
1 10 2
149 171
1 11 2
159 182
1 10 2
593 308
1 12 2
214 506
1 8 2
540 576
1 5 2
216 494
1 14 2
399 63
1 15 2
64 366
1 2 2
362 300
1 9 2
485 579
1 4 2
70 645
1 2 2
428 638
1 14 2
437 17
1 7 2
103 363
1 11 2
235 556
1 8 2
556 615
1 12 2
43 556
1 5 2
124 273
1 10 2
86 576
1 7 2
313 259
1 7 2
392 157
1 5 2
541 592
1 13 2
304 4
1 13 2
223 655
1 8 2
460 40
1 14 2
468 279
1 10 2
627 666
1 5 2
337 176
1 14 2
1 669
1 3 2
29 52
1 14 2
369 528
1 9 2
189 295
1 15 2
290 104
1 5 2
79 374
1 13 2
540 44
1 5 2
557 120
1 2 2
216 524
1 7 2
23 335
1 4 2
608 210
1 12 2
608 536
1 12 2
482 229
1 8 2
628 413
1 15 2
45 465
1 11 2
58 589
1 14 2
437 616
1 8 2
250 353
1 7 2
595 413
1 13 2
543 308
1 14 2
488 494
1 8 2
367 331
1 13 2
263 468
1 12 2
401 547
1 15 2
184 392
1 8 2
535 22
1 8 2
248 338
1 6 2
127 558
1 13 2
407 313
1 2 2
689 506
1 6 2
340 31
1 6 2
375 533
1 13 2
206 257
1 13 2
659 581
1 15 2
103 145
1 5 2
629 220
1 4 2
161 183
1 13 2
384 285
1 11 2
280 78
1 8 2
335 392
1 15 2
612 634
1 9 2
479 380
1 15 2
385 553
1 2 2
287 352
1 7 2
429 14
1 14 2
13 280
1 6 2
65 23
1 13 2
205 69
1 8 2
261 25
1 8 2
81 442
1 14 2
308 157
1 5 2
552 133
1 2 2
459 481
1 14 2
347 699
1 12 2
297 339
1 6 2
470 87
1 10 2
188 272
1 11 2
253 106
1 15 2
9 324
1 11 2
270 574
1 11 2
23 366
1 9 2
416 574
1 3 2
571 432
1 12 2
649 25
1 11 2
332 252
1 2 2
244 661
1 9 2
42 486
1 2 2
286 609
1 7 2
351 33
1 4 2
397 527
1 10 2
245 571
1 5 2
219 90
1 2 2
584 295
1 10 2
272 431
1 3 2
66 476
1 2 2
135 699
1 2 2
289 484
1 10 2
276 204
1 7 2
353 615
1 2 2
219 636
1 15 2
388 573
1 9 2
152 148
1 6 2
582 335
1 3 2
659 355
1 5 2
592 487
1 10 2
661 114
1 7 2
150 611
1 10 2
35 63
1 8 2
188 58
1 9 2
610 354
1 13 2
669 111
1 5 2
493 134
1 11 2
470 500
1 6 2
371 632
1 7 2
475 397
1 8 2
499 10
1 13 2
477 337
1 3 2
622 653
1 7 2
612 2
1 6 2
300 471
1 9 2
664 508
1 12 2
483 583
1 3 2
447 248
1 3 2
56 450
1 2 2
315 402
1 7 2
289 62
1 14 2
593 652
1 14 2
377 166
1 4 2
75 85
1 11 2
34 115
1 10 2
14 214
1 5 2
184 154
1 13 2
71 277
1 14 2
628 661
1 8 2
242 233
1 14 2
71 214
1 10 2
133 497
1 13 2
406 157
1 13 2
319 696
1 8 2
298 200
1 15 2
240 677
1 11 2
207 238
1 8 2
144 639
1 4 2
564 461
1 8 2
623 37
1 2 2
150 519
1 5 2
243 363
1 6 2
456 338
1 4 2
130 605
1 14 2
583 159
1 14 2
161 314
1 11 2
272 31
1 10 2
423 521
1 4 2
640 303
1 6 2
599 243
1 14 2
658 317
1 9 2
193 573
1 5 2
531 364
1 13 2
470 602
1 4 2
608 369
1 8 2
570 116
1 14 2
409 548
1 14 2
657 257
1 6 2
107 671
1 15 2
513 420
1 10 2
260 269
1 13 2
503 382
1 7 2
46 324
1 14 2
180 557
1 3 2
177 361
1 11 2
58 341
1 14 2
594 597
1 4 2
295 483
1 4 2
194 112
1 8 2
358 62
1 14 2
515 382
1 14 2
109 558
1 2 2
293 656
1 8 2
271 100
1 13 2
625 317
1 2 2
216 357
1 7 2
148 227
1 3 2
23 637
1 11 2
226 38
1 4 2
472 674
1 8 2
570 56
1 14 2
30 28
1 7 2
59 6
1 8 2
202 198
1 6 2
476 246
1 7 2
211 586
1 15 2
341 508
1 15 2
229 422
1 13 2
81 195
1 4 2
58 120
1 4 2
581 13
1 13 2
447 24
1 10 2
279 193
1 14 2
415 614
1 12 2
299 486
1 15 2
21 527
1 8 2
376 234
1 7 2
407 191
1 11 2
616 116
1 15 2
696 135
1 3 2
132 354
1 7 2
171 137
1 2 2
326 483
1 14 2
457 118
1 13 2
651 325
1 3 2
62 362
1 7 2
299 406
1 7 2
67 411
1 4 2
505 103
1 10 2
70 678
1 12 2
415 637
1 2 2
69 345
1 5 2
357 143
1 6 2
133 516
1 7 2
115 451
1 9 2
376 644
1 5 2
413 488
1 13 2
693 496
1 15 2
240 447
1 12 2
285 213
1 8 2
491 231
1 14 2
614 432
1 6 2
570 42
1 3 2
298 541
1 8 2
134 188
1 3 2
615 585
1 15 2
73 330
1 7 2
589 278
1 4 2
638 391
1 8 2
436 144
1 6 2
179 589
1 3 2
263 476
1 2 2
132 2
1 12 2
586 599
1 12 2
619 83
1 15 2
293 660
1 10 2
287 174
1 7 2
498 391
1 12 2
354 413
1 5 2
255 140
1 4 2
261 502
1 14 2
512 155
1 4 2
402 341
1 8 2
69 26
1 10 2
609 186
1 9 2
412 623
1 12 2
255 41
1 4 2
72 502
1 6 2
485 637
1 12 2
332 572
1 13 2
430 651
1 2 2
212 463
1 5 2
249 89
1 15 2
367 548
1 10 2
517 500
1 11 2
346 250
1 2 2
13 223
1 5 2
585 573
1 15 2
664 71
1 9 2
576 650
1 12 2
384 361
1 13 2
381 649
1 11 2
505 241
1 14 2
35 341
1 10 2
65 126
1 6 2
471 309
1 3 2
632 437
1 5 2
470 423
1 8 2
281 146
1 13 2
389 41
1 9 2
370 489
1 7 2
128 644
1 8 2
278 507
1 5 2
325 486
1 11 2
6 620
1 5 2
347 219
1 7 2
575 286
1 12 2
85 556
1 7 2
136 80
1 13 2
644 423
1 15 2
667 343
1 9 2
217 595
1 9 2
165 334
1 14 2
116 661
1 2 2
163 628
1 2 2
624 545
1 11 2
298 532
1 7 2
91 112
1 13 2
222 572
1 8 2
91 466
1 2 2
621 0
1 5 2
97 632
1 13 2
533 367
1 6 2
83 688
1 13 2
217 464
1 9 2
528 62
1 8 2
615 423
1 6 2
609 451
1 14 2
455 668
1 15 2
351 8
1 5 2
102 465
1 10 2
213 165
1 14 2
492 137
1 12 2
83 10
1 6 2
222 374
1 5 2
377 71
1 15 2
535 666
1 10 2
511 417
1 13 2
256 123
1 7 2
328 334
1 8 2
7 569
1 7 2
359 322
1 5 2
141 197
1 6 2
137 559
1 10 2
460 535
1 3 2
648 105
1 9 2
26 15
1 13 2
371 448
1 12 2
693 463
1 8 2
489 438
1 4 2
533 435
1 3 2
694 596
1 7 2
662 2
1 12 2
212 61
1 4 2
341 306
1 8 2
644 186
1 14 2
87 188
1 7 2
582 362
1 7 2
553 528
1 3 2
680 473
1 15 2
639 281
1 10 2
546 529
1 9 2
148 594
1 6 2
401 599
1 5 2
425 125
1 6 2
693 457
1 5 2
574 570
1 5 2
298 678
1 4 2
217 337
1 12 2
472 454
1 6 2
222 517
1 11 2
341 300
1 12 2
44 168
1 14 2
523 610
1 11 2
675 384
1 9 2
381 618
1 7 2
309 603
1 3 2
107 154
1 3 2
87 559
1 6 2
477 193
1 11 2
264 443
1 6 2
314 238
1 13 2
37 404
1 7 2
654 57
1 5 2
167 366
1 8 2
263 450
1 2 2
371 38
1 9 2
457 42
1 8 2
467 232
1 12 2
353 619
1 8 2
324 464
1 13 2
295 677
1 14 2
568 474
1 2 2
562 659
1 8 2
654 39
1 15 2
234 695
1 11 2
310 558
1 10 2
338 127
1 7 2
159 24
1 2 2
661 623
1 4 2
399 566
1 3 2
453 285
1 4 2
547 202
1 2 2
665 150
1 9 2
216 239
1 10 2
346 685
1 14 2
578 355
1 13 2
401 438
1 5 2
219 286
1 5 2
56 429
1 7 2
255 87
1 8 2
413 514
1 4 2
423 222
1 15 2
508 461
1 6 2
316 410
1 15 2
213 62
1 5 2
158 505
1 11 2
72 506
1 11 2
213 41
1 5 2
57 97
1 2 2
275 259
1 9 2
250 281
1 5 2
634 504
1 2 2
10 269
1 13 2
151 597
1 12 2
294 604
1 11 2
105 456
1 14 2
15 467
1 2 2
687 290
1 4 2
424 170
1 4 2
280 454
1 14 2
105 172
1 11 2
191 394
1 14 2
24 492
1 2 2
557 439
1 13 2
203 677
1 12 2
173 28
1 14 2
134 244
1 13 2
160 413
1 5 2
221 357
1 11 2
23 548
1 4 2
376 245
1 15 2
29 198
1 5 2
505 517
1 11 2
538 615
1 2 2
650 564
1 5 2
647 466
1 4 2
543 688
1 10 2
654 484
1 7 2
261 148
1 4 2
80 464
1 4 2
691 369
1 5 2
306 571
1 9 2
376 585
1 7 2
103 166
1 5 2
674 177
1 9 2
561 479
1 7 2
135 16
1 9 2
575 65
1 3 2
132 251
1 7 2
597 396
1 12 2
338 427
1 12 2
248 147
1 5 2
8 336
1 11 2
693 499
1 10 2
33 311
1 11 2
664 8
1 11 2
261 394
1 10 2
563 59
1 4 2
558 65
1 15 2
457 415
1 9 2
117 494
1 2 2
374 285
1 10 2
0 383
1 6 2
54 56
1 15 2
596 128
1 6 2
139 98
1 12 2
383 216
1 13 2
524 374
1 2 2
576 179
1 15 2
602 286
1 6 2
397 348
1 7 2
107 127
1 8 2
213 603
1 13 2
602 580
1 15 2
136 133
1 5 2
241 405
1 10 2
328 606
1 3 2
674 263
1 2 2
250 225
1 6 2
691 663
1 13 2
584 362
1 7 2
31 264
1 12 2
464 580
1 14 2
436 316
1 7 2
156 682
1 15 2
288 10
1 7 2
493 572
1 9 2
304 387
1 5 2
678 170
1 12 2
357 1
1 10 2
379 668
1 4 2
171 121
1 6 2
157 637
1 2 2
74 304
1 4 2
233 9
1 8 2
539 396
1 5 2
334 404
1 10 2
86 390
1 4 2
103 679
1 7 2
377 504
1 11 2
486 643
1 9 2
501 355
1 6 2
510 248
1 14 2
395 156
1 3 2
491 459
1 2 2
137 294
1 9 2
373 622
1 2 2
251 485
1 12 2
29 234
1 2 2
432 459
1 12 2
312 353
1 14 2
492 473
1 5 2
521 130
1 15 2
589 680
1 9 2
446 375
1 8 2
51 165
1 2 2
41 263
1 2 2
677 396
1 5 2
253 635
1 14 2
106 254
1 13 2
363 40
1 3 2
28 585
1 11 2
30 622
1 3 2
542 383
1 2 2
31 341
1 10 2
430 300
1 7 2
334 189
1 11 2
572 25
1 7 2
260 278
1 13 2
21 77
1 4 2
681 85
1 4 2
583 158
1 4 2
300 411
1 10 2
459 128
1 4 2
277 102
1 13 2
66 587
1 7 2
24 436
1 3 2
112 624
1 12 2
316 264
1 8 2
246 380
1 12 2
261 50
1 12 2
377 241
1 7 2
622 162
1 9 2
659 559
1 11 2
401 561
1 2 2
416 88
1 12 2
447 563
1 3 2
45 70
1 11 2
67 594
1 4 2
134 223
1 12 2
475 101
1 10 2
142 256
1 5 2
347 318
1 12 2
484 363
1 9 2
19 55
1 9 2
297 523
1 6 2
486 250
1 5 2
80 467
1 15 2
254 545
1 3 2
466 441
1 12 2
54 403
1 9 2
461 620
1 4 2
189 77
1 14 2
424 605
1 13 2
523 472
1 12 2
464 508
1 7 2
402 435
1 10 2
629 517
1 11 2
190 315
1 9 2
106 125
1 11 2
620 335
1 8 2
223 632
1 2 2
126 55
1 5 2
472 530
1 5 2
73 118
1 11 2
453 418
1 11 2
649 176
1 15 2
692 392
1 4 2
403 493
1 5 2
132 95
1 6 2
459 369
1 14 2
342 259
1 10 2
452 33
1 11 2
213 673
1 14 2
496 54
1 15 2
298 631
1 14 2
373 520
1 8 2
179 204
1 3 2
125 654
1 6 2
661 47
1 8 2
90 451
1 15 2
477 40
1 7 2
334 208
1 8 2
459 413
1 6 2
393 180
1 13 2
56 377
1 15 2
456 685
1 12 2
348 153
1 10 2
398 137
1 9 2
693 338
1 12 2
254 420
1 3 2
13 699
1 2 2
396 372
1 6 2
166 338
1 15 2
595 464
1 3 2
398 572
1 13 2
467 694
1 12 2
297 56
1 5 2
277 463
1 7 2
513 599
1 8 2
178 250
1 4 2
282 300
1 10 2
337 32
1 6 2
532 320
1 8 2
192 78
1 2 2
83 630
1 2 2
554 411
1 12 2
383 597
1 11 2
569 11
1 7 2
456 138
1 4 2
632 404
1 13 2
59 466
1 14 2
83 303
1 10 2
577 26
1 12 2
445 642
1 14 2
310 40
1 6 2
43 618
1 12 2
131 423
1 15 2
342 367
1 4 2
409 472
1 4 2
256 101
1 8 2
276 684
1 9 2
545 596
1 15 2
363 311
1 9 2
294 405
1 15 2
19 630
1 7 2
88 649
1 6 2
655 580
1 7 2
628 49
1 2 2
102 49
1 11 2
549 251
1 3 2
111 158
1 13 2
288 514
1 3 2
664 59
1 2 2
198 490
1 3 2
25 427
1 5 2
64 563
1 15 2
260 287
1 10 2
456 496
1 15 2
564 354
1 15 2
326 67
1 10 2
637 430
1 5 2
565 317
1 10 2
345 325
1 5 2
23 324
1 8 2
544 593
1 10 2
91 622
1 7 2
130 306
1 13 2
281 96
1 4 2
167 600
1 3 2
326 494
1 12 2
153 395
1 3 2
617 661
1 14 2
205 93
1 6 2
444 196
1 6 2
585 351
1 4 2
262 326
1 12 2
260 141
1 6 2
670 501
1 11 2
118 521
1 8 2
570 205
1 13 2
475 535
1 4 2
527 566
1 2 2
80 573
1 3 2
683 573
1 12 2
598 354
1 8 2
143 329
1 15 2
354 177
1 8 2
210 305
1 13 2
233 337
1 8 2
627 271
1 6 2
255 610
1 13 2
175 658
1 8 2
610 240
1 14 2
371 166
1 10 2
336 625
1 6 2
421 76
1 10 2
108 624
1 4 2
146 323
1 7 2
640 124
1 2 2
646 485
1 8 2
107 494
1 13 2
391 528
1 10 2
635 644
1 8 2
501 15
1 2 2
242 418
1 12 2
124 425
1 6 2
179 444
1 2 2
239 391
1 3 2
202 330
1 4 2
237 268
1 7 2
624 97
1 4 2
332 108
1 8 2
506 327
1 12 2
295 185
1 8 2
412 71
1 11 2
18 2
1 11 2
685 323
1 3 2
157 36
1 12 2
437 116
1 3 2
161 559
1 2 2
266 98
1 8 2
258 456
1 6 2
88 457
1 5 2
200 44
1 10 2
64 327
1 14 2
695 589
1 9 2
314 18
1 11 2
427 512
1 7 2
650 459
1 9 2
298 160
1 6 2
259 604
1 15 2
623 181
1 5 2
187 362
1 9 2
172 222
1 12 2
72 52
1 10 2
420 76
1 6 2
299 226
1 15 2
663 256
1 6 2
243 542
1 9 2
651 87
1 10 2
392 42
1 14 2
659 116
1 7 2
533 235
1 2 2
689 269
1 3 2
231 214
1 13 2
40 241
1 3 2
240 316
1 12 2
390 61
1 15 2
80 261
1 10 2
77 661
1 11 2
180 162
1 4 2
396 333
1 10 2
196 306
1 2 2
187 168
1 12 2
191 601
1 3 2
557 353
1 7 2
81 189
1 2 2
226 295
1 9 2
398 228
1 4 2
55 218
1 7 2
256 427
1 7 2
520 218
1 13 2
175 388
1 11 2
405 608
1 15 2
521 321
1 3 2
256 627
1 8 2
280 477
1 2 2
693 426
1 13 2
214 619
1 4 2
80 79
1 8 2
460 227
1 4 2
469 353
1 8 2
52 677
1 14 2
149 506
1 11 2
538 671
1 11 2
189 20
1 11 2
29 526
1 15 2
298 506
1 5 2
647 222
1 3 2
29 299
1 9 2
263 404
1 6 2
473 139
1 8 2
572 326
1 6 2
683 45
1 10 2
474 386
1 3 2
28 212
1 7 2
611 59
1 4 2
218 363
1 9 2
529 19
1 13 2
33 121
1 9 2
34 451
1 13 2
402 41
1 6 2
607 553
1 13 2
19 200
1 2 2
620 480
1 14 2
649 332
1 3 2
564 226
1 12 2
209 650
1 11 2
71 376
1 15 2
616 655
1 5 2
653 109
1 5 2
515 106
1 11 2
666 52
1 11 2
595 285
1 13 2
277 200
1 7 2
139 666
1 6 2
323 554
1 11 2
179 205
1 12 2
110 152
1 12 2
520 364
1 6 2
630 283
1 9 2
63 594
1 5 2
600 204
1 2 2
662 3
1 4 2
491 27
1 10 2
371 139
1 12 2
643 644
1 9 2
491 252
1 5 2
533 355
1 12 2
355 546
1 9 2
656 288
1 2 2
83 41
1 6 2
55 450
1 10 2
33 341
1 7 2
56 243
1 7 2
48 662
1 9 2
509 656
1 8 2
487 132
1 13 2
193 334
1 3 2
389 169
1 4 2
501 678
1 5 2
286 426
1 12 2
343 258
1 15 2
367 527
1 12 2
614 537
1 10 2
451 340
1 12 2
307 303
1 7 2
549 105
1 13 2
152 353
1 10 2
249 382
1 10 2
53 597
1 13 2
33 164
1 3 2
599 290
1 14 2
73 79
1 11 2
608 7
1 3 2
568 275
1 14 2
71 241
1 12 2
448 533
1 7 2
24 574
1 10 2
544 76
1 8 2
253 264
1 13 2
115 505
1 7 2
427 71
1 9 2
498 411
1 15 2
100 102
1 9 2
595 85
1 6 2
426 433
1 2 2
134 471
1 2 2
191 236
1 9 2
604 427
1 3 2
116 527
1 6 2
465 223
1 6 2
31 689
1 13 2
196 214
1 9 2
623 118
1 11 2
203 51
1 5 2
200 399
1 9 2
201 351
1 11 2
389 174
1 11 2
246 224
1 4 2
268 284
1 11 2
111 109
1 15 2
288 696
1 10 2
587 591
1 13 2
639 656
1 5 2
617 412
1 11 2
188 191
1 2 2
393 5
1 11 2
343 400
1 11 2
324 643
1 5 2
244 506
1 5 2
394 401
1 11 2
118 613
1 13 2
670 279
1 13 2
191 310
1 8 2
204 437
1 11 2
678 47
1 14 2
144 153
1 9 2
295 51
1 8 2
346 274
1 12 2
694 621
1 2 2
423 657
1 14 2
519 232
1 7 2
649 8
1 2 2
414 188
1 7 2
545 587
1 5 2
81 126
1 5 2
684 364
1 13 2
479 345
1 2 2
194 465
1 6 2
633 189
1 4 2
348 464
1 7 2
679 180
1 7 2
39 210
1 14 2
460 508
1 13 2
446 515
1 10 2
611 178
1 10 2
55 35
1 3 2
246 388
1 14 2
466 380
1 11 2
461 556
1 6 2
439 113
1 10 2
421 301
1 3 2
436 306
1 8 2
25 158
1 6 2
686 22
1 14 2
43 681
1 12 2
444 558
1 2 2
573 666
1 6 2
631 582
1 13 2
107 168
1 6 2
332 73
1 8 2
244 216
1 13 2
442 456
1 3 2
184 676
1 15 2
215 594
1 15 2
442 134
1 12 2
671 22
1 5 2
18 688
1 9 2
4 161
1 6 2
599 340
1 13 2
423 665
1 10 2
503 674
1 12 2
259 522
1 10 2
384 535
1 6 2
309 93
1 2 2
120 216
1 2 2
223 621
1 8 2
27 110
1 5 2
352 350
1 15 2
1 395
1 5 2
642 1
1 9 2
212 216
1 8 2
381 143
1 4 2
295 171
1 15 2
482 300
1 8 2
199 94
1 8 2
305 641
1 15 2
413 652
1 15 2
434 426
1 12 2
248 427
1 6 2
148 330
1 8 2
342 277
1 10 2
209 119
1 3 2
115 596
1 12 2
314 158
1 4 2
642 584
1 15 2
53 422
1 12 2
294 65
1 5 2
288 79
1 8 2
603 154
1 11 2
125 360
1 7 2
14 627
1 10 2
656 86
1 11 2
567 402
1 10 2
579 474
1 4 2
263 574
1 14 2
19 609
1 9 2
637 380
1 5 2
199 687
1 13 2
645 650
1 11 2
364 668
1 4 2
508 495
1 12 2
205 540
1 11 2
625 429
1 2 2
544 692
1 13 2
99 617
1 15 2
463 507
1 9 2
122 72
1 8 2
208 594
1 15 2
12 145
1 14 2
570 400
1 4 2
650 113
1 10 2
144 574
1 2 2
433 284
1 15 2
265 166
1 14 2
678 528
1 4 2
507 542
1 5 2
25 367
1 7 2
569 360
1 6 2
27 119
1 10 2
636 585
1 14 2
275 434
1 5 2
649 17
1 5 2
410 27
1 4 2
45 661
1 6 2
163 19
1 15 2
623 364
1 14 2
246 36
1 5 2
189 307
1 10 2
604 640
1 15 2
515 612
1 5 2
271 27
1 14 2
492 278
1 8 2
478 553
1 13 2
207 655
1 5 2
535 47
1 15 2
320 224
1 8 2
339 72
1 14 2
646 601
1 11 2
3 223
1 8 2
421 246
1 8 2
154 587
1 6 2
286 637
1 2 2
358 79
1 15 2
552 501
1 2 2
282 685
1 9 2
291 276
1 10 2
674 569
1 10 2
478 244
1 15 2
640 404
1 11 2
168 49
1 9 2
272 70
1 9 2
552 341
1 5 2
351 324
1 6 2
477 600
1 11 2
169 209
1 6 2
646 444
1 9 2
564 515
1 7 2
697 488
1 12 2
19 262
1 8 2
526 291
1 6 2
0 241
1 4 2
215 429
1 10 2
3 489
1 3 2
616 617
1 14 2
618 437
1 6 2
59 636
1 6 2
393 68
1 12 2
551 146
1 5 2
256 107
1 13 2
249 109
1 7 2
95 465
1 7 2
178 438
1 9 2
300 418
1 9 2
523 355
1 2 2
536 256
1 7 2
180 638
1 13 2
285 174
1 4 2
473 424
1 2 2
521 84
1 11 2
584 145
1 13 2
574 540
1 9 2
327 345
1 15 2
126 428
1 13 2
413 5
1 11 2
464 154
1 3 2
662 318
1 12 2
246 570
1 12 2
614 71
1 6 2
532 245
1 2 2
323 84
1 6 2
221 460
1 10 2
42 580
1 7 2
1 696
1 11 2
249 92
1 12 2
362 104
1 11 2
417 63
1 8 2
46 439
1 8 2
529 417
1 14 2
175 354
1 8 2
21 193
1 10 2
681 495
1 5 2
508 566
1 4 2
45 56
1 12 2
429 186
1 8 2
88 153
1 14 2
324 127
1 14 2
498 648
1 3 2
285 445
1 5 2
127 692
1 5 2
457 332
1 6 2
618 9
1 8 2
119 122
1 6 2
290 168
1 7 2
346 472
1 15 2
80 84
1 7 2
642 688
1 11 2
634 640
1 11 2
174 173
1 8 2
694 153
1 11 2
635 345
1 9 2
86 561
1 15 2
405 118
1 12 2
105 2
1 12 2
446 93
1 10 2
48 297
1 4 2
517 58
1 13 2
216 613
1 12 2
416 595
1 3 2
245 415
1 13 2
445 311
1 10 2
2 615
1 11 2
316 106
1 8 2
257 458
1 7 2
7 596
1 5 2
123 358
1 11 2
586 626
1 10 2
515 294
1 6 2
576 583
1 10 2
190 185
1 4 2
121 520
1 9 2
443 20
1 8 2
84 133
1 10 2
67 222
1 14 2
624 513
1 14 2
228 478
1 15 2
451 469
1 5 2
445 519
1 9 2
220 300
1 7 2
585 343
1 13 2
116 546
1 6 2
203 104
1 3 2
496 90
1 5 2
483 461
1 9 2
413 556
1 4 2
130 482
1 5 2
192 373
1 13 2
520 696
1 9 2
406 161
1 11 2
384 644
1 4 2
378 561
1 14 2
83 30
1 8 2
349 690
1 15 2
160 555
1 10 2
442 231
1 4 2
386 438
1 14 2
463 645
1 3 2
231 297
1 5 2
190 606
1 10 2
628 271
1 11 2
16 593
1 4 2
387 662
1 10 2
297 165
1 15 2
195 642
1 12 2
220 234
1 5 2
466 214
1 13 2
242 647
1 7 2
518 439
1 5 2
541 596
1 3 2
503 124
1 8 2
531 332
1 5 2
375 272
1 7 2
28 259
1 15 2
582 63
1 2 2
556 334
1 13 2
588 373
1 10 2
523 323
1 5 2
343 183
1 13 2
134 193
1 3 2
438 287
1 15 2
101 198
1 9 2
670 417
1 13 2
585 163
1 5 2
653 602
1 5 2
426 623
1 15 2
588 483
1 13 2
82 493
1 10 2
120 31
1 8 2
336 530
1 7 2
692 265
1 11 2
529 656
1 7 2
125 362
1 4 2
9 431
1 9 2
117 380
1 4 2
621 7
1 7 2
688 605
1 9 2
178 288
1 15 2
450 100
1 4 2
309 585
1 9 2
416 216
1 11 2
150 202
1 6 2
542 294
1 14 2
443 670
1 9 2
262 664
1 3 2
75 571
1 3 2
11 347
1 12 2
33 588
1 8 2
239 610
1 5 2
238 95
1 11 2
70 284
1 12 2
652 519
1 12 2
518 36
1 6 2
691 109
1 6 2
269 589
1 14 2
354 86
1 9 2
84 446
1 7 2
679 567
1 8 2
465 656
1 5 2
509 491
1 13 2
19 35
1 2 2
517 239
1 2 2
312 386
1 15 2
54 284
1 3 2
256 535
1 11 2
55 294
1 5 2
555 25
1 5 2
475 643
1 4 2
127 31
1 9 2
76 541
1 4 2
444 379
1 11 2
158 26
1 12 2
434 323
1 14 2
412 471
1 7 2
340 381
1 8 2
541 537
1 15 2
290 518
1 13 2
7 627
1 13 2
0 137
1 7 2
28 151
1 15 2
34 42
1 6 2
407 229
1 9 2
331 499
1 14 2
372 85
1 7 2
309 687
1 6 2
147 2
1 8 2
193 30
1 10 2
626 397
1 6 2
435 634
1 2 2
39 569
1 5 2
214 406
1 4 2
632 15
1 7 2
455 684
1 8 2
382 410
1 11 2
674 71
1 6 2
430 346
1 5 2
655 654
1 8 2
548 552
1 11 2
3 656
1 15 2
265 86
1 10 2
311 143
1 4 2
369 604
1 10 2
638 600
1 9 2
330 313
1 10 2
422 581
1 13 2
512 495
1 7 2
30 657
1 6 2
216 386
1 2 2
558 587
1 4 2
478 480
1 15 2
231 618
1 5 2
144 656
1 10 2
624 583
1 15 2
498 500
1 3 2
100 424
1 15 2
398 441
1 8 2
588 344
1 13 2
461 278
1 11 2
404 461
1 3 2
299 676
1 15 2
10 169
1 7 2
194 515
1 2 2
547 131
1 12 2
407 693
1 9 2
511 233
1 6 2
289 381
1 8 2
344 689
1 9 2
3 30
1 6 2
13 163
1 13 2
197 262
1 13 2
354 117
1 2 2
603 86
1 10 2
667 359
1 10 2
106 463
1 10 2
521 650
1 11 2
356 621
1 14 2
594 660
1 6 2
269 94
1 2 2
275 322
1 8 2
531 1
1 3 2
237 584
1 7 2
191 409
1 4 2
4 77
1 8 2
411 503
1 13 2
291 633
1 12 2
110 32
1 7 2
241 136
1 7 2
119 679
1 9 2
262 444
1 8 2
330 641
1 11 2
516 635
1 13 2
12 550
1 6 2
13 157
1 7 2
98 698
1 7 2
60 138
1 5 2
541 570
1 3 2
380 543
1 11 2
55 128
1 7 2
151 270
1 8 2
198 626
1 6 2
14 388
1 7 2
514 556
1 12 2
310 570
1 9 2
42 374
1 9 2
639 689
1 15 2
671 543
1 11 2
229 84
1 10 2
670 632
1 13 2
389 199
1 10 2
134 402
1 4 2
565 564
1 14 2
148 297
1 5 2
143 113
1 14 2
6 418
1 8 2
625 473
1 7 2
342 618
1 12 2
286 549
1 15 2
693 597
1 14 2
13 47
1 11 2
662 678
1 15 2
252 260
1 3 2
138 335
1 10 2
569 625
1 12 2
606 4
1 11 2
188 580
1 3 2
87 381
1 5 2
515 447
1 12 2
661 540
1 14 2
538 375
1 5 2
378 27
1 12 2
386 432
1 10 2
385 450
1 2 2
648 188
1 15 2
156 10
1 9 2
407 369
1 6 2
30 367
1 6 2
421 407
1 6 2
597 687
1 8 2
214 139
1 8 2
110 120
1 14 2
82 208
1 11 2
114 569
1 7 2
497 548
1 15 2
223 409
1 13 2
284 405
1 2 2
342 417
1 15 2
490 668
1 2 2
50 466
1 8 2
147 585
1 13 2
405 160
1 13 2
197 235
1 7 2
593 409
1 4 2
680 532
1 8 2
590 305
1 7 2
573 669
1 4 2
604 543
1 14 2
51 694
1 7 2
360 279
1 12 2
90 193
1 12 2
452 421
1 13 2
232 242
1 5 2
516 660
1 8 2
640 34
1 15 2
424 223
1 10 2
354 343
1 7 2
359 197
1 15 2
636 144
1 2 2
296 198
1 14 2
27 310
1 14 2
158 537
1 7 2
282 288
1 6 2
478 122
1 4 2
219 486
1 2 2
521 682
1 3 2
228 431
1 8 2
10 123
1 12 2
553 193
1 7 2
512 583
1 9 2
138 555
1 2 2
650 79
1 9 2
191 461
1 9 2
153 143
1 12 2
398 501
1 11 2
61 189
1 10 2
666 238
1 5 2
577 344
1 9 2
628 337
1 7 2
314 256
1 7 2
340 403
1 5 2
536 9
1 13 2
345 658
1 4 2
566 421
1 6 2
633 582
1 2 2
316 590
1 7 2
431 341
1 8 2
343 116
1 13 2
416 147
1 13 2
284 617
1 13 2
97 1
1 11 2
134 294
1 11 2
559 322
1 9 2
528 662
1 13 2
0 637
1 4 2
602 434
1 7 2
360 240
1 11 2
66 382
1 7 2
419 514
1 15 2
34 685
1 14 2
286 521
1 6 2
462 314
1 11 2
380 152
1 14 2
223 591
1 10 2
312 381
1 3 2
253 417
1 10 2
618 419
1 10 2
603 502
1 8 2
56 267
1 14 2
595 356
1 12 2
540 500
1 13 2
603 499
1 10 2
595 257
1 11 2
607 73
1 4 2
417 425
1 7 2
635 104
1 5 2
16 594
1 3 2
100 389
1 11 2
405 376
1 3 2
658 328
1 15 2
514 272
1 12 2
547 243
1 5 2
236 99
1 9 2
467 148
1 2 2
489 10
1 5 2
26 251
1 9 2
413 430
1 14 2
327 389
1 2 2
511 62
1 12 2
278 50
1 3 2
382 387
1 11 2
237 72
1 5 2
556 473
1 15 2
568 677
1 5 2
71 558
1 10 2
487 287
1 4 2
658 654
1 11 2
452 11
1 8 2
143 688
1 11 2
491 264
1 14 2
139 447
1 10 2
251 16
1 12 2
51 436
1 14 2
584 102
1 14 2
207 172
1 9 2
406 575
1 11 2
583 256
1 7 2
555 212
1 7 2
172 537
1 6 2
642 108
1 14 2
648 456
1 4 2
622 542
1 8 2
188 586
1 6 2
23 118
1 8 2
469 101
1 10 2
153 166
1 9 2
73 28
1 14 2
17 516
1 6 2
191 216
1 5 2
14 215
1 14 2
684 325
1 3 2
121 302
1 10 2
82 337
1 12 2
503 647
1 2 2
356 80
1 7 2
563 189
1 9 2
467 531
1 15 2
618 522
1 14 2
545 376
1 15 2
575 76
1 2 2
209 365
1 6 2
499 686
1 7 2
507 12
1 11 2
81 603
1 6 2
656 442
1 14 2
423 244
1 13 2
688 238
1 6 2
491 396
1 7 2
369 438
1 9 2
118 222
1 9 2
219 645
1 13 2
629 39
1 7 2
467 460
1 8 2
627 396
1 6 2
550 564
1 12 2
238 446
1 2 2
108 614
1 9 2
9 386
1 5 2
415 692
1 7 2
140 622
1 2 2
75 169
1 11 2
251 517
1 12 2
606 579
1 9 2
136 49
1 11 2
76 673
1 15 2
244 133
1 15 2
111 428
1 8 2
568 295
1 11 2
644 41
1 12 2
264 371
1 4 2
114 241
1 11 2
464 530
1 7 2
541 232
1 7 2
322 432
1 4 2
415 170
1 10 2
318 133
1 4 2
115 297
1 3 2
350 425
1 3 2
375 262
1 10 2
692 166
1 14 2
407 77
1 15 2
157 286
1 11 2
474 501
1 13 2
400 445
1 14 2
583 690
1 11 2
541 323
1 14 2
229 662
1 11 2
140 161
1 15 2
382 277
1 15 2
586 490
1 5 2
467 162
1 10 2
82 418
1 8 2
416 409
1 10 2
491 380
1 7 2
681 487
1 12 2
657 516
1 10 2
189 94
1 15 2
603 388
1 3 2
271 19
1 8 2
52 80
1 8 2
2 366
1 8 2
568 600
1 11 2
322 694
1 6 2
140 647
1 7 2
126 594
1 7 2
161 544
1 2 2
226 622
1 9 2
224 292
1 9 2
485 371
1 3 2
98 220
1 4 2
394 638
1 4 2
216 538
1 14 2
649 102
1 3 2
371 363
1 7 2
461 384
1 13 2
377 334
1 15 2
649 696
1 12 2
159 630
1 3 2
37 362
1 12 2
127 202
1 2 2
385 495
1 11 2
463 175
1 8 2
561 540
1 10 2
15 168
1 13 2
228 30
1 7 2
441 155
1 9 2
505 606
1 11 2
267 691
1 9 2
94 610
1 13 2
208 11
1 11 2
108 661
1 2 2
235 362
1 13 2
196 467
1 6 2
441 399
1 12 2
78 486
1 8 2
381 580
1 7 2
660 411
1 5 2
210 4
1 10 2
569 57
1 9 2
673 322
1 5 2
659 381
1 8 2
640 69
1 12 2
1 582
1 10 2
88 531
1 13 2
137 464
1 3 2
259 126
1 6 2
494 368
1 9 2
629 428
1 4 2
685 14
1 2 2
301 277
1 3 2
391 20
1 15 2
677 173
1 7 2
96 627
1 13 2
459 663
1 11 2
159 569
1 3 2
591 336
1 10 2
601 172
1 14 2
625 356
1 9 2
696 445
1 7 2
661 652
1 7 2
6 416
1 6 2
379 697
1 5 2
602 85
1 7 2
529 345
1 14 2
202 379
1 7 2
206 539
1 8 2
673 207
1 7 2
111 222
1 11 2
204 208
1 11 2
558 601
1 11 2
23 348
1 15 2
318 690
1 14 2
648 200
1 7 2
611 428
1 4 2
679 462
1 3 2
208 518
1 3 2
514 80
1 7 2
49 585
1 15 2
572 438
1 7 2
628 236
1 6 2
70 333
1 7 2
94 461
1 9 2
571 474
1 5 2
142 616
1 15 2
358 672
1 4 2
222 292
1 4 2
692 424
1 11 2
206 259
1 3 2
58 466
1 9 2
411 455
1 4 2
241 314
1 2 2
626 524
1 11 2
91 198
1 3 2
118 584
1 2 2
193 647
1 6 2
6 543
1 5 2
323 194
1 4 2
43 232
1 10 2
535 447
1 7 2
260 294
1 9 2
284 171
1 10 2
182 638
1 10 2
164 228
1 2 2
182 96
1 12 2
487 289
1 3 2
175 421
1 7 2
512 698
1 7 2
212 185
1 5 2
138 538
1 9 2
243 654
1 3 2
151 507
1 8 2
156 549
1 2 2
130 535
1 12 2
313 540
1 6 2
187 48
1 3 2
144 347
1 5 2
332 479
1 5 2
571 301
1 12 2
189 8
1 12 2
84 28
1 10 2
394 571
1 3 2
646 421
1 14 2
15 57
1 5 2
539 664
1 12 2
691 627
1 4 2
538 563
1 6 2
539 364
1 13 2
486 140
1 13 2
627 165
1 14 2
388 638
1 12 2
111 61
1 2 2
89 117
1 13 2
93 202
1 5 2
562 275
1 5 2
643 315
1 5 2
35 555
1 2 2
389 117
1 15 2
229 275
1 12 2
144 638
1 2 2
521 567
1 10 2
613 111
1 6 2
606 60
1 7 2
85 398
1 6 2
410 203
1 3 2
546 479
1 3 2
605 435
1 8 2
267 685
1 4 2
381 226
1 14 2
367 467
1 3 2
117 112
1 12 2
538 554
1 2 2
531 171
1 5 2
438 113
1 6 2
94 389
1 9 2
514 366
1 4 2
668 407
1 15 2
525 528
1 9 2
275 594
1 8 2
680 589
1 6 2
198 25
1 5 2
181 117
1 3 2
353 576
1 7 2
346 485
1 12 2
672 112
1 5 2
426 336
1 8 2
621 694
1 9 2
283 573
1 15 2
523 58
1 7 2
534 364
1 11 2
30 197
1 2 2
372 604
1 13 2
369 342
1 14 2
24 382
1 15 2
370 56
1 4 2
123 343
1 11 2
613 690
1 13 2
183 0
1 4 2
282 485
1 5 2
453 78
1 15 2
128 165
1 6 2
272 689
1 12 2
233 631
1 5 2
219 512
1 9 2
601 637
1 4 2
278 119
1 15 2
499 677
1 6 2
550 74
1 6 2
605 209
1 15 2
314 341
1 8 2
1 76
1 5 2
87 24
1 6 2
533 225
1 10 2
597 102
1 6 2
153 187
1 10 2
343 372
1 2 2
119 557
1 12 2
669 285
1 2 2
368 412
1 6 2
269 255
1 13 2
418 437
1 8 2
180 451
1 7 2
650 632
1 6 2
298 694
1 15 2
680 536
1 7 2
20 438
1 5 2
645 335
1 5 2
147 629
1 4 2
79 631
1 8 2
513 284
1 10 2
683 358
1 7 2
313 225
1 2 2
692 161
1 6 2
381 646
1 3 2
368 182
1 6 2
675 155
1 3 2
312 454
1 2 2
333 207
1 4 2
48 491
1 3 2
615 671
1 4 2
581 171
1 6 2
245 570
1 12 2
591 586
1 14 2
86 645
1 11 2
239 477
1 26 2
108 338
1 16 2
415 352
1 30 2
487 340
1 8 2
100 75
1 10 2
466 163
1 6 2
438 221
1 12 2
282 414
1 22 2
106 232
1 24 2
212 371
1 4 2
10 357
1 14 2
616 119
1 30 2
460 566
1 10 2
411 209
1 8 2
148 287
1 24 2
634 349
1 28 2
26 638
1 22 2
256 586
1 18 2
465 493
1 24 2
239 583
