700 4185 2100
12 12 13 7 23 9 5 23 11 23 15 6 8 18 24 8 12 5 10 11 16 14 5 16 9 14 23 25 20 9 14 13 24 12 24 22 11 20 11 6 22 21 12 16 23 15 16 8 8 22 14 11 6 21 11 25 18 24 5 17 21 17 11 10 7 6 9 9 13 12 21 10 24 17 5 18 23 23 6 15 14 19 10 25 15 10 10 21 6 10 12 16 6 12 21 16 12 19 12 9 10 14 8 22 15 18 13 16 13 15 9 16 11 19 11 8 20 7 15 14 12 10 12 12 13 22 12 20 24 16 5 16 18 13 17 5 13 8 14 6 22 18 17 8 13 15 5 18 25 17 23 8 24 5 6 7 14 11 17 7 17 11 7 6 15 19 22 16 16 20 12 9 22 18 25 19 16 16 13 8 19 24 17 21 7 7 9 15 9 11 19 21 22 19 17 22 19 11 23 24 10 15 18 19 23 15 13 22 20 13 14 10 20 20 21 6 16 22 19 7 24 15 14 6 18 9 22 16 16 14 18 7 20 20 16 19 15 15 13 25 16 8 11 20 6 22 17 16 17 10 12 14 16 12 12 16 13 6 7 20 22 14 15 7 9 7 16 24 24 14 16 18 25 13 24 19 15 14 24 23 23 8 15 13 20 25 23 14 9 8 21 23 7 25 19 25 18 19 10 25 16 7 24 19 6 11 13 23 22 19 22 23 16 7 20 25 7 11 25 14 10 14 19 10 25 14 18 6 9 21 18 9 13 10 13 15 12 20 24 11 12 18 19 12 20 16 10 20 7 13 18 10 17 9 7 15 11 19 17 22 15 19 15 21 7 6 13 8 11 21 22 5 13 9 13 9 13 24 12 20 11 25 7 14 9 23 9 13 7 13 12 11 15 7 20 15 9 5 19 10 14 6 19 22 13 15 19 10 20 24 6 18 11 15 11 7 16 9 9 17 17 7 25 8 14 11 9 8 23 14 8 15 19 21 6 23 14 9 10 8 12 23 14 24 7 20 25 16 9 14 20 13 25 8 7 9 18 13 17 24 20 7 18 17 7 23 6 24 6 22 9 15 13 22 16 21 5 17 14 18 11 19 8 24 15 23 15 20 24 23 21 19 11 6 16 21 13 19 20 22 18 6 22 10 12 15 12 24 20 18 15 12 13 25 12 13 19 5 5 25 15 25 6 5 18 20 6 24 18 19 25 6 5 19 24 13 6 9 15 10 6 25 20 7 13 7 23 8 17 20 5 18 19 20 16 5 5 9 7 11 19 13 14 15 16 21 20 13 18 9 18 15 25 15 13 10 18 7 16 13 14 22 25 8 24 22 7 19 9 22 10 21 8 19 15 23 9 22 17 21 17 23 8 16 23 8 15 18 13 16 25 18 22 16 25 17 15 20 23 13 16 17 16 12 9 21 18 11 20 15 24 9 19 7 13 10 5 20 5 8 18 17 23 13 21 7 17 17 5 16 8 10 15 9 11 6 25 20 6 16 6 25 24 12 16 7 22 14 18 13 8 21 10 21 21 5 22 5 11 14 5 23 17 7 19 15 13 17 5 25 7 19 13 6 24 19 6 11 22 18
3 5 20 4 16 7 14 12 14 5 16 6 18 10 7 17 13 19 12 18 14 20 4 4 6 14 17 3 16 8 4 3 15 16 12 17 3 4 17 16 18 18 17 6 17 20 10 18 7 13 5 10 18 19 4 13 5 9 6 14 10 15 5 3 11 10 7 14 19 15 17 10 12 5 19 4 9 12 7 16 16 6 3 9 8 20 18 19 13 18 3 5 16 8 14 15 14 5 11 6 11 3 16 5 12 8 3 11 4 4 13 4 5 11 18 12 5 6 7 8 8 4 16 9 12 13 10 10 17 5 16 7 16 20 15 14 8 12 11 14 3 15 6 5 17 4 16 17 20 8 20 10 19 13 13 8 15 5 12 16 19 3 16 13 9 16 19 7 6 4 7 8 9 11 16 16 10 10 7 10 18 14 19 8 5 14 10 11 17 6 15 10 14 6 14 9 7 7 4 15 15 19 16 5 9 6 17 8 11 15 10 17 19 5 19 14 14 4 4 9 7 14 5 13 19 10 14 17 3 10 6 13 14 20 13 11 9 10 11 19 13 5 3 20 8 20 15 6 10 18 12 7 18 18 10 7 19 19 17 20 7 3 12 9 15 4 3 7 14 11 8 9 5 6 20 12 20 4 11 14 13 7 4 14 5 17 18 13 6 10 5 19 17 3 4 18 10 9 18 7 11 4 9 3 20 20 3 9 16 15 3 12 10 12 12 19 19 5 3 12 4 20 3 6 20 17 13 18 16 6 9 10 9 13 15 19 7 9 5 14 7 16 3 6 19 5 9 7 12 15 9 7 5 6 4 19 18 5 18 20 10 14 4 16 8 12 11 14 3 12 16 13 3 4 15 6 10 5 5 19 4 3 17 11 15 3 18 14 16 19 17 19 13 10 7 17 18 18 18 5 13 4 8 8 20 17 3 16 7 4 6 10 6 10 15 20 14 11 14 4 18 13 6 15 14 15 11 19 19 5 11 10 14 4 14 8 5 19 9 7 20 20 16 17 3 17 4 18 12 5 8 14 15 5 3 8 10 17 11 8 12 3 11 20 19 11 15 20 11 19 20 11 15 4 19 19 9 14 12 10 16 4 14 17 5 16 10 19 4 19 18 13 12 17 3 3 7 7 19 15 12 13 9 8 15 4 7 5 6 19 4 12 4 3 15 10 19 16 5 18 4 13 7 3 4 20 13 19 6 4 3 6 9 5 4 8 18 7 4 20 17 3 8 4 6 6 7 12 15 17 10 14 4 12 4 9 5 17 16 17 18 6 13 9 11 13 3 20 13 9 9 4 17 20 11 20 6 17 14 9 6 18 12 5 12 14 4 11 13 5 20 14 8 20 14 13 13 19 6 16 7 5 11 14 14 19 17 7 20 5 10 19 5 20 5 11 18 12 16 5 3 5 12 12 11 17 15 18 20 8 5 11 13 14 6 10 11 10 17 16 17 17 10 19 9 14 10 7 16 10 20 19 6 13 12 14 12 19 20 18 16 8 9 6 20 11 6 10 10 18 3 6 20 10 15 5 7 10 14 20 7 9 6 5 10 14 5 18 18 3 7 10 7 8 14 7 11 20 20 3
1 4 2
634 375
1 11 2
21 637
1 11 2
516 76
1 6 2
30 687
1 3 2
286 502
1 13 2
272 567
1 3 2
646 211
1 9 2
319 348
1 8 2
267 118
1 3 2
121 199
1 10 2
198 314
1 12 2
576 613
1 8 2
295 671
1 11 2
589 222
1 4 2
440 654
1 14 2
47 640
1 7 2
461 146
1 2 2
286 193
1 2 2
133 166
1 7 2
154 389
1 10 2
25 107
1 9 2
622 550
1 12 2
333 445
1 5 2
314 541
1 12 2
628 568
1 4 2
100 633
1 6 2
687 78
1 5 2
685 282
1 12 2
395 620
1 14 2
656 499
1 15 2
551 309
1 5 2
650 504
1 15 2
495 65
1 4 2
474 541
1 12 2
241 659
1 4 2
123 341
1 15 2
440 662
1 11 2
207 433
1 11 2
265 453
1 2 2
187 593
1 7 2
439 300
1 9 2
472 493
1 10 2
201 169
1 6 2
275 30
1 10 2
40 656
1 4 2
514 190
1 7 2
291 201
1 15 2
86 631
1 5 2
251 116
1 4 2
389 519
1 14 2
498 375
1 14 2
120 365
1 13 2
462 446
1 12 2
533 387
1 14 2
448 243
1 11 2
217 3
1 12 2
683 254
1 8 2
101 532
1 12 2
93 382
1 10 2
126 594
1 11 2
562 515
1 7 2
70 233
1 3 2
528 171
1 2 2
184 89
1 6 2
242 283
1 4 2
438 480
1 2 2
59 206
1 3 2
2 61
1 13 2
18 555
1 9 2
219 656
1 5 2
645 316
1 11 2
410 311
1 14 2
368 300
1 15 2
34 198
1 6 2
580 422
1 3 2
69 480
1 11 2
452 258
1 7 2
217 184
1 6 2
515 234
1 8 2
521 255
1 3 2
554 565
1 11 2
334 381
1 2 2
122 398
1 6 2
651 33
1 15 2
419 270
1 4 2
575 383
1 9 2
692 407
1 9 2
59 164
1 13 2
281 25
1 13 2
536 89
1 6 2
620 115
1 11 2
231 464
1 9 2
480 221
1 3 2
413 164
1 4 2
641 363
1 12 2
657 425
1 3 2
555 659
1 10 2
454 649
1 8 2
338 472
1 5 2
609 360
1 11 2
333 152
1 12 2
509 46
1 6 2
694 233
1 13 2
599 98
1 14 2
356 456
1 2 2
562 331
1 11 2
81 463
1 2 2
436 297
1 5 2
615 109
1 12 2
377 445
1 4 2
679 422
1 2 2
604 190
1 8 2
166 291
1 2 2
373 284
1 8 2
507 125
1 11 2
97 25
1 12 2
334 312
1 6 2
110 5
1 7 2
514 114
1 14 2
301 596
1 2 2
315 292
1 2 2
53 559
1 3 2
455 690
1 12 2
362 509
1 13 2
422 687
1 13 2
282 329
1 8 2
500 151
1 12 2
35 262
1 14 2
626 7
1 2 2
221 364
1 5 2
249 204
1 8 2
162 12
1 3 2
42 198
1 15 2
515 285
1 12 2
243 617
1 13 2
370 14
1 14 2
343 612
1 9 2
67 205
1 5 2
491 248
1 12 2
610 123
1 6 2
505 563
1 14 2
178 406
1 13 2
636 253
1 4 2
437 401
1 7 2
618 413
1 4 2
217 662
1 13 2
481 482
1 3 2
651 319
1 5 2
218 60
1 10 2
189 687
1 8 2
196 213
1 6 2
641 9
1 9 2
337 343
1 4 2
675 496
1 3 2
643 577
1 3 2
398 229
1 14 2
378 256
1 13 2
32 351
1 9 2
67 622
1 7 2
612 640
1 15 2
253 573
1 3 2
120 19
1 14 2
382 566
1 7 2
91 35
1 14 2
374 12
1 12 2
18 676
1 14 2
187 432
1 10 2
438 521
1 8 2
65 212
1 9 2
336 222
1 9 2
176 635
1 13 2
645 553
1 8 2
617 173
1 15 2
348 135
1 5 2
240 22
1 5 2
146 455
1 8 2
564 366
1 4 2
182 116
1 12 2
418 438
1 8 2
416 670
1 12 2
594 551
1 7 2
65 113
1 5 2
267 334
1 5 2
513 33
1 10 2
575 295
1 14 2
444 246
1 13 2
28 53
1 3 2
401 599
1 14 2
283 250
1 9 2
474 579
1 7 2
287 2
1 9 2
249 45
1 8 2
445 122
1 8 2
317 663
1 15 2
216 336
1 10 2
422 114
1 3 2
8 698
1 15 2
413 235
1 12 2
633 513
1 7 2
406 346
1 15 2
493 388
1 4 2
547 278
1 7 2
297 282
1 6 2
155 515
1 9 2
598 652
1 11 2
287 8
1 2 2
306 593
1 10 2
181 610
1 8 2
626 365
1 13 2
695 264
1 9 2
108 156
1 15 2
220 431
1 6 2
109 501
1 3 2
226 328
1 5 2
517 320
1 9 2
609 443
1 6 2
54 186
1 15 2
263 577
1 11 2
227 33
1 2 2
19 71
1 3 2
108 298
1 14 2
78 97
1 7 2
417 397
1 3 2
306 211
1 9 2
264 106
1 5 2
496 678
1 2 2
491 134
1 8 2
604 436
1 4 2
419 123
1 11 2
362 363
1 5 2
654 392
1 9 2
86 362
1 8 2
251 316
1 6 2
65 692
1 9 2
248 385
1 12 2
600 160
1 9 2
178 211
1 7 2
628 368
1 13 2
241 608
1 5 2
320 42
1 9 2
568 372
1 3 2
524 323
1 10 2
30 14
1 6 2
193 574
1 13 2
498 392
1 4 2
632 48
1 13 2
32 603
1 8 2
559 365
1 13 2
350 671
1 13 2
581 205
1 12 2
522 479
1 14 2
41 646
1 12 2
539 343
1 4 2
236 518
1 3 2
500 393
1 9 2
439 204
1 14 2
93 610
1 7 2
643 481
1 7 2
554 407
1 9 2
481 50
1 12 2
644 29
1 4 2
437 63
1 3 2
57 595
1 11 2
127 61
1 10 2
107 87
1 8 2
670 559
1 5 2
377 590
1 7 2
454 59
1 13 2
200 251
1 3 2
184 162
1 4 2
82 181
1 5 2
32 490
1 9 2
523 261
1 15 2
641 634
1 7 2
464 415
1 7 2
10 337
1 7 2
310 349
1 3 2
170 410
1 5 2
555 681
1 6 2
372 424
1 5 2
199 61
1 15 2
444 342
1 4 2
23 96
1 7 2
285 314
1 3 2
393 526
1 15 2
475 140
1 11 2
14 263
1 5 2
117 318
1 11 2
23 646
1 12 2
13 653
1 12 2
475 478
1 5 2
343 609
1 5 2
562 228
1 12 2
470 101
1 15 2
281 101
1 5 2
471 279
1 8 2
288 502
1 15 2
323 699
1 2 2
677 236
1 4 2
477 90
1 4 2
111 623
1 6 2
114 137
1 6 2
29 386
1 10 2
678 28
1 14 2
109 193
1 4 2
497 127
1 2 2
124 344
1 9 2
570 74
1 12 2
59 15
1 2 2
608 25
1 9 2
616 285
1 11 2
155 124
1 10 2
620 694
1 8 2
518 172
1 3 2
366 497
1 3 2
466 5
1 9 2
409 523
1 5 2
109 487
1 9 2
211 585
1 3 2
116 16
1 4 2
606 139
1 2 2
558 462
1 6 2
578 271
1 10 2
106 440
1 13 2
486 46
1 15 2
262 238
1 10 2
389 312
1 9 2
621 643
1 4 2
119 84
1 2 2
292 482
1 11 2
680 402
1 5 2
646 699
1 6 2
612 454
1 2 2
514 469
1 8 2
334 101
1 4 2
17 489
1 10 2
208 321
1 6 2
239 37
1 3 2
417 551
1 6 2
363 245
1 4 2
94 491
1 5 2
478 540
1 2 2
62 387
1 5 2
31 147
1 5 2
512 133
1 3 2
427 163
1 8 2
183 543
1 5 2
353 539
1 9 2
77 71
1 5 2
571 73
1 3 2
602 356
1 5 2
354 380
1 12 2
578 622
1 3 2
679 391
1 2 2
435 51
1 3 2
139 632
1 13 2
467 171
1 3 2
602 77
1 15 2
151 481
1 15 2
78 265
1 14 2
478 590
1 2 2
569 416
1 5 2
161 429
1 6 2
407 301
1 2 2
124 690
1 15 2
207 126
1 14 2
641 259
1 5 2
280 369
1 8 2
340 485
1 14 2
1 405
1 15 2
0 254
1 5 2
337 333
1 2 2
101 434
1 11 2
324 125
1 8 2
606 676
1 5 2
107 106
1 6 2
346 529
1 7 2
241 167
1 4 2
221 656
1 9 2
620 77
1 4 2
110 31
1 10 2
543 559
1 11 2
83 269
1 11 2
646 317
1 15 2
648 454
1 6 2
194 396
1 3 2
500 276
1 6 2
611 254
1 12 2
161 582
1 10 2
61 143
1 15 2
210 416
1 8 2
567 19
1 15 2
568 529
1 11 2
167 201
1 9 2
328 594
1 7 2
369 15
1 14 2
236 67
1 2 2
234 575
1 12 2
544 178
1 4 2
53 482
1 8 2
449 56
1 7 2
426 387
1 14 2
76 261
1 11 2
368 294
1 12 2
395 464
1 7 2
575 644
1 13 2
416 53
1 8 2
292 399
1 14 2
449 319
1 9 2
350 260
1 3 2
35 288
1 12 2
610 471
1 13 2
79 16
1 7 2
214 317
1 7 2
215 109
1 10 2
536 580
1 3 2
691 68
1 13 2
645 140
1 8 2
97 388
1 9 2
465 104
1 14 2
238 301
1 12 2
142 236
1 5 2
161 682
1 14 2
182 1
1 10 2
617 259
1 3 2
487 414
1 6 2
427 502
1 6 2
497 231
1 3 2
661 636
1 9 2
582 43
1 13 2
669 18
1 5 2
505 600
1 9 2
580 396
1 12 2
423 429
1 5 2
665 491
1 14 2
25 267
1 10 2
92 476
1 11 2
605 279
1 5 2
639 548
1 11 2
377 511
1 5 2
122 606
1 4 2
105 152
1 5 2
566 563
1 2 2
172 482
1 7 2
236 629
1 2 2
438 264
1 12 2
659 306
1 3 2
563 106
1 13 2
424 73
1 5 2
670 178
1 2 2
560 36
1 4 2
501 81
1 3 2
367 616
1 10 2
401 78
1 2 2
543 331
1 8 2
84 177
1 3 2
429 217
1 7 2
668 456
1 3 2
579 372
1 9 2
330 464
1 11 2
699 681
1 2 2
411 128
1 8 2
181 489
1 11 2
126 26
1 8 2
167 566
1 15 2
658 255
1 4 2
235 512
1 8 2
560 687
1 4 2
467 257
1 11 2
571 352
1 8 2
426 53
1 5 2
30 357
1 9 2
339 334
1 10 2
415 479
1 15 2
435 467
1 15 2
639 166
1 6 2
111 262
1 12 2
561 672
1 8 2
347 591
1 6 2
497 417
1 7 2
511 536
1 4 2
553 637
1 14 2
575 294
1 2 2
414 501
1 15 2
184 604
1 9 2
175 35
1 5 2
311 494
1 9 2
91 493
1 15 2
543 468
1 9 2
28 235
1 9 2
439 286
1 11 2
609 183
1 9 2
447 227
1 13 2
342 399
1 3 2
27 682
1 3 2
649 262
1 13 2
35 65
1 14 2
157 78
1 8 2
685 564
1 12 2
312 421
1 7 2
184 690
1 11 2
209 526
1 7 2
204 182
1 8 2
590 3
1 13 2
569 278
1 15 2
521 293
1 10 2
344 398
1 9 2
159 588
1 14 2
386 236
1 15 2
628 214
1 15 2
254 14
1 2 2
43 666
1 12 2
373 511
1 2 2
248 106
1 5 2
566 326
1 8 2
650 262
1 5 2
443 117
1 13 2
553 84
1 4 2
148 201
1 4 2
676 321
1 4 2
368 341
1 9 2
206 190
1 12 2
548 532
1 7 2
209 285
1 2 2
660 615
1 5 2
506 195
1 12 2
80 684
1 14 2
266 103
1 4 2
393 602
1 8 2
566 254
1 10 2
379 468
1 5 2
311 476
1 11 2
247 422
1 11 2
174 537
1 2 2
310 590
1 10 2
621 317
1 12 2
494 100
1 3 2
277 286
1 13 2
387 570
1 4 2
468 505
1 11 2
463 696
1 11 2
492 247
1 2 2
446 402
1 8 2
37 168
1 15 2
41 482
1 6 2
496 172
1 5 2
453 674
1 9 2
548 331
1 11 2
546 538
1 13 2
510 561
1 9 2
455 655
1 14 2
149 63
1 8 2
376 696
1 5 2
542 623
1 14 2
649 21
1 2 2
393 444
1 2 2
678 647
1 4 2
347 362
1 10 2
605 59
1 3 2
218 270
1 2 2
513 381
1 10 2
302 397
1 15 2
542 177
1 2 2
170 594
1 8 2
491 526
1 4 2
335 196
1 6 2
614 416
1 3 2
238 70
1 5 2
610 470
1 4 2
673 54
1 4 2
124 305
1 12 2
313 60
1 12 2
332 462
1 13 2
602 151
1 6 2
602 54
1 9 2
101 128
1 3 2
476 343
1 10 2
209 17
1 4 2
271 593
1 8 2
41 24
1 6 2
315 579
1 7 2
16 369
1 14 2
259 464
1 7 2
535 607
1 3 2
48 409
1 8 2
458 330
1 13 2
468 249
1 6 2
485 128
1 9 2
294 160
1 4 2
452 203
1 2 2
302 404
1 13 2
601 513
1 4 2
376 401
1 10 2
255 297
1 8 2
164 270
1 8 2
675 699
1 4 2
337 434
1 7 2
257 354
1 2 2
253 560
1 4 2
5 137
1 10 2
267 190
1 5 2
558 32
1 14 2
669 255
1 10 2
626 293
1 7 2
179 438
1 5 2
233 95
1 10 2
330 146
1 4 2
241 299
1 13 2
243 492
1 14 2
41 422
1 9 2
599 323
1 13 2
376 9
1 15 2
616 611
1 4 2
487 206
1 5 2
256 32
1 8 2
574 121
1 3 2
147 255
1 6 2
567 229
1 6 2
452 437
1 4 2
504 196
1 2 2
601 383
1 2 2
314 87
1 5 2
61 427
1 7 2
236 462
1 10 2
76 595
1 8 2
509 660
1 13 2
416 461
1 5 2
53 529
1 13 2
469 1
1 11 2
66 59
1 9 2
353 229
1 10 2
121 336
1 6 2
211 152
1 12 2
252 214
1 3 2
539 305
1 5 2
244 95
1 7 2
57 263
1 7 2
208 243
1 2 2
440 154
1 10 2
316 199
1 7 2
47 692
1 2 2
146 695
1 8 2
273 168
1 14 2
579 550
1 2 2
450 443
1 10 2
516 528
1 7 2
622 566
1 7 2
354 431
1 3 2
444 310
1 2 2
141 319
1 7 2
563 75
1 12 2
209 214
1 9 2
115 633
1 2 2
400 520
1 12 2
692 514
1 8 2
579 312
1 12 2
205 110
1 14 2
642 241
1 4 2
514 401
1 4 2
603 536
1 5 2
471 234
1 2 2
366 53
1 7 2
591 427
1 9 2
309 494
1 8 2
627 193
1 8 2
658 367
1 12 2
506 350
1 5 2
326 564
1 13 2
487 646
1 10 2
514 36
1 9 2
367 335
1 11 2
250 502
1 4 2
681 167
1 13 2
9 291
1 9 2
195 90
1 15 2
307 36
1 7 2
372 676
1 11 2
688 51
1 13 2
299 247
1 3 2
103 157
1 14 2
606 680
1 6 2
204 19
1 5 2
650 541
1 7 2
445 229
1 11 2
438 88
1 8 2
148 301
1 7 2
527 447
1 4 2
2 234
1 4 2
686 583
1 12 2
63 691
1 11 2
494 169
1 12 2
264 89
1 3 2
145 513
1 5 2
526 650
1 13 2
214 330
1 5 2
75 128
1 5 2
491 565
1 9 2
312 271
1 14 2
206 675
1 2 2
91 549
1 10 2
475 368
1 8 2
377 659
1 11 2
473 86
1 8 2
198 689
1 14 2
72 688
1 8 2
603 439
1 5 2
448 511
1 4 2
153 683
1 13 2
579 556
1 13 2
507 211
1 15 2
207 460
1 11 2
541 579
1 12 2
248 651
1 2 2
484 584
1 3 2
137 617
1 15 2
397 557
1 15 2
689 527
1 14 2
372 576
1 3 2
695 194
1 12 2
620 392
1 2 2
485 653
1 10 2
190 192
1 15 2
322 630
1 15 2
394 384
1 9 2
222 167
1 5 2
254 408
1 10 2
638 579
1 8 2
365 425
1 10 2
383 639
1 15 2
268 684
1 10 2
306 28
1 7 2
580 84
1 4 2
680 379
1 3 2
82 173
1 9 2
522 217
1 13 2
53 513
1 7 2
55 8
1 8 2
540 341
1 9 2
252 402
1 10 2
22 689
1 14 2
87 448
1 12 2
563 497
1 9 2
11 595
1 4 2
410 155
1 8 2
126 75
1 3 2
473 232
1 9 2
434 664
1 8 2
179 397
1 8 2
113 447
1 7 2
278 96
1 12 2
9 18
1 10 2
574 415
1 14 2
545 363
1 5 2
304 170
1 4 2
517 125
1 14 2
636 288
1 13 2
194 7
1 3 2
565 517
1 8 2
196 608
1 13 2
690 619
1 4 2
513 340
1 5 2
544 461
1 10 2
138 223
1 5 2
506 179
1 4 2
390 354
1 13 2
483 470
1 4 2
406 461
1 5 2
161 183
1 11 2
591 592
1 13 2
679 212
1 13 2
504 344
1 3 2
132 368
1 10 2
139 55
1 7 2
267 584
1 9 2
32 71
1 2 2
403 84
1 10 2
57 129
1 4 2
90 280
1 7 2
225 18
1 11 2
291 433
1 5 2
101 454
1 8 2
121 302
1 15 2
144 0
1 9 2
495 310
1 11 2
308 88
1 5 2
693 316
1 11 2
466 589
1 6 2
239 603
1 8 2
231 396
1 13 2
451 223
1 11 2
449 632
1 5 2
220 87
1 9 2
517 636
1 14 2
192 500
1 11 2
692 446
1 13 2
667 568
1 13 2
632 422
1 5 2
203 182
1 13 2
432 51
1 8 2
468 464
1 13 2
658 216
1 2 2
124 288
1 7 2
404 102
1 3 2
82 34
1 4 2
337 227
1 8 2
480 421
1 15 2
329 364
1 4 2
275 382
1 13 2
346 428
1 6 2
250 34
1 6 2
17 98
1 6 2
603 414
1 14 2
422 502
1 12 2
627 533
1 13 2
449 564
1 13 2
356 193
1 5 2
115 85
1 4 2
293 460
1 5 2
389 542
1 4 2
542 571
1 10 2
165 687
1 11 2
604 49
1 15 2
429 699
1 6 2
641 473
1 14 2
651 154
1 9 2
76 375
1 9 2
505 160
1 3 2
670 205
1 10 2
68 613
1 10 2
523 654
1 11 2
355 332
1 15 2
13 182
1 14 2
369 690
1 8 2
459 134
1 5 2
561 366
1 11 2
371 545
1 11 2
469 558
1 8 2
292 69
1 8 2
58 256
1 2 2
613 302
1 2 2
184 247
1 13 2
55 612
1 7 2
256 365
1 5 2
598 648
1 4 2
120 570
1 5 2
118 73
1 3 2
17 515
1 12 2
391 369
1 10 2
109 460
1 11 2
421 113
1 2 2
623 143
1 15 2
65 498
1 2 2
481 7
1 10 2
312 435
1 9 2
383 318
1 8 2
682 318
1 14 2
404 168
1 15 2
284 205
1 13 2
695 372
1 2 2
496 121
1 15 2
117 21
1 12 2
570 652
1 3 2
136 260
1 3 2
246 631
1 14 2
323 399
1 4 2
393 277
1 15 2
554 276
1 12 2
88 256
1 9 2
666 545
1 11 2
591 517
1 2 2
334 395
1 3 2
223 2
1 15 2
415 87
1 3 2
34 127
1 13 2
97 81
1 4 2
418 246
1 5 2
636 520
1 14 2
565 371
1 14 2
323 656
1 14 2
440 461
1 13 2
221 248
1 10 2
696 455
1 5 2
656 86
1 9 2
242 130
1 3 2
291 87
1 2 2
411 59
1 10 2
576 376
1 15 2
36 465
1 9 2
568 417
1 3 2
232 154
1 2 2
207 145
1 12 2
519 583
1 4 2
523 74
1 6 2
145 403
1 2 2
174 432
1 14 2
439 155
1 14 2
537 602
1 12 2
324 482
1 6 2
542 111
1 9 2
163 619
1 9 2
516 549
1 10 2
526 204
1 15 2
637 595
1 11 2
476 529
1 13 2
457 501
1 14 2
27 638
1 7 2
188 573
1 10 2
290 280
1 12 2
341 507
1 10 2
659 437
1 4 2
658 181
1 11 2
98 204
1 10 2
222 308
1 5 2
326 257
1 11 2
491 332
1 5 2
253 65
1 13 2
71 573
1 11 2
150 630
1 6 2
376 458
1 7 2
353 660
1 14 2
540 338
1 10 2
232 640
1 13 2
520 442
1 4 2
551 13
1 2 2
386 399
1 5 2
111 206
1 2 2
176 416
1 4 2
249 232
1 8 2
574 338
1 15 2
453 41
1 9 2
622 350
1 4 2
681 391
1 5 2
628 289
1 9 2
526 208
1 8 2
522 557
1 3 2
498 695
1 10 2
65 663
1 8 2
186 478
1 11 2
28 394
1 12 2
220 653
1 11 2
73 538
1 12 2
272 341
1 5 2
29 222
1 7 2
171 229
1 9 2
478 22
1 4 2
12 591
1 12 2
593 149
1 7 2
351 522
1 13 2
624 81
1 15 2
444 640
1 7 2
30 163
1 7 2
502 381
1 2 2
141 99
1 14 2
569 161
1 13 2
161 71
1 12 2
196 214
1 3 2
41 627
1 15 2
647 75
1 6 2
205 143
1 3 2
589 441
1 7 2
54 277
1 13 2
563 657
1 4 2
305 498
1 13 2
422 136
1 3 2
367 170
1 3 2
182 672
1 9 2
503 617
1 12 2
487 301
1 12 2
383 201
1 10 2
465 240
1 5 2
665 302
1 9 2
537 265
1 12 2
418 534
1 12 2
26 200
1 12 2
597 353
1 9 2
452 153
1 6 2
481 28
1 14 2
355 360
1 9 2
546 649
1 4 2
282 13
1 9 2
386 509
1 13 2
102 414
1 3 2
682 397
1 15 2
261 382
1 14 2
633 128
1 6 2
139 332
1 9 2
163 563
1 10 2
158 313
1 12 2
289 392
1 5 2
379 176
1 11 2
586 592
1 14 2
378 336
1 13 2
615 381
1 10 2
262 253
1 8 2
495 132
1 8 2
473 311
1 2 2
641 537
1 3 2
627 661
1 3 2
154 430
1 15 2
266 30
1 9 2
290 565
1 7 2
695 137
1 15 2
393 580
1 5 2
191 329
1 11 2
438 499
1 15 2
430 248
1 6 2
356 94
1 3 2
475 314
1 2 2
570 107
1 8 2
100 442
1 3 2
627 558
1 7 2
423 245
1 12 2
476 370
1 6 2
51 122
1 14 2
646 559
1 2 2
387 137
1 2 2
594 10
1 5 2
532 35
1 8 2
606 151
1 5 2
235 496
1 2 2
98 196
1 10 2
305 326
1 2 2
659 431
1 7 2
213 688
1 5 2
626 207
1 5 2
223 178
1 8 2
524 306
1 8 2
394 421
1 14 2
543 224
1 8 2
524 507
1 6 2
172 484
1 15 2
212 308
1 2 2
434 525
1 13 2
96 661
1 11 2
4 103
1 11 2
226 453
1 4 2
392 409
1 5 2
242 196
1 3 2
374 138
1 13 2
585 383
1 12 2
282 632
1 5 2
518 624
1 5 2
631 543
1 10 2
119 397
1 9 2
289 483
1 3 2
440 193
1 2 2
547 515
1 15 2
349 372
1 8 2
405 672
1 10 2
325 179
1 14 2
177 173
1 13 2
105 394
1 10 2
534 330
1 6 2
497 149
1 8 2
342 216
1 6 2
108 566
1 9 2
260 150
1 15 2
250 527
1 12 2
260 670
1 3 2
253 343
1 10 2
594 566
1 7 2
29 124
1 10 2
605 66
1 2 2
580 641
1 5 2
680 382
1 5 2
10 662
1 3 2
140 61
1 4 2
32 180
1 6 2
458 405
1 6 2
80 68
1 2 2
199 148
1 9 2
331 50
1 6 2
529 456
1 14 2
485 40
1 14 2
298 486
1 11 2
628 190
1 9 2
666 482
1 11 2
58 384
1 14 2
568 84
1 13 2
572 313
1 15 2
107 533
1 15 2
128 92
1 10 2
28 422
1 11 2
36 329
1 6 2
111 547
1 14 2
105 290
1 14 2
653 241
1 6 2
116 328
1 4 2
450 455
1 7 2
432 555
1 10 2
306 395
1 2 2
213 312
1 2 2
669 8
1 5 2
140 629
1 11 2
54 302
1 10 2
519 99
1 15 2
183 291
1 9 2
84 248
1 15 2
142 16
1 3 2
205 195
1 9 2
369 114
1 5 2
255 558
1 5 2
579 646
1 12 2
519 443
1 10 2
620 243
1 15 2
107 678
1 11 2
635 54
1 2 2
532 186
1 13 2
189 20
1 5 2
130 127
1 12 2
465 446
1 9 2
204 169
1 4 2
464 589
1 9 2
399 433
1 7 2
75 652
1 8 2
424 22
1 2 2
148 413
1 8 2
528 557
1 9 2
586 40
1 14 2
555 74
1 2 2
269 118
1 5 2
535 568
1 2 2
338 226
1 15 2
63 306
1 10 2
585 428
1 10 2
360 207
1 14 2
197 107
1 6 2
434 179
1 12 2
686 432
1 11 2
71 657
1 4 2
36 393
1 15 2
318 70
1 9 2
76 325
1 8 2
561 50
1 15 2
444 454
1 7 2
0 529
1 9 2
591 234
1 5 2
216 558
1 13 2
625 523
1 14 2
618 395
1 5 2
176 130
1 4 2
351 359
1 12 2
222 117
1 9 2
697 583
1 13 2
396 470
1 12 2
336 513
1 11 2
571 246
1 15 2
135 143
1 10 2
179 206
1 15 2
384 310
1 5 2
693 561
1 3 2
269 446
1 2 2
420 576
1 13 2
143 61
1 13 2
406 376
1 3 2
315 171
1 15 2
194 644
1 14 2
250 372
1 3 2
663 145
1 2 2
673 483
1 4 2
664 231
1 4 2
339 37
1 5 2
19 483
1 10 2
220 592
1 5 2
322 111
1 2 2
272 264
1 12 2
596 220
1 9 2
400 305
1 6 2
634 194
1 9 2
165 52
1 15 2
105 363
1 6 2
400 161
1 9 2
135 84
1 13 2
243 221
1 8 2
152 408
1 5 2
204 174
1 13 2
176 400
1 2 2
580 74
1 2 2
338 617
1 9 2
616 453
1 12 2
381 582
1 14 2
575 440
1 10 2
389 530
1 8 2
360 251
1 11 2
665 356
1 9 2
87 252
1 2 2
107 122
1 2 2
668 654
1 8 2
292 570
1 14 2
134 335
1 10 2
270 285
1 8 2
210 699
1 9 2
1 325
1 12 2
255 403
1 15 2
654 557
1 10 2
477 387
1 5 2
437 218
1 6 2
198 246
1 5 2
657 435
1 13 2
317 448
1 4 2
255 419
1 6 2
14 414
1 10 2
299 37
1 14 2
590 184
1 10 2
467 243
1 12 2
404 224
1 11 2
9 221
1 5 2
427 621
1 13 2
176 583
1 7 2
67 504
1 4 2
214 639
1 2 2
425 29
1 10 2
695 146
1 5 2
639 549
1 4 2
695 688
1 10 2
109 48
1 14 2
220 532
1 5 2
440 411
1 10 2
553 419
1 2 2
689 412
1 15 2
48 239
1 15 2
26 150
1 7 2
484 449
1 11 2
273 658
1 10 2
181 108
1 9 2
26 142
1 5 2
569 668
1 6 2
689 619
1 11 2
217 273
1 2 2
110 75
1 4 2
116 478
1 2 2
445 458
1 11 2
233 405
1 14 2
622 237
1 5 2
571 158
1 3 2
636 215
1 2 2
515 277
1 15 2
131 422
1 12 2
223 101
1 6 2
24 138
1 14 2
564 111
1 15 2
220 235
1 9 2
669 505
1 7 2
90 82
1 2 2
189 697
1 3 2
358 228
1 7 2
346 101
1 6 2
65 561
1 13 2
169 599
1 8 2
634 476
1 11 2
580 433
1 15 2
170 565
1 7 2
308 89
1 11 2
697 113
1 10 2
277 259
1 9 2
561 660
1 2 2
333 394
1 14 2
13 325
1 15 2
60 495
1 5 2
81 387
1 11 2
221 260
1 9 2
27 574
1 14 2
241 661
1 10 2
296 240
1 6 2
134 0
1 6 2
417 450
1 4 2
673 171
1 5 2
90 218
1 9 2
218 568
1 6 2
263 544
1 3 2
101 45
1 3 2
385 9
1 8 2
698 31
1 15 2
256 514
1 6 2
425 635
1 8 2
509 159
1 9 2
695 382
1 9 2
505 677
1 6 2
299 257
1 2 2
124 515
1 8 2
522 56
1 12 2
192 325
1 11 2
163 634
1 2 2
507 389
1 11 2
68 151
1 8 2
616 553
1 10 2
672 244
1 9 2
427 112
1 8 2
448 173
1 3 2
580 258
1 14 2
581 168
1 14 2
19 433
1 12 2
112 574
1 6 2
424 355
1 5 2
183 45
1 7 2
315 617
1 6 2
428 156
1 13 2
94 698
1 10 2
122 385
1 4 2
591 377
1 5 2
377 650
1 13 2
406 26
1 6 2
240 639
1 10 2
82 24
1 9 2
504 283
1 3 2
75 91
1 3 2
377 636
1 7 2
384 367
1 12 2
58 653
1 5 2
578 454
1 9 2
515 319
1 8 2
118 98
1 8 2
609 84
1 8 2
629 687
1 2 2
573 165
1 12 2
319 676
1 4 2
660 315
1 6 2
665 188
1 14 2
9 158
1 7 2
271 65
1 12 2
296 452
1 8 2
440 694
1 12 2
149 40
1 10 2
385 278
1 14 2
588 490
1 5 2
578 60
1 2 2
531 5
1 14 2
664 387
1 2 2
660 518
1 2 2
523 275
1 4 2
575 319
1 7 2
229 96
1 12 2
367 372
1 2 2
500 82
1 14 2
631 449
1 15 2
425 374
1 2 2
268 348
1 13 2
64 296
1 8 2
257 548
1 14 2
680 485
1 10 2
212 590
1 5 2
279 609
1 14 2
380 64
1 4 2
618 214
1 11 2
360 196
1 4 2
649 207
1 10 2
17 551
1 4 2
195 488
1 7 2
515 225
1 5 2
180 645
1 5 2
107 436
1 11 2
102 616
1 3 2
162 564
1 9 2
42 534
1 15 2
510 265
1 9 2
592 0
1 7 2
358 491
1 9 2
507 591
1 13 2
295 43
1 15 2
490 592
1 6 2
691 400
1 2 2
19 12
1 2 2
55 171
1 9 2
155 302
1 8 2
488 260
1 15 2
432 606
1 10 2
124 284
1 15 2
338 182
1 5 2
671 552
1 10 2
209 411
1 9 2
276 249
1 3 2
590 425
1 8 2
20 544
1 11 2
204 597
1 12 2
519 401
1 11 2
25 298
1 4 2
427 290
1 8 2
645 660
1 6 2
451 658
1 14 2
6 94
1 14 2
175 244
1 6 2
632 202
1 14 2
64 507
1 6 2
452 451
1 6 2
234 128
1 5 2
61 65
1 15 2
50 611
1 5 2
306 518
1 6 2
320 218
1 5 2
3 527
1 3 2
577 697
1 14 2
69 60
1 3 2
160 131
1 10 2
573 557
1 7 2
375 218
1 8 2
537 608
1 15 2
492 288
1 14 2
428 41
1 4 2
158 243
1 9 2
185 8
1 14 2
253 338
1 7 2
276 161
1 7 2
405 566
1 4 2
10 135
1 12 2
319 131
1 8 2
75 152
1 10 2
173 10
1 10 2
500 350
1 8 2
169 460
1 11 2
358 0
1 8 2
461 430
1 12 2
54 65
1 5 2
135 128
1 5 2
605 529
1 13 2
176 167
1 10 2
15 522
1 9 2
575 585
1 3 2
347 471
1 8 2
261 510
1 2 2
54 222
1 7 2
43 70
1 4 2
379 188
1 15 2
343 436
1 2 2
249 478
1 6 2
165 160
1 6 2
482 551
1 4 2
361 236
1 10 2
34 354
1 14 2
475 581
1 4 2
385 184
1 13 2
104 266
1 4 2
480 390
1 11 2
290 402
1 4 2
475 565
1 8 2
507 386
1 10 2
42 72
1 12 2
593 592
1 10 2
566 541
1 13 2
212 203
1 12 2
694 550
1 8 2
460 497
1 10 2
109 340
1 15 2
97 238
1 7 2
447 70
1 14 2
416 673
1 4 2
292 248
1 12 2
650 445
1 13 2
347 689
1 10 2
592 334
1 7 2
22 252
1 11 2
245 562
1 10 2
161 42
1 7 2
357 553
1 7 2
285 557
1 7 2
41 670
1 13 2
36 270
1 10 2
275 426
1 14 2
392 534
1 6 2
40 317
1 5 2
631 239
1 9 2
601 67
1 5 2
30 589
1 10 2
544 342
1 8 2
453 436
1 6 2
696 486
1 9 2
88 216
1 9 2
229 405
1 10 2
621 461
1 6 2
89 572
1 4 2
551 404
1 14 2
175 668
1 3 2
342 536
1 10 2
37 286
1 14 2
273 97
1 14 2
278 6
1 8 2
170 28
1 2 2
313 240
1 6 2
336 606
1 6 2
370 204
1 7 2
133 217
1 4 2
363 516
1 14 2
449 7
1 9 2
92 482
1 15 2
302 226
1 6 2
688 669
1 10 2
204 437
1 9 2
458 69
1 2 2
664 224
1 14 2
593 625
1 8 2
226 269
1 9 2
184 569
1 5 2
255 530
1 4 2
520 540
1 15 2
655 271
1 7 2
641 154
1 8 2
670 671
1 6 2
496 567
1 12 2
285 111
1 3 2
341 451
1 6 2
179 316
1 14 2
382 600
1 2 2
596 619
1 4 2
349 318
1 8 2
166 610
1 3 2
687 656
1 10 2
304 250
1 9 2
54 628
1 6 2
279 292
1 13 2
210 79
1 14 2
506 94
1 8 2
557 427
1 11 2
72 485
1 14 2
357 365
1 9 2
443 27
1 9 2
698 396
1 12 2
576 95
1 11 2
589 366
1 13 2
132 296
1 9 2
611 398
1 15 2
68 515
1 9 2
577 306
1 3 2
36 416
1 6 2
502 152
1 6 2
506 441
1 13 2
44 528
1 7 2
668 347
1 15 2
633 471
1 2 2
348 323
1 13 2
621 157
1 7 2
311 88
1 3 2
395 282
1 8 2
579 187
1 6 2
74 368
1 3 2
643 198
1 11 2
389 503
1 2 2
415 403
1 8 2
404 318
1 10 2
557 368
1 3 2
212 426
1 14 2
406 584
1 10 2
112 361
1 6 2
352 366
1 4 2
491 196
1 9 2
15 595
1 12 2
500 305
1 4 2
497 678
1 12 2
629 38
1 12 2
474 91
1 14 2
655 192
1 14 2
643 278
1 12 2
188 359
1 2 2
559 383
1 6 2
456 521
1 14 2
631 619
1 14 2
192 55
1 8 2
411 16
1 8 2
203 600
1 3 2
232 525
1 3 2
579 36
1 12 2
155 445
1 6 2
682 79
1 10 2
562 57
1 5 2
319 627
1 13 2
166 109
1 6 2
584 114
1 5 2
286 385
1 12 2
54 691
1 6 2
684 641
1 12 2
588 537
1 3 2
360 338
1 2 2
634 306
1 7 2
636 604
1 12 2
593 118
1 8 2
582 331
1 13 2
115 149
1 12 2
268 468
1 10 2
120 560
1 11 2
539 66
1 7 2
257 549
1 7 2
324 139
1 11 2
399 577
1 4 2
125 653
1 7 2
131 534
1 6 2
548 654
1 2 2
219 486
1 14 2
694 425
1 9 2
23 255
1 12 2
616 15
1 13 2
86 397
1 14 2
336 157
1 3 2
463 542
1 2 2
607 113
1 13 2
636 361
1 14 2
543 19
1 3 2
455 599
1 3 2
102 151
1 14 2
515 479
1 14 2
24 94
1 8 2
166 142
1 10 2
317 287
1 2 2
209 323
1 12 2
381 454
1 4 2
101 88
1 12 2
30 620
1 6 2
253 23
1 9 2
274 278
1 5 2
32 656
1 8 2
7 176
1 5 2
634 197
1 5 2
402 398
1 11 2
64 5
1 11 2
610 12
1 14 2
464 171
1 14 2
637 440
1 4 2
375 484
1 15 2
383 241
1 2 2
524 212
1 10 2
608 286
1 10 2
682 537
1 15 2
419 101
1 7 2
385 70
1 9 2
555 593
1 15 2
649 340
1 3 2
447 187
1 14 2
457 291
1 3 2
187 494
1 9 2
139 511
1 2 2
455 659
1 3 2
518 489
1 12 2
490 657
1 13 2
196 297
1 7 2
640 467
1 9 2
169 190
1 7 2
395 148
1 11 2
273 416
1 7 2
188 164
1 10 2
282 524
1 8 2
298 446
1 5 2
290 406
1 9 2
252 636
1 12 2
316 374
1 5 2
45 181
1 12 2
426 270
1 3 2
669 639
1 13 2
281 339
1 3 2
301 116
1 11 2
242 39
1 11 2
150 462
1 9 2
277 124
1 15 2
48 142
1 15 2
624 502
1 11 2
521 41
1 11 2
466 405
1 15 2
508 439
1 5 2
505 146
1 14 2
434 39
1 13 2
637 206
1 14 2
270 28
1 8 2
447 10
1 10 2
385 325
1 5 2
411 538
1 7 2
41 256
1 5 2
689 382
1 15 2
108 186
1 13 2
129 413
1 3 2
600 91
1 12 2
587 29
1 13 2
165 563
1 14 2
346 674
1 5 2
472 224
1 15 2
292 15
1 15 2
344 637
1 13 2
115 596
1 3 2
374 580
1 8 2
95 69
1 10 2
398 250
1 11 2
591 679
1 15 2
348 525
1 8 2
675 235
1 9 2
558 152
1 3 2
433 256
1 15 2
698 4
1 8 2
200 502
1 11 2
474 376
1 4 2
423 549
1 13 2
499 326
1 8 2
683 694
1 5 2
144 315
1 2 2
4 443
1 7 2
160 201
1 5 2
259 221
1 12 2
370 216
1 13 2
557 59
1 15 2
652 27
1 9 2
630 18
1 10 2
14 406
1 5 2
485 279
1 8 2
537 113
1 10 2
292 268
1 3 2
121 331
1 7 2
418 9
1 2 2
67 108
1 7 2
249 68
1 14 2
417 120
1 4 2
377 39
1 14 2
548 172
1 14 2
534 29
1 3 2
69 175
1 3 2
303 635
1 4 2
684 38
1 5 2
118 352
1 2 2
390 625
1 6 2
507 377
1 9 2
128 558
1 9 2
2 652
1 4 2
594 162
1 10 2
564 78
1 9 2
177 303
1 11 2
602 536
1 11 2
330 516
1 14 2
497 28
1 14 2
34 488
1 10 2
169 540
1 12 2
241 439
1 13 2
112 564
1 9 2
390 592
1 5 2
427 418
1 5 2
534 356
1 10 2
88 175
1 5 2
579 665
1 7 2
439 190
1 14 2
218 199
1 8 2
402 52
1 13 2
649 61
1 8 2
140 407
1 6 2
637 217
1 11 2
330 119
1 4 2
532 560
1 2 2
525 191
1 14 2
199 284
1 11 2
19 381
1 8 2
327 689
1 7 2
385 30
1 3 2
312 635
1 2 2
109 1
1 15 2
581 11
1 6 2
195 200
1 5 2
351 75
1 3 2
608 329
1 12 2
572 191
1 10 2
664 127
1 4 2
265 403
1 11 2
65 588
1 3 2
147 90
1 12 2
664 533
1 5 2
560 496
1 3 2
250 45
1 6 2
110 35
1 15 2
514 490
1 14 2
679 557
1 14 2
405 488
1 6 2
280 420
1 8 2
608 455
1 4 2
52 626
1 11 2
466 536
1 6 2
297 430
1 3 2
78 152
1 5 2
514 397
1 6 2
356 251
1 11 2
580 395
1 13 2
563 135
1 14 2
89 90
1 14 2
404 638
1 15 2
316 229
1 2 2
163 624
1 15 2
546 174
1 10 2
662 212
1 3 2
258 557
1 9 2
207 643
1 7 2
33 560
1 2 2
118 262
1 2 2
457 323
1 13 2
76 446
1 10 2
381 547
1 13 2
554 398
1 14 2
181 378
1 6 2
284 59
1 10 2
209 620
1 3 2
351 683
1 14 2
432 146
1 10 2
79 364
1 4 2
402 174
1 14 2
75 102
1 8 2
50 120
1 3 2
54 375
1 14 2
624 85
1 10 2
432 240
1 2 2
517 222
1 14 2
8 157
1 4 2
483 202
1 9 2
110 460
1 12 2
690 430
1 2 2
343 479
1 10 2
283 635
1 8 2
146 368
1 2 2
27 366
1 10 2
174 244
1 10 2
255 475
1 12 2
217 488
1 15 2
313 434
1 10 2
407 592
1 14 2
449 525
1 8 2
667 630
1 15 2
263 296
1 2 2
423 229
1 5 2
261 438
1 7 2
289 572
1 3 2
229 168
1 5 2
430 546
1 15 2
590 79
1 12 2
97 455
1 15 2
358 684
1 4 2
412 353
1 7 2
681 252
1 11 2
462 97
1 6 2
148 6
1 8 2
403 109
1 15 2
543 3
1 6 2
660 155
1 15 2
243 547
1 6 2
421 128
1 5 2
109 515
1 7 2
211 472
1 9 2
596 262
1 10 2
132 322
1 12 2
548 680
1 10 2
629 312
1 9 2
69 647
1 7 2
168 350
1 2 2
557 152
1 9 2
257 605
1 4 2
672 104
1 2 2
136 431
1 3 2
451 441
1 9 2
484 13
1 6 2
440 574
1 7 2
460 369
1 3 2
274 583
1 4 2
170 677
1 3 2
77 617
1 3 2
172 598
1 7 2
313 636
1 6 2
135 339
1 15 2
555 538
1 11 2
95 381
1 13 2
10 378
1 4 2
694 104
1 5 2
305 98
1 6 2
579 354
1 12 2
212 288
1 14 2
162 660
1 3 2
225 41
1 2 2
147 469
1 12 2
429 250
1 8 2
561 562
1 5 2
668 463
1 5 2
378 140
1 14 2
336 486
1 6 2
194 324
1 11 2
119 259
1 4 2
637 293
1 15 2
284 612
1 14 2
43 358
1 13 2
635 328
1 3 2
261 61
1 2 2
648 157
1 4 2
529 493
1 14 2
283 652
1 8 2
62 490
1 4 2
273 536
1 14 2
207 3
1 8 2
625 202
1 13 2
505 133
1 7 2
287 698
1 12 2
157 40
1 10 2
120 28
1 14 2
241 67
1 12 2
420 102
1 5 2
360 511
1 3 2
103 469
1 8 2
324 410
1 12 2
255 679
1 6 2
662 449
1 13 2
567 478
1 9 2
54 117
1 10 2
236 28
1 2 2
311 16
1 3 2
640 495
1 3 2
43 166
1 7 2
200 630
1 10 2
396 390
1 12 2
70 658
1 10 2
445 678
1 9 2
70 185
1 9 2
544 286
1 3 2
651 276
1 9 2
95 427
1 4 2
64 97
1 9 2
566 53
1 7 2
487 52
1 10 2
290 309
1 10 2
441 180
1 10 2
257 131
1 5 2
0 181
1 2 2
149 372
1 12 2
323 509
1 10 2
246 38
1 3 2
688 380
1 5 2
307 369
1 14 2
450 79
1 9 2
132 629
1 11 2
530 502
1 4 2
105 125
1 6 2
526 434
1 3 2
54 148
1 6 2
82 11
1 10 2
543 469
1 13 2
262 693
1 14 2
692 32
1 3 2
624 395
1 13 2
365 330
1 6 2
13 445
1 8 2
383 561
1 15 2
526 157
1 10 2
539 564
1 13 2
510 69
1 13 2
95 346
1 10 2
13 686
1 6 2
382 518
1 12 2
143 389
1 12 2
277 208
1 13 2
644 543
1 10 2
471 128
1 8 2
124 194
1 5 2
489 504
1 2 2
84 0
1 13 2
266 289
1 10 2
625 193
1 13 2
462 370
1 5 2
106 271
1 3 2
248 62
1 15 2
237 223
1 9 2
255 378
1 10 2
217 177
1 15 2
585 459
1 14 2
100 449
1 12 2
60 583
1 15 2
609 555
1 5 2
291 214
1 9 2
229 550
1 12 2
111 512
1 8 2
355 383
1 3 2
298 210
1 8 2
58 259
1 7 2
644 238
1 8 2
277 555
1 2 2
417 352
1 10 2
498 517
1 12 2
387 386
1 15 2
41 12
1 5 2
7 457
1 14 2
61 98
1 3 2
284 248
1 3 2
518 502
1 8 2
158 318
1 8 2
566 635
1 15 2
225 474
1 11 2
631 65
1 7 2
12 636
1 5 2
100 530
1 4 2
431 502
1 12 2
561 494
1 9 2
143 533
1 4 2
319 232
1 11 2
656 416
1 10 2
261 20
1 12 2
627 398
1 5 2
234 261
1 5 2
236 630
1 14 2
357 602
1 6 2
594 417
1 2 2
54 182
1 3 2
254 383
1 8 2
461 34
1 6 2
99 672
1 6 2
326 613
1 6 2
199 654
1 7 2
199 213
1 9 2
41 556
1 14 2
677 117
1 5 2
319 601
1 14 2
162 176
1 2 2
660 194
1 8 2
111 664
1 15 2
1 602
1 8 2
260 644
1 6 2
678 672
1 12 2
251 24
1 5 2
181 341
1 13 2
431 573
1 2 2
133 398
1 9 2
143 574
1 11 2
386 420
1 12 2
236 65
1 9 2
78 308
1 13 2
201 309
1 12 2
286 391
1 12 2
128 136
1 12 2
219 621
1 12 2
474 620
1 2 2
626 698
1 8 2
629 163
1 15 2
500 67
1 7 2
543 674
1 14 2
144 236
1 9 2
72 18
1 2 2
0 184
1 3 2
171 35
1 12 2
576 517
1 7 2
309 593
1 15 2
554 525
1 8 2
243 327
1 7 2
657 308
1 3 2
200 309
1 7 2
619 145
1 2 2
622 387
1 11 2
329 248
1 10 2
376 644
1 6 2
668 133
1 2 2
132 411
1 5 2
297 695
1 9 2
37 80
1 15 2
257 363
1 11 2
600 132
1 4 2
415 533
1 2 2
506 421
1 12 2
549 143
1 13 2
171 443
1 12 2
380 160
1 7 2
218 497
1 10 2
693 554
1 4 2
214 338
1 3 2
151 81
1 14 2
167 650
1 14 2
39 289
1 6 2
137 435
1 7 2
639 528
1 8 2
356 528
1 7 2
6 214
1 7 2
137 351
1 8 2
240 200
1 5 2
482 45
1 13 2
246 34
1 7 2
572 59
1 7 2
697 523
1 7 2
84 652
1 9 2
655 180
1 13 2
219 1
1 12 2
12 254
1 2 2
219 503
1 13 2
519 559
1 9 2
137 468
1 14 2
316 314
1 8 2
267 256
1 10 2
651 526
1 13 2
413 541
1 15 2
404 132
1 6 2
455 226
1 15 2
442 386
1 11 2
120 678
1 13 2
92 163
1 14 2
500 374
1 4 2
2 673
1 5 2
488 357
1 9 2
643 222
1 4 2
456 393
1 13 2
687 508
1 7 2
75 525
1 6 2
607 290
1 14 2
77 626
1 6 2
494 509
1 8 2
166 602
1 10 2
196 548
1 8 2
470 33
1 2 2
60 289
1 4 2
689 557
1 8 2
659 10
1 2 2
422 535
1 6 2
45 182
1 9 2
505 130
1 11 2
300 676
1 14 2
243 457
1 7 2
84 270
1 12 2
694 54
1 13 2
156 294
1 13 2
284 105
1 13 2
687 125
1 7 2
280 673
1 11 2
665 414
1 15 2
524 504
1 8 2
493 289
1 3 2
441 588
1 12 2
159 429
1 12 2
281 490
1 13 2
128 215
1 12 2
236 76
1 4 2
657 548
1 15 2
85 643
1 13 2
328 415
1 8 2
470 312
1 8 2
379 86
1 6 2
647 69
1 3 2
388 401
1 4 2
386 184
1 12 2
510 142
1 9 2
238 195
1 13 2
418 224
1 5 2
162 254
1 15 2
615 602
1 6 2
82 616
1 4 2
21 639
1 10 2
281 282
1 3 2
239 624
1 14 2
320 116
1 2 2
332 579
1 9 2
183 83
1 8 2
353 474
1 6 2
479 669
1 10 2
477 526
1 3 2
364 480
1 9 2
311 28
1 8 2
153 486
1 8 2
119 153
1 7 2
445 544
1 14 2
72 430
1 3 2
699 298
1 14 2
532 112
1 15 2
77 335
1 12 2
161 303
1 10 2
397 523
1 11 2
475 48
1 3 2
464 125
1 2 2
227 659
1 8 2
397 2
1 3 2
394 445
1 11 2
146 192
1 8 2
67 201
1 13 2
564 623
1 2 2
462 681
1 11 2
295 252
1 13 2
37 346
1 2 2
427 44
1 6 2
308 678
1 7 2
132 256
1 2 2
44 242
1 2 2
203 178
1 13 2
238 114
1 7 2
219 333
1 10 2
282 696
1 5 2
142 88
1 8 2
234 549
1 13 2
206 22
1 15 2
94 363
1 7 2
491 566
1 7 2
210 595
1 2 2
29 695
1 11 2
440 256
1 7 2
162 145
1 12 2
564 670
1 2 2
560 424
1 7 2
389 672
1 13 2
560 185
1 14 2
505 486
1 3 2
262 28
1 5 2
328 206
1 6 2
61 129
1 4 2
34 37
1 13 2
22 348
1 6 2
650 324
1 8 2
133 295
1 11 2
407 286
1 12 2
614 676
1 10 2
39 471
1 5 2
176 590
1 14 2
302 511
1 4 2
499 585
1 3 2
617 254
1 5 2
697 285
1 10 2
511 421
1 14 2
316 618
1 14 2
506 279
1 15 2
615 631
1 9 2
578 463
1 5 2
235 192
1 11 2
254 367
1 15 2
203 52
1 9 2
16 458
1 11 2
428 514
1 13 2
493 188
1 2 2
578 89
1 2 2
362 38
1 5 2
281 677
1 6 2
198 164
1 3 2
167 298
1 8 2
114 595
1 3 2
681 520
1 5 2
38 157
1 14 2
404 294
1 11 2
108 397
1 5 2
218 396
1 4 2
31 491
1 13 2
498 245
1 4 2
347 96
1 9 2
647 543
1 4 2
362 175
1 5 2
181 263
1 13 2
127 153
1 7 2
297 241
1 9 2
30 572
1 9 2
329 362
1 2 2
518 146
1 8 2
473 117
1 2 2
469 393
1 5 2
114 305
1 4 2
105 435
1 15 2
315 631
1 12 2
309 290
1 4 2
508 4
1 2 2
491 668
1 11 2
78 427
1 10 2
559 72
1 8 2
20 661
1 5 2
151 468
1 7 2
168 322
1 2 2
287 420
1 8 2
588 688
1 10 2
77 643
1 2 2
666 559
1 6 2
439 607
1 3 2
626 374
1 13 2
247 453
1 4 2
61 491
1 8 2
476 267
1 12 2
642 430
1 8 2
674 641
1 2 2
432 302
1 15 2
94 403
1 8 2
522 163
1 10 2
124 0
1 7 2
328 177
1 8 2
418 413
1 15 2
229 18
1 15 2
320 208
1 11 2
424 101
1 10 2
584 699
1 3 2
321 330
1 12 2
363 102
1 4 2
599 316
1 13 2
491 465
1 3 2
308 180
1 10 2
365 324
1 8 2
629 215
1 9 2
125 382
1 8 2
110 597
1 3 2
252 520
1 2 2
512 329
1 6 2
90 695
1 2 2
161 442
1 11 2
148 182
1 2 2
432 540
1 7 2
113 226
1 10 2
288 330
1 13 2
489 685
1 15 2
651 12
1 9 2
231 250
1 2 2
490 448
1 14 2
83 343
1 14 2
499 282
1 15 2
681 666
1 11 2
55 662
1 13 2
321 247
1 12 2
271 482
1 4 2
629 617
1 7 2
260 661
1 9 2
389 357
1 14 2
49 409
1 11 2
128 664
1 11 2
213 75
1 4 2
152 105
1 9 2
119 151
1 10 2
179 539
1 9 2
30 340
1 11 2
57 502
1 10 2
545 602
1 9 2
604 676
1 15 2
116 123
1 10 2
631 548
1 11 2
374 462
1 6 2
460 695
1 12 2
597 135
1 13 2
189 621
1 8 2
2 537
1 3 2
135 533
1 12 2
507 309
1 6 2
148 501
1 6 2
410 650
1 6 2
464 67
1 2 2
82 202
1 15 2
630 274
1 10 2
372 192
1 7 2
16 276
1 2 2
683 167
1 3 2
616 236
1 5 2
170 176
1 6 2
584 540
1 15 2
382 10
1 12 2
41 26
1 2 2
604 143
1 8 2
13 73
1 12 2
559 173
1 11 2
436 379
1 14 2
23 640
1 9 2
458 657
1 5 2
275 531
1 15 2
120 474
1 7 2
461 344
1 2 2
634 138
1 12 2
451 381
1 13 2
309 643
1 8 2
3 251
1 3 2
505 617
1 10 2
468 70
1 13 2
547 468
1 5 2
247 335
1 11 2
195 87
1 12 2
300 588
1 8 2
531 95
1 5 2
98 603
1 11 2
14 372
1 3 2
123 585
1 15 2
619 2
1 4 2
521 527
1 15 2
142 571
1 11 2
247 115
1 14 2
19 305
1 12 2
194 509
1 7 2
670 316
1 7 2
364 676
1 6 2
430 571
1 13 2
635 472
1 8 2
274 511
1 9 2
149 139
1 5 2
699 680
1 6 2
606 636
1 9 2
57 480
1 12 2
519 125
1 5 2
81 317
1 4 2
506 348
1 5 2
601 573
1 13 2
552 506
1 12 2
144 272
1 15 2
158 314
1 6 2
490 198
1 2 2
94 502
1 8 2
60 164
1 7 2
338 282
1 6 2
109 382
1 10 2
301 33
1 14 2
49 302
1 8 2
181 394
1 15 2
656 12
1 10 2
275 63
1 13 2
609 477
1 11 2
501 214
1 7 2
489 458
1 3 2
225 565
1 5 2
563 425
1 3 2
194 352
1 12 2
387 629
1 9 2
676 543
1 9 2
698 153
1 3 2
633 241
1 5 2
480 441
1 12 2
643 61
1 9 2
635 52
1 5 2
524 190
1 6 2
390 397
1 12 2
333 52
1 7 2
425 401
1 8 2
596 129
1 10 2
167 286
1 2 2
218 395
1 14 2
72 150
1 7 2
314 693
1 11 2
678 604
1 10 2
253 686
1 6 2
209 266
1 9 2
367 687
1 12 2
235 372
1 10 2
24 240
1 3 2
592 508
1 5 2
553 697
1 14 2
626 611
1 8 2
470 302
1 13 2
627 523
1 10 2
465 123
1 4 2
164 633
1 9 2
149 657
1 12 2
240 213
1 5 2
675 211
1 3 2
464 300
1 13 2
293 250
1 14 2
59 691
1 14 2
27 253
1 14 2
447 680
1 3 2
489 460
1 14 2
517 22
1 6 2
105 387
1 8 2
669 58
1 7 2
117 515
1 4 2
220 6
1 6 2
454 634
1 11 2
2 141
1 12 2
138 74
1 11 2
88 110
1 4 2
181 418
1 4 2
440 107
1 2 2
137 591
1 9 2
663 278
1 9 2
361 683
1 5 2
250 490
1 12 2
406 356
1 7 2
530 415
1 4 2
189 375
1 6 2
573 540
1 6 2
54 525
1 13 2
571 212
1 15 2
410 383
1 13 2
385 213
1 8 2
156 422
1 13 2
254 554
1 10 2
530 477
1 13 2
42 590
1 4 2
476 83
1 7 2
249 390
1 6 2
80 600
1 3 2
78 620
1 2 2
606 23
1 13 2
45 609
1 5 2
610 691
1 7 2
369 351
1 8 2
593 26
1 15 2
193 324
1 10 2
256 374
1 3 2
300 666
1 15 2
540 607
1 13 2
555 637
1 8 2
28 95
1 5 2
353 475
1 7 2
66 572
1 14 2
269 221
1 12 2
277 295
1 5 2
216 316
1 13 2
674 47
1 12 2
107 290
1 13 2
430 71
1 7 2
227 622
1 14 2
58 212
1 9 2
245 601
1 6 2
324 261
1 10 2
315 337
1 13 2
466 256
1 7 2
691 427
1 4 2
102 461
1 14 2
472 191
1 10 2
497 481
1 3 2
541 271
1 11 2
120 342
1 15 2
264 623
1 12 2
575 50
1 10 2
38 211
1 14 2
110 0
1 14 2
254 130
1 11 2
231 260
1 8 2
185 134
1 10 2
514 147
1 13 2
620 626
1 9 2
62 681
1 4 2
627 522
1 3 2
321 189
1 9 2
592 272
1 7 2
367 142
1 10 2
558 406
1 3 2
640 292
1 9 2
373 609
1 14 2
605 371
1 15 2
409 295
1 10 2
374 413
1 4 2
29 336
1 15 2
473 461
1 11 2
431 650
1 4 2
476 171
1 8 2
59 486
1 14 2
648 320
1 3 2
125 638
1 2 2
588 642
1 5 2
279 541
1 11 2
682 391
1 3 2
506 238
1 12 2
141 143
1 4 2
177 433
1 3 2
551 677
1 8 2
337 4
1 4 2
337 75
1 14 2
343 216
1 14 2
321 356
1 6 2
496 329
1 9 2
538 529
1 8 2
98 369
1 6 2
428 306
1 3 2
547 193
1 9 2
104 424
1 5 2
611 65
1 5 2
468 356
1 5 2
92 82
1 7 2
246 138
1 4 2
66 99
1 5 2
69 662
1 11 2
339 275
1 13 2
591 321
1 6 2
272 488
1 8 2
331 556
1 12 2
587 485
1 12 2
211 615
1 11 2
79 54
1 8 2
588 284
1 9 2
149 687
1 11 2
290 635
1 4 2
666 546
1 12 2
562 11
1 2 2
553 666
1 5 2
312 375
1 13 2
151 388
1 14 2
374 304
1 14 2
531 496
1 12 2
513 270
1 8 2
515 555
1 11 2
527 69
1 12 2
193 517
1 6 2
603 307
1 5 2
647 84
1 5 2
455 582
1 9 2
682 25
1 4 2
658 494
1 7 2
3 113
1 2 2
162 494
1 9 2
138 267
1 9 2
258 224
1 9 2
335 687
1 9 2
239 689
1 4 2
317 264
1 4 2
45 462
1 7 2
380 426
1 5 2
210 457
1 14 2
585 145
1 2 2
530 555
1 9 2
237 288
1 12 2
48 405
1 13 2
198 678
1 10 2
70 223
1 4 2
469 17
1 13 2
205 213
1 14 2
490 616
1 15 2
424 53
1 5 2
176 153
1 11 2
15 579
1 14 2
518 481
1 2 2
202 300
1 8 2
552 207
1 5 2
237 147
1 12 2
285 665
1 5 2
425 405
1 15 2
391 123
1 5 2
298 229
1 5 2
33 692
1 13 2
389 373
1 8 2
338 591
1 3 2
205 660
1 14 2
171 463
1 6 2
71 603
1 14 2
344 497
1 13 2
574 94
1 2 2
384 568
1 3 2
577 638
1 13 2
573 239
1 4 2
690 199
1 7 2
20 523
1 10 2
345 464
1 10 2
185 362
1 8 2
638 316
1 3 2
548 663
1 6 2
407 4
1 12 2
73 184
1 3 2
669 225
1 13 2
78 134
1 15 2
187 155
1 11 2
509 441
1 3 2
466 567
1 15 2
252 510
1 9 2
120 699
1 7 2
564 486
1 15 2
1 339
1 6 2
543 8
1 6 2
396 495
1 13 2
113 477
1 5 2
133 279
1 5 2
78 420
1 15 2
672 164
1 4 2
120 58
1 8 2
44 213
1 5 2
136 680
1 12 2
355 397
1 15 2
224 699
1 10 2
140 467
1 3 2
140 633
1 13 2
476 158
1 15 2
380 501
1 7 2
54 457
1 12 2
535 375
1 7 2
638 99
1 3 2
570 345
1 13 2
90 640
1 12 2
585 560
1 9 2
130 69
1 12 2
159 376
1 9 2
621 620
1 13 2
679 496
1 2 2
238 110
1 12 2
141 679
1 6 2
540 388
1 13 2
226 293
1 9 2
46 643
1 7 2
456 615
1 10 2
485 230
1 10 2
591 37
1 2 2
629 380
1 10 2
544 270
1 15 2
70 688
1 9 2
402 343
1 9 2
44 126
1 7 2
264 108
1 12 2
376 196
1 9 2
611 369
1 9 2
566 315
1 12 2
411 611
1 3 2
156 599
1 15 2
16 213
1 3 2
638 163
1 10 2
626 396
1 3 2
697 251
1 12 2
110 51
1 15 2
268 458
1 13 2
129 442
1 11 2
207 402
1 5 2
580 103
1 7 2
573 159
1 11 2
54 32
1 15 2
364 95
1 3 2
591 221
1 11 2
170 617
1 11 2
619 351
1 2 2
684 698
1 6 2
461 667
1 3 2
13 194
1 12 2
283 536
1 15 2
220 549
1 10 2
47 600
1 5 2
175 146
1 3 2
56 673
1 4 2
53 16
1 5 2
21 410
1 14 2
42 84
1 15 2
630 511
1 4 2
242 93
1 5 2
353 447
1 10 2
202 403
1 4 2
205 353
1 13 2
337 690
1 7 2
637 541
1 7 2
317 21
1 9 2
387 239
1 5 2
586 699
1 11 2
372 108
1 15 2
433 168
1 7 2
609 346
1 13 2
599 102
1 7 2
300 238
1 8 2
150 336
1 13 2
58 692
1 12 2
106 148
1 12 2
135 359
1 12 2
531 513
1 15 2
645 351
1 5 2
624 12
1 11 2
223 46
1 2 2
583 79
1 5 2
165 414
1 15 2
494 285
1 3 2
122 202
1 12 2
33 215
1 4 2
331 348
1 4 2
513 260
1 7 2
392 236
1 9 2
223 644
1 9 2
358 377
1 11 2
542 512
1 3 2
252 225
1 7 2
17 226
1 7 2
313 680
1 12 2
146 61
1 8 2
550 652
1 2 2
432 196
1 5 2
477 204
1 11 2
636 430
1 4 2
546 544
1 13 2
321 150
1 9 2
35 552
1 14 2
399 651
1 11 2
662 687
1 12 2
531 590
1 3 2
536 51
1 8 2
262 368
1 15 2
350 520
1 11 2
413 157
1 5 2
63 216
1 7 2
103 20
1 14 2
269 349
1 14 2
179 261
1 10 2
465 61
1 12 2
88 440
1 12 2
161 515
1 10 2
585 129
1 4 2
2 683
1 9 2
429 595
1 9 2
587 396
1 7 2
318 388
1 8 2
100 541
1 2 2
426 573
1 5 2
543 229
1 8 2
130 577
1 12 2
291 114
1 8 2
396 451
1 10 2
193 585
1 3 2
246 217
1 14 2
413 6
1 11 2
245 621
1 5 2
51 206
1 10 2
254 455
1 10 2
614 295
1 15 2
136 371
1 14 2
513 455
1 4 2
305 263
1 15 2
411 161
1 11 2
583 632
1 7 2
107 129
1 14 2
657 196
1 14 2
521 89
1 14 2
344 609
1 11 2
168 475
1 4 2
417 513
1 9 2
621 129
1 9 2
37 368
1 2 2
180 253
1 15 2
294 657
1 7 2
676 687
1 6 2
313 305
1 12 2
207 685
1 14 2
621 376
1 2 2
404 403
1 13 2
344 349
1 3 2
507 373
1 15 2
465 299
1 11 2
546 648
1 6 2
256 451
1 6 2
502 388
1 7 2
468 164
1 12 2
88 638
1 9 2
429 405
1 14 2
629 658
1 7 2
166 568
1 4 2
129 433
1 13 2
481 81
1 7 2
174 179
1 2 2
698 40
1 12 2
77 316
1 11 2
20 521
1 14 2
680 447
1 15 2
164 466
1 3 2
353 133
1 12 2
154 198
1 5 2
109 455
1 2 2
494 578
1 2 2
146 141
1 7 2
480 361
1 6 2
615 297
1 6 2
515 361
1 2 2
182 673
1 10 2
664 370
1 15 2
145 338
1 8 2
196 17
1 9 2
317 132
1 13 2
112 285
1 6 2
348 86
1 7 2
133 240
1 12 2
562 535
1 9 2
504 633
1 2 2
146 684
1 8 2
362 386
1 2 2
295 499
1 12 2
487 246
1 10 2
164 472
1 6 2
264 20
1 7 2
254 653
1 15 2
24 69
1 10 2
303 287
1 14 2
634 22
1 7 2
679 411
1 4 2
109 670
1 13 2
331 546
1 13 2
492 640
1 11 2
161 193
1 14 2
35 24
1 8 2
114 389
1 12 2
63 651
1 4 2
638 149
1 8 2
51 622
1 7 2
138 226
1 4 2
547 590
1 2 2
502 47
1 7 2
309 644
1 3 2
9 294
1 8 2
631 250
1 14 2
67 160
1 10 2
37 160
1 11 2
461 222
1 12 2
0 393
1 14 2
66 289
1 9 2
386 432
1 12 2
390 192
1 12 2
646 326
1 14 2
593 638
1 5 2
135 48
1 8 2
551 148
1 4 2
373 4
1 12 2
538 249
1 2 2
49 97
1 7 2
486 484
1 10 2
511 458
1 4 2
238 182
1 8 2
247 659
1 3 2
449 127
1 2 2
604 16
1 12 2
133 151
1 5 2
71 649
1 11 2
86 529
1 2 2
562 456
1 13 2
38 500
1 7 2
405 254
1 3 2
272 291
1 9 2
144 239
1 4 2
240 250
1 12 2
296 590
1 13 2
604 305
1 5 2
254 125
1 9 2
241 294
1 13 2
6 307
1 4 2
408 232
1 15 2
697 529
1 15 2
40 630
1 7 2
450 126
1 13 2
518 368
1 11 2
227 2
1 6 2
539 557
1 12 2
309 64
1 15 2
329 221
1 8 2
85 560
1 9 2
89 158
1 15 2
540 390
1 3 2
475 647
1 6 2
321 86
1 10 2
115 533
1 11 2
121 654
1 4 2
431 264
1 2 2
421 585
1 8 2
225 227
1 11 2
692 109
1 3 2
125 546
1 2 2
44 583
1 2 2
511 291
1 10 2
144 85
1 2 2
82 48
1 14 2
435 58
1 11 2
72 522
1 10 2
164 216
1 3 2
160 570
1 15 2
265 363
1 7 2
345 637
1 15 2
326 273
1 4 2
305 224
1 10 2
485 342
1 4 2
444 382
1 6 2
277 166
1 13 2
132 133
1 6 2
664 208
1 10 2
481 363
1 11 2
275 17
1 11 2
39 250
1 2 2
604 450
1 8 2
485 382
1 8 2
39 367
1 3 2
444 57
1 9 2
52 171
1 4 2
285 538
1 11 2
170 114
1 14 2
572 484
1 10 2
556 205
1 8 2
40 678
1 14 2
687 183
1 13 2
363 263
1 13 2
345 395
1 5 2
296 9
1 3 2
675 172
1 4 2
285 295
1 4 2
237 545
1 8 2
672 291
1 10 2
523 587
1 15 2
325 130
1 9 2
129 186
1 11 2
72 461
1 5 2
438 447
1 6 2
143 49
1 10 2
325 554
1 2 2
447 502
1 2 2
17 442
1 4 2
29 561
1 2 2
697 530
1 10 2
408 359
1 5 2
632 31
1 7 2
268 378
1 14 2
230 64
1 7 2
33 664
1 11 2
127 347
1 8 2
298 404
1 8 2
635 86
1 8 2
362 529
1 7 2
694 594
1 12 2
371 343
1 15 2
400 219
1 7 2
249 238
1 13 2
485 93
1 14 2
102 225
1 15 2
581 465
1 10 2
212 191
1 14 2
409 658
1 7 2
664 264
1 14 2
569 191
1 11 2
236 224
1 15 2
81 653
1 8 2
467 95
1 6 2
229 662
1 5 2
128 125
1 5 2
305 205
1 15 2
65 366
1 7 2
555 520
1 4 2
659 329
1 11 2
74 359
1 5 2
237 366
1 6 2
454 409
1 8 2
430 385
1 13 2
172 81
1 7 2
481 207
1 13 2
608 426
1 15 2
139 235
1 15 2
368 677
1 3 2
681 73
1 13 2
627 387
1 9 2
198 221
1 5 2
137 423
1 9 2
259 103
1 8 2
579 549
1 15 2
224 300
1 11 2
523 536
1 14 2
167 35
1 7 2
153 510
1 12 2
43 440
1 12 2
407 151
1 4 2
624 231
1 10 2
269 358
1 8 2
283 77
1 7 2
69 52
1 12 2
280 652
1 13 2
151 655
1 3 2
553 626
1 6 2
72 122
1 12 2
166 230
1 6 2
473 251
1 11 2
89 77
1 15 2
211 618
1 6 2
82 47
1 15 2
219 5
1 2 2
295 548
1 4 2
505 198
1 2 2
571 699
1 12 2
272 562
1 4 2
491 78
1 9 2
34 223
1 10 2
498 569
1 2 2
340 557
1 2 2
267 154
1 11 2
243 88
1 12 2
104 62
1 3 2
238 168
1 10 2
111 466
1 2 2
151 135
1 9 2
480 312
1 15 2
106 111
1 4 2
381 107
1 5 2
355 230
1 14 2
609 604
1 12 2
356 441
1 4 2
551 566
1 2 2
179 361
1 10 2
408 589
1 5 2
687 241
1 12 2
125 272
1 7 2
299 627
1 10 2
193 596
1 14 2
228 507
1 10 2
258 292
1 3 2
189 211
1 6 2
457 159
1 9 2
84 201
1 11 2
180 583
1 14 2
519 38
1 5 2
641 403
1 9 2
0 101
1 9 2
262 557
1 2 2
136 365
1 5 2
253 456
1 2 2
22 629
1 14 2
19 625
1 2 2
220 324
1 5 2
592 665
1 15 2
429 17
1 14 2
469 80
1 11 2
483 647
1 12 2
285 609
1 6 2
437 5
1 2 2
393 616
1 4 2
290 518
1 6 2
11 247
1 4 2
559 474
1 6 2
516 374
1 3 2
434 388
1 13 2
531 323
1 6 2
258 552
1 15 2
377 317
1 6 2
600 447
1 14 2
674 277
1 15 2
296 105
1 3 2
206 417
1 15 2
524 205
1 3 2
619 382
1 11 2
255 73
1 5 2
344 656
1 10 2
345 334
1 14 2
212 123
1 3 2
42 207
1 13 2
217 495
1 6 2
339 530
1 11 2
647 176
1 3 2
166 356
1 12 2
260 162
1 15 2
7 246
1 12 2
23 295
1 15 2
529 306
1 15 2
39 554
1 14 2
149 575
1 3 2
681 162
1 8 2
531 282
1 5 2
133 521
1 4 2
35 57
1 9 2
29 156
1 7 2
528 618
1 4 2
510 74
1 14 2
500 147
1 9 2
578 175
1 4 2
312 556
1 13 2
192 524
1 6 2
260 123
1 4 2
105 474
1 14 2
59 261
1 5 2
483 3
1 4 2
326 323
1 7 2
395 34
1 15 2
413 452
1 2 2
172 337
1 8 2
689 477
1 15 2
426 182
1 8 2
416 649
1 9 2
82 634
1 9 2
170 211
1 5 2
348 257
1 4 2
63 524
1 8 2
548 33
1 6 2
83 359
1 9 2
650 490
1 13 2
234 132
1 4 2
667 88
1 4 2
210 62
1 9 2
457 75
1 10 2
554 138
1 13 2
509 211
1 14 2
628 652
1 6 2
84 394
1 8 2
251 26
1 13 2
452 158
1 14 2
237 90
1 12 2
577 348
1 2 2
548 234
1 7 2
340 549
1 12 2
634 489
1 8 2
28 270
1 12 2
105 291
1 10 2
145 235
1 7 2
105 491
1 11 2
335 260
1 6 2
481 602
1 10 2
151 519
1 7 2
560 86
1 5 2
464 694
1 4 2
315 291
1 4 2
522 420
1 9 2
139 435
1 9 2
640 78
1 15 2
161 407
1 10 2
390 286
1 8 2
89 396
1 2 2
404 678
1 13 2
670 594
1 8 2
493 279
1 12 2
323 305
1 14 2
27 266
1 8 2
465 363
1 11 2
445 528
1 12 2
29 213
1 15 2
148 698
1 10 2
262 670
1 9 2
156 558
1 10 2
516 406
1 8 2
533 401
1 7 2
510 646
1 5 2
274 19
1 8 2
121 352
1 15 2
12 305
1 5 2
351 239
1 7 2
403 511
1 12 2
341 673
1 6 2
55 101
1 12 2
109 41
1 13 2
202 177
1 7 2
686 272
1 7 2
641 229
1 15 2
558 23
1 12 2
151 22
1 14 2
583 616
1 11 2
560 645
1 14 2
195 333
1 8 2
341 627
1 4 2
208 481
1 5 2
88 544
1 4 2
469 688
1 4 2
10 169
1 15 2
440 184
1 3 2
303 226
1 4 2
540 518
1 12 2
504 253
1 13 2
681 75
1 13 2
0 243
1 6 2
693 203
1 13 2
336 189
1 11 2
119 534
1 7 2
304 510
1 12 2
250 254
1 4 2
297 201
1 15 2
533 83
1 9 2
655 548
1 13 2
353 130
1 4 2
285 645
1 5 2
236 687
1 13 2
85 175
1 4 2
613 337
1 8 2
278 423
1 3 2
693 332
1 9 2
55 621
1 8 2
204 313
1 3 2
576 497
1 10 2
63 250
1 11 2
438 437
1 14 2
468 293
1 6 2
688 697
1 11 2
530 179
1 10 2
652 191
1 13 2
45 251
1 15 2
429 561
1 2 2
9 674
1 9 2
543 632
1 6 2
274 26
1 7 2
94 149
1 9 2
142 62
1 11 2
605 459
1 3 2
64 485
1 3 2
543 268
1 10 2
503 518
1 4 2
551 29
1 10 2
133 43
1 10 2
308 18
1 5 2
590 449
1 12 2
596 61
1 15 2
389 428
1 13 2
404 328
1 4 2
670 271
1 5 2
196 96
1 11 2
359 503
1 11 2
488 691
1 7 2
423 640
1 2 2
14 312
1 11 2
329 78
1 8 2
64 67
1 10 2
667 207
1 11 2
334 434
1 15 2
9 233
1 14 2
73 168
1 15 2
352 241
1 2 2
513 314
1 12 2
2 100
1 3 2
408 43
1 15 2
639 330
1 14 2
298 554
1 9 2
451 189
1 14 2
277 671
1 5 2
452 536
1 5 2
171 628
1 13 2
178 648
1 7 2
365 595
1 11 2
157 672
1 7 2
40 432
1 3 2
340 196
1 11 2
215 424
1 12 2
481 159
1 2 2
571 2
1 10 2
571 276
1 15 2
524 590
1 3 2
638 406
1 15 2
663 307
1 14 2
694 436
1 8 2
639 538
1 10 2
247 584
1 2 2
19 616
1 4 2
397 323
1 10 2
434 452
1 2 2
343 526
1 10 2
238 52
1 11 2
111 371
1 11 2
669 539
1 12 2
353 632
1 6 2
469 97
1 8 2
100 113
1 6 2
263 645
1 3 2
551 392
1 13 2
520 358
1 8 2
67 12
1 7 2
504 44
1 13 2
80 16
1 11 2
292 578
1 8 2
486 450
1 8 2
643 267
1 7 2
594 175
1 7 2
322 132
1 11 2
312 352
1 14 2
568 257
1 9 2
269 258
1 15 2
103 501
1 7 2
251 358
1 5 2
140 162
1 12 2
218 162
1 12 2
200 172
1 14 2
344 685
1 11 2
590 624
1 2 2
468 128
1 11 2
443 494
1 12 2
665 370
1 11 2
185 275
1 12 2
103 277
1 5 2
206 100
1 3 2
604 139
1 14 2
411 658
1 13 2
649 631
1 6 2
481 551
1 11 2
221 378
1 6 2
227 147
1 9 2
452 521
1 14 2
365 496
1 15 2
640 421
1 12 2
174 171
1 8 2
552 297
1 15 2
94 77
1 6 2
562 61
1 5 2
90 308
1 7 2
129 428
1 11 2
667 414
1 7 2
582 159
1 5 2
153 369
1 7 2
569 396
1 3 2
545 2
1 8 2
169 325
1 7 2
283 192
1 2 2
229 202
1 12 2
381 344
1 8 2
606 545
1 3 2
532 256
1 6 2
140 256
1 6 2
613 590
1 8 2
272 97
1 9 2
506 605
1 13 2
135 153
1 4 2
123 608
1 15 2
481 535
1 9 2
417 64
1 7 2
329 284
1 8 2
14 152
1 6 2
59 120
1 6 2
163 505
1 6 2
472 93
1 13 2
18 571
1 13 2
458 283
1 4 2
191 5
1 3 2
371 225
1 2 2
345 692
1 5 2
194 483
1 9 2
223 116
1 5 2
62 180
1 9 2
432 644
1 12 2
342 90
1 3 2
611 651
1 12 2
218 559
1 15 2
655 174
1 12 2
284 585
1 7 2
227 671
1 9 2
142 622
1 6 2
649 136
1 7 2
509 473
1 15 2
299 42
1 5 2
341 147
1 7 2
320 555
1 5 2
203 430
1 14 2
567 477
1 13 2
481 679
1 12 2
681 490
1 9 2
308 385
1 5 2
562 503
1 15 2
140 472
1 2 2
144 588
1 12 2
355 643
1 13 2
218 154
1 9 2
656 351
1 6 2
604 92
1 9 2
267 297
1 8 2
370 184
1 11 2
633 484
1 13 2
2 306
1 12 2
259 227
1 6 2
607 491
1 9 2
130 144
1 8 2
154 612
1 2 2
439 77
1 13 2
194 691
1 7 2
95 355
1 12 2
353 132
1 9 2
45 285
1 7 2
638 126
1 7 2
280 518
1 13 2
338 40
1 13 2
511 558
1 7 2
191 171
1 13 2
341 63
1 15 2
142 532
1 15 2
516 223
1 3 2
20 125
1 12 2
516 470
1 15 2
97 370
1 9 2
316 437
1 11 2
73 315
1 9 2
30 487
1 2 2
593 41
1 5 2
421 286
1 15 2
630 406
1 3 2
352 546
1 7 2
405 317
1 11 2
596 42
1 12 2
555 544
1 2 2
645 677
1 8 2
644 265
1 11 2
105 606
1 10 2
415 498
1 6 2
296 690
1 12 2
471 27
1 4 2
537 214
1 8 2
597 262
1 11 2
477 456
1 8 2
576 411
1 9 2
603 113
1 8 2
83 606
1 12 2
429 342
1 10 2
182 90
1 5 2
364 593
1 2 2
661 471
1 6 2
504 229
1 8 2
393 147
1 13 2
129 226
1 11 2
154 288
1 12 2
423 444
1 6 2
588 346
1 12 2
16 579
1 12 2
587 58
1 8 2
318 638
1 6 2
241 687
1 6 2
75 625
1 12 2
466 539
1 12 2
576 450
1 11 2
128 639
1 14 2
93 88
1 7 2
113 657
1 4 2
622 492
1 6 2
599 475
1 6 2
75 29
1 12 2
441 406
1 7 2
537 566
1 2 2
42 634
1 3 2
214 6
1 4 2
660 695
1 12 2
646 602
1 12 2
213 507
1 12 2
387 105
1 2 2
268 107
1 12 2
515 343
1 12 2
16 373
1 13 2
289 599
1 10 2
522 331
1 3 2
147 41
1 13 2
375 636
1 8 2
57 530
1 2 2
566 670
1 5 2
629 679
1 11 2
279 656
1 13 2
244 578
1 15 2
498 79
1 2 2
479 8
1 15 2
332 609
1 11 2
681 635
1 14 2
478 507
1 6 2
552 118
1 2 2
640 295
1 2 2
400 241
1 5 2
50 39
1 2 2
402 356
1 4 2
12 124
1 4 2
400 187
1 9 2
613 479
1 3 2
297 101
1 2 2
548 382
1 13 2
474 134
1 9 2
562 431
1 8 2
485 486
1 7 2
688 362
1 12 2
500 697
1 12 2
428 425
1 2 2
79 220
1 13 2
456 225
1 15 2
187 157
1 11 2
272 172
1 3 2
617 353
1 8 2
555 233
1 3 2
42 523
1 5 2
494 490
1 10 2
506 217
1 2 2
478 266
1 7 2
574 256
1 5 2
12 121
1 12 2
71 670
1 2 2
438 568
1 2 2
294 176
1 12 2
16 640
1 10 2
351 277
1 4 2
499 269
1 9 2
110 393
1 6 2
694 489
1 13 2
88 537
1 2 2
487 47
1 7 2
575 41
1 2 2
167 443
1 3 2
437 690
1 10 2
293 192
1 3 2
140 395
1 2 2
140 20
1 6 2
40 244
1 2 2
104 388
1 8 2
184 93
1 5 2
10 670
1 8 2
225 537
1 2 2
449 233
1 2 2
357 115
1 5 2
147 170
1 14 2
137 436
1 9 2
593 77
1 13 2
20 54
1 3 2
370 45
1 9 2
439 115
1 14 2
196 581
1 5 2
325 470
1 6 2
102 625
1 4 2
532 635
1 6 2
298 693
1 5 2
691 143
1 2 2
278 595
1 15 2
64 164
1 2 2
612 698
1 10 2
308 624
1 2 2
156 222
1 11 2
575 56
1 12 2
151 136
1 14 2
179 112
1 14 2
498 74
1 13 2
688 346
1 15 2
541 106
1 9 2
403 140
1 7 2
376 250
1 14 2
120 57
1 7 2
596 610
1 13 2
404 583
1 10 2
46 388
1 14 2
262 270
1 7 2
307 98
1 3 2
193 342
1 14 2
681 639
1 8 2
625 90
1 10 2
189 37
1 15 2
630 551
1 3 2
241 90
1 2 2
182 238
1 9 2
282 528
1 4 2
615 236
1 2 2
277 647
1 11 2
21 324
1 15 2
465 187
1 14 2
48 518
1 14 2
188 253
1 12 2
578 120
1 15 2
582 304
1 10 2
479 670
1 9 2
348 591
1 5 2
219 338
1 13 2
234 58
1 15 2
496 486
1 8 2
54 562
1 6 2
64 401
1 12 2
74 369
1 5 2
253 212
1 6 2
677 161
1 9 2
38 526
1 11 2
184 584
1 13 2
464 644
1 9 2
303 69
1 3 2
277 47
1 10 2
421 618
1 6 2
225 411
1 15 2
584 578
1 3 2
678 525
1 14 2
623 221
1 8 2
440 127
1 9 2
332 597
1 14 2
288 90
1 10 2
422 372
1 6 2
256 622
1 8 2
204 261
1 10 2
614 112
1 5 2
339 696
1 2 2
34 95
1 2 2
271 463
1 8 2
194 299
1 15 2
582 60
1 12 2
547 478
1 4 2
661 580
1 13 2
502 411
1 5 2
443 204
1 5 2
523 1
1 12 2
458 428
1 14 2
526 656
1 7 2
658 305
1 13 2
477 518
1 10 2
667 39
1 10 2
499 230
1 11 2
631 369
1 4 2
1 345
1 3 2
159 654
1 9 2
14 537
1 12 2
431 62
1 11 2
663 65
1 6 2
396 125
1 12 2
510 573
1 5 2
463 602
1 14 2
549 576
1 7 2
600 42
1 13 2
305 516
1 7 2
529 326
1 4 2
672 109
1 14 2
694 241
1 15 2
260 218
1 14 2
220 108
1 15 2
385 237
1 14 2
26 492
1 14 2
633 207
1 12 2
504 668
1 15 2
628 512
1 6 2
24 508
1 6 2
528 173
1 6 2
107 365
1 9 2
478 548
1 11 2
553 652
1 3 2
415 236
1 6 2
560 43
1 8 2
104 318
1 12 2
178 63
1 9 2
643 628
1 14 2
68 133
1 7 2
544 274
1 13 2
521 81
1 2 2
21 509
1 12 2
554 21
1 4 2
210 666
1 5 2
102 233
1 13 2
316 37
1 7 2
408 685
1 13 2
369 314
1 6 2
145 362
1 3 2
138 36
1 14 2
658 10
1 7 2
46 581
1 3 2
163 32
1 11 2
388 456
1 3 2
393 684
1 15 2
365 205
1 7 2
381 130
1 7 2
468 153
1 4 2
400 429
1 11 2
645 423
1 13 2
165 186
1 2 2
44 374
1 3 2
553 156
1 14 2
156 593
1 13 2
267 515
1 3 2
370 634
1 5 2
640 431
1 10 2
288 111
1 3 2
564 408
1 12 2
633 313
1 4 2
480 609
1 9 2
623 599
1 15 2
417 137
1 10 2
635 40
1 9 2
250 474
1 14 2
375 656
1 14 2
121 287
1 6 2
490 524
1 4 2
48 71
1 8 2
595 248
1 10 2
600 81
1 6 2
64 26
1 2 2
576 317
1 11 2
55 219
1 3 2
23 294
1 8 2
556 420
1 7 2
572 497
1 3 2
631 117
1 11 2
392 364
1 5 2
679 329
1 2 2
334 442
1 2 2
280 298
1 5 2
627 464
1 11 2
21 69
1 2 2
110 350
1 10 2
430 421
1 6 2
78 214
1 14 2
403 591
1 10 2
525 444
1 3 2
697 239
1 5 2
559 691
1 6 2
191 280
1 12 2
140 298
1 14 2
144 663
1 7 2
426 314
1 12 2
94 368
1 7 2
214 264
1 5 2
280 554
1 7 2
430 29
1 10 2
9 479
1 10 2
617 76
1 6 2
496 614
1 9 2
356 275
1 13 2
567 38
1 13 2
288 364
1 6 2
349 342
1 9 2
231 570
1 8 2
19 512
1 11 2
535 222
1 9 2
361 228
1 8 2
444 532
1 6 2
379 160
1 11 2
200 469
1 11 2
408 548
1 2 2
606 681
1 9 2
619 672
1 10 2
252 403
1 10 2
204 586
1 13 2
683 565
1 3 2
603 139
1 4 2
249 517
1 10 2
539 250
1 4 2
419 459
1 12 2
559 281
1 2 2
51 60
1 8 2
212 199
1 10 2
640 16
1 12 2
407 649
1 14 2
326 461
1 3 2
262 152
1 3 2
457 513
1 15 2
57 665
1 9 2
290 150
1 6 2
369 334
1 12 2
533 563
1 11 2
40 464
1 3 2
61 157
1 13 2
332 506
1 8 2
35 277
1 3 2
458 9
1 2 2
681 379
1 11 2
387 145
1 9 2
174 285
1 8 2
388 89
1 9 2
71 76
1 7 2
479 224
1 4 2
652 639
1 9 2
162 560
1 12 2
488 462
1 13 2
7 29
1 2 2
206 299
1 8 2
549 450
1 13 2
249 195
1 3 2
367 320
1 9 2
207 484
1 10 2
80 261
1 11 2
36 75
1 11 2
2 363
1 4 2
292 674
1 6 2
599 184
1 12 2
582 456
1 6 2
83 424
1 6 2
291 177
1 10 2
27 509
1 8 2
279 419
1 6 2
455 25
1 7 2
504 615
1 15 2
368 79
1 5 2
322 553
1 15 2
400 98
1 11 2
225 573
1 10 2
338 412
1 3 2
513 597
1 14 2
83 51
1 10 2
525 369
1 4 2
181 655
1 11 2
417 266
1 13 2
369 377
1 4 2
16 473
1 11 2
59 475
1 12 2
680 346
1 14 2
157 441
1 10 2
203 409
1 10 2
627 564
1 4 2
398 605
1 11 2
4 603
1 13 2
120 219
1 13 2
532 557
1 13 2
257 76
1 10 2
234 665
1 13 2
181 193
1 11 2
587 627
1 2 2
620 570
1 6 2
71 693
1 2 2
141 61
1 9 2
683 259
1 5 2
227 611
1 5 2
604 607
1 8 2
364 69
1 7 2
509 54
1 14 2
516 659
1 15 2
332 58
1 4 2
501 106
1 5 2
13 248
1 14 2
585 432
1 13 2
583 204
1 11 2
562 518
1 4 2
598 89
1 4 2
453 328
1 13 2
9 299
1 15 2
650 47
1 14 2
661 152
1 9 2
457 199
1 7 2
571 523
1 4 2
259 573
1 5 2
389 382
1 14 2
205 140
1 15 2
115 395
1 5 2
33 487
1 15 2
532 621
1 4 2
513 258
1 7 2
33 210
1 15 2
163 426
1 8 2
374 330
1 10 2
372 378
1 8 2
507 423
1 7 2
480 156
1 15 2
361 112
1 2 2
231 389
1 11 2
258 410
1 2 2
176 116
1 11 2
615 566
1 7 2
528 351
1 15 2
662 144
1 6 2
207 235
1 15 2
289 82
1 14 2
527 367
1 8 2
389 682
1 15 2
246 694
1 4 2
695 294
1 8 2
629 419
1 9 2
441 248
1 11 2
205 288
1 8 2
538 143
1 9 2
184 658
1 5 2
74 152
1 6 2
314 579
1 8 2
190 441
1 9 2
644 615
1 13 2
516 624
1 4 2
151 560
1 3 2
649 471
1 13 2
89 38
1 8 2
534 59
1 14 2
619 122
1 3 2
487 607
1 5 2
290 78
1 12 2
578 290
1 8 2
294 441
1 7 2
469 349
1 11 2
117 382
1 2 2
449 419
1 3 2
390 311
1 2 2
544 113
1 11 2
332 57
1 4 2
344 574
1 2 2
567 489
1 3 2
263 145
1 7 2
125 38
1 12 2
657 621
1 13 2
658 679
1 4 2
272 603
1 6 2
369 353
1 12 2
93 553
1 7 2
691 611
1 7 2
37 572
1 12 2
455 600
1 5 2
491 514
1 5 2
536 292
1 4 2
0 94
1 7 2
461 74
1 10 2
79 58
1 8 2
550 145
1 13 2
106 320
1 11 2
215 173
1 5 2
308 405
1 13 2
90 171
1 12 2
618 613
1 12 2
218 306
1 8 2
378 435
1 13 2
334 22
1 7 2
581 361
1 10 2
38 477
1 2 2
683 534
1 8 2
445 670
1 7 2
327 678
1 9 2
380 317
1 14 2
59 389
1 5 2
423 511
1 11 2
300 348
1 4 2
669 662
1 9 2
73 148
1 13 2
190 317
1 15 2
564 137
1 15 2
168 167
1 2 2
263 660
1 4 2
89 166
1 9 2
326 689
1 10 2
89 548
1 4 2
387 174
1 6 2
624 299
1 3 2
409 357
1 9 2
373 518
1 3 2
369 32
1 10 2
604 500
1 5 2
82 406
1 15 2
106 193
1 11 2
290 662
1 11 2
537 116
1 3 2
613 497
1 11 2
585 437
1 13 2
680 409
1 11 2
2 24
1 11 2
370 383
1 6 2
135 103
1 6 2
515 90
1 4 2
569 145
1 10 2
302 640
1 3 2
567 563
1 13 2
537 451
1 8 2
590 657
1 15 2
637 40
1 14 2
239 460
1 13 2
130 254
1 8 2
23 20
1 15 2
139 397
1 10 2
150 232
1 10 2
321 600
1 7 2
209 37
1 14 2
150 209
1 6 2
254 411
1 8 2
461 177
1 2 2
158 103
1 15 2
388 543
1 11 2
211 375
1 5 2
128 201
1 2 2
400 44
1 15 2
613 165
1 11 2
161 426
1 15 2
328 407
1 5 2
226 627
1 11 2
468 333
1 3 2
233 699
1 6 2
463 478
1 13 2
501 405
1 12 2
416 141
1 11 2
612 304
1 10 2
511 298
1 12 2
136 40
1 5 2
524 292
1 15 2
496 182
1 11 2
669 598
1 6 2
266 34
1 6 2
230 478
1 14 2
567 198
1 15 2
245 234
1 14 2
643 169
1 2 2
32 137
1 2 2
330 319
1 11 2
672 52
1 12 2
377 551
1 8 2
149 235
1 2 2
60 268
1 4 2
457 527
1 7 2
223 515
1 11 2
487 205
1 9 2
45 493
1 10 2
360 471
1 12 2
198 373
1 9 2
607 559
1 11 2
140 518
1 9 2
309 443
1 11 2
130 148
1 4 2
599 123
1 15 2
84 274
1 2 2
336 493
1 9 2
286 105
1 3 2
186 497
1 7 2
408 498
1 6 2
140 613
1 10 2
51 294
1 4 2
122 63
1 2 2
635 142
1 7 2
586 521
1 15 2
100 320
1 4 2
543 260
1 3 2
245 14
1 6 2
308 633
1 4 2
455 386
1 6 2
297 152
1 8 2
94 127
1 15 2
143 244
1 12 2
382 105
1 7 2
302 497
1 11 2
698 598
1 13 2
27 71
1 13 2
606 212
1 9 2
103 540
1 8 2
471 612
1 5 2
416 516
1 11 2
498 246
1 11 2
411 471
1 11 2
179 566
1 7 2
481 97
1 3 2
192 359
1 5 2
149 536
1 4 2
161 66
1 6 2
80 133
1 2 2
673 344
1 2 2
378 364
1 8 2
124 30
1 10 2
129 285
1 7 2
369 92
1 8 2
410 634
1 12 2
440 546
1 7 2
411 543
1 7 2
150 366
1 3 2
282 71
1 14 2
75 412
1 3 2
135 78
1 5 2
76 512
1 6 2
241 238
1 9 2
313 45
1 2 2
111 399
1 12 2
631 464
1 6 2
303 422
1 9 2
516 85
1 13 2
544 74
1 2 2
121 443
1 2 2
444 161
1 4 2
571 37
1 3 2
430 542
1 15 2
202 39
1 2 2
406 284
1 7 2
42 510
1 11 2
424 571
1 13 2
466 305
1 15 2
616 52
1 11 2
105 574
1 13 2
206 495
1 9 2
691 548
1 2 2
621 595
1 3 2
430 262
1 9 2
321 265
1 4 2
92 381
1 10 2
274 607
1 2 2
578 119
1 15 2
292 286
1 13 2
202 443
1 2 2
486 126
1 7 2
71 15
1 12 2
570 158
1 13 2
285 50
1 2 2
420 13
1 13 2
397 54
1 3 2
200 61
1 13 2
25 145
1 8 2
667 310
1 10 2
350 375
1 3 2
8 69
1 8 2
554 190
1 11 2
586 611
1 2 2
491 175
1 9 2
422 624
1 10 2
541 97
1 5 2
373 649
1 3 2
633 62
1 7 2
201 463
1 6 2
330 360
1 13 2
402 105
1 12 2
164 20
1 8 2
69 516
1 10 2
35 172
1 6 2
12 376
1 2 2
502 295
1 7 2
252 518
1 9 2
509 254
1 8 2
2 666
1 11 2
262 352
1 12 2
595 571
1 11 2
569 633
1 12 2
588 33
1 14 2
434 169
1 6 2
498 643
1 15 2
412 680
1 4 2
43 689
1 6 2
1 281
1 3 2
500 472
1 8 2
300 176
1 10 2
521 292
1 12 2
255 665
1 2 2
105 432
1 9 2
336 6
1 9 2
286 89
1 10 2
67 11
1 5 2
564 454
1 7 2
316 323
1 3 2
543 225
1 9 2
309 674
1 6 2
430 603
1 2 2
501 188
1 11 2
669 53
1 15 2
11 552
1 15 2
526 497
1 15 2
68 302
1 13 2
558 692
1 13 2
481 464
1 15 2
105 375
1 11 2
303 52
1 10 2
227 55
1 5 2
7 312
1 11 2
4 143
1 2 2
239 234
1 10 2
24 165
1 6 2
492 560
1 8 2
684 402
1 12 2
274 574
1 2 2
340 506
1 9 2
401 208
1 4 2
122 35
1 15 2
225 542
1 4 2
666 4
1 4 2
235 581
1 14 2
337 418
1 6 2
148 361
1 13 2
141 8
1 13 2
134 387
1 4 2
541 361
1 7 2
240 56
1 9 2
175 165
1 13 2
451 663
1 9 2
426 668
1 10 2
25 470
1 10 2
244 542
1 4 2
533 585
1 18 2
391 157
1 24 2
56 592
1 24 2
301 260
1 14 2
531 696
1 18 2
491 259
1 4 2
524 256
1 16 2
25 682
1 26 2
368 353
1 14 2
109 564
1 20 2
77 205
1 10 2
493 277
1 20 2
240 221
1 26 2
669 620
1 14 2
446 244
