700 4184 2100
22 16 8 16 25 20 8 20 9 19 12 24 10 5 14 16 24 14 18 22 18 17 15 5 19 6 10 15 7 24 8 20 16 9 16 5 23 21 16 15 18 16 17 9 17 19 16 21 18 15 8 16 9 8 25 19 8 20 20 6 16 7 16 16 18 21 18 7 8 24 11 24 9 17 16 20 8 8 11 18 10 6 7 21 7 15 14 19 8 23 15 20 19 19 15 14 8 22 24 5 8 12 25 10 16 13 24 21 22 11 15 10 24 14 5 8 13 7 5 17 5 20 12 7 6 17 7 25 25 24 12 10 22 17 25 14 19 24 25 10 14 13 15 10 22 24 23 24 9 21 23 17 13 16 19 12 20 11 16 16 24 6 5 14 12 5 17 25 5 7 23 16 18 19 22 21 23 8 18 15 8 21 11 16 19 13 5 7 8 19 6 6 11 7 12 20 12 16 17 18 22 18 20 23 15 15 7 25 21 16 11 8 8 21 14 14 6 12 19 9 13 17 7 24 11 7 17 8 12 18 9 8 14 21 12 8 18 18 6 10 15 21 16 12 15 18 11 10 16 13 21 11 18 22 14 10 14 10 18 25 23 14 10 18 7 23 21 22 24 9 17 19 18 15 10 21 9 14 19 10 12 5 7 23 19 18 11 21 22 7 14 22 13 23 9 25 21 25 18 9 17 13 9 14 20 11 12 21 25 6 7 18 14 14 23 18 7 20 8 5 7 13 14 6 20 18 22 9 7 16 12 9 14 16 9 13 13 14 14 13 13 7 6 14 14 9 8 7 25 12 6 12 20 15 9 9 5 17 20 16 15 14 18 17 15 12 25 11 14 7 11 9 11 12 17 7 22 6 7 17 21 7 23 19 15 23 8 10 23 14 5 9 19 22 18 8 23 11 17 11 7 10 17 25 24 15 12 14 16 20 21 22 12 21 25 16 17 13 14 12 11 13 12 24 19 16 6 9 21 21 10 25 17 6 16 24 10 25 19 19 11 5 13 14 5 13 19 14 13 18 13 17 10 25 18 11 5 11 24 13 16 10 7 18 14 15 25 12 8 14 5 13 15 17 7 13 20 19 16 23 14 6 10 9 15 19 11 25 11 21 5 11 20 20 23 8 8 8 19 6 17 19 13 6 14 9 17 8 18 23 21 9 24 6 5 6 12 15 19 9 16 22 11 16 12 15 15 14 9 9 13 12 22 8 25 25 20 9 15 5 11 20 13 17 7 9 15 8 17 13 15 7 7 16 11 19 19 18 17 12 9 5 19 18 12 13 12 23 6 19 16 19 22 6 9 9 21 16 9 5 19 17 14 18 11 23 24 9 11 12 16 17 12 20 16 23 13 8 18 15 22 25 10 20 13 20 13 21 8 19 25 15 11 6 22 6 13 21 13 9 18 8 25 12 17 25 16 20 7 18 17 19 22 25 25 14 6 16 10 5 24 9 13 13 13 7 7 16 9 18 7 22 9 14 21 24 24 15 11 15 18 9 8 12 15 23 18 20 6 21 10 5 25 18 17 7 20 15 25 16 8 12 22 14 10 16 13 6 7 18 16 17 13 14 9 6 24 21 9 10
3 8 13 7 7 16 18 10 13 5 10 15 3 15 10 18 8 4 6 4 11 4 6 11 14 7 19 4 10 13 9 14 18 3 5 3 17 17 11 14 14 6 9 10 12 4 3 6 20 8 10 12 7 20 3 4 13 15 8 18 18 18 5 17 10 3 20 12 19 20 10 5 19 20 20 5 9 6 17 13 10 9 11 15 5 8 12 19 12 17 15 3 10 18 4 5 15 19 14 16 15 14 15 10 3 16 17 12 18 9 16 13 3 16 11 9 13 16 13 7 7 4 6 16 14 6 19 5 11 16 11 20 16 6 16 20 17 4 8 3 8 18 8 17 7 14 10 7 13 3 20 10 6 5 10 13 4 17 14 14 18 20 8 15 15 15 6 20 5 18 8 17 11 7 14 14 5 4 4 4 9 18 15 18 18 13 10 12 4 19 17 17 11 8 7 4 17 4 8 18 5 9 17 5 14 10 3 3 8 3 14 19 7 17 19 5 6 6 13 8 18 19 3 13 4 6 16 5 13 14 14 16 18 7 12 18 9 14 17 14 10 10 13 10 6 9 13 16 19 6 14 10 6 6 7 5 9 4 6 20 16 17 20 18 13 10 16 19 3 20 20 8 17 9 18 20 18 3 5 17 7 20 10 4 11 7 16 12 6 11 18 3 20 9 17 9 20 11 9 18 3 8 17 20 13 12 16 5 18 14 15 3 5 12 20 11 17 18 8 5 12 6 5 12 15 15 5 18 3 4 20 3 11 20 11 7 20 9 16 11 3 6 15 14 6 15 18 4 16 5 11 11 14 18 3 19 10 15 16 20 8 20 4 5 18 20 7 4 17 14 19 8 3 11 8 9 16 20 7 19 17 11 13 17 18 14 15 19 15 5 14 5 9 9 16 5 4 4 11 5 14 20 5 17 10 15 18 14 7 12 13 8 19 5 11 10 11 20 9 12 13 15 5 7 19 15 6 11 9 12 15 4 10 4 14 12 5 10 4 5 5 3 15 18 11 12 3 15 7 4 7 19 8 4 14 13 11 10 19 7 19 9 19 8 6 14 4 17 8 20 9 5 14 20 14 20 20 17 20 9 14 20 6 4 16 11 8 6 4 13 9 6 9 4 17 13 12 5 20 12 19 11 16 4 13 11 4 13 11 6 7 16 6 3 12 5 15 6 5 4 14 3 9 3 17 11 5 8 10 17 10 10 8 19 16 8 14 6 14 11 3 4 4 11 3 7 10 17 4 18 10 16 14 14 16 16 15 10 7 13 13 15 18 15 12 15 16 14 19 12 14 20 6 12 18 8 17 11 17 18 19 13 13 15 20 5 18 6 17 18 16 17 4 20 20 7 16 8 19 10 6 11 19 20 4 9 19 20 8 16 11 20 17 3 20 9 13 5 11 20 17 14 12 17 13 14 19 9 19 15 14 12 11 10 8 9 13 5 11 10 10 14 4 12 3 10 7 19 4 3 14 15 12 5 9 10 19 9 19 20 17 12 5 4 11 18 18 9 13 10 19 5 5 4 7 5 20 4 17 17 11 20 10 20 18 17 17 18 13 11 9 5 13 6 10 13 9 3 18 20
1 6 2
567 349
1 8 2
438 320
1 14 2
272 580
1 12 2
274 203
1 15 2
435 650
1 10 2
58 0
1 13 2
378 550
1 14 2
645 615
1 10 2
66 264
1 2 2
499 17
1 10 2
24 171
1 13 2
499 289
1 9 2
177 333
1 12 2
424 393
1 3 2
505 298
1 9 2
67 248
1 4 2
304 501
1 13 2
352 529
1 3 2
402 149
1 6 2
324 136
1 2 2
115 601
1 6 2
519 181
1 5 2
571 61
1 5 2
185 218
1 12 2
233 627
1 7 2
419 223
1 6 2
511 308
1 3 2
496 259
1 9 2
417 197
1 10 2
139 71
1 11 2
565 669
1 7 2
634 135
1 9 2
597 679
1 4 2
675 201
1 4 2
503 523
1 10 2
289 478
1 8 2
347 335
1 6 2
482 595
1 5 2
634 546
1 12 2
183 124
1 15 2
150 184
1 4 2
205 132
1 2 2
64 281
1 5 2
556 397
1 8 2
305 217
1 7 2
531 118
1 7 2
394 579
1 12 2
313 512
1 2 2
123 672
1 8 2
390 99
1 10 2
113 293
1 14 2
175 460
1 5 2
188 266
1 10 2
390 461
1 2 2
576 112
1 9 2
470 638
1 8 2
326 683
1 11 2
462 419
1 8 2
99 656
1 11 2
202 199
1 4 2
600 1
1 12 2
529 173
1 7 2
481 426
1 3 2
381 259
1 12 2
123 410
1 4 2
90 482
1 7 2
68 208
1 2 2
300 688
1 15 2
230 656
1 4 2
157 624
1 8 2
635 699
1 7 2
427 203
1 13 2
545 436
1 11 2
378 375
1 10 2
270 698
1 11 2
311 425
1 9 2
94 507
1 7 2
536 431
1 2 2
643 515
1 9 2
386 279
1 11 2
54 291
1 12 2
639 393
1 14 2
612 606
1 4 2
628 292
1 8 2
366 178
1 14 2
449 111
1 8 2
337 153
1 3 2
336 198
1 9 2
209 648
1 6 2
428 243
1 12 2
86 157
1 2 2
142 167
1 7 2
203 133
1 8 2
167 440
1 12 2
433 555
1 11 2
127 166
1 2 2
564 662
1 13 2
267 599
1 5 2
420 335
1 12 2
650 446
1 2 2
428 647
1 2 2
550 338
1 8 2
284 162
1 4 2
126 450
1 2 2
273 241
1 6 2
371 624
1 10 2
247 138
1 5 2
193 39
1 2 2
444 231
1 11 2
696 631
1 2 2
374 358
1 10 2
233 451
1 2 2
447 318
1 3 2
136 639
1 2 2
71 659
1 5 2
499 152
1 4 2
49 266
1 11 2
130 180
1 2 2
575 375
1 8 2
275 51
1 10 2
687 478
1 14 2
499 81
1 9 2
439 122
1 7 2
390 293
1 2 2
158 321
1 6 2
442 642
1 12 2
135 440
1 4 2
119 181
1 9 2
343 219
1 8 2
401 41
1 11 2
409 228
1 2 2
535 411
1 10 2
172 600
1 6 2
577 610
1 13 2
693 426
1 7 2
390 395
1 12 2
136 660
1 9 2
314 103
1 4 2
617 314
1 8 2
101 1
1 5 2
536 47
1 10 2
405 346
1 4 2
375 188
1 2 2
457 637
1 3 2
372 671
1 14 2
69 387
1 10 2
182 232
1 4 2
434 172
1 3 2
124 685
1 8 2
649 485
1 3 2
695 25
1 6 2
686 440
1 12 2
615 216
1 2 2
258 160
1 8 2
469 61
1 4 2
40 331
1 3 2
681 485
1 12 2
88 297
1 10 2
366 661
1 2 2
61 475
1 9 2
615 436
1 14 2
27 426
1 14 2
378 104
1 10 2
45 192
1 13 2
40 325
1 12 2
497 42
1 4 2
287 164
1 11 2
607 426
1 5 2
145 639
1 6 2
178 271
1 13 2
228 260
1 8 2
300 370
1 3 2
633 173
1 3 2
221 410
1 4 2
519 626
1 12 2
470 490
1 10 2
588 626
1 14 2
58 487
1 4 2
547 470
1 13 2
242 143
1 7 2
300 659
1 8 2
600 483
1 8 2
164 526
1 12 2
580 313
1 4 2
120 330
1 15 2
439 487
1 2 2
665 351
1 6 2
431 661
1 3 2
377 520
1 14 2
185 330
1 2 2
187 407
1 12 2
225 559
1 3 2
434 466
1 13 2
280 568
1 7 2
482 525
1 11 2
635 566
1 15 2
249 272
1 12 2
418 17
1 3 2
447 505
1 13 2
226 70
1 11 2
673 401
1 11 2
678 183
1 5 2
585 348
1 3 2
572 648
1 13 2
134 580
1 14 2
217 512
1 10 2
206 530
1 15 2
633 282
1 9 2
566 675
1 10 2
240 266
1 6 2
264 139
1 2 2
324 633
1 15 2
21 402
1 4 2
683 628
1 5 2
378 622
1 13 2
544 407
1 8 2
150 85
1 14 2
98 548
1 15 2
47 303
1 11 2
15 609
1 7 2
197 505
1 7 2
507 144
1 13 2
580 217
1 10 2
566 74
1 12 2
291 451
1 4 2
60 104
1 2 2
474 139
1 8 2
220 392
1 12 2
463 90
1 3 2
508 183
1 10 2
611 533
1 2 2
347 440
1 13 2
527 648
1 11 2
544 431
1 7 2
614 480
1 2 2
308 324
1 12 2
146 71
1 11 2
12 566
1 5 2
203 111
1 4 2
305 9
1 13 2
77 576
1 15 2
60 55
1 4 2
558 263
1 7 2
159 37
1 8 2
281 484
1 15 2
598 564
1 2 2
528 146
1 12 2
652 99
1 7 2
404 277
1 4 2
51 542
1 13 2
27 33
1 6 2
539 638
1 14 2
222 219
1 7 2
91 602
1 10 2
594 311
1 14 2
285 255
1 12 2
647 124
1 10 2
140 117
1 7 2
222 26
1 10 2
265 175
1 2 2
599 381
1 8 2
581 680
1 15 2
297 692
1 6 2
1 100
1 3 2
593 355
1 6 2
650 585
1 4 2
305 513
1 4 2
176 216
1 3 2
593 468
1 4 2
548 312
1 14 2
356 232
1 7 2
39 363
1 9 2
460 183
1 2 2
486 221
1 13 2
266 75
1 8 2
222 41
1 7 2
560 452
1 8 2
420 597
1 6 2
369 582
1 3 2
271 325
1 9 2
37 695
1 5 2
4 665
1 7 2
236 128
1 7 2
428 200
1 4 2
65 595
1 14 2
70 277
1 7 2
278 300
1 8 2
165 607
1 5 2
101 582
1 8 2
605 585
1 3 2
693 344
1 6 2
57 528
1 2 2
586 596
1 14 2
207 560
1 12 2
218 56
1 12 2
348 291
1 15 2
355 58
1 8 2
255 63
1 15 2
673 544
1 11 2
290 405
1 3 2
583 675
1 12 2
361 359
1 2 2
78 356
1 8 2
255 85
1 14 2
167 383
1 4 2
518 183
1 6 2
598 534
1 10 2
230 541
1 7 2
333 2
1 9 2
400 606
1 8 2
580 593
1 15 2
357 368
1 6 2
470 354
1 2 2
269 343
1 9 2
394 63
1 14 2
570 128
1 12 2
363 477
1 2 2
29 671
1 12 2
279 97
1 7 2
421 483
1 6 2
354 577
1 3 2
582 688
1 12 2
386 205
1 13 2
403 188
1 5 2
698 109
1 4 2
560 238
1 12 2
187 629
1 6 2
264 442
1 6 2
375 685
1 15 2
295 590
1 11 2
208 561
1 9 2
190 235
1 13 2
28 650
1 9 2
225 1
1 11 2
477 405
1 7 2
140 697
1 14 2
155 454
1 6 2
261 166
1 13 2
358 22
1 14 2
175 138
1 2 2
524 421
1 15 2
333 394
1 6 2
140 325
1 12 2
218 371
1 6 2
270 611
1 7 2
385 651
1 7 2
350 145
1 4 2
140 131
1 7 2
144 236
1 6 2
40 76
1 14 2
411 396
1 7 2
29 601
1 15 2
7 551
1 7 2
300 275
1 14 2
108 552
1 3 2
82 405
1 15 2
417 194
1 13 2
371 140
1 10 2
609 684
1 2 2
125 13
1 6 2
691 310
1 15 2
674 233
1 11 2
601 419
1 7 2
175 146
1 4 2
609 617
1 6 2
433 284
1 11 2
259 49
1 6 2
502 528
1 6 2
28 521
1 9 2
474 431
1 8 2
4 315
1 3 2
569 641
1 13 2
310 243
1 15 2
85 659
1 12 2
645 137
1 6 2
502 477
1 6 2
249 476
1 6 2
550 681
1 5 2
163 411
1 7 2
99 536
1 8 2
499 84
1 3 2
257 360
1 14 2
127 185
1 11 2
274 238
1 6 2
173 270
1 5 2
427 388
1 12 2
5 357
1 6 2
391 164
1 12 2
584 52
1 2 2
396 230
1 13 2
7 471
1 14 2
392 678
1 14 2
260 411
1 11 2
549 80
1 15 2
217 49
1 13 2
27 490
1 10 2
17 537
1 8 2
278 40
1 3 2
188 223
1 5 2
454 325
1 11 2
268 634
1 4 2
169 544
1 14 2
184 360
1 5 2
146 332
1 10 2
573 128
1 6 2
192 482
1 7 2
659 90
1 4 2
51 177
1 7 2
199 325
1 3 2
405 51
1 4 2
341 600
1 2 2
355 116
1 12 2
69 326
1 3 2
387 250
1 12 2
633 555
1 7 2
664 432
1 5 2
330 143
1 10 2
273 50
1 11 2
545 112
1 14 2
197 194
1 13 2
530 160
1 15 2
620 308
1 11 2
28 103
1 4 2
506 335
1 14 2
64 199
1 2 2
158 583
1 6 2
336 2
1 2 2
401 2
1 15 2
247 129
1 6 2
106 498
1 9 2
418 577
1 11 2
645 171
1 6 2
334 531
1 3 2
402 562
1 4 2
72 36
1 13 2
65 449
1 4 2
62 537
1 7 2
453 647
1 11 2
122 559
1 8 2
555 470
1 11 2
635 388
1 12 2
629 605
1 11 2
560 393
1 9 2
145 285
1 15 2
361 667
1 12 2
463 556
1 15 2
199 311
1 5 2
189 592
1 12 2
71 650
1 8 2
549 182
1 7 2
347 188
1 11 2
68 36
1 4 2
501 49
1 5 2
174 548
1 15 2
659 410
1 15 2
551 56
1 4 2
505 296
1 3 2
279 261
1 6 2
374 243
1 12 2
566 303
1 12 2
15 418
1 2 2
445 697
1 6 2
154 88
1 14 2
632 336
1 12 2
285 111
1 15 2
484 529
1 3 2
140 548
1 7 2
617 14
1 2 2
17 562
1 14 2
227 96
1 12 2
559 287
1 11 2
349 332
1 8 2
487 301
1 14 2
154 65
1 12 2
65 561
1 15 2
318 595
1 8 2
261 541
1 3 2
566 682
1 7 2
32 375
1 6 2
96 50
1 13 2
435 349
1 13 2
634 59
1 6 2
670 242
1 3 2
215 577
1 6 2
506 59
1 5 2
275 499
1 14 2
3 135
1 14 2
133 346
1 7 2
378 379
1 3 2
621 654
1 10 2
592 259
1 9 2
121 22
1 5 2
204 82
1 10 2
174 484
1 11 2
262 277
1 12 2
193 79
1 12 2
7 118
1 5 2
90 70
1 13 2
381 271
1 11 2
91 374
1 8 2
181 565
1 4 2
302 172
1 7 2
101 267
1 8 2
38 400
1 13 2
96 474
1 9 2
458 598
1 6 2
143 408
1 10 2
439 223
1 14 2
21 233
1 15 2
608 469
1 6 2
184 188
1 3 2
350 629
1 9 2
0 277
1 15 2
565 55
1 9 2
16 626
1 2 2
121 150
1 6 2
153 290
1 5 2
65 462
1 11 2
609 116
1 8 2
371 265
1 13 2
26 650
1 5 2
73 22
1 4 2
9 458
1 3 2
384 29
1 8 2
628 31
1 8 2
390 80
1 11 2
309 278
1 4 2
180 438
1 10 2
589 104
1 2 2
551 680
1 14 2
61 83
1 3 2
120 53
1 9 2
513 399
1 5 2
586 561
1 4 2
546 301
1 13 2
660 531
1 14 2
542 481
1 7 2
99 264
1 12 2
390 189
1 12 2
162 501
1 12 2
561 59
1 7 2
273 77
1 12 2
677 514
1 8 2
415 617
1 13 2
134 465
1 4 2
346 388
1 10 2
528 174
1 8 2
99 475
1 8 2
461 482
1 8 2
538 158
1 6 2
88 580
1 13 2
608 72
1 3 2
220 47
1 11 2
326 358
1 4 2
478 515
1 3 2
291 554
1 2 2
330 698
1 4 2
136 181
1 13 2
479 177
1 6 2
216 56
1 5 2
617 139
1 5 2
675 644
1 9 2
217 666
1 12 2
137 471
1 6 2
291 488
1 3 2
421 412
1 4 2
491 639
1 13 2
461 687
1 12 2
397 642
1 4 2
546 76
1 3 2
274 657
1 14 2
421 449
1 4 2
134 501
1 11 2
16 559
1 7 2
406 392
1 2 2
392 54
1 4 2
315 619
1 3 2
501 485
1 4 2
34 628
1 10 2
500 366
1 6 2
167 624
1 10 2
587 340
1 6 2
104 385
1 13 2
413 451
1 11 2
635 94
1 14 2
302 525
1 4 2
363 223
1 12 2
505 399
1 8 2
684 39
1 2 2
505 338
1 7 2
634 588
1 7 2
71 107
1 11 2
41 503
1 2 2
334 229
1 8 2
531 190
1 14 2
356 588
1 4 2
142 244
1 5 2
546 410
1 12 2
206 595
1 2 2
9 343
1 9 2
338 526
1 8 2
243 670
1 6 2
352 203
1 7 2
203 80
1 12 2
371 620
1 13 2
57 606
1 5 2
319 693
1 7 2
40 690
1 3 2
410 39
1 10 2
608 4
1 5 2
138 154
1 13 2
316 572
1 11 2
292 87
1 10 2
515 404
1 5 2
296 117
1 12 2
412 424
1 6 2
574 382
1 2 2
558 572
1 7 2
392 320
1 6 2
626 587
1 15 2
117 513
1 10 2
136 572
1 12 2
221 0
1 3 2
576 476
1 10 2
541 456
1 10 2
443 484
1 4 2
397 401
1 10 2
183 357
1 8 2
133 647
1 3 2
137 253
1 7 2
174 218
1 7 2
554 603
1 11 2
220 276
1 5 2
633 409
1 7 2
0 5
1 12 2
404 191
1 5 2
155 440
1 8 2
284 560
1 3 2
351 521
1 2 2
279 270
1 11 2
195 599
1 15 2
695 521
1 7 2
350 73
1 5 2
390 27
1 3 2
396 595
1 15 2
331 502
1 9 2
185 472
1 9 2
594 521
1 12 2
619 381
1 10 2
35 16
1 13 2
189 549
1 15 2
307 238
1 7 2
651 459
1 3 2
207 301
1 10 2
176 113
1 2 2
100 557
1 3 2
649 229
1 15 2
125 649
1 5 2
133 255
1 15 2
230 207
1 5 2
26 347
1 5 2
574 482
1 13 2
400 21
1 5 2
400 161
1 14 2
229 163
1 15 2
696 440
1 7 2
551 217
1 7 2
276 435
1 10 2
179 625
1 11 2
180 167
1 3 2
190 357
1 5 2
563 407
1 14 2
315 265
1 10 2
183 51
1 4 2
362 578
1 8 2
554 398
1 9 2
246 26
1 6 2
260 406
1 2 2
480 217
1 7 2
639 35
1 3 2
204 662
1 3 2
63 414
1 8 2
16 635
1 8 2
166 479
1 7 2
521 23
1 13 2
620 401
1 14 2
140 350
1 2 2
52 404
1 13 2
588 280
1 14 2
30 33
1 2 2
193 581
1 7 2
502 628
1 11 2
300 396
1 5 2
668 429
1 13 2
623 32
1 10 2
299 518
1 11 2
511 452
1 3 2
292 287
1 13 2
624 573
1 15 2
682 82
1 4 2
151 84
1 5 2
531 120
1 11 2
387 502
1 2 2
112 591
1 3 2
256 669
1 9 2
238 167
1 10 2
44 150
1 13 2
598 205
1 9 2
431 416
1 8 2
3 117
1 10 2
499 344
1 10 2
350 36
1 15 2
184 258
1 9 2
583 363
1 5 2
338 430
1 6 2
265 600
1 5 2
508 410
1 4 2
518 64
1 3 2
595 334
1 4 2
685 530
1 9 2
202 541
1 14 2
383 31
1 9 2
172 615
1 15 2
125 460
1 8 2
696 51
1 3 2
455 389
1 7 2
124 269
1 13 2
73 280
1 8 2
374 269
1 10 2
500 18
1 9 2
133 393
1 3 2
616 517
1 2 2
46 109
1 11 2
686 310
1 13 2
546 331
1 12 2
405 403
1 13 2
300 289
1 11 2
452 10
1 7 2
153 467
1 13 2
182 571
1 6 2
384 476
1 9 2
320 214
1 14 2
654 686
1 3 2
561 103
1 8 2
43 515
1 12 2
671 401
1 14 2
390 587
1 6 2
206 156
1 13 2
582 108
1 15 2
677 537
1 6 2
116 619
1 4 2
398 213
1 8 2
1 508
1 14 2
198 16
1 15 2
470 348
1 13 2
14 318
1 2 2
678 253
1 13 2
466 176
1 5 2
155 413
1 10 2
533 589
1 6 2
118 691
1 9 2
346 200
1 12 2
445 647
1 5 2
647 408
1 4 2
228 433
1 7 2
349 155
1 6 2
538 519
1 11 2
65 149
1 6 2
409 400
1 15 2
381 564
1 13 2
240 7
1 9 2
180 398
1 15 2
61 315
1 10 2
501 373
1 2 2
107 274
1 15 2
278 516
1 7 2
367 147
1 9 2
276 398
1 6 2
54 680
1 2 2
612 671
1 3 2
29 147
1 4 2
15 284
1 8 2
288 148
1 13 2
260 219
1 6 2
151 528
1 8 2
84 250
1 8 2
427 450
1 12 2
125 313
1 13 2
143 620
1 9 2
99 479
1 15 2
464 499
1 9 2
220 357
1 10 2
90 32
1 5 2
461 618
1 8 2
472 570
1 2 2
451 395
1 11 2
157 328
1 8 2
363 437
1 7 2
176 63
1 15 2
611 394
1 8 2
83 7
1 11 2
370 135
1 4 2
251 675
1 12 2
290 215
1 8 2
343 245
1 6 2
506 654
1 8 2
58 676
1 9 2
147 30
1 6 2
239 125
1 3 2
517 669
1 7 2
113 637
1 6 2
533 681
1 15 2
341 1
1 15 2
489 430
1 7 2
553 292
1 14 2
441 277
1 3 2
107 512
1 14 2
138 438
1 5 2
610 657
1 15 2
673 59
1 10 2
424 611
1 4 2
228 528
1 8 2
544 573
1 15 2
303 168
1 4 2
500 291
1 11 2
14 523
1 5 2
1 653
1 2 2
432 103
1 3 2
248 554
1 5 2
314 269
1 9 2
487 256
1 2 2
692 338
1 15 2
365 29
1 10 2
419 94
1 13 2
205 305
1 8 2
394 79
1 5 2
427 598
1 3 2
662 346
1 9 2
291 108
1 5 2
524 89
1 3 2
251 121
1 10 2
298 467
1 6 2
117 141
1 15 2
262 479
1 3 2
433 100
1 10 2
163 497
1 5 2
191 122
1 14 2
198 242
1 3 2
231 296
1 13 2
316 256
1 14 2
511 266
1 12 2
203 35
1 5 2
303 634
1 6 2
160 147
1 2 2
333 474
1 13 2
95 215
1 3 2
558 21
1 7 2
358 1
1 2 2
523 260
1 4 2
260 253
1 11 2
91 634
1 6 2
530 360
1 8 2
411 578
1 10 2
100 464
1 8 2
456 305
1 3 2
108 683
1 10 2
554 101
1 9 2
545 431
1 9 2
175 636
1 4 2
355 256
1 15 2
120 20
1 6 2
328 155
1 10 2
661 82
1 14 2
260 430
1 6 2
597 585
1 13 2
405 210
1 3 2
195 660
1 3 2
460 434
1 7 2
423 431
1 6 2
30 682
1 2 2
645 345
1 3 2
307 632
1 2 2
699 201
1 7 2
524 628
1 12 2
326 218
1 14 2
655 270
1 3 2
322 662
1 3 2
645 325
1 9 2
376 544
1 13 2
414 175
1 15 2
235 115
1 14 2
544 342
1 11 2
19 503
1 14 2
504 210
1 10 2
550 42
1 6 2
618 297
1 2 2
358 374
1 13 2
631 503
1 6 2
88 434
1 11 2
63 311
1 15 2
10 186
1 13 2
585 215
1 12 2
37 48
1 14 2
252 350
1 2 2
513 155
1 10 2
594 582
1 4 2
564 5
1 2 2
113 679
1 13 2
34 449
1 11 2
126 512
1 13 2
521 105
1 9 2
86 254
1 14 2
539 624
1 13 2
546 7
1 14 2
440 170
1 15 2
225 192
1 13 2
78 644
1 3 2
227 646
1 12 2
261 289
1 7 2
690 281
1 9 2
14 514
1 6 2
463 212
1 10 2
305 510
1 2 2
295 35
1 12 2
658 4
1 5 2
39 438
1 3 2
656 95
1 10 2
330 570
1 10 2
321 12
1 14 2
538 79
1 9 2
567 512
1 3 2
280 358
1 9 2
294 569
1 9 2
57 413
1 4 2
292 624
1 3 2
157 41
1 12 2
508 644
1 12 2
61 506
1 15 2
643 263
1 13 2
533 425
1 4 2
682 562
1 11 2
316 83
1 6 2
694 573
1 7 2
170 671
1 7 2
122 549
1 15 2
598 230
1 11 2
134 303
1 7 2
116 17
1 11 2
442 279
1 15 2
477 349
1 11 2
18 312
1 8 2
542 192
1 7 2
662 492
1 11 2
17 441
1 9 2
523 263
1 5 2
210 601
1 14 2
526 93
1 6 2
642 173
1 14 2
35 557
1 2 2
396 519
1 2 2
593 558
1 10 2
697 124
1 11 2
46 236
1 6 2
669 526
1 12 2
373 79
1 7 2
116 123
1 11 2
49 8
1 4 2
570 535
1 9 2
15 551
1 12 2
344 26
1 10 2
607 264
1 3 2
677 425
1 9 2
157 267
1 6 2
507 333
1 10 2
670 483
1 6 2
30 255
1 6 2
456 263
1 3 2
607 441
1 4 2
409 493
1 12 2
513 434
1 7 2
56 34
1 8 2
16 417
1 13 2
341 364
1 4 2
282 623
1 3 2
52 148
1 6 2
534 661
1 5 2
572 379
1 6 2
385 201
1 2 2
335 359
1 2 2
155 668
1 6 2
591 643
1 11 2
276 280
1 6 2
134 187
1 6 2
558 430
1 8 2
305 71
1 14 2
223 515
1 6 2
576 356
1 4 2
231 376
1 10 2
207 397
1 7 2
0 594
1 3 2
397 137
1 12 2
562 509
1 8 2
399 606
1 6 2
592 687
1 12 2
694 107
1 9 2
306 691
1 2 2
249 415
1 7 2
198 13
1 7 2
426 510
1 3 2
100 147
1 5 2
345 42
1 9 2
484 303
1 6 2
173 66
1 15 2
279 208
1 15 2
381 5
1 5 2
366 104
1 11 2
690 319
1 6 2
489 382
1 6 2
326 240
1 6 2
220 632
1 14 2
133 493
1 13 2
283 585
1 11 2
110 320
1 12 2
253 481
1 9 2
485 407
1 14 2
89 184
1 13 2
635 13
1 2 2
481 235
1 9 2
681 121
1 13 2
590 409
1 6 2
594 392
1 3 2
531 28
1 14 2
233 100
1 15 2
582 531
1 3 2
366 438
1 7 2
476 159
1 8 2
574 265
1 4 2
255 111
1 7 2
202 627
1 4 2
245 663
1 12 2
115 181
1 4 2
400 290
1 8 2
116 500
1 5 2
386 385
1 14 2
383 176
1 8 2
512 677
1 3 2
680 614
1 7 2
565 571
1 5 2
509 45
1 14 2
87 316
1 9 2
478 414
1 15 2
476 163
1 6 2
94 555
1 13 2
552 499
1 11 2
645 49
1 8 2
583 689
1 9 2
562 73
1 5 2
247 156
1 3 2
140 233
1 10 2
474 530
1 4 2
471 128
1 11 2
644 565
1 7 2
662 272
1 2 2
417 246
1 10 2
646 634
1 5 2
641 263
1 8 2
464 52
1 4 2
315 199
1 4 2
195 300
1 6 2
660 436
1 11 2
16 91
1 5 2
499 324
1 4 2
113 277
1 3 2
36 186
1 13 2
391 382
1 5 2
36 542
1 12 2
309 339
1 12 2
60 617
1 2 2
25 311
1 3 2
136 382
1 14 2
155 517
1 12 2
308 136
1 11 2
692 668
1 13 2
164 342
1 6 2
549 293
1 15 2
592 91
1 13 2
680 136
1 9 2
649 536
1 7 2
360 414
1 4 2
687 430
1 2 2
176 567
1 4 2
123 372
1 12 2
47 227
1 5 2
547 145
1 6 2
208 50
1 11 2
42 255
1 10 2
556 360
1 2 2
579 648
1 4 2
204 349
1 12 2
610 497
1 9 2
419 631
1 12 2
341 20
1 5 2
184 633
1 7 2
490 560
1 8 2
230 615
1 7 2
646 504
1 12 2
563 333
1 10 2
624 652
1 7 2
347 230
1 2 2
356 438
1 15 2
393 615
1 10 2
337 154
1 7 2
272 246
1 12 2
54 425
1 4 2
690 630
1 5 2
304 241
1 6 2
493 263
1 14 2
62 340
1 2 2
423 548
1 10 2
392 285
1 4 2
439 128
1 10 2
645 121
1 15 2
175 347
1 8 2
584 280
1 4 2
164 347
1 8 2
555 93
1 9 2
449 488
1 12 2
670 673
1 8 2
550 406
1 10 2
276 571
1 11 2
427 331
1 13 2
248 615
1 7 2
390 534
1 5 2
537 550
1 15 2
184 466
1 13 2
455 135
1 3 2
241 326
1 12 2
414 670
1 10 2
522 232
1 3 2
408 293
1 15 2
577 72
1 7 2
99 685
1 2 2
422 565
1 7 2
468 473
1 10 2
658 556
1 12 2
686 648
1 2 2
74 590
1 3 2
370 649
1 7 2
396 67
1 10 2
201 0
1 11 2
480 174
1 3 2
309 121
1 12 2
431 699
1 12 2
278 536
1 11 2
545 142
1 5 2
624 440
1 2 2
678 540
1 4 2
198 67
1 15 2
448 481
1 12 2
360 416
1 3 2
684 473
1 3 2
338 442
1 14 2
241 611
1 4 2
136 137
1 14 2
697 599
1 3 2
500 494
1 2 2
511 611
1 7 2
33 80
1 9 2
310 146
1 7 2
567 461
1 15 2
653 32
1 12 2
398 563
1 14 2
156 428
1 14 2
146 670
1 4 2
176 131
1 9 2
156 496
1 3 2
584 165
1 12 2
644 255
1 11 2
3 391
1 15 2
334 672
1 6 2
694 606
1 15 2
634 213
1 2 2
386 253
1 14 2
20 396
1 11 2
155 618
1 10 2
510 82
1 5 2
356 575
1 6 2
321 296
1 8 2
2 247
1 15 2
429 494
1 11 2
247 407
1 9 2
571 237
1 13 2
105 77
1 5 2
394 622
1 3 2
636 398
1 15 2
236 154
1 14 2
635 475
1 14 2
307 676
1 13 2
442 65
1 7 2
220 460
1 3 2
320 267
1 11 2
253 565
1 10 2
375 12
1 15 2
179 164
1 15 2
234 23
1 15 2
220 216
1 5 2
434 462
1 4 2
10 625
1 12 2
684 343
1 14 2
365 408
1 13 2
533 465
1 7 2
181 102
1 12 2
313 101
1 14 2
597 268
1 6 2
209 38
1 2 2
574 209
1 3 2
665 692
1 2 2
33 470
1 13 2
596 1
1 6 2
119 247
1 8 2
199 373
1 15 2
558 73
1 3 2
623 653
1 14 2
27 404
1 13 2
124 277
1 3 2
531 385
1 4 2
77 398
1 14 2
63 56
1 9 2
562 165
1 13 2
647 435
1 15 2
75 385
1 15 2
334 157
1 12 2
562 396
1 11 2
644 521
1 8 2
557 384
1 8 2
25 212
1 13 2
232 572
1 6 2
664 542
1 11 2
121 592
1 3 2
155 287
1 9 2
155 447
1 4 2
105 435
1 9 2
623 511
1 8 2
261 402
1 3 2
449 618
1 10 2
503 683
1 10 2
65 309
1 5 2
331 139
1 10 2
221 125
1 5 2
648 216
1 12 2
157 234
1 6 2
18 588
1 5 2
38 322
1 12 2
221 622
1 7 2
36 347
1 10 2
306 3
1 10 2
258 330
1 9 2
514 657
1 8 2
567 536
1 11 2
171 385
1 15 2
66 200
1 4 2
451 528
1 12 2
244 209
1 5 2
93 403
1 2 2
415 557
1 12 2
20 565
1 3 2
532 393
1 9 2
344 274
1 4 2
220 432
1 9 2
547 131
1 3 2
639 106
1 2 2
336 456
1 9 2
377 507
1 7 2
158 387
1 11 2
436 7
1 3 2
46 90
1 13 2
258 390
1 12 2
322 364
1 3 2
333 566
1 4 2
126 310
1 15 2
334 634
1 15 2
268 181
1 15 2
186 572
1 10 2
142 325
1 10 2
566 311
1 2 2
220 426
1 12 2
150 186
1 3 2
670 122
1 7 2
1 434
1 9 2
494 29
1 8 2
366 23
1 7 2
441 391
1 9 2
152 52
1 5 2
561 367
1 3 2
9 597
1 8 2
56 183
1 9 2
452 215
1 10 2
560 184
1 3 2
0 511
1 5 2
44 11
1 4 2
507 271
1 4 2
527 327
1 11 2
485 457
1 6 2
329 297
1 15 2
458 440
1 6 2
689 401
1 10 2
697 211
1 7 2
25 576
1 2 2
233 302
1 3 2
160 450
1 14 2
550 145
1 10 2
142 412
1 3 2
190 473
1 9 2
416 298
1 3 2
650 333
1 13 2
677 244
1 4 2
405 663
1 10 2
455 690
1 9 2
432 580
1 8 2
564 193
1 14 2
478 668
1 5 2
373 137
1 5 2
134 584
1 5 2
52 131
1 12 2
411 395
1 11 2
67 647
1 5 2
219 33
1 2 2
564 448
1 10 2
691 295
1 4 2
183 453
1 4 2
345 600
1 10 2
416 352
1 4 2
682 318
1 6 2
31 2
1 5 2
514 371
1 6 2
355 512
1 2 2
323 67
1 10 2
233 478
1 7 2
424 369
1 5 2
519 348
1 2 2
622 92
1 15 2
508 172
1 12 2
9 187
1 8 2
318 276
1 11 2
137 37
1 2 2
2 456
1 4 2
65 222
1 10 2
286 357
1 11 2
172 55
1 15 2
369 652
1 8 2
266 641
1 8 2
117 497
1 15 2
496 403
1 12 2
68 58
1 12 2
407 520
1 15 2
80 375
1 8 2
365 118
1 12 2
283 225
1 3 2
386 557
1 5 2
441 465
1 11 2
621 104
1 8 2
179 13
1 12 2
478 682
1 12 2
183 150
1 5 2
469 652
1 8 2
443 655
1 7 2
304 386
1 2 2
604 501
1 10 2
193 688
1 3 2
162 511
1 15 2
211 126
1 11 2
595 105
1 13 2
296 496
1 10 2
76 60
1 6 2
670 226
1 13 2
276 149
1 11 2
675 215
1 12 2
216 676
1 12 2
168 408
1 14 2
345 437
1 9 2
431 512
1 11 2
290 491
1 8 2
472 583
1 5 2
459 620
1 15 2
44 693
1 4 2
208 502
1 11 2
248 38
1 7 2
433 559
1 11 2
644 359
1 2 2
13 500
1 3 2
670 438
1 13 2
667 146
1 7 2
121 330
1 3 2
535 688
1 14 2
670 490
1 3 2
591 196
1 9 2
173 53
1 12 2
122 157
1 14 2
418 64
1 13 2
299 637
1 4 2
111 604
1 8 2
152 133
1 6 2
89 456
1 2 2
48 382
1 12 2
314 6
1 5 2
67 680
1 7 2
99 5
1 5 2
614 464
1 4 2
618 262
1 14 2
559 513
1 2 2
201 604
1 11 2
25 207
1 2 2
127 575
1 5 2
105 47
1 11 2
73 685
1 5 2
328 287
1 5 2
480 635
1 8 2
230 325
1 6 2
60 113
1 3 2
327 88
1 9 2
660 2
1 15 2
219 602
1 5 2
518 175
1 9 2
117 374
1 13 2
367 41
1 4 2
412 453
1 13 2
691 384
1 6 2
475 79
1 6 2
399 573
1 9 2
450 497
1 5 2
167 658
1 4 2
662 19
1 8 2
331 11
1 12 2
544 472
1 15 2
648 71
1 3 2
555 208
1 14 2
371 287
1 15 2
243 177
1 8 2
303 297
1 7 2
255 26
1 2 2
216 499
1 5 2
290 123
1 9 2
202 438
1 2 2
358 467
1 13 2
166 566
1 5 2
607 339
1 3 2
168 497
1 5 2
686 455
1 6 2
73 424
1 7 2
485 560
1 11 2
612 387
1 7 2
329 659
1 12 2
486 42
1 8 2
53 65
1 2 2
635 473
1 3 2
8 398
1 3 2
489 416
1 4 2
361 469
1 10 2
153 239
1 7 2
519 586
1 8 2
226 531
1 11 2
520 414
1 14 2
170 214
1 9 2
209 689
1 4 2
213 313
1 13 2
131 682
1 12 2
551 552
1 15 2
689 265
1 11 2
81 341
1 5 2
584 547
1 6 2
652 421
1 12 2
167 1
1 9 2
371 499
1 15 2
96 14
1 12 2
84 628
1 11 2
110 394
1 10 2
551 120
1 11 2
444 359
1 8 2
429 368
1 4 2
604 296
1 14 2
144 560
1 8 2
200 21
1 3 2
63 335
1 6 2
138 285
1 11 2
581 432
1 7 2
650 42
1 4 2
284 486
1 11 2
380 462
1 11 2
551 448
1 9 2
110 376
1 10 2
275 555
1 15 2
30 39
1 7 2
27 396
1 12 2
166 40
1 2 2
73 542
1 5 2
595 300
1 14 2
124 273
1 7 2
465 322
1 12 2
536 174
1 5 2
519 681
1 15 2
694 537
1 9 2
592 65
1 4 2
364 217
1 14 2
328 549
1 15 2
482 122
1 8 2
115 502
1 14 2
150 307
1 2 2
385 99
1 3 2
48 303
1 9 2
562 166
1 5 2
75 565
1 14 2
10 136
1 11 2
561 325
1 11 2
8 541
1 15 2
535 268
1 5 2
353 556
1 9 2
687 51
1 9 2
170 96
1 8 2
200 656
1 4 2
693 320
1 7 2
64 538
1 15 2
2 664
1 9 2
534 350
1 11 2
85 531
1 13 2
537 254
1 7 2
481 640
1 13 2
313 565
1 6 2
478 195
1 10 2
133 285
1 9 2
24 437
1 15 2
105 484
1 13 2
129 505
1 5 2
91 682
1 8 2
331 580
1 15 2
278 582
1 10 2
629 627
1 5 2
137 329
1 8 2
536 71
1 12 2
521 459
1 2 2
569 662
1 5 2
155 648
1 4 2
574 480
1 11 2
523 484
1 13 2
631 575
1 15 2
44 112
1 4 2
237 565
1 7 2
304 519
1 9 2
594 74
1 6 2
120 48
1 14 2
386 115
1 6 2
437 377
1 9 2
179 507
1 5 2
548 695
1 4 2
289 382
1 3 2
531 91
1 7 2
218 64
1 12 2
293 204
1 11 2
152 145
1 10 2
505 80
1 9 2
661 162
1 4 2
228 136
1 5 2
588 500
1 9 2
100 198
1 9 2
209 275
1 4 2
125 494
1 7 2
37 338
1 4 2
478 641
1 2 2
429 484
1 9 2
665 640
1 3 2
307 304
1 2 2
103 514
1 7 2
561 343
1 12 2
321 421
1 9 2
311 79
1 4 2
641 315
1 6 2
696 669
1 7 2
511 50
1 8 2
6 436
1 3 2
346 318
1 10 2
531 534
1 4 2
508 563
1 14 2
698 179
1 15 2
539 44
1 10 2
624 127
1 14 2
91 613
1 11 2
520 604
1 14 2
517 94
1 11 2
580 458
1 14 2
256 29
1 5 2
325 109
1 15 2
569 67
1 2 2
387 10
1 15 2
178 106
1 12 2
454 219
1 12 2
302 298
1 6 2
37 529
1 3 2
93 52
1 13 2
315 427
1 4 2
351 469
1 9 2
255 504
1 2 2
662 217
1 9 2
362 286
1 5 2
661 636
1 8 2
31 49
1 4 2
488 192
1 2 2
657 130
1 7 2
150 470
1 2 2
202 614
1 12 2
354 175
1 15 2
575 244
1 4 2
356 186
1 5 2
517 575
1 10 2
662 253
1 14 2
236 132
1 10 2
146 430
1 4 2
220 91
1 3 2
259 181
1 10 2
100 153
1 9 2
253 63
1 4 2
252 305
1 5 2
110 588
1 15 2
240 429
1 7 2
302 161
1 14 2
693 124
1 3 2
78 173
1 6 2
613 372
1 3 2
535 643
1 6 2
307 23
1 10 2
486 114
1 13 2
460 342
1 6 2
615 533
1 2 2
575 136
1 9 2
591 165
1 3 2
389 380
1 11 2
306 496
1 6 2
402 267
1 6 2
187 342
1 6 2
33 379
1 7 2
241 295
1 6 2
45 341
1 15 2
385 581
1 3 2
374 105
1 11 2
439 509
1 2 2
355 344
1 3 2
311 550
1 10 2
162 286
1 4 2
666 685
1 12 2
248 430
1 9 2
459 473
1 5 2
306 283
1 3 2
202 653
1 2 2
388 535
1 3 2
525 386
1 10 2
515 500
1 11 2
405 551
1 3 2
162 588
1 12 2
314 177
1 7 2
159 384
1 11 2
549 109
1 2 2
296 5
1 6 2
369 542
1 3 2
657 515
1 12 2
27 322
1 4 2
140 424
1 12 2
49 98
1 4 2
349 399
1 6 2
32 437
1 5 2
416 135
1 8 2
470 563
1 9 2
178 495
1 9 2
40 567
1 8 2
440 351
1 13 2
239 667
1 9 2
371 105
1 10 2
490 639
1 6 2
298 446
1 6 2
399 658
1 11 2
145 61
1 15 2
456 537
1 12 2
524 257
1 5 2
567 455
1 6 2
559 239
1 5 2
248 607
1 6 2
280 253
1 11 2
416 465
1 2 2
571 656
1 10 2
494 360
1 10 2
162 174
1 4 2
478 11
1 3 2
450 664
1 4 2
502 216
1 12 2
143 8
1 4 2
176 428
1 5 2
266 610
1 3 2
31 82
1 12 2
642 585
1 3 2
83 82
1 9 2
136 319
1 8 2
213 148
1 6 2
9 54
1 3 2
85 13
1 10 2
277 560
1 10 2
15 494
1 14 2
313 329
1 6 2
378 253
1 9 2
253 210
1 13 2
694 333
1 15 2
497 396
1 2 2
619 596
1 9 2
578 368
1 6 2
104 653
1 11 2
160 328
1 3 2
26 631
1 10 2
639 584
1 13 2
678 177
1 11 2
18 429
1 6 2
495 524
1 14 2
696 87
1 8 2
544 288
1 13 2
188 556
1 14 2
692 152
1 8 2
361 370
1 15 2
414 610
1 3 2
372 179
1 15 2
270 365
1 14 2
506 142
1 14 2
71 191
1 4 2
152 418
1 10 2
302 0
1 4 2
103 374
1 8 2
26 574
1 8 2
34 418
1 13 2
204 404
1 6 2
328 454
1 6 2
250 470
1 12 2
595 210
1 6 2
595 630
1 5 2
209 251
1 14 2
168 266
1 2 2
289 668
1 11 2
516 23
1 7 2
144 32
1 3 2
554 285
1 15 2
297 364
1 13 2
583 500
1 11 2
82 94
1 3 2
44 240
1 11 2
100 570
1 15 2
597 494
1 11 2
624 138
1 15 2
122 245
1 15 2
289 116
1 7 2
97 408
1 8 2
14 646
1 9 2
156 255
1 15 2
656 144
1 10 2
447 605
1 3 2
74 200
1 14 2
603 487
1 12 2
672 196
1 5 2
67 309
1 12 2
261 108
1 4 2
259 564
1 9 2
6 219
1 2 2
27 231
1 15 2
385 2
1 11 2
680 93
1 10 2
311 501
1 3 2
198 681
1 4 2
618 475
1 12 2
162 27
1 5 2
511 17
1 13 2
15 178
1 3 2
62 527
1 6 2
655 616
1 3 2
493 294
1 8 2
64 227
1 12 2
121 338
1 15 2
448 225
1 14 2
528 298
1 14 2
374 19
1 11 2
1 486
1 11 2
407 237
1 6 2
426 335
1 7 2
167 409
1 15 2
629 624
1 8 2
225 660
1 11 2
246 144
1 2 2
390 582
1 12 2
454 578
1 3 2
369 436
1 4 2
608 405
1 9 2
111 342
1 3 2
493 258
1 14 2
337 641
1 11 2
309 604
1 6 2
367 455
1 8 2
696 122
1 8 2
429 161
1 12 2
347 218
1 7 2
83 239
1 11 2
618 501
1 10 2
199 234
1 5 2
548 28
1 2 2
51 587
1 13 2
512 405
1 12 2
583 438
1 8 2
219 416
1 14 2
276 328
1 7 2
121 25
1 5 2
316 687
1 10 2
107 197
1 5 2
659 63
1 2 2
216 609
1 13 2
597 360
1 7 2
415 470
1 6 2
118 633
1 3 2
643 92
1 12 2
385 258
1 8 2
277 27
1 12 2
644 134
1 2 2
605 562
1 4 2
264 311
1 5 2
645 554
1 15 2
375 695
1 10 2
516 488
1 5 2
522 59
1 3 2
634 359
1 5 2
582 282
1 6 2
2 643
1 7 2
269 75
1 10 2
442 243
1 6 2
385 23
1 6 2
238 1
1 3 2
665 453
1 13 2
102 85
1 14 2
356 462
1 10 2
303 193
1 8 2
111 282
1 14 2
204 295
1 12 2
256 68
1 5 2
410 291
1 11 2
6 139
1 12 2
412 570
1 10 2
451 197
1 11 2
225 426
1 9 2
23 626
1 14 2
648 48
1 8 2
81 43
1 14 2
113 360
1 6 2
242 693
1 5 2
376 325
1 3 2
77 117
1 3 2
44 395
1 6 2
337 427
1 10 2
509 373
1 2 2
131 599
1 6 2
75 23
1 14 2
637 16
1 2 2
41 118
1 13 2
420 288
1 3 2
202 381
1 13 2
284 39
1 11 2
420 550
1 11 2
13 249
1 14 2
154 264
1 4 2
183 391
1 15 2
515 9
1 3 2
510 348
1 10 2
596 316
1 14 2
455 180
1 7 2
684 85
1 9 2
540 148
1 4 2
643 135
1 9 2
107 366
1 13 2
72 65
1 13 2
315 670
1 3 2
166 38
1 3 2
321 543
1 9 2
602 634
1 5 2
463 271
1 10 2
78 596
1 13 2
317 364
1 12 2
28 141
1 4 2
412 381
1 12 2
556 496
1 15 2
277 613
1 5 2
461 19
1 11 2
385 230
1 10 2
532 498
1 5 2
123 648
1 11 2
471 381
1 11 2
543 407
1 8 2
390 379
1 5 2
48 155
1 9 2
558 211
1 3 2
205 431
1 10 2
357 567
1 15 2
155 15
1 4 2
258 154
1 4 2
696 185
1 4 2
589 572
1 7 2
240 231
1 8 2
490 19
1 7 2
670 238
1 6 2
283 438
1 6 2
187 217
1 13 2
430 433
1 12 2
301 19
1 5 2
172 197
1 12 2
184 90
1 11 2
262 455
1 7 2
271 51
1 14 2
55 474
1 2 2
85 550
1 7 2
189 496
1 11 2
655 167
1 9 2
284 599
1 9 2
651 290
1 13 2
428 173
1 4 2
58 45
1 15 2
573 284
1 5 2
446 107
1 11 2
52 250
1 4 2
210 5
1 2 2
348 85
1 15 2
670 332
1 8 2
133 248
1 7 2
373 124
1 13 2
189 418
1 15 2
586 55
1 9 2
389 110
1 14 2
594 639
1 12 2
316 564
1 8 2
54 83
1 2 2
97 153
1 12 2
171 8
1 4 2
442 207
1 14 2
75 620
1 15 2
567 619
1 14 2
604 275
1 15 2
611 217
1 10 2
129 521
1 14 2
507 499
1 12 2
451 679
1 5 2
212 409
1 14 2
148 275
1 9 2
436 480
1 4 2
205 213
1 7 2
672 112
1 15 2
353 313
1 5 2
561 302
1 13 2
471 54
1 9 2
165 81
1 11 2
519 279
1 5 2
516 434
1 2 2
22 699
1 14 2
437 153
1 9 2
227 454
1 13 2
149 560
1 4 2
218 403
1 10 2
0 593
1 9 2
642 531
1 5 2
691 469
1 9 2
214 404
1 15 2
509 397
1 10 2
524 78
1 9 2
139 668
1 13 2
70 329
1 3 2
13 433
1 12 2
499 369
1 10 2
343 254
1 4 2
206 642
1 5 2
170 211
1 3 2
582 364
1 14 2
620 187
1 13 2
386 650
1 13 2
536 646
1 11 2
104 138
1 3 2
156 167
1 4 2
334 109
1 14 2
420 432
1 12 2
301 383
1 10 2
675 666
1 8 2
516 346
1 15 2
520 669
1 9 2
689 196
1 10 2
8 492
1 12 2
63 342
1 5 2
103 171
1 5 2
384 432
1 13 2
149 409
1 15 2
248 195
1 5 2
417 438
1 11 2
409 226
1 14 2
302 514
1 14 2
162 405
1 6 2
165 284
1 5 2
59 507
1 14 2
120 624
1 6 2
133 100
1 10 2
517 402
1 10 2
444 357
1 8 2
638 647
1 13 2
665 364
1 15 2
564 218
1 13 2
580 149
1 15 2
537 380
1 12 2
338 679
1 2 2
231 627
1 15 2
15 326
1 2 2
528 540
1 5 2
85 508
1 2 2
75 568
1 5 2
253 351
1 12 2
683 384
1 6 2
159 43
1 11 2
250 184
1 9 2
659 444
1 12 2
69 83
1 3 2
291 110
1 3 2
181 607
1 3 2
556 424
1 4 2
383 483
1 10 2
144 691
1 6 2
222 28
1 12 2
147 126
1 7 2
44 574
1 6 2
63 616
1 7 2
529 694
1 4 2
90 418
1 5 2
694 467
1 10 2
697 264
1 8 2
396 553
1 13 2
677 393
1 6 2
45 562
1 4 2
317 182
1 10 2
288 89
1 2 2
223 82
1 13 2
97 420
1 10 2
313 185
1 10 2
597 341
1 6 2
576 18
1 7 2
338 217
1 13 2
265 78
1 7 2
129 579
1 14 2
214 38
1 10 2
190 29
1 10 2
404 458
1 14 2
12 614
1 13 2
357 275
1 5 2
363 310
1 10 2
648 426
1 10 2
108 154
1 9 2
590 369
1 2 2
60 647
1 15 2
12 416
1 3 2
654 354
1 15 2
130 190
1 10 2
189 670
1 2 2
374 568
1 6 2
235 642
1 2 2
128 403
1 8 2
174 145
1 9 2
694 156
1 11 2
396 226
1 2 2
323 513
1 7 2
511 526
1 5 2
485 268
1 10 2
355 690
1 15 2
55 384
1 5 2
695 509
1 13 2
218 202
1 4 2
647 193
1 2 2
466 90
1 15 2
306 60
1 13 2
680 210
1 8 2
514 591
1 13 2
556 308
1 3 2
521 479
1 2 2
461 531
1 10 2
265 469
1 12 2
9 257
1 11 2
201 269
1 15 2
125 454
1 15 2
550 91
1 12 2
349 287
1 2 2
564 656
1 4 2
588 156
1 12 2
463 267
1 12 2
166 278
1 3 2
335 102
1 4 2
134 107
1 8 2
353 192
1 2 2
286 440
1 15 2
386 292
1 5 2
575 187
1 4 2
331 528
1 15 2
568 121
1 3 2
123 536
1 10 2
382 636
1 7 2
154 200
1 10 2
276 373
1 12 2
451 46
1 7 2
306 629
1 9 2
283 269
1 15 2
158 425
1 13 2
471 81
1 3 2
467 435
1 14 2
370 424
1 2 2
142 528
1 14 2
127 294
1 2 2
674 492
1 11 2
655 469
1 14 2
98 688
1 12 2
574 663
1 2 2
607 230
1 11 2
83 153
1 15 2
77 601
1 6 2
384 413
1 4 2
417 5
1 4 2
461 155
1 13 2
606 130
1 14 2
554 95
1 10 2
314 598
1 2 2
322 583
1 14 2
36 91
1 6 2
352 558
1 13 2
115 155
1 7 2
636 326
1 5 2
468 412
1 13 2
411 2
1 4 2
457 328
1 15 2
104 132
1 12 2
354 647
1 7 2
412 661
1 12 2
289 179
1 13 2
63 312
1 5 2
416 593
1 2 2
185 139
1 14 2
384 637
1 14 2
387 672
1 10 2
74 500
1 3 2
181 54
1 10 2
267 311
1 15 2
8 84
1 15 2
522 558
1 11 2
297 10
1 14 2
289 306
1 10 2
579 513
1 9 2
70 267
1 2 2
414 480
1 13 2
220 226
1 6 2
527 38
1 5 2
253 412
1 14 2
482 241
1 15 2
639 557
1 5 2
543 40
1 10 2
125 252
1 4 2
58 225
1 9 2
174 192
1 6 2
178 130
1 11 2
345 652
1 3 2
245 54
1 9 2
301 155
1 11 2
305 191
1 4 2
121 459
1 10 2
450 58
1 6 2
330 253
1 7 2
448 688
1 7 2
438 210
1 3 2
53 444
1 11 2
119 386
1 10 2
576 275
1 9 2
471 663
1 12 2
470 696
1 9 2
88 538
1 5 2
338 228
1 15 2
476 666
1 9 2
179 332
1 3 2
40 355
1 10 2
162 345
1 5 2
356 83
1 4 2
139 424
1 11 2
376 682
1 15 2
207 377
1 3 2
663 104
1 2 2
478 548
1 10 2
83 4
1 14 2
103 49
1 10 2
600 604
1 8 2
490 446
1 13 2
516 532
1 4 2
412 407
1 13 2
75 643
1 9 2
241 280
1 15 2
175 116
1 10 2
613 228
1 10 2
167 23
1 13 2
120 476
1 8 2
490 160
1 13 2
331 210
1 15 2
59 353
1 9 2
6 463
1 8 2
117 639
1 13 2
134 666
1 8 2
469 112
1 6 2
648 577
1 7 2
622 689
1 9 2
48 168
1 13 2
242 220
1 7 2
450 582
1 15 2
332 42
1 10 2
28 578
1 2 2
307 174
1 13 2
491 209
1 3 2
673 189
1 13 2
475 456
1 15 2
293 627
1 5 2
96 200
1 5 2
102 492
1 7 2
361 491
1 8 2
130 99
1 13 2
18 102
1 5 2
313 278
1 10 2
510 459
1 7 2
636 585
1 14 2
444 302
1 10 2
362 557
1 13 2
177 610
1 10 2
165 300
1 11 2
351 407
1 7 2
518 410
1 4 2
193 372
1 3 2
219 280
1 15 2
292 301
1 9 2
559 486
1 6 2
658 367
1 12 2
76 68
1 8 2
678 631
1 8 2
185 266
1 10 2
368 150
1 5 2
7 665
1 8 2
417 695
1 7 2
355 117
1 9 2
576 75
1 6 2
628 99
1 8 2
526 202
1 12 2
4 675
1 9 2
253 38
1 11 2
645 465
1 15 2
633 569
1 15 2
689 240
1 4 2
47 687
1 13 2
492 433
1 5 2
558 508
1 8 2
80 28
1 6 2
478 270
1 7 2
226 188
1 15 2
23 345
1 14 2
469 415
1 5 2
581 94
1 7 2
574 594
1 12 2
129 646
1 9 2
183 560
1 9 2
640 87
1 4 2
193 227
1 14 2
144 572
1 6 2
546 233
1 3 2
356 335
1 5 2
174 119
1 6 2
172 288
1 3 2
320 251
1 13 2
371 295
1 6 2
461 650
1 3 2
639 24
1 15 2
410 294
1 5 2
112 582
1 9 2
125 412
1 2 2
97 301
1 2 2
482 187
1 4 2
655 219
1 9 2
139 343
1 8 2
105 121
1 13 2
627 451
1 9 2
317 557
1 12 2
473 144
1 12 2
29 563
1 2 2
195 54
1 14 2
528 580
1 7 2
412 601
1 4 2
37 675
1 3 2
21 22
1 4 2
611 599
1 14 2
512 98
1 12 2
231 184
1 9 2
652 244
1 10 2
606 638
1 11 2
22 133
1 15 2
158 15
1 7 2
335 580
1 6 2
384 7
1 8 2
339 38
1 6 2
319 327
1 11 2
471 543
1 10 2
694 19
1 10 2
29 381
1 14 2
204 363
1 4 2
532 179
1 9 2
306 175
1 9 2
117 361
1 3 2
172 642
1 8 2
599 598
1 11 2
366 428
1 14 2
686 244
1 11 2
73 142
1 14 2
297 652
1 3 2
314 676
1 12 2
330 606
1 7 2
392 574
1 8 2
650 3
1 3 2
510 540
1 7 2
125 26
1 7 2
656 295
1 10 2
7 30
1 12 2
524 474
1 7 2
567 192
1 12 2
605 303
1 12 2
345 639
1 7 2
159 107
1 3 2
38 69
1 7 2
675 62
1 15 2
31 400
1 7 2
285 84
1 13 2
134 487
1 6 2
333 434
1 5 2
511 244
1 8 2
603 219
1 9 2
522 49
1 4 2
621 475
1 3 2
177 268
1 11 2
129 581
1 4 2
184 114
1 8 2
416 515
1 12 2
263 699
1 11 2
437 315
1 8 2
3 166
1 9 2
98 36
1 11 2
516 319
1 7 2
330 506
1 8 2
611 106
1 6 2
693 341
1 13 2
424 443
1 14 2
324 644
1 4 2
383 416
1 13 2
484 99
1 14 2
615 117
1 6 2
261 639
1 10 2
360 639
1 7 2
288 8
1 7 2
578 291
1 11 2
415 54
1 10 2
553 218
1 6 2
353 525
1 3 2
48 567
1 14 2
279 180
1 4 2
669 667
1 7 2
482 324
1 9 2
304 659
1 11 2
136 143
1 11 2
698 553
1 11 2
159 523
1 10 2
48 560
1 4 2
499 271
1 7 2
65 147
1 3 2
648 43
1 9 2
478 562
1 10 2
628 337
1 13 2
619 157
1 9 2
58 671
1 10 2
286 51
1 15 2
605 217
1 14 2
640 568
1 5 2
481 625
1 12 2
94 109
1 14 2
668 480
1 6 2
54 156
1 3 2
442 170
1 7 2
372 427
1 10 2
264 226
1 6 2
375 233
1 7 2
533 61
1 2 2
614 29
1 14 2
576 13
1 9 2
216 443
1 8 2
248 268
1 14 2
311 492
1 4 2
426 48
1 7 2
435 270
1 4 2
176 82
1 5 2
203 318
1 4 2
347 551
1 12 2
153 351
1 5 2
134 133
1 9 2
161 490
1 6 2
620 34
1 12 2
480 308
1 2 2
649 109
1 11 2
642 590
1 12 2
475 548
1 5 2
630 33
1 11 2
404 302
1 12 2
115 460
1 8 2
545 379
1 10 2
96 102
1 11 2
520 241
1 12 2
416 419
1 8 2
350 162
1 2 2
363 463
1 11 2
47 195
1 11 2
43 67
1 3 2
477 469
1 11 2
159 527
1 15 2
562 498
1 6 2
229 146
1 4 2
108 403
1 8 2
645 91
1 8 2
191 433
1 5 2
346 646
1 2 2
503 361
1 3 2
408 443
1 14 2
462 105
1 6 2
423 666
1 10 2
247 502
1 10 2
332 250
1 12 2
343 358
1 10 2
635 615
1 3 2
291 438
1 7 2
225 516
1 8 2
658 164
1 6 2
371 338
1 4 2
338 25
1 8 2
568 367
1 11 2
149 45
1 7 2
133 652
1 8 2
106 19
1 8 2
237 117
1 13 2
349 548
1 4 2
383 559
1 6 2
17 100
1 6 2
166 533
1 7 2
243 230
1 9 2
346 367
1 7 2
267 117
1 12 2
371 256
1 6 2
60 666
1 12 2
247 596
1 13 2
456 52
1 10 2
247 10
1 2 2
297 693
1 7 2
16 629
1 3 2
174 215
1 12 2
231 618
1 13 2
301 578
1 8 2
288 657
1 13 2
100 527
1 8 2
235 212
1 5 2
84 600
1 2 2
367 165
1 14 2
585 311
1 2 2
146 597
1 6 2
642 561
1 8 2
30 293
1 5 2
530 617
1 14 2
143 113
1 15 2
358 199
1 3 2
190 172
1 3 2
688 152
1 9 2
151 686
1 2 2
55 53
1 6 2
140 95
1 4 2
654 110
1 9 2
119 264
1 14 2
379 449
1 6 2
426 0
1 5 2
193 221
1 14 2
18 276
1 12 2
426 549
1 12 2
427 235
1 7 2
671 654
1 2 2
340 265
1 6 2
370 541
1 13 2
521 41
1 5 2
601 295
1 7 2
472 354
1 8 2
415 394
1 6 2
514 129
1 13 2
155 663
1 5 2
489 509
1 11 2
599 604
1 5 2
376 49
1 5 2
326 652
1 11 2
92 233
1 3 2
547 604
1 2 2
95 220
1 10 2
549 563
1 8 2
226 472
1 7 2
315 64
1 14 2
487 686
1 2 2
337 550
1 3 2
656 223
1 4 2
481 261
1 14 2
439 384
1 6 2
519 295
1 2 2
52 425
1 8 2
48 84
1 10 2
336 432
1 13 2
474 41
1 10 2
387 628
1 11 2
431 542
1 4 2
554 616
1 10 2
320 402
1 11 2
0 183
1 6 2
494 310
1 4 2
236 200
1 3 2
168 444
1 5 2
281 487
1 3 2
401 216
1 2 2
303 70
1 7 2
648 526
1 15 2
583 370
1 7 2
53 14
1 11 2
65 281
1 15 2
326 235
1 15 2
86 177
1 3 2
522 484
1 13 2
434 449
1 11 2
111 121
1 10 2
597 174
1 10 2
149 164
1 5 2
636 541
1 7 2
268 690
1 5 2
153 312
1 8 2
160 1
1 6 2
621 137
1 15 2
683 115
1 9 2
88 227
1 9 2
630 238
1 2 2
44 361
1 13 2
623 34
1 8 2
452 12
1 14 2
85 200
1 10 2
190 313
1 7 2
685 659
1 8 2
333 173
1 6 2
40 556
1 4 2
272 274
1 8 2
521 422
1 12 2
558 307
1 11 2
30 557
1 12 2
540 160
1 14 2
565 624
1 15 2
151 560
1 4 2
570 454
1 4 2
656 323
1 5 2
622 604
1 14 2
596 156
1 2 2
344 337
1 9 2
422 271
1 11 2
469 677
1 7 2
125 384
1 7 2
12 631
1 5 2
333 309
1 14 2
368 685
1 8 2
317 341
1 2 2
440 258
1 7 2
552 439
1 9 2
99 574
1 14 2
186 228
1 14 2
444 53
1 7 2
603 253
1 8 2
500 215
1 4 2
76 293
1 9 2
49 622
1 15 2
314 128
1 13 2
7 564
1 2 2
102 687
1 13 2
542 589
1 15 2
600 191
1 14 2
291 406
1 6 2
183 349
1 6 2
625 95
1 15 2
540 684
1 8 2
180 164
1 5 2
637 341
1 15 2
552 74
1 11 2
43 572
1 7 2
359 38
1 2 2
566 344
1 13 2
126 242
1 11 2
688 334
1 10 2
279 131
1 6 2
126 237
1 8 2
300 145
1 4 2
259 487
1 5 2
58 320
1 5 2
201 428
1 7 2
469 444
1 13 2
68 511
1 14 2
211 371
1 2 2
439 444
1 11 2
417 572
1 13 2
343 389
1 12 2
112 648
1 5 2
48 249
1 13 2
305 672
1 5 2
519 226
1 11 2
314 253
1 13 2
112 355
1 3 2
370 263
1 5 2
457 699
1 10 2
149 154
1 3 2
237 536
1 3 2
180 318
1 14 2
564 104
1 5 2
461 390
1 2 2
679 390
1 10 2
160 205
1 9 2
560 254
1 11 2
469 485
1 12 2
97 467
1 7 2
470 426
1 4 2
151 290
1 4 2
283 148
1 10 2
402 521
1 9 2
638 307
1 8 2
116 506
1 5 2
573 257
1 7 2
577 260
1 9 2
637 560
1 14 2
529 414
1 9 2
485 659
1 14 2
280 433
1 4 2
153 655
1 9 2
368 181
1 10 2
446 253
1 13 2
629 574
1 11 2
182 103
1 11 2
355 19
1 9 2
330 690
1 6 2
659 436
1 13 2
495 204
1 15 2
475 240
1 10 2
48 580
1 6 2
101 601
1 8 2
523 337
1 10 2
546 509
1 9 2
210 139
1 4 2
103 182
1 9 2
22 545
1 14 2
160 17
1 3 2
197 556
1 13 2
576 650
1 10 2
637 273
1 4 2
696 223
1 11 2
290 128
1 13 2
671 582
1 15 2
404 54
1 14 2
151 282
1 11 2
620 340
1 3 2
430 336
1 3 2
657 511
1 3 2
279 602
1 9 2
492 569
1 7 2
268 616
1 11 2
269 655
1 4 2
669 527
1 13 2
526 107
1 2 2
245 63
1 11 2
410 172
1 9 2
32 294
1 3 2
123 120
1 8 2
85 12
1 7 2
461 331
1 12 2
118 512
1 10 2
374 67
1 14 2
201 448
1 13 2
396 562
1 6 2
11 588
1 15 2
371 427
1 7 2
565 405
1 13 2
508 546
1 3 2
247 157
1 3 2
459 90
1 5 2
498 159
1 15 2
636 203
1 12 2
520 543
1 14 2
631 14
1 3 2
204 323
1 9 2
39 251
1 14 2
249 519
1 6 2
215 656
1 9 2
278 663
1 13 2
589 658
1 13 2
426 220
1 4 2
338 539
1 7 2
589 466
1 5 2
517 616
1 4 2
82 138
1 15 2
211 256
1 9 2
180 354
1 3 2
438 384
1 12 2
308 651
1 2 2
262 205
1 11 2
57 674
1 13 2
586 172
1 11 2
455 693
1 13 2
693 562
1 15 2
310 71
1 8 2
347 261
1 9 2
200 352
1 2 2
500 280
1 6 2
630 198
1 6 2
578 177
1 5 2
661 103
1 6 2
512 121
1 5 2
342 10
1 7 2
353 560
1 4 2
566 103
1 15 2
602 316
1 6 2
78 103
1 10 2
234 238
1 5 2
611 75
1 11 2
76 605
1 12 2
458 250
1 14 2
628 491
1 5 2
666 83
1 2 2
57 411
1 4 2
673 260
1 11 2
695 159
1 10 2
390 404
1 4 2
619 45
1 11 2
489 284
1 12 2
678 409
1 7 2
608 406
1 15 2
141 527
1 7 2
698 255
1 13 2
203 17
1 15 2
4 42
1 15 2
183 69
1 12 2
537 246
1 9 2
390 316
1 4 2
369 660
1 3 2
134 569
1 8 2
333 370
1 10 2
370 93
1 11 2
224 44
1 8 2
317 296
1 4 2
584 582
1 11 2
616 182
1 8 2
652 553
1 6 2
266 673
1 14 2
69 273
1 13 2
205 60
1 10 2
237 220
1 8 2
287 390
1 11 2
50 491
1 3 2
679 608
1 11 2
562 697
1 6 2
87 694
1 13 2
30 300
1 3 2
679 12
1 13 2
540 178
1 12 2
263 614
1 4 2
426 541
1 9 2
661 151
1 7 2
696 117
1 5 2
363 593
1 2 2
532 572
1 15 2
599 501
1 4 2
668 51
1 10 2
360 275
1 4 2
8 100
1 3 2
443 552
1 11 2
283 41
1 7 2
519 217
1 12 2
461 660
1 11 2
69 614
1 7 2
403 337
1 2 2
48 319
1 2 2
670 386
1 13 2
170 131
1 6 2
595 604
1 2 2
350 74
1 2 2
76 368
1 2 2
324 610
1 14 2
483 241
1 5 2
109 599
1 2 2
95 196
1 11 2
175 651
1 4 2
530 493
1 14 2
434 244
1 2 2
224 129
1 4 2
619 666
1 7 2
469 221
1 9 2
385 586
1 12 2
471 382
1 2 2
556 27
1 7 2
279 528
1 4 2
248 395
1 8 2
386 681
1 11 2
218 58
1 12 2
619 10
1 6 2
39 105
1 6 2
372 21
1 7 2
56 615
1 11 2
269 271
1 13 2
493 286
1 8 2
492 437
1 12 2
57 4
1 8 2
104 504
1 15 2
44 479
1 12 2
611 685
1 7 2
335 249
1 4 2
489 156
1 10 2
650 559
1 8 2
106 505
1 11 2
679 227
1 10 2
37 178
1 4 2
381 83
1 6 2
60 386
1 10 2
358 389
1 8 2
621 575
1 2 2
33 667
1 13 2
573 238
1 3 2
105 503
1 12 2
591 44
1 13 2
303 357
1 6 2
486 292
1 7 2
324 129
1 11 2
650 658
1 3 2
598 149
1 8 2
140 316
1 9 2
151 166
1 15 2
462 227
1 14 2
279 362
1 5 2
71 190
1 10 2
229 196
1 13 2
151 68
1 4 2
51 123
1 9 2
492 262
1 5 2
437 567
1 13 2
396 579
1 2 2
323 335
1 3 2
94 676
1 14 2
410 678
1 4 2
39 475
1 9 2
408 516
1 13 2
117 270
1 6 2
689 659
1 11 2
542 369
1 8 2
322 342
1 13 2
374 490
1 7 2
459 355
1 6 2
385 90
1 11 2
132 355
1 4 2
637 70
1 14 2
566 420
1 6 2
455 230
1 14 2
1 583
1 10 2
49 373
1 3 2
226 280
1 9 2
39 168
1 7 2
117 215
1 15 2
669 694
1 14 2
236 434
1 10 2
480 11
1 13 2
494 47
1 11 2
446 440
1 11 2
174 465
1 3 2
580 262
1 11 2
553 270
1 12 2
476 669
1 5 2
359 528
1 7 2
362 403
1 8 2
61 681
1 14 2
137 489
1 5 2
677 179
1 13 2
655 12
1 9 2
227 180
1 12 2
348 306
1 3 2
474 81
1 5 2
564 401
1 11 2
404 483
1 6 2
245 393
1 6 2
135 675
1 2 2
620 488
1 7 2
253 591
1 9 2
692 647
1 10 2
623 284
1 4 2
41 331
1 4 2
256 674
1 10 2
212 19
1 15 2
89 508
1 11 2
525 408
1 2 2
311 394
1 7 2
260 421
1 11 2
596 368
1 6 2
668 37
1 13 2
595 684
1 8 2
156 164
1 14 2
434 130
1 10 2
32 423
1 6 2
115 90
1 8 2
587 604
1 13 2
105 165
1 13 2
190 348
1 5 2
31 305
1 14 2
58 97
1 11 2
144 23
1 2 2
143 291
1 10 2
360 133
1 5 2
583 88
1 13 2
323 519
1 6 2
32 206
1 3 2
145 313
1 7 2
186 79
1 15 2
2 36
1 4 2
505 225
1 15 2
351 347
1 12 2
565 471
1 8 2
252 509
1 11 2
344 84
1 9 2
631 82
1 11 2
128 605
1 3 2
470 230
1 13 2
279 24
1 13 2
111 564
1 5 2
411 622
1 9 2
236 412
1 13 2
136 101
1 14 2
335 220
1 5 2
691 611
1 6 2
109 633
1 3 2
473 486
1 11 2
53 249
1 9 2
353 663
1 11 2
131 69
1 3 2
70 578
1 11 2
410 510
1 7 2
234 645
1 11 2
350 500
1 3 2
402 306
1 11 2
287 462
1 15 2
211 466
1 11 2
547 312
1 14 2
215 279
1 7 2
281 518
1 2 2
404 692
1 10 2
672 273
1 2 2
302 595
1 10 2
243 441
1 14 2
632 609
1 10 2
690 653
1 10 2
485 675
1 15 2
336 600
1 14 2
247 125
1 13 2
205 677
1 9 2
204 616
1 5 2
154 263
1 4 2
543 690
1 2 2
190 485
1 5 2
155 427
1 13 2
484 651
1 11 2
439 387
1 10 2
578 319
1 14 2
282 281
1 12 2
77 543
1 9 2
542 649
1 13 2
269 155
1 13 2
314 191
1 7 2
66 678
1 15 2
590 636
1 11 2
281 63
1 5 2
101 277
1 15 2
108 557
1 7 2
492 151
1 2 2
110 257
1 10 2
551 107
1 10 2
508 2
1 12 2
493 568
1 7 2
237 54
1 6 2
590 162
1 2 2
438 86
1 9 2
305 533
1 4 2
136 200
1 8 2
328 299
1 2 2
620 189
1 11 2
239 469
1 2 2
484 618
1 15 2
38 613
1 5 2
626 18
1 3 2
628 153
1 12 2
176 73
1 9 2
672 314
1 15 2
114 182
1 11 2
151 419
1 6 2
171 446
1 15 2
592 46
1 12 2
156 464
1 3 2
430 614
1 5 2
532 638
1 14 2
144 639
1 13 2
591 305
1 9 2
692 512
1 10 2
0 657
1 11 2
150 452
1 2 2
43 380
1 5 2
413 158
1 12 2
56 620
1 9 2
419 453
1 2 2
438 500
1 15 2
319 272
1 14 2
26 353
1 6 2
242 435
1 7 2
606 422
1 4 2
696 112
1 6 2
652 464
1 12 2
669 603
1 6 2
359 504
1 14 2
448 218
1 7 2
562 679
1 7 2
272 496
1 4 2
544 211
1 3 2
377 677
1 2 2
240 566
1 12 2
675 167
1 13 2
636 538
1 5 2
584 281
1 10 2
605 219
1 9 2
622 200
1 2 2
172 573
1 2 2
501 157
1 10 2
50 577
1 7 2
430 593
1 13 2
26 225
1 12 2
205 170
1 13 2
144 293
1 3 2
242 230
1 4 2
525 515
1 7 2
86 466
1 9 2
405 340
1 12 2
650 257
1 7 2
115 589
1 9 2
519 474
1 6 2
661 574
1 11 2
510 249
1 5 2
307 167
1 9 2
621 186
1 3 2
136 434
1 14 2
369 86
1 13 2
297 378
1 7 2
25 16
1 5 2
365 648
1 14 2
11 18
1 14 2
420 655
1 3 2
494 188
1 7 2
111 405
1 4 2
225 501
1 2 2
287 596
1 15 2
476 523
1 12 2
425 490
1 6 2
30 126
1 8 2
386 309
1 9 2
533 526
1 8 2
293 338
1 14 2
2 590
1 9 2
342 353
1 11 2
138 574
1 14 2
186 75
1 12 2
687 659
1 4 2
556 92
1 11 2
289 463
1 6 2
306 607
1 3 2
288 437
1 3 2
158 45
1 9 2
669 294
1 7 2
248 281
1 6 2
416 641
1 8 2
210 51
1 9 2
54 696
1 14 2
258 690
1 13 2
260 200
1 10 2
42 560
1 3 2
262 184
1 4 2
631 8
1 4 2
481 610
1 5 2
402 93
1 15 2
303 698
1 14 2
258 271
1 5 2
151 223
1 4 2
644 680
1 10 2
585 64
1 13 2
111 226
1 8 2
697 280
1 5 2
665 3
1 15 2
386 398
1 11 2
477 23
1 15 2
667 262
1 12 2
196 32
1 7 2
291 452
1 7 2
619 407
1 14 2
237 393
1 15 2
44 236
1 7 2
229 285
1 2 2
382 258
1 12 2
582 515
1 11 2
366 39
1 11 2
258 518
1 11 2
616 632
1 4 2
187 404
1 10 2
676 467
1 6 2
590 571
1 14 2
120 66
1 11 2
640 38
1 14 2
44 464
1 14 2
333 254
1 3 2
607 299
1 6 2
73 582
1 9 2
171 58
1 9 2
526 264
1 7 2
544 570
1 13 2
644 337
1 11 2
511 635
1 3 2
452 233
1 4 2
89 304
1 14 2
469 311
1 4 2
244 304
1 11 2
431 533
1 2 2
232 599
1 13 2
614 77
1 10 2
617 441
1 14 2
295 647
1 4 2
328 521
1 12 2
28 76
1 12 2
41 262
1 3 2
11 441
1 11 2
129 372
1 7 2
387 646
1 15 2
255 500
1 15 2
673 114
1 13 2
103 651
1 2 2
93 695
1 9 2
17 293
1 9 2
453 272
1 11 2
494 470
1 2 2
611 629
1 14 2
152 561
1 5 2
443 84
1 10 2
316 655
1 3 2
623 206
1 4 2
49 485
1 5 2
519 325
1 9 2
146 4
1 4 2
243 630
1 2 2
183 17
1 14 2
305 674
1 6 2
564 100
1 7 2
183 570
1 5 2
112 375
1 15 2
425 554
1 15 2
253 213
1 5 2
402 606
1 13 2
493 239
1 5 2
293 165
1 12 2
431 198
1 5 2
40 566
1 11 2
262 433
1 15 2
351 114
1 15 2
523 386
1 10 2
181 453
1 13 2
474 250
1 9 2
533 613
1 13 2
245 387
1 3 2
99 470
1 9 2
694 60
1 8 2
8 206
1 4 2
616 489
1 6 2
327 148
1 13 2
89 623
1 3 2
504 67
1 2 2
444 94
1 14 2
224 175
1 3 2
35 516
1 13 2
549 32
1 10 2
295 103
1 3 2
603 421
1 2 2
307 226
1 7 2
672 675
1 7 2
15 158
1 14 2
12 292
1 9 2
24 411
1 5 2
383 132
1 9 2
556 394
1 3 2
423 392
1 3 2
687 562
1 10 2
13 234
1 9 2
1 395
1 11 2
698 88
1 9 2
126 456
1 6 2
173 208
1 2 2
579 34
1 7 2
457 366
1 14 2
229 412
1 11 2
373 540
1 2 2
10 107
1 6 2
418 98
1 5 2
178 167
1 11 2
223 122
1 2 2
343 664
1 8 2
252 181
1 10 2
163 208
1 3 2
360 661
1 8 2
683 213
1 12 2
535 559
1 13 2
308 300
1 13 2
468 96
1 2 2
31 650
1 14 2
285 469
1 14 2
567 45
1 15 2
502 204
1 12 2
456 163
1 5 2
667 148
1 9 2
439 595
1 9 2
694 351
1 13 2
691 237
1 15 2
230 174
1 6 2
221 106
1 8 2
345 73
1 2 2
101 444
1 4 2
351 619
1 10 2
153 367
1 5 2
621 265
1 5 2
100 165
1 7 2
601 307
1 3 2
147 303
1 13 2
589 216
1 14 2
578 208
1 7 2
248 499
1 13 2
25 327
1 6 2
297 326
1 14 2
516 508
1 11 2
553 588
1 15 2
334 612
1 6 2
293 28
1 14 2
331 651
1 4 2
384 95
1 8 2
288 669
1 8 2
59 461
1 7 2
46 692
1 12 2
50 147
1 7 2
664 115
1 14 2
244 290
1 6 2
229 597
1 15 2
168 372
1 14 2
183 198
1 9 2
144 388
1 15 2
486 676
1 6 2
684 385
1 8 2
157 161
1 4 2
327 55
1 10 2
612 344
1 13 2
489 458
1 5 2
419 489
1 14 2
167 368
1 9 2
493 293
1 3 2
34 325
1 2 2
456 222
1 3 2
305 322
1 11 2
281 409
1 11 2
476 118
1 14 2
270 34
1 7 2
406 345
1 8 2
290 584
1 2 2
689 585
1 10 2
283 176
1 11 2
550 147
1 11 2
279 320
1 11 2
104 451
1 4 2
680 65
1 14 2
471 303
1 2 2
33 8
1 14 2
539 597
1 5 2
490 195
1 15 2
206 285
1 12 2
478 676
1 8 2
691 531
1 15 2
487 305
1 3 2
577 436
1 14 2
438 401
1 15 2
425 597
1 7 2
327 158
1 15 2
496 621
1 14 2
91 639
1 14 2
522 668
1 9 2
106 307
1 5 2
152 438
1 3 2
319 537
1 15 2
573 611
1 9 2
127 627
1 12 2
342 32
1 14 2
27 525
1 4 2
508 349
1 11 2
427 1
1 12 2
342 204
1 13 2
129 106
1 12 2
420 654
1 14 2
33 324
1 11 2
250 632
1 7 2
413 642
1 10 2
63 632
1 7 2
368 288
1 9 2
666 430
1 12 2
74 326
1 5 2
273 490
1 14 2
298 323
1 8 2
390 9
1 7 2
669 203
1 11 2
553 87
1 2 2
591 499
1 7 2
407 534
1 2 2
75 639
1 10 2
576 305
1 10 2
181 228
1 13 2
437 98
1 7 2
517 418
1 2 2
371 64
1 11 2
682 243
1 5 2
364 240
1 12 2
117 41
1 6 2
36 358
1 15 2
343 642
1 13 2
473 420
1 12 2
537 439
1 9 2
236 376
1 13 2
697 530
1 9 2
343 326
1 3 2
692 243
1 12 2
267 61
1 3 2
193 245
1 10 2
112 182
1 5 2
219 423
1 7 2
606 278
1 13 2
186 438
1 3 2
119 450
1 2 2
300 219
1 6 2
113 380
1 2 2
107 397
1 15 2
251 494
1 2 2
612 356
1 8 2
481 443
1 5 2
308 215
1 13 2
214 635
1 9 2
393 71
1 14 2
332 462
1 3 2
644 186
1 14 2
0 489
1 7 2
307 132
1 6 2
278 309
1 15 2
279 543
1 15 2
572 63
1 14 2
666 558
1 12 2
423 430
1 4 2
491 19
1 4 2
640 661
1 4 2
241 450
1 7 2
669 489
1 7 2
523 116
1 8 2
661 236
1 11 2
44 14
1 10 2
331 39
1 9 2
439 231
1 3 2
259 391
1 12 2
305 462
1 3 2
232 83
1 8 2
248 450
1 11 2
563 432
1 11 2
147 581
1 2 2
530 432
1 10 2
37 469
1 4 2
661 385
1 11 2
463 75
1 11 2
425 301
1 7 2
435 389
1 2 2
213 92
1 15 2
15 626
1 3 2
524 523
1 10 2
66 55
1 12 2
598 450
1 9 2
199 552
1 12 2
602 194
1 11 2
26 252
1 14 2
54 532
1 9 2
224 183
1 13 2
237 699
1 13 2
16 343
1 15 2
446 78
1 6 2
593 214
1 5 2
640 69
1 13 2
288 360
1 12 2
101 672
1 11 2
634 526
1 12 2
325 632
1 8 2
240 68
1 12 2
427 387
1 12 2
180 142
1 3 2
567 70
1 11 2
539 371
1 8 2
12 381
1 6 2
626 424
1 5 2
645 292
1 2 2
171 144
1 7 2
19 266
1 14 2
474 661
1 6 2
257 491
1 6 2
109 305
1 5 2
223 341
1 14 2
78 32
1 6 2
211 77
1 9 2
575 175
1 15 2
581 375
1 12 2
305 611
1 14 2
128 576
1 9 2
61 233
1 14 2
565 606
1 4 2
323 396
1 7 2
101 272
1 8 2
643 586
1 4 2
190 15
1 4 2
323 526
1 3 2
339 8
1 4 2
266 439
1 6 2
378 629
1 14 2
216 80
1 10 2
581 467
1 13 2
324 484
1 14 2
535 1
1 12 2
171 601
1 8 2
445 1
1 6 2
341 101
1 5 2
39 553
1 14 2
620 648
1 2 2
675 610
1 3 2
479 663
1 7 2
644 77
1 8 2
47 689
1 4 2
512 514
1 15 2
457 67
1 9 2
276 422
1 8 2
315 383
1 8 2
633 607
1 13 2
591 203
1 9 2
638 188
1 14 2
169 260
1 4 2
515 636
1 5 2
157 605
1 13 2
552 402
1 10 2
484 418
1 14 2
222 680
1 12 2
341 429
1 3 2
217 413
1 3 2
411 479
1 12 2
505 103
1 2 2
368 88
1 2 2
528 107
1 8 2
603 40
1 13 2
31 429
1 7 2
552 163
1 9 2
145 5
1 3 2
666 155
1 10 2
49 47
1 5 2
243 193
1 7 2
537 185
1 14 2
497 15
1 3 2
303 223
1 12 2
175 488
1 14 2
582 237
1 4 2
145 672
1 15 2
377 470
1 5 2
132 105
1 8 2
73 63
1 12 2
439 639
1 7 2
539 433
1 14 2
421 543
1 6 2
195 21
1 10 2
236 644
1 2 2
595 661
1 7 2
126 357
1 2 2
672 372
1 12 2
309 23
1 10 2
145 689
1 14 2
687 339
1 10 2
228 135
1 6 2
673 217
1 15 2
155 98
1 2 2
543 50
1 8 2
79 353
1 14 2
291 403
1 12 2
103 508
1 9 2
607 227
1 14 2
91 160
1 5 2
1 321
1 2 2
437 130
1 14 2
66 169
1 11 2
194 188
1 5 2
42 624
1 14 2
117 319
1 10 2
488 682
1 13 2
654 375
1 14 2
79 281
1 2 2
562 195
1 4 2
158 278
1 15 2
20 289
1 13 2
306 125
1 5 2
442 527
1 12 2
567 683
1 10 2
140 41
1 6 2
445 483
1 4 2
496 521
1 9 2
553 311
1 9 2
597 448
1 15 2
408 585
1 9 2
451 266
1 10 2
330 5
1 2 2
616 689
1 7 2
36 441
1 12 2
286 108
1 2 2
432 697
1 3 2
678 674
1 2 2
386 55
1 15 2
362 439
1 10 2
600 309
1 4 2
11 606
1 12 2
54 449
1 15 2
671 43
1 14 2
411 250
1 5 2
342 554
1 6 2
22 345
1 3 2
58 289
1 10 2
336 84
1 14 2
393 64
1 14 2
681 448
1 9 2
497 61
1 14 2
126 599
1 3 2
117 95
1 5 2
321 536
1 14 2
59 101
1 13 2
674 360
1 3 2
208 10
1 8 2
149 310
1 14 2
252 388
1 10 2
110 504
1 3 2
235 281
1 2 2
607 692
1 12 2
444 91
1 9 2
186 655
1 5 2
145 588
1 5 2
283 253
1 15 2
618 188
1 11 2
152 198
1 10 2
186 369
1 15 2
248 584
1 3 2
475 150
1 7 2
382 102
1 2 2
204 671
1 10 2
107 316
1 7 2
517 157
1 2 2
314 129
1 7 2
38 326
1 11 2
58 173
1 12 2
32 208
1 14 2
478 557
1 11 2
40 681
1 9 2
147 409
1 8 2
355 509
1 12 2
337 543
1 5 2
381 676
1 2 2
408 192
1 12 2
461 401
1 6 2
588 440
1 11 2
263 410
1 14 2
434 90
1 10 2
620 673
1 14 2
21 251
1 11 2
38 176
1 13 2
507 100
1 4 2
427 166
1 11 2
480 370
1 15 2
509 332
1 2 2
207 654
1 3 2
36 670
1 5 2
73 663
1 9 2
539 613
1 7 2
28 3
1 10 2
82 56
1 15 2
419 515
1 7 2
285 684
1 7 2
418 109
1 13 2
407 234
1 13 2
147 112
1 11 2
498 328
1 6 2
374 103
1 6 2
71 51
1 12 2
457 491
1 14 2
85 482
1 14 2
320 437
1 4 2
575 441
1 11 2
655 529
1 8 2
172 272
1 9 2
129 5
1 8 2
186 522
1 8 2
129 535
1 11 2
63 503
1 15 2
491 661
1 14 2
385 420
1 8 2
194 8
1 5 2
193 497
1 2 2
448 351
1 15 2
117 605
1 5 2
419 282
1 14 2
438 260
1 5 2
10 448
1 13 2
96 452
1 12 2
400 166
1 14 2
112 393
1 3 2
31 678
1 10 2
321 463
1 13 2
661 92
1 14 2
55 517
1 2 2
376 620
1 8 2
624 262
1 3 2
568 182
1 3 2
482 108
1 7 2
379 577
1 13 2
261 444
1 14 2
307 358
1 11 2
503 234
1 9 2
427 17
1 2 2
384 337
1 13 2
699 431
1 15 2
675 402
1 10 2
39 286
1 7 2
515 303
1 12 2
288 603
1 3 2
626 423
1 13 2
345 648
1 10 2
401 310
1 10 2
150 69
1 6 2
171 487
1 15 2
308 418
1 14 2
643 347
1 7 2
621 474
1 3 2
299 684
1 11 2
219 525
1 9 2
468 689
1 10 2
642 243
1 10 2
112 354
1 12 2
118 479
1 10 2
71 58
1 3 2
588 375
1 11 2
258 113
1 7 2
479 311
1 2 2
489 119
1 6 2
191 333
1 3 2
338 195
1 3 2
567 469
1 8 2
212 151
1 9 2
689 56
1 9 2
282 409
1 14 2
140 302
1 4 2
569 205
1 10 2
506 466
1 13 2
271 465
1 2 2
343 470
1 2 2
355 332
1 10 2
420 256
1 7 2
489 370
1 11 2
394 188
1 10 2
266 403
1 8 2
447 645
1 3 2
439 398
1 13 2
181 310
1 9 2
338 219
1 6 2
476 419
1 8 2
194 167
1 4 2
74 347
1 10 2
684 519
1 11 2
658 376
1 2 2
4 681
1 8 2
157 279
1 2 2
619 194
1 5 2
354 655
1 13 2
471 41
1 14 2
143 310
1 7 2
233 678
1 15 2
603 202
1 5 2
348 326
1 15 2
641 523
1 14 2
266 183
1 14 2
539 245
1 8 2
678 308
1 13 2
450 298
1 7 2
61 535
1 6 2
205 493
1 13 2
204 208
1 5 2
223 252
1 14 2
468 584
1 8 2
436 420
1 8 2
306 654
1 6 2
591 475
1 6 2
199 187
1 7 2
604 180
1 15 2
560 483
1 14 2
532 177
1 11 2
42 229
1 4 2
614 269
1 11 2
369 214
1 10 2
67 141
1 9 2
238 603
1 8 2
591 570
1 12 2
247 160
1 13 2
19 280
1 2 2
134 382
1 5 2
108 462
1 2 2
130 384
1 6 2
151 493
1 2 2
396 108
1 8 2
565 589
1 9 2
44 106
1 12 2
461 268
1 4 2
420 5
1 10 2
341 373
1 4 2
68 645
1 4 2
39 71
1 8 2
313 161
1 9 2
571 477
1 14 2
546 33
1 3 2
421 324
1 13 2
402 513
1 5 2
233 518
1 10 2
141 481
1 7 2
684 214
1 11 2
201 69
1 4 2
618 451
1 8 2
82 148
1 6 2
54 105
1 15 2
523 566
1 5 2
53 136
1 13 2
384 330
1 7 2
332 274
1 12 2
179 219
1 3 2
651 525
1 11 2
544 59
1 5 2
142 355
1 10 2
65 401
1 2 2
284 73
1 7 2
696 339
1 4 2
520 347
1 15 2
136 43
1 13 2
274 288
1 9 2
656 662
1 15 2
139 125
1 13 2
146 519
1 6 2
661 458
1 10 2
409 11
1 7 2
312 103
1 2 2
126 266
1 14 2
571 452
1 15 2
663 538
1 12 2
375 132
1 13 2
232 32
1 13 2
604 625
1 6 2
97 373
1 11 2
533 266
1 8 2
301 62
1 15 2
400 621
1 4 2
540 33
1 15 2
14 466
1 10 2
447 536
1 12 2
427 389
1 4 2
576 434
1 13 2
561 432
1 3 2
114 259
1 15 2
614 435
1 10 2
218 282
1 15 2
594 615
1 12 2
359 463
1 11 2
98 367
1 10 2
351 623
1 12 2
107 587
1 13 2
371 563
1 6 2
75 49
1 14 2
382 436
1 8 2
56 509
1 5 2
509 268
1 14 2
22 404
1 14 2
305 248
1 5 2
207 646
1 9 2
442 656
1 14 2
579 489
1 14 2
634 42
1 12 2
428 426
1 2 2
376 333
1 10 2
515 624
1 13 2
95 680
1 15 2
0 598
1 8 2
596 680
1 4 2
170 696
1 7 2
325 328
1 15 2
109 502
1 13 2
428 500
1 6 2
162 644
1 10 2
400 503
1 11 2
584 105
1 8 2
323 603
1 10 2
382 342
1 6 2
551 150
1 8 2
224 544
1 3 2
549 271
1 5 2
354 5
1 14 2
332 616
1 4 2
682 41
1 12 2
472 206
1 5 2
471 507
1 7 2
53 633
1 7 2
142 368
1 7 2
444 123
1 13 2
626 93
1 13 2
160 18
1 6 2
172 1
1 4 2
358 71
1 12 2
548 570
1 13 2
524 135
1 11 2
614 203
1 14 2
210 416
1 13 2
74 256
1 3 2
4 476
1 13 2
262 140
1 4 2
274 388
1 12 2
517 411
1 10 2
154 208
1 3 2
508 271
1 9 2
158 112
1 14 2
371 213
1 12 2
89 515
1 4 2
205 561
1 15 2
269 253
1 6 2
247 260
1 8 2
71 363
1 11 2
181 501
1 4 2
657 206
1 12 2
563 133
1 5 2
433 155
1 14 2
38 181
1 2 2
515 440
1 11 2
685 448
1 5 2
313 89
1 14 2
223 624
1 11 2
124 39
1 14 2
152 147
1 3 2
236 585
1 13 2
486 378
1 7 2
100 683
1 2 2
253 68
1 6 2
289 130
1 7 2
22 416
1 11 2
690 227
1 11 2
661 410
1 9 2
650 335
1 11 2
137 3
1 8 2
402 595
1 13 2
453 408
1 4 2
120 233
1 2 2
398 230
1 8 2
115 384
1 4 2
524 629
1 13 2
572 291
1 3 2
286 167
1 12 2
636 428
1 12 2
552 666
1 6 2
530 23
1 7 2
488 649
1 11 2
396 53
1 2 2
669 699
1 2 2
633 592
1 12 2
476 147
1 4 2
54 608
1 12 2
247 198
1 6 2
330 684
1 14 2
133 217
1 12 2
585 669
1 5 2
597 271
1 7 2
334 214
1 2 2
200 415
1 6 2
441 276
1 8 2
314 543
1 15 2
419 579
1 5 2
116 314
1 11 2
251 639
1 13 2
144 83
1 13 2
418 450
1 10 2
694 98
1 15 2
356 531
1 9 2
189 547
1 4 2
267 390
1 14 2
483 110
1 6 2
615 695
1 5 2
462 482
1 4 2
208 466
1 3 2
132 502
1 12 2
170 375
1 5 2
624 394
1 13 2
535 294
1 12 2
189 201
1 5 2
455 224
1 8 2
353 356
1 15 2
33 149
1 5 2
114 437
1 14 2
565 192
1 4 2
154 456
1 13 2
249 234
1 5 2
507 451
1 9 2
493 292
1 13 2
141 210
1 2 2
17 118
1 11 2
55 120
1 15 2
246 672
1 10 2
481 102
1 2 2
615 200
1 6 2
26 663
1 11 2
445 452
1 4 2
76 400
1 5 2
563 631
1 13 2
473 530
1 12 2
26 502
1 15 2
239 259
1 12 2
424 418
1 15 2
289 20
1 9 2
399 518
1 4 2
633 467
1 10 2
210 605
1 15 2
534 373
1 9 2
564 111
1 9 2
100 388
1 5 2
617 629
1 4 2
163 347
1 6 2
53 103
1 12 2
307 529
1 3 2
295 10
1 5 2
660 628
1 6 2
399 8
1 12 2
76 40
1 14 2
91 75
1 9 2
594 671
1 5 2
208 363
1 4 2
512 574
1 8 2
267 445
1 7 2
477 393
1 13 2
384 540
1 12 2
532 106
1 14 2
603 620
1 11 2
480 185
1 14 2
639 251
1 15 2
498 228
1 4 2
669 97
1 2 2
432 117
1 7 2
483 295
1 9 2
521 572
1 6 2
306 401
1 11 2
358 168
1 13 2
235 120
1 7 2
184 452
1 11 2
656 468
1 14 2
296 229
1 10 2
316 41
1 13 2
95 3
1 10 2
197 327
1 5 2
77 255
1 15 2
118 432
1 8 2
668 170
1 2 2
221 424
1 13 2
361 531
1 2 2
53 648
1 7 2
543 140
1 5 2
32 314
1 11 2
343 515
1 7 2
56 483
1 7 2
262 266
1 6 2
254 506
1 12 2
168 655
1 8 2
547 474
1 5 2
486 266
1 8 2
168 606
1 11 2
62 418
1 11 2
79 662
1 10 2
382 209
1 13 2
241 11
1 2 2
231 99
1 10 2
516 589
1 5 2
525 676
1 8 2
135 47
1 9 2
664 142
1 7 2
213 660
1 8 2
51 343
1 4 2
307 169
1 15 2
404 242
1 8 2
42 328
1 9 2
399 176
1 4 2
623 270
1 13 2
80 305
1 9 2
454 285
1 8 2
270 304
1 8 2
307 162
1 9 2
224 673
1 5 2
480 56
1 14 2
175 132
1 6 2
170 347
1 6 2
348 230
1 2 2
362 639
1 9 2
211 203
1 3 2
428 675
1 12 2
633 245
1 7 2
525 202
1 6 2
114 2
1 8 2
373 84
1 12 2
609 290
1 14 2
517 637
1 14 2
257 547
1 2 2
526 415
1 14 2
559 453
1 9 2
607 232
1 8 2
145 154
1 6 2
421 163
1 15 2
206 631
1 6 2
77 329
1 2 2
654 699
1 13 2
637 313
1 10 2
12 21
1 3 2
546 170
1 8 2
558 92
1 3 2
641 4
1 6 2
688 548
1 12 2
493 625
1 14 2
438 547
1 2 2
477 665
1 9 2
487 112
1 10 2
92 34
1 4 2
282 647
1 8 2
23 200
1 13 2
103 428
1 3 2
531 596
1 10 2
123 89
1 8 2
525 298
1 13 2
493 170
1 8 2
286 2
1 9 2
308 51
1 10 2
23 488
1 15 2
115 30
1 2 2
312 552
1 2 2
19 573
1 7 2
506 548
1 2 2
447 503
1 10 2
646 152
1 8 2
623 138
1 13 2
486 41
1 11 2
212 81
1 15 2
597 7
1 7 2
67 104
1 4 2
82 313
1 13 2
623 295
1 11 2
432 183
1 12 2
448 281
1 2 2
0 644
1 7 2
185 72
1 3 2
483 343
1 5 2
665 68
1 8 2
526 425
1 14 2
386 113
1 11 2
491 24
1 9 2
283 402
1 14 2
532 562
1 15 2
135 8
1 12 2
304 325
1 11 2
538 207
1 4 2
677 58
1 7 2
687 157
1 14 2
163 547
1 11 2
528 4
1 12 2
127 639
1 2 2
147 262
1 10 2
685 88
1 9 2
100 470
1 15 2
365 598
1 10 2
664 477
1 2 2
24 604
1 15 2
654 327
1 7 2
217 295
1 14 2
677 36
1 10 2
566 601
1 9 2
382 16
1 7 2
155 252
1 2 2
71 520
1 9 2
424 77
1 8 2
85 110
1 3 2
114 173
1 13 2
147 139
1 12 2
674 396
1 2 2
20 389
1 9 2
448 349
1 4 2
210 255
1 8 2
268 415
1 8 2
165 616
1 10 2
552 19
1 3 2
488 692
1 14 2
383 305
1 3 2
116 521
1 2 2
78 154
1 9 2
154 502
1 12 2
49 5
1 12 2
452 608
1 9 2
181 387
1 14 2
513 31
1 13 2
443 145
1 10 2
329 207
1 13 2
625 551
1 9 2
526 86
1 7 2
301 296
1 14 2
215 501
1 7 2
541 117
1 10 2
566 115
1 7 2
425 132
1 10 2
553 462
1 10 2
415 473
1 7 2
257 238
1 6 2
515 172
1 2 2
559 425
1 5 2
600 328
1 14 2
56 135
1 13 2
77 276
1 10 2
444 281
1 4 2
29 486
1 7 2
512 497
1 6 2
381 490
1 2 2
687 111
1 7 2
660 91
1 2 2
580 508
1 10 2
12 303
1 2 2
197 219
1 11 2
201 79
1 15 2
465 14
1 14 2
406 292
1 5 2
96 308
1 10 2
314 607
1 5 2
133 15
1 3 2
420 254
1 6 2
408 477
1 14 2
541 548
1 11 2
255 484
1 26 2
187 418
1 22 2
471 184
1 16 2
497 245
1 22 2
516 498
1 6 2
617 207
1 8 2
403 257
1 16 2
499 647
1 24 2
267 417
1 14 2
659 459
1 8 2
340 293
1 26 2
192 212
1 6 2
44 77
1 28 2
653 629
1 10 2
677 671
1 30 2
495 678
1 28 2
169 520
