1000 5985 3000
21 6 9 8 7 7 12 8 10 9 5 22 6 24 18 10 6 8 8 18 24 13 11 17 10 7 24 9 16 24 15 19 5 9 7 13 14 16 17 19 6 22 9 7 19 21 25 11 21 22 20 16 17 18 6 9 14 16 11 16 7 16 22 18 8 10 5 10 17 23 8 6 25 7 14 15 11 24 12 13 14 21 11 6 8 9 9 14 25 25 5 8 19 13 6 21 7 17 20 6 19 23 25 22 17 13 9 10 8 20 20 19 11 23 7 25 16 12 15 24 8 5 11 17 8 12 10 9 20 17 6 13 15 17 6 18 25 10 17 19 25 12 13 24 10 13 17 23 15 21 20 21 10 12 22 19 22 10 25 12 14 25 12 11 10 6 18 6 23 19 13 19 16 15 11 7 24 13 24 6 11 19 16 9 18 10 5 24 8 14 5 15 24 13 13 22 15 20 14 18 7 5 6 7 6 18 8 10 13 6 20 21 12 10 24 5 22 16 25 5 5 15 10 25 10 18 11 13 13 25 17 13 7 11 10 18 17 13 12 20 18 20 5 16 22 5 12 10 13 24 11 13 25 10 11 23 16 11 15 12 18 10 11 23 6 10 14 14 10 22 9 11 15 8 18 25 11 25 9 16 5 24 6 5 12 10 7 17 24 18 22 8 12 13 21 8 16 21 17 6 19 14 25 12 8 20 25 22 17 10 25 19 14 25 15 8 22 17 24 24 20 21 9 11 7 8 21 24 23 9 8 25 22 25 20 17 6 15 6 25 21 9 10 20 16 18 24 22 19 5 17 24 20 14 9 15 13 10 21 21 6 16 15 11 12 20 10 5 20 22 13 18 16 12 20 9 20 25 5 12 6 6 5 16 24 23 20 5 17 11 20 14 6 7 8 14 7 23 14 14 5 9 6 22 22 16 15 18 11 20 22 13 18 19 15 10 13 11 12 15 16 8 21 25 23 7 6 15 12 18 19 6 15 18 16 22 13 9 25 7 23 23 13 24 5 5 11 9 11 17 9 8 8 12 7 22 14 11 12 11 23 25 18 6 23 17 23 13 18 14 25 5 12 10 9 21 18 22 20 18 15 19 21 19 25 5 16 5 19 21 7 17 19 16 10 9 22 16 16 6 19 19 15 15 9 10 22 11 7 8 23 14 11 9 25 13 20 6 8 13 20 6 22 5 10 22 7 14 9 22 9 24 23 6 7 14 12 21 20 19 7 22 21 6 8 14 13 16 20 11 19 6 10 25 12 19 24 12 16 15 22 20 12 19 19 18 12 15 22 19 14 12 23 15 15 23 13 20 19 13 8 8 23 11 22 19 19 16 5 11 7 19 12 10 13 21 7 9 14 19 24 21 8 9 9 21 6 16 6 13 5 7 15 17 22 10 19 11 11 5 17 7 13 8 20 5 20 24 9 23 14 21 12 14 14 15 24 10 5 15 7 25 11 15 8 19 18 19 6 6 20 5 10 11 11 8 19 25 10 9 23 5 17 6 14 14 7 9 15 13 15 12 7 18 25 5 18 21 21 24 8 11 25 25 10 21 6 24 9 15 20 12 8 9 18 25 13 21 9 21 7 19 24 19 8 22 18 24 18 19 15 17 15 18 21 25 16 25 15 20 12 20 21 19 25 24 6 16 5 13 12 6 13 20 20 25 22 15 8 7 12 11 12 18 5 15 16 9 10 17 8 20 21 25 13 19 23 15 6 9 24 16 13 8 13 6 24 24 12 8 13 6 20 6 24 13 17 5 19 5 11 25 9 24 6 6 10 10 21 10 6 11 6 17 14 5 19 10 7 9 18 14 22 7 19 19 17 21 7 15 14 14 16 12 13 14 25 14 7 15 8 8 25 22 18 11 19 22 5 8 12 8 15 16 6 5 16 25 21 11 25 13 16 20 10 6 6 16 5 18 22 11 11 13 23 19 22 20 8 20 16 21 10 18 9 18 16 11 10 16 17 18 11 10 18 11 6 23 24 13 15 15 12 24 11 18 23 24 22 5 13 9 17 20 7 16 9 24 9 24 7 5 17 25 24 23 19 15 20 24 22 21 20 22 13 19 6 13 10 10 11 24 17 17 10 9 15 23 8 18 23 5 22 18 25 19 13 17 12 9 17 15 21 13 14 12 20 19 19 20 11 17 13 13 8 17 18 19 11 15 19 25 20 13 16 23 18 14 18 5 9 17 23 11 9 22 17 11 22 10 12 9 24 22 23 23 11 17 24 24 19 6 19 25 8 9 22 6 5 11
3 5 13 12 5 18 14 6 17 4 11 19 19 15 18 15 5 4 9 5 9 13 20 20 17 16 7 9 6 8 3 3 10 7 11 3 16 15 5 9 7 19 6 8 18 12 8 6 5 13 6 20 19 8 14 10 14 17 10 4 19 12 10 16 17 9 15 11 18 3 3 10 10 4 16 18 5 3 4 12 10 7 17 20 12 8 15 5 6 16 9 11 16 4 3 12 13 4 8 9 14 18 3 10 3 3 18 12 12 17 17 3 11 18 12 18 16 19 16 12 18 18 8 16 14 15 15 20 5 14 11 14 6 16 17 12 14 5 9 19 13 18 16 3 20 17 19 8 13 11 7 3 7 7 4 19 6 12 19 17 10 4 18 7 17 13 8 7 11 3 14 13 12 7 6 9 19 8 6 16 14 10 7 16 4 12 7 3 15 19 15 13 9 14 19 15 4 18 16 19 16 16 12 11 5 3 17 16 16 9 8 12 16 9 3 4 10 20 13 11 5 19 7 16 19 4 5 17 20 5 5 18 6 5 13 15 19 9 3 4 13 8 8 20 4 5 16 18 14 8 18 7 4 19 20 15 10 14 5 16 10 15 20 12 14 8 12 4 13 5 6 13 13 5 9 10 5 6 11 16 19 7 18 19 20 16 6 12 7 9 6 17 14 17 19 5 12 16 18 18 6 16 16 18 5 7 10 10 9 18 13 13 12 12 4 19 15 12 19 3 11 16 15 10 13 3 18 15 3 13 6 9 5 13 9 15 14 12 15 5 3 10 3 16 11 12 11 20 10 4 14 3 18 19 13 7 13 10 20 17 11 11 8 13 9 18 10 20 17 14 3 9 20 16 5 13 18 18 12 20 17 9 19 3 5 5 17 19 12 20 19 16 13 5 19 13 5 8 10 9 16 10 15 3 13 3 8 17 14 3 10 7 5 15 9 11 13 11 16 5 16 4 10 16 3 5 6 18 8 18 12 7 14 5 20 9 6 6 19 5 12 14 18 5 6 5 15 16 6 5 16 4 3 19 7 6 20 11 15 6 5 6 15 16 6 16 4 20 14 9 11 12 16 3 18 4 14 12 15 11 17 15 14 12 16 11 5 16 6 20 19 10 6 7 7 8 13 16 3 11 15 6 7 3 3 13 3 16 12 20 15 18 7 4 9 17 12 3 4 6 4 13 4 20 16 6 14 6 7 17 8 10 15 8 11 14 5 4 18 6 11 7 6 20 12 12 4 10 16 9 3 8 11 18 18 15 17 10 14 16 11 7 8 15 20 5 8 11 16 19 12 7 5 11 11 5 18 15 12 14 15 17 10 14 11 16 10 10 5 10 16 15 13 18 12 17 14 16 10 11 6 13 11 3 16 16 5 4 5 20 5 19 8 10 7 4 12 11 4 5 9 7 6 7 6 11 4 15 8 19 16 12 7 9 16 10 4 11 4 9 12 14 4 4 8 12 16 15 20 7 4 11 4 5 6 17 20 6 10 6 8 20 4 9 17 4 18 9 8 9 13 16 13 15 13 18 18 7 8 6 5 18 19 20 13 9 18 5 18 17 17 5 14 19 19 6 12 6 4 4 7 12 20 19 17 13 11 7 15 12 7 16 4 10 12 5 15 12 16 16 19 6 19 18 18 8 3 4 19 14 6 17 16 17 11 18 6 12 13 6 20 8 20 18 10 5 14 12 12 18 19 18 20 19 4 13 17 17 19 5 15 19 16 13 12 12 6 11 16 14 20 7 18 6 14 5 8 7 8 11 7 11 3 14 5 8 16 19 17 13 9 11 5 17 7 20 8 13 6 5 4 20 3 13 8 19 14 12 19 12 3 18 7 13 5 13 14 17 7 17 5 4 17 6 13 9 14 6 3 5 18 9 10 6 5 12 13 17 6 16 4 11 4 18 20 7 6 8 5 13 15 5 12 6 15 15 3 17 5 12 6 10 13 7 6 12 10 20 18 3 12 18 6 8 14 17 4 6 11 11 16 20 13 20 16 9 17 5 7 11 18 6 17 19 20 14 9 3 14 8 4 16 9 9 6 19 13 12 7 3 3 5 7 16 8 17 11 17 18 13 3 15 18 5 19 15 13 3 13 4 13 3 20 5 18 11 15 19 20 6 5 6 16 14 7 10 13 5 7 13 15 18 17 5 12 13 15 19 4 15 10 9 15 10 18 4 5 6 4 20 13 6 19 4 4 16 8 19 9 15 14 5 3 4 19 5 3 18 14 13 6 15 5 16 14 15 10 6 7 16
1 8 2
649 896
1 5 2
247 851
1 6 2
929 654
1 9 2
223 48
1 12 2
905 564
1 3 2
335 969
1 4 2
346 34
1 14 2
112 201
1 10 2
96 368
1 6 2
190 608
1 15 2
577 320
1 2 2
388 802
1 12 2
583 727
1 14 2
853 96
1 15 2
328 160
1 4 2
527 800
1 15 2
27 963
1 5 2
96 265
1 2 2
89 272
1 2 2
757 384
1 3 2
704 440
1 13 2
442 46
1 14 2
504 396
1 5 2
96 171
1 3 2
393 721
1 4 2
442 850
1 8 2
436 785
1 10 2
276 689
1 14 2
936 974
1 8 2
744 721
1 12 2
921 660
1 3 2
932 348
1 10 2
899 666
1 11 2
889 434
1 6 2
932 143
1 9 2
419 418
1 9 2
264 797
1 13 2
225 891
1 7 2
802 257
1 10 2
364 451
1 11 2
303 890
1 8 2
510 246
1 9 2
534 299
1 13 2
163 183
1 5 2
662 290
1 8 2
881 118
1 7 2
521 752
1 14 2
106 335
1 7 2
419 92
1 13 2
611 903
1 5 2
237 531
1 15 2
871 76
1 7 2
519 654
1 15 2
201 475
1 3 2
582 492
1 3 2
385 892
1 5 2
586 207
1 10 2
180 692
1 11 2
835 98
1 7 2
90 514
1 3 2
259 409
1 14 2
86 184
1 11 2
298 739
1 10 2
398 631
1 6 2
904 35
1 11 2
113 297
1 4 2
202 576
1 2 2
386 692
1 4 2
73 103
1 12 2
866 381
1 7 2
324 842
1 5 2
429 336
1 5 2
152 540
1 9 2
494 338
1 11 2
633 208
1 4 2
401 825
1 9 2
301 124
1 8 2
36 973
1 15 2
614 858
1 8 2
302 347
1 9 2
369 302
1 10 2
222 651
1 8 2
477 562
1 14 2
67 658
1 10 2
186 5
1 2 2
573 627
1 7 2
499 748
1 7 2
553 916
1 15 2
752 458
1 11 2
874 389
1 13 2
158 122
1 3 2
129 541
1 4 2
984 627
1 9 2
101 344
1 10 2
591 536
1 2 2
251 847
1 15 2
970 373
1 15 2
886 623
1 11 2
638 104
1 8 2
989 92
1 4 2
159 943
1 10 2
628 365
1 12 2
202 109
1 5 2
887 967
1 14 2
353 573
1 13 2
97 143
1 8 2
747 671
1 10 2
34 892
1 14 2
743 900
1 4 2
468 43
1 4 2
993 12
1 14 2
415 344
1 4 2
653 367
1 9 2
978 430
1 2 2
515 64
1 5 2
263 586
1 10 2
493 381
1 10 2
394 268
1 12 2
680 777
1 3 2
14 871
1 14 2
387 50
1 5 2
594 293
1 2 2
520 788
1 10 2
597 417
1 8 2
601 455
1 3 2
188 548
1 11 2
714 292
1 8 2
562 672
1 5 2
674 934
1 3 2
860 700
1 4 2
401 83
1 14 2
340 992
1 5 2
931 720
1 4 2
781 778
1 7 2
206 872
1 4 2
291 574
1 11 2
652 606
1 14 2
290 823
1 11 2
843 250
1 2 2
772 396
1 15 2
958 180
1 12 2
941 71
1 7 2
914 942
1 15 2
675 942
1 4 2
737 687
1 15 2
933 54
1 6 2
6 905
1 5 2
135 173
1 6 2
537 132
1 8 2
486 976
1 12 2
949 508
1 9 2
487 36
1 8 2
566 621
1 6 2
443 49
1 10 2
823 761
1 3 2
947 979
1 15 2
954 84
1 15 2
606 375
1 8 2
905 934
1 9 2
917 324
1 6 2
691 973
1 6 2
387 786
1 14 2
218 179
1 5 2
534 515
1 13 2
602 322
1 15 2
684 816
1 4 2
957 688
1 14 2
557 209
1 3 2
998 632
1 9 2
29 399
1 3 2
214 750
1 5 2
357 44
1 10 2
468 499
1 4 2
292 888
1 7 2
347 83
1 10 2
154 281
1 2 2
790 65
1 7 2
694 706
1 5 2
780 262
1 6 2
833 488
1 6 2
552 936
1 2 2
680 588
1 3 2
387 881
1 13 2
159 835
1 5 2
497 820
1 9 2
63 457
1 2 2
813 715
1 7 2
253 468
1 9 2
625 223
1 13 2
967 226
1 11 2
866 581
1 7 2
188 473
1 3 2
575 934
1 3 2
42 262
1 4 2
226 155
1 13 2
61 673
1 15 2
508 69
1 9 2
784 960
1 14 2
413 453
1 12 2
827 959
1 6 2
568 393
1 8 2
319 281
1 15 2
511 48
1 15 2
853 986
1 13 2
10 284
1 12 2
409 799
1 13 2
236 612
1 6 2
535 914
1 8 2
478 356
1 13 2
285 569
1 10 2
594 832
1 7 2
821 784
1 7 2
510 743
1 11 2
430 107
1 5 2
496 784
1 10 2
937 704
1 13 2
254 603
1 12 2
837 675
1 3 2
190 711
1 8 2
865 752
1 13 2
16 708
1 4 2
590 280
1 12 2
227 36
1 14 2
16 2
1 3 2
385 919
1 15 2
452 833
1 14 2
587 906
1 4 2
892 380
1 14 2
536 761
1 15 2
323 827
1 5 2
370 238
1 5 2
646 154
1 9 2
483 888
1 15 2
532 388
1 7 2
593 174
1 15 2
996 172
1 3 2
662 325
1 3 2
772 747
1 8 2
317 294
1 3 2
598 790
1 5 2
324 374
1 14 2
164 5
1 6 2
107 664
1 13 2
568 471
1 3 2
351 877
1 10 2
780 595
1 2 2
494 45
1 3 2
24 956
1 12 2
708 4
1 11 2
205 252
1 9 2
630 97
1 4 2
371 188
1 12 2
127 942
1 11 2
495 908
1 15 2
594 894
1 14 2
133 58
1 8 2
583 987
1 12 2
95 840
1 6 2
170 50
1 14 2
824 933
1 11 2
870 36
1 5 2
271 915
1 12 2
622 711
1 11 2
820 359
1 3 2
180 601
1 4 2
697 428
1 9 2
604 233
1 13 2
953 652
1 4 2
264 479
1 11 2
24 21
1 15 2
298 58
1 13 2
675 232
1 8 2
288 575
1 2 2
374 765
1 2 2
708 740
1 2 2
686 665
1 11 2
329 174
1 3 2
66 210
1 15 2
105 692
1 10 2
820 754
1 14 2
557 776
1 9 2
385 658
1 2 2
640 111
1 11 2
362 934
1 4 2
609 54
1 5 2
818 851
1 7 2
384 31
1 14 2
135 120
1 6 2
520 981
1 2 2
592 196
1 14 2
45 982
1 15 2
587 831
1 15 2
356 303
1 10 2
273 541
1 15 2
347 702
1 9 2
263 84
1 4 2
896 849
1 13 2
413 769
1 2 2
184 304
1 6 2
833 30
1 3 2
656 493
1 7 2
236 156
1 14 2
239 516
1 4 2
8 716
1 14 2
857 576
1 5 2
971 387
1 9 2
767 229
1 9 2
652 375
1 4 2
626 931
1 10 2
738 818
1 3 2
297 562
1 12 2
241 517
1 12 2
478 102
1 3 2
42 746
1 13 2
416 703
1 6 2
686 622
1 10 2
799 697
1 6 2
101 922
1 8 2
145 446
1 5 2
140 203
1 11 2
889 805
1 13 2
821 712
1 13 2
512 855
1 13 2
954 30
1 12 2
171 637
1 10 2
98 578
1 9 2
640 396
1 4 2
283 709
1 3 2
196 869
1 15 2
478 340
1 7 2
994 184
1 9 2
593 267
1 5 2
590 963
1 15 2
303 105
1 7 2
34 414
1 10 2
11 118
1 6 2
923 761
1 14 2
44 414
1 10 2
318 156
1 11 2
68 853
1 6 2
98 440
1 6 2
279 860
1 11 2
139 991
1 14 2
511 250
1 8 2
730 53
1 7 2
614 105
1 14 2
737 767
1 9 2
782 827
1 2 2
669 61
1 3 2
219 795
1 15 2
310 652
1 11 2
756 28
1 15 2
183 582
1 10 2
279 937
1 14 2
530 226
1 9 2
410 202
1 6 2
655 384
1 15 2
148 715
1 8 2
568 126
1 8 2
569 765
1 6 2
994 404
1 15 2
656 187
1 9 2
344 531
1 12 2
489 698
1 7 2
456 59
1 14 2
991 365
1 9 2
827 603
1 11 2
365 448
1 4 2
209 815
1 13 2
377 832
1 5 2
912 703
1 2 2
154 119
1 4 2
772 940
1 11 2
36 630
1 14 2
222 361
1 2 2
159 464
1 7 2
831 567
1 9 2
358 482
1 12 2
225 717
1 3 2
908 364
1 8 2
524 794
1 14 2
862 244
1 4 2
515 693
1 5 2
94 125
1 11 2
236 631
1 4 2
466 103
1 13 2
443 176
1 4 2
932 351
1 7 2
122 175
1 5 2
859 319
1 5 2
684 710
1 13 2
417 548
1 7 2
166 468
1 6 2
372 23
1 2 2
46 130
1 12 2
629 152
1 4 2
853 41
1 15 2
963 306
1 9 2
404 554
1 6 2
276 425
1 5 2
242 909
1 10 2
111 848
1 11 2
21 163
1 9 2
294 752
1 11 2
598 668
1 3 2
874 941
1 10 2
228 450
1 12 2
554 416
1 11 2
637 53
1 4 2
194 407
1 8 2
921 218
1 11 2
148 513
1 11 2
499 291
1 3 2
670 111
1 10 2
831 686
1 5 2
815 602
1 13 2
745 71
1 7 2
41 684
1 7 2
664 454
1 11 2
281 253
1 2 2
777 246
1 5 2
581 290
1 4 2
591 651
1 11 2
940 926
1 12 2
403 754
1 12 2
569 247
1 15 2
391 620
1 11 2
779 283
1 7 2
840 54
1 5 2
428 383
1 10 2
675 125
1 10 2
766 660
1 2 2
230 9
1 10 2
888 966
1 5 2
349 871
1 10 2
941 617
1 9 2
886 818
1 6 2
934 248
1 11 2
721 129
1 10 2
937 450
1 11 2
673 874
1 15 2
34 833
1 9 2
764 700
1 2 2
432 153
1 8 2
398 518
1 3 2
701 605
1 12 2
442 890
1 8 2
204 257
1 14 2
247 579
1 15 2
621 988
1 15 2
928 995
1 10 2
600 197
1 3 2
915 476
1 12 2
25 445
1 6 2
815 834
1 2 2
452 970
1 9 2
74 100
1 12 2
911 328
1 2 2
172 220
1 6 2
389 207
1 12 2
523 369
1 11 2
5 424
1 15 2
226 140
1 4 2
488 27
1 9 2
902 82
1 12 2
783 629
1 5 2
45 684
1 8 2
765 398
1 14 2
817 461
1 10 2
570 511
1 15 2
721 317
1 13 2
276 547
1 2 2
378 942
1 10 2
815 886
1 5 2
570 6
1 3 2
271 91
1 13 2
719 355
1 7 2
154 652
1 11 2
130 641
1 6 2
817 468
1 9 2
403 977
1 13 2
524 530
1 13 2
707 951
1 14 2
676 25
1 14 2
281 472
1 4 2
225 996
1 8 2
246 5
1 12 2
172 256
1 8 2
730 608
1 7 2
928 427
1 15 2
682 274
1 15 2
185 85
1 3 2
220 315
1 10 2
92 403
1 13 2
479 345
1 8 2
760 871
1 15 2
287 173
1 15 2
905 200
1 12 2
671 159
1 2 2
382 799
1 8 2
526 639
1 3 2
786 323
1 2 2
532 582
1 7 2
465 395
1 14 2
581 382
1 14 2
650 927
1 13 2
304 675
1 12 2
967 494
1 3 2
163 466
1 13 2
641 627
1 3 2
943 802
1 13 2
58 81
1 10 2
894 66
1 9 2
557 305
1 11 2
387 626
1 10 2
578 119
1 12 2
357 514
1 7 2
429 515
1 7 2
582 450
1 8 2
592 735
1 13 2
188 602
1 3 2
577 252
1 12 2
435 921
1 6 2
191 554
1 10 2
906 988
1 6 2
135 889
1 12 2
550 199
1 3 2
977 433
1 5 2
757 179
1 8 2
680 911
1 6 2
441 279
1 13 2
881 697
1 10 2
692 513
1 4 2
978 144
1 15 2
779 272
1 11 2
252 242
1 4 2
619 414
1 2 2
205 151
1 14 2
921 817
1 11 2
572 81
1 4 2
486 942
1 12 2
321 607
1 7 2
580 842
1 3 2
341 718
1 8 2
784 520
1 15 2
884 987
1 10 2
904 620
1 4 2
579 845
1 11 2
506 252
1 15 2
818 189
1 10 2
579 122
1 2 2
923 512
1 8 2
40 989
1 14 2
812 716
1 12 2
449 376
1 10 2
620 828
1 5 2
720 68
1 14 2
964 302
1 7 2
206 312
1 6 2
129 184
1 12 2
406 602
1 12 2
844 941
1 11 2
809 393
1 11 2
859 301
1 11 2
637 808
1 8 2
908 137
1 9 2
560 360
1 4 2
742 790
1 10 2
366 398
1 9 2
515 5
1 14 2
253 530
1 15 2
946 394
1 12 2
387 303
1 15 2
875 799
1 11 2
110 347
1 6 2
703 946
1 6 2
826 862
1 5 2
180 270
1 7 2
422 921
1 12 2
924 771
1 11 2
698 536
1 9 2
393 217
1 12 2
310 573
1 5 2
557 971
1 3 2
784 734
1 9 2
855 605
1 3 2
152 651
1 8 2
691 246
1 11 2
28 744
1 13 2
98 695
1 5 2
554 758
1 12 2
321 228
1 7 2
404 645
1 3 2
23 648
1 15 2
335 989
1 2 2
170 547
1 12 2
395 563
1 13 2
80 713
1 2 2
447 325
1 13 2
345 290
1 12 2
683 407
1 10 2
284 161
1 4 2
353 781
1 5 2
89 261
1 13 2
610 324
1 7 2
374 398
1 15 2
102 23
1 7 2
196 365
1 9 2
962 133
1 10 2
511 768
1 2 2
153 609
1 11 2
220 156
1 13 2
395 116
1 15 2
466 139
1 15 2
249 937
1 3 2
702 725
1 12 2
532 861
1 6 2
87 550
1 9 2
312 643
1 15 2
823 835
1 13 2
691 716
1 9 2
887 585
1 9 2
541 994
1 13 2
513 816
1 8 2
54 426
1 15 2
280 242
1 8 2
979 21
1 7 2
665 638
1 7 2
319 539
1 13 2
795 91
1 15 2
887 231
1 10 2
667 165
1 14 2
904 519
1 11 2
639 567
1 12 2
642 618
1 7 2
672 942
1 2 2
509 904
1 5 2
610 564
1 8 2
930 386
1 8 2
350 393
1 5 2
251 270
1 9 2
191 21
1 6 2
285 979
1 8 2
33 640
1 11 2
810 356
1 14 2
320 851
1 10 2
144 807
1 9 2
863 496
1 4 2
185 525
1 4 2
483 659
1 2 2
117 344
1 3 2
724 713
1 10 2
385 855
1 12 2
992 110
1 8 2
185 511
1 6 2
651 835
1 13 2
681 559
1 2 2
538 255
1 13 2
980 812
1 7 2
486 49
1 8 2
401 737
1 2 2
123 153
1 5 2
800 358
1 8 2
879 656
1 6 2
251 120
1 14 2
493 142
1 3 2
434 867
1 9 2
76 339
1 9 2
638 387
1 7 2
138 186
1 15 2
461 731
1 3 2
467 999
1 7 2
854 594
1 13 2
990 95
1 5 2
214 388
1 13 2
453 558
1 4 2
540 766
1 13 2
948 197
1 6 2
148 480
1 10 2
392 608
1 11 2
780 385
1 4 2
75 478
1 13 2
723 530
1 6 2
142 430
1 12 2
296 168
1 11 2
514 96
1 7 2
334 964
1 10 2
839 136
1 9 2
70 92
1 8 2
189 981
1 3 2
564 178
1 14 2
692 158
1 7 2
857 719
1 12 2
861 490
1 7 2
91 810
1 6 2
354 19
1 14 2
811 735
1 13 2
813 881
1 9 2
334 740
1 15 2
600 985
1 9 2
265 374
1 3 2
578 786
1 3 2
911 476
1 10 2
128 376
1 3 2
288 435
1 6 2
909 761
1 4 2
931 637
1 5 2
230 688
1 5 2
232 888
1 4 2
513 989
1 14 2
760 959
1 4 2
886 664
1 3 2
196 607
1 5 2
837 522
1 8 2
692 63
1 7 2
19 162
1 8 2
349 648
1 6 2
272 636
1 8 2
731 924
1 15 2
332 201
1 5 2
467 138
1 2 2
177 673
1 14 2
63 114
1 5 2
51 805
1 5 2
474 369
1 3 2
326 109
1 15 2
238 385
1 15 2
61 320
1 7 2
209 13
1 15 2
712 336
1 3 2
303 610
1 8 2
320 451
1 6 2
337 372
1 10 2
603 252
1 8 2
803 436
1 2 2
415 591
1 10 2
82 9
1 10 2
873 838
1 6 2
811 520
1 7 2
917 674
1 12 2
698 902
1 9 2
659 743
1 3 2
145 987
1 5 2
519 70
1 4 2
705 227
1 11 2
709 410
1 15 2
987 986
1 2 2
189 192
1 14 2
240 471
1 10 2
302 514
1 8 2
520 916
1 10 2
726 113
1 4 2
592 429
1 6 2
275 939
1 5 2
393 332
1 5 2
836 694
1 11 2
586 472
1 13 2
795 898
1 4 2
590 911
1 2 2
251 692
1 10 2
467 361
1 8 2
18 634
1 11 2
751 233
1 13 2
575 493
1 13 2
313 394
1 9 2
928 501
1 14 2
35 67
1 4 2
958 675
1 11 2
61 223
1 6 2
691 606
1 12 2
839 590
1 9 2
362 924
1 13 2
969 511
1 2 2
937 250
1 2 2
906 112
1 12 2
422 129
1 2 2
840 144
1 5 2
224 571
1 12 2
145 598
1 15 2
183 424
1 5 2
57 360
1 2 2
938 683
1 15 2
539 641
1 2 2
383 714
1 4 2
573 874
1 10 2
216 354
1 14 2
238 209
1 11 2
871 681
1 6 2
215 569
1 3 2
162 927
1 7 2
377 835
1 14 2
835 26
1 11 2
827 299
1 8 2
941 989
1 2 2
640 873
1 8 2
219 158
1 14 2
448 604
1 11 2
77 477
1 15 2
888 510
1 14 2
245 963
1 10 2
540 981
1 10 2
899 551
1 3 2
346 125
1 5 2
858 689
1 14 2
793 424
1 9 2
142 500
1 12 2
72 143
1 6 2
953 570
1 11 2
800 42
1 10 2
875 330
1 14 2
711 179
1 13 2
495 81
1 15 2
246 79
1 3 2
183 699
1 5 2
411 211
1 7 2
77 857
1 8 2
599 646
1 6 2
911 747
1 12 2
485 243
1 13 2
640 31
1 12 2
340 130
1 7 2
324 526
1 3 2
227 706
1 2 2
159 923
1 3 2
299 580
1 3 2
267 602
1 13 2
972 779
1 7 2
465 187
1 8 2
964 85
1 11 2
580 236
1 5 2
298 14
1 9 2
685 203
1 10 2
889 502
1 10 2
101 286
1 2 2
430 303
1 10 2
298 648
1 9 2
604 780
1 7 2
642 707
1 3 2
235 113
1 5 2
885 827
1 10 2
721 200
1 8 2
307 754
1 3 2
207 798
1 14 2
530 744
1 12 2
37 188
1 8 2
779 485
1 3 2
535 295
1 15 2
124 716
1 6 2
375 543
1 15 2
569 363
1 10 2
731 93
1 15 2
922 294
1 12 2
351 367
1 8 2
315 940
1 5 2
938 55
1 7 2
433 855
1 6 2
437 589
1 10 2
713 795
1 5 2
746 933
1 11 2
644 246
1 6 2
481 137
1 8 2
431 910
1 8 2
990 749
1 3 2
311 495
1 4 2
596 865
1 4 2
94 858
1 4 2
885 427
1 15 2
281 972
1 14 2
97 126
1 4 2
336 929
1 15 2
335 929
1 13 2
293 407
1 8 2
93 844
1 13 2
124 163
1 8 2
788 484
1 9 2
348 379
1 10 2
318 591
1 14 2
730 63
1 12 2
346 888
1 11 2
903 865
1 15 2
503 887
1 3 2
179 353
1 7 2
384 95
1 8 2
257 847
1 7 2
150 637
1 15 2
8 415
1 5 2
258 687
1 11 2
533 318
1 10 2
663 53
1 2 2
68 514
1 2 2
588 26
1 11 2
370 608
1 10 2
141 506
1 10 2
630 261
1 14 2
383 990
1 4 2
292 721
1 8 2
278 80
1 6 2
831 311
1 3 2
771 407
1 12 2
588 711
1 3 2
961 851
1 3 2
9 567
1 5 2
902 466
1 11 2
334 681
1 11 2
544 251
1 5 2
578 881
1 8 2
619 936
1 9 2
667 604
1 9 2
652 759
1 11 2
413 333
1 10 2
747 513
1 3 2
465 302
1 6 2
55 78
1 8 2
717 428
1 9 2
969 457
1 5 2
455 811
1 8 2
463 262
1 10 2
151 672
1 3 2
857 125
1 3 2
379 256
1 15 2
588 294
1 9 2
122 358
1 14 2
706 890
1 14 2
821 365
1 15 2
646 57
1 14 2
473 926
1 7 2
704 62
1 6 2
860 503
1 10 2
490 872
1 5 2
188 834
1 6 2
14 41
1 8 2
60 899
1 12 2
892 306
1 5 2
60 787
1 11 2
66 933
1 3 2
353 445
1 5 2
336 348
1 10 2
301 612
1 12 2
765 772
1 7 2
876 617
1 5 2
583 869
1 10 2
797 940
1 8 2
25 858
1 14 2
975 402
1 15 2
588 672
1 12 2
508 53
1 6 2
92 633
1 9 2
314 838
1 4 2
731 236
1 12 2
814 833
1 12 2
883 660
1 5 2
412 592
1 9 2
846 818
1 2 2
51 657
1 12 2
529 439
1 14 2
160 403
1 15 2
883 829
1 9 2
256 867
1 4 2
926 482
1 14 2
697 738
1 6 2
544 289
1 5 2
930 922
1 12 2
417 225
1 11 2
404 711
1 2 2
117 773
1 2 2
621 734
1 13 2
390 672
1 2 2
378 186
1 11 2
161 589
1 6 2
974 32
1 8 2
2 773
1 14 2
745 638
1 9 2
62 476
1 7 2
364 956
1 12 2
204 845
1 13 2
298 250
1 8 2
34 569
1 15 2
788 466
1 15 2
101 415
1 12 2
846 431
1 10 2
936 139
1 5 2
592 177
1 6 2
994 951
1 11 2
610 285
1 12 2
50 289
1 5 2
694 543
1 10 2
592 115
1 5 2
788 747
1 6 2
972 120
1 12 2
498 431
1 4 2
468 200
1 11 2
123 620
1 3 2
51 989
1 2 2
380 966
1 10 2
620 205
1 8 2
288 265
1 7 2
64 614
1 3 2
83 576
1 5 2
493 908
1 7 2
193 64
1 14 2
995 549
1 3 2
903 899
1 6 2
348 599
1 12 2
961 355
1 3 2
251 936
1 9 2
382 710
1 7 2
373 139
1 3 2
880 66
1 2 2
489 435
1 3 2
743 558
1 9 2
446 480
1 2 2
635 360
1 2 2
300 47
1 10 2
795 654
1 8 2
225 885
1 11 2
815 56
1 8 2
749 40
1 2 2
617 765
1 7 2
661 492
1 10 2
122 41
1 15 2
90 954
1 13 2
149 498
1 13 2
752 24
1 4 2
286 675
1 5 2
844 155
1 10 2
0 524
1 15 2
187 535
1 6 2
580 31
1 8 2
911 521
1 8 2
215 385
1 13 2
184 334
1 11 2
354 61
1 5 2
117 982
1 2 2
604 825
1 11 2
503 521
1 13 2
471 536
1 4 2
501 800
1 10 2
94 554
1 8 2
818 225
1 15 2
389 324
1 7 2
991 413
1 2 2
939 75
1 3 2
575 34
1 8 2
838 807
1 2 2
894 919
1 11 2
16 107
1 5 2
498 88
1 10 2
369 700
1 7 2
749 495
1 5 2
838 592
1 5 2
304 381
1 8 2
488 393
1 11 2
730 253
1 4 2
783 735
1 12 2
415 935
1 13 2
88 842
1 2 2
451 828
1 7 2
196 203
1 14 2
162 641
1 10 2
746 910
1 14 2
353 188
1 11 2
829 276
1 6 2
304 16
1 14 2
736 200
1 14 2
683 132
1 12 2
477 898
1 9 2
121 660
1 14 2
802 760
1 9 2
138 723
1 5 2
406 895
1 13 2
945 817
1 6 2
118 339
1 9 2
801 378
1 5 2
175 144
1 10 2
45 21
1 2 2
35 351
1 2 2
166 145
1 9 2
415 181
1 11 2
858 407
1 3 2
646 61
1 11 2
951 98
1 9 2
519 74
1 2 2
41 459
1 10 2
839 415
1 13 2
970 129
1 8 2
387 100
1 10 2
26 237
1 10 2
905 840
1 9 2
473 32
1 15 2
749 976
1 8 2
390 338
1 9 2
900 403
1 8 2
966 373
1 15 2
354 467
1 15 2
802 535
1 2 2
432 870
1 11 2
579 879
1 6 2
689 889
1 12 2
249 895
1 14 2
367 944
1 6 2
635 49
1 11 2
612 548
1 15 2
304 654
1 8 2
87 706
1 15 2
403 45
1 13 2
526 539
1 12 2
647 193
1 11 2
422 945
1 6 2
748 191
1 7 2
55 466
1 10 2
595 919
1 12 2
867 697
1 12 2
592 503
1 11 2
555 261
1 14 2
756 254
1 4 2
390 797
1 2 2
412 409
1 15 2
431 373
1 9 2
508 73
1 12 2
261 975
1 4 2
383 573
1 7 2
136 766
1 7 2
911 483
1 7 2
126 69
1 9 2
144 943
1 9 2
911 668
1 7 2
497 908
1 12 2
380 733
1 15 2
567 698
1 9 2
97 337
1 12 2
431 329
1 4 2
439 448
1 7 2
426 445
1 10 2
755 317
1 5 2
449 685
1 10 2
274 856
1 6 2
476 15
1 12 2
302 130
1 6 2
643 449
1 6 2
369 412
1 7 2
988 151
1 2 2
970 109
1 10 2
638 184
1 8 2
849 768
1 11 2
170 381
1 8 2
763 519
1 14 2
102 215
1 3 2
472 546
1 12 2
308 21
1 7 2
270 223
1 6 2
226 54
1 5 2
695 730
1 10 2
591 589
1 5 2
784 871
1 15 2
537 755
1 9 2
971 512
1 10 2
994 749
1 13 2
254 460
1 2 2
169 980
1 15 2
794 926
1 4 2
70 610
1 3 2
150 354
1 9 2
465 50
1 8 2
333 889
1 5 2
241 499
1 8 2
660 393
1 8 2
680 521
1 3 2
245 143
1 4 2
369 621
1 5 2
478 566
1 8 2
849 37
1 9 2
851 63
1 6 2
913 517
1 9 2
722 677
1 3 2
964 35
1 13 2
786 376
1 7 2
196 668
1 10 2
502 809
1 11 2
452 933
1 2 2
766 271
1 6 2
535 490
1 13 2
306 643
1 4 2
229 648
1 7 2
402 974
1 14 2
144 694
1 8 2
103 130
1 2 2
617 408
1 14 2
890 425
1 11 2
5 499
1 9 2
72 393
1 12 2
965 137
1 14 2
945 379
1 11 2
317 282
1 11 2
550 232
1 6 2
349 496
1 3 2
251 29
1 7 2
103 448
1 3 2
441 367
1 2 2
11 382
1 2 2
454 856
1 4 2
991 653
1 6 2
431 892
1 7 2
775 651
1 9 2
998 962
1 10 2
806 111
1 4 2
181 887
1 11 2
929 645
1 15 2
112 398
1 14 2
460 524
1 10 2
934 887
1 9 2
245 953
1 4 2
777 261
1 8 2
725 29
1 3 2
458 221
1 15 2
481 833
1 5 2
802 464
1 4 2
873 345
1 7 2
747 658
1 15 2
730 990
1 13 2
539 16
1 2 2
162 173
1 15 2
905 974
1 10 2
936 90
1 8 2
933 684
1 4 2
952 890
1 4 2
542 376
1 12 2
265 643
1 12 2
713 567
1 15 2
39 338
1 11 2
779 213
1 13 2
913 148
1 4 2
147 390
1 2 2
609 18
1 8 2
706 55
1 11 2
774 601
1 9 2
354 415
1 4 2
886 80
1 14 2
960 2
1 3 2
354 32
1 10 2
47 819
1 14 2
557 727
1 5 2
986 137
1 14 2
10 783
1 14 2
402 546
1 8 2
586 482
1 7 2
551 417
1 4 2
25 86
1 14 2
853 896
1 14 2
746 30
1 2 2
496 482
1 9 2
366 295
1 6 2
726 128
1 3 2
457 6
1 15 2
984 0
1 2 2
154 727
1 15 2
88 257
1 6 2
734 760
1 10 2
884 956
1 4 2
756 183
1 7 2
398 737
1 3 2
551 482
1 9 2
203 187
1 11 2
181 442
1 12 2
363 404
1 10 2
16 620
1 3 2
790 614
1 6 2
149 939
1 13 2
542 568
1 13 2
368 708
1 11 2
636 213
1 5 2
693 297
1 14 2
876 512
1 4 2
507 311
1 11 2
123 294
1 13 2
104 405
1 8 2
771 213
1 3 2
121 97
1 3 2
877 849
1 11 2
589 154
1 14 2
806 790
1 4 2
511 538
1 5 2
873 544
1 13 2
670 896
1 11 2
69 236
1 15 2
403 731
1 12 2
619 893
1 6 2
830 708
1 13 2
932 929
1 11 2
879 847
1 3 2
968 578
1 3 2
191 203
1 4 2
580 696
1 5 2
499 845
1 3 2
209 1
1 7 2
514 743
1 15 2
615 829
1 5 2
983 771
1 5 2
373 932
1 14 2
89 17
1 10 2
972 47
1 15 2
265 645
1 13 2
837 226
1 12 2
891 559
1 12 2
302 893
1 14 2
221 468
1 10 2
350 607
1 14 2
986 657
1 13 2
107 568
1 7 2
370 999
1 14 2
5 501
1 4 2
916 730
1 3 2
776 61
1 8 2
426 906
1 14 2
623 928
1 3 2
449 591
1 10 2
805 128
1 10 2
478 855
1 10 2
305 317
1 9 2
340 653
1 4 2
300 480
1 7 2
12 631
1 12 2
66 731
1 8 2
657 592
1 4 2
609 739
1 6 2
910 637
1 2 2
716 616
1 5 2
701 606
1 9 2
206 706
1 11 2
416 584
1 4 2
702 763
1 12 2
233 367
1 14 2
161 173
1 15 2
124 845
1 8 2
860 763
1 13 2
545 688
1 5 2
975 723
1 3 2
336 251
1 4 2
604 448
1 12 2
41 950
1 3 2
211 753
1 12 2
582 853
1 13 2
699 580
1 5 2
319 88
1 15 2
387 395
1 4 2
975 705
1 4 2
450 759
1 12 2
616 8
1 14 2
538 83
1 3 2
389 240
1 9 2
659 278
1 5 2
922 861
1 13 2
920 72
1 8 2
994 79
1 15 2
28 625
1 13 2
283 293
1 3 2
839 368
1 5 2
835 424
1 8 2
538 273
1 6 2
594 564
1 9 2
727 444
1 4 2
973 275
1 12 2
849 650
1 3 2
881 995
1 5 2
740 283
1 2 2
711 996
1 14 2
651 975
1 5 2
976 168
1 4 2
186 999
1 6 2
581 619
1 12 2
183 87
1 12 2
691 583
1 7 2
955 373
1 13 2
204 56
1 5 2
866 790
1 9 2
988 17
1 10 2
294 456
1 3 2
911 641
1 4 2
923 242
1 8 2
971 643
1 10 2
118 169
1 15 2
188 160
1 3 2
677 157
1 7 2
527 748
1 3 2
563 324
1 7 2
722 231
1 13 2
382 97
1 10 2
522 993
1 8 2
738 715
1 2 2
959 664
1 6 2
66 961
1 10 2
602 687
1 7 2
733 990
1 10 2
277 532
1 2 2
197 730
1 10 2
680 941
1 9 2
596 439
1 2 2
943 444
1 10 2
98 427
1 12 2
294 452
1 8 2
503 135
1 15 2
754 564
1 5 2
711 811
1 15 2
37 235
1 7 2
127 798
1 4 2
840 75
1 7 2
437 421
1 5 2
511 116
1 6 2
879 383
1 2 2
742 533
1 3 2
887 579
1 10 2
28 421
1 11 2
377 360
1 15 2
667 68
1 13 2
393 773
1 15 2
442 572
1 10 2
602 578
1 15 2
794 694
1 6 2
31 86
1 4 2
73 770
1 9 2
541 15
1 4 2
403 652
1 15 2
110 379
1 5 2
263 500
1 6 2
53 779
1 7 2
683 25
1 5 2
631 285
1 4 2
354 954
1 8 2
657 562
1 10 2
80 580
1 11 2
360 786
1 10 2
815 37
1 7 2
15 361
1 5 2
56 943
1 7 2
381 630
1 3 2
595 866
1 4 2
300 579
1 9 2
470 570
1 2 2
524 50
1 15 2
867 233
1 13 2
301 183
1 5 2
617 826
1 7 2
13 299
1 15 2
510 296
1 12 2
493 668
1 14 2
750 226
1 5 2
490 793
1 3 2
54 465
1 2 2
879 885
1 12 2
984 388
1 3 2
660 421
1 2 2
789 141
1 12 2
378 547
1 9 2
616 865
1 9 2
477 457
1 12 2
348 655
1 2 2
459 529
1 9 2
139 440
1 10 2
732 726
1 12 2
539 691
1 9 2
213 771
1 7 2
241 34
1 5 2
495 348
1 11 2
750 923
1 5 2
597 667
1 9 2
429 476
1 5 2
733 897
1 2 2
607 648
1 15 2
187 556
1 12 2
661 57
1 2 2
87 131
1 13 2
550 327
1 5 2
131 531
1 9 2
508 368
1 13 2
926 611
1 14 2
767 810
1 6 2
915 861
1 13 2
759 468
1 6 2
198 252
1 7 2
576 774
1 11 2
959 536
1 8 2
27 227
1 14 2
87 423
1 8 2
775 458
1 6 2
147 307
1 7 2
911 777
1 3 2
51 231
1 10 2
37 198
1 4 2
527 202
1 2 2
560 282
1 15 2
840 970
1 6 2
615 110
1 8 2
618 269
1 2 2
744 427
1 13 2
491 216
1 2 2
619 942
1 8 2
347 916
1 7 2
433 220
1 14 2
520 973
1 9 2
132 53
1 13 2
217 814
1 5 2
26 570
1 13 2
452 531
1 4 2
181 975
1 6 2
448 671
1 14 2
203 102
1 15 2
167 928
1 10 2
78 784
1 7 2
22 783
1 3 2
777 584
1 7 2
657 727
1 11 2
779 98
1 8 2
937 335
1 4 2
893 889
1 9 2
564 35
1 13 2
987 518
1 7 2
915 921
1 7 2
943 315
1 14 2
173 990
1 13 2
167 364
1 10 2
395 194
1 10 2
985 565
1 11 2
732 579
1 6 2
88 520
1 7 2
41 51
1 12 2
485 730
1 4 2
820 601
1 11 2
23 726
1 2 2
19 490
1 15 2
881 8
1 14 2
343 955
1 3 2
915 566
1 8 2
6 455
1 13 2
332 346
1 6 2
90 745
1 5 2
406 447
1 4 2
907 320
1 11 2
895 882
1 15 2
498 541
1 15 2
567 300
1 3 2
932 398
1 14 2
166 361
1 12 2
890 70
1 2 2
997 825
1 4 2
20 301
1 8 2
797 345
1 3 2
322 205
1 9 2
295 197
1 3 2
342 311
1 10 2
510 863
1 4 2
262 953
1 6 2
751 486
1 7 2
194 784
1 5 2
252 299
1 11 2
226 330
1 12 2
665 793
1 4 2
314 951
1 2 2
597 852
1 8 2
256 163
1 11 2
16 512
1 11 2
686 371
1 9 2
722 995
1 9 2
451 205
1 6 2
328 986
1 5 2
548 75
1 6 2
693 25
1 7 2
988 974
1 2 2
159 180
1 13 2
825 134
1 6 2
636 654
1 10 2
139 526
1 7 2
787 802
1 6 2
517 809
1 4 2
378 900
1 10 2
671 585
1 11 2
528 566
1 14 2
652 608
1 13 2
482 530
1 4 2
378 849
1 6 2
392 870
1 2 2
303 67
1 12 2
916 444
1 8 2
116 68
1 3 2
221 677
1 9 2
378 696
1 14 2
861 171
1 3 2
613 235
1 14 2
842 378
1 10 2
626 889
1 3 2
711 970
1 12 2
973 366
1 11 2
643 901
1 12 2
818 984
1 2 2
815 126
1 15 2
312 587
1 12 2
329 335
1 14 2
256 889
1 14 2
571 853
1 12 2
714 967
1 2 2
579 417
1 4 2
36 175
1 15 2
227 179
1 4 2
535 76
1 11 2
689 861
1 9 2
206 620
1 2 2
648 665
1 10 2
289 242
1 11 2
108 884
1 7 2
479 924
1 12 2
47 892
1 6 2
151 357
1 12 2
262 375
1 14 2
134 901
1 14 2
800 293
1 8 2
167 15
1 10 2
690 679
1 6 2
562 267
1 5 2
231 588
1 2 2
17 942
1 15 2
238 141
1 15 2
453 514
1 2 2
679 79
1 13 2
970 98
1 8 2
774 875
1 4 2
762 66
1 10 2
417 292
1 7 2
48 228
1 7 2
543 881
1 6 2
126 414
1 7 2
288 900
1 11 2
825 467
1 10 2
658 97
1 5 2
961 773
1 12 2
396 704
1 2 2
918 866
1 13 2
471 602
1 5 2
138 222
1 15 2
236 216
1 14 2
511 819
1 11 2
250 985
1 5 2
393 573
1 8 2
525 678
1 15 2
851 92
1 13 2
238 775
1 4 2
425 475
1 14 2
674 233
1 5 2
249 938
1 11 2
840 606
1 9 2
0 194
1 2 2
472 538
1 7 2
406 170
1 3 2
501 325
1 5 2
982 197
1 15 2
686 72
1 11 2
168 925
1 14 2
28 235
1 11 2
713 665
1 7 2
865 215
1 13 2
355 497
1 8 2
612 153
1 2 2
282 901
1 7 2
237 703
1 10 2
840 236
1 7 2
647 120
1 3 2
754 251
1 12 2
717 170
1 4 2
755 865
1 11 2
216 482
1 11 2
419 385
1 11 2
776 203
1 4 2
830 778
1 9 2
8 433
1 15 2
580 561
1 3 2
956 718
1 10 2
706 194
1 11 2
354 365
1 8 2
869 42
1 13 2
630 70
1 13 2
489 695
1 13 2
313 256
1 10 2
973 843
1 6 2
206 512
1 2 2
18 504
1 6 2
217 481
1 10 2
480 660
1 14 2
901 221
1 2 2
814 55
1 8 2
153 929
1 9 2
68 421
1 15 2
645 782
1 14 2
118 324
1 9 2
718 279
1 10 2
862 636
1 12 2
311 411
1 3 2
843 280
1 8 2
730 318
1 12 2
212 354
1 15 2
350 524
1 13 2
210 877
1 7 2
201 278
1 13 2
918 618
1 7 2
918 16
1 13 2
402 899
1 7 2
395 560
1 10 2
102 549
1 7 2
359 108
1 2 2
2 898
1 14 2
851 951
1 14 2
519 159
1 10 2
181 901
1 14 2
111 861
1 8 2
197 43
1 7 2
751 50
1 9 2
493 161
1 12 2
42 208
1 13 2
71 2
1 12 2
816 631
1 7 2
433 100
1 11 2
511 557
1 7 2
46 1
1 2 2
98 825
1 14 2
736 966
1 7 2
877 74
1 11 2
189 693
1 2 2
333 517
1 6 2
937 934
1 7 2
253 414
1 12 2
320 240
1 10 2
995 698
1 5 2
317 752
1 15 2
946 153
1 14 2
871 878
1 11 2
820 173
1 3 2
934 676
1 13 2
357 160
1 14 2
361 483
1 12 2
297 952
1 5 2
6 860
1 5 2
273 288
1 13 2
143 374
1 5 2
867 687
1 13 2
654 605
1 2 2
436 898
1 3 2
137 826
1 4 2
650 464
1 12 2
879 106
1 13 2
929 956
1 8 2
652 995
1 2 2
395 628
1 5 2
10 349
1 8 2
109 321
1 6 2
339 916
1 9 2
248 201
1 3 2
462 997
1 6 2
852 663
1 11 2
637 723
1 15 2
961 691
1 4 2
231 365
1 3 2
827 500
1 5 2
351 175
1 5 2
740 245
1 9 2
468 795
1 9 2
380 11
1 11 2
393 312
1 6 2
297 96
1 6 2
135 168
1 13 2
410 81
1 12 2
404 465
1 3 2
399 981
1 4 2
936 464
1 5 2
114 866
1 6 2
179 641
1 4 2
606 108
1 15 2
123 764
1 3 2
945 809
1 7 2
199 841
1 9 2
402 796
1 8 2
711 31
1 4 2
440 402
1 11 2
843 214
1 6 2
728 733
1 12 2
759 264
1 15 2
641 434
1 12 2
16 501
1 11 2
709 56
1 10 2
649 933
1 3 2
167 815
1 2 2
124 242
1 4 2
499 424
1 2 2
144 512
1 4 2
72 312
1 11 2
475 992
1 12 2
165 764
1 14 2
474 306
1 3 2
623 763
1 7 2
859 774
1 12 2
138 824
1 12 2
595 39
1 4 2
369 106
1 8 2
518 22
1 5 2
121 673
1 9 2
544 696
1 4 2
804 513
1 8 2
854 590
1 7 2
510 419
1 10 2
325 174
1 10 2
988 23
1 7 2
180 34
1 9 2
351 572
1 5 2
142 622
1 5 2
239 322
1 8 2
653 27
1 13 2
711 102
1 6 2
824 258
1 14 2
605 53
1 15 2
481 766
1 10 2
60 563
1 15 2
597 977
1 4 2
241 239
1 7 2
807 94
1 14 2
556 275
1 10 2
548 264
1 10 2
814 816
1 12 2
700 339
1 5 2
476 403
1 4 2
677 684
1 13 2
463 919
1 11 2
951 651
1 15 2
538 651
1 12 2
431 236
1 5 2
929 614
1 5 2
193 224
1 6 2
341 164
1 6 2
290 561
1 5 2
175 511
1 6 2
424 50
1 2 2
406 648
1 7 2
328 180
1 7 2
44 107
1 14 2
191 866
1 9 2
993 968
1 4 2
528 992
1 5 2
59 486
1 9 2
791 888
1 11 2
200 174
1 5 2
59 216
1 7 2
146 413
1 11 2
514 270
1 9 2
741 235
1 9 2
160 96
1 14 2
512 75
1 13 2
404 250
1 4 2
501 549
1 11 2
456 976
1 10 2
809 160
1 10 2
371 783
1 6 2
655 396
1 6 2
168 532
1 7 2
175 531
1 2 2
389 62
1 6 2
30 631
1 10 2
773 52
1 14 2
872 721
1 9 2
351 438
1 12 2
818 102
1 3 2
381 706
1 11 2
972 471
1 8 2
982 73
1 2 2
191 507
1 8 2
814 542
1 10 2
274 339
1 8 2
579 66
1 13 2
142 478
1 10 2
772 737
1 10 2
641 683
1 4 2
65 252
1 12 2
425 143
1 6 2
622 795
1 9 2
658 189
1 15 2
670 51
1 7 2
904 563
1 14 2
134 62
1 3 2
71 921
1 12 2
687 843
1 4 2
836 933
1 7 2
282 520
1 9 2
371 167
1 6 2
855 824
1 15 2
822 946
1 6 2
132 189
1 7 2
518 33
1 3 2
372 632
1 15 2
500 11
1 13 2
778 795
1 15 2
796 386
1 11 2
945 461
1 14 2
639 318
1 14 2
662 840
1 2 2
114 339
1 14 2
190 34
1 11 2
126 20
1 12 2
33 940
1 2 2
370 200
1 9 2
549 574
1 6 2
907 756
1 13 2
838 141
1 14 2
641 795
1 4 2
533 918
1 11 2
184 437
1 8 2
452 692
1 4 2
811 643
1 15 2
120 413
1 7 2
451 875
1 14 2
131 166
1 7 2
796 551
1 5 2
541 409
1 6 2
141 8
1 13 2
521 789
1 10 2
411 903
1 4 2
543 930
1 11 2
591 330
1 5 2
170 273
1 13 2
488 646
1 10 2
910 424
1 5 2
870 953
1 3 2
731 909
1 6 2
107 205
1 15 2
797 788
1 11 2
947 598
1 15 2
134 343
1 9 2
717 120
1 4 2
190 401
1 15 2
510 514
1 3 2
449 730
1 13 2
230 660
1 13 2
127 880
1 10 2
367 772
1 10 2
697 731
1 2 2
638 313
1 9 2
948 785
1 3 2
738 338
1 3 2
708 221
1 14 2
63 537
1 4 2
506 613
1 15 2
211 756
1 11 2
573 829
1 7 2
628 202
1 4 2
298 317
1 5 2
629 421
1 12 2
254 996
1 9 2
779 89
1 14 2
638 984
1 7 2
375 488
1 12 2
692 452
1 10 2
119 449
1 6 2
599 4
1 11 2
24 782
1 4 2
106 602
1 12 2
922 568
1 8 2
649 750
1 13 2
421 441
1 15 2
153 498
1 11 2
751 430
1 7 2
444 510
1 2 2
741 917
1 2 2
192 126
1 6 2
23 905
1 6 2
470 3
1 12 2
386 228
1 9 2
665 313
1 6 2
595 961
1 13 2
682 591
1 4 2
544 732
1 5 2
356 779
1 10 2
797 94
1 9 2
428 115
1 12 2
380 736
1 10 2
766 847
1 4 2
487 308
1 9 2
979 67
1 3 2
534 338
1 9 2
878 867
1 12 2
294 904
1 12 2
400 798
1 11 2
422 345
1 10 2
138 638
1 5 2
977 623
1 14 2
893 666
1 2 2
682 913
1 10 2
127 750
1 2 2
487 911
1 8 2
147 425
1 12 2
175 170
1 14 2
276 40
1 15 2
844 969
1 4 2
692 518
1 8 2
365 443
1 10 2
281 170
1 9 2
618 741
1 10 2
836 853
1 5 2
706 548
1 14 2
163 896
1 13 2
780 528
1 2 2
254 871
1 13 2
905 491
1 8 2
407 770
1 5 2
86 358
1 9 2
906 293
1 6 2
151 684
1 12 2
924 804
1 8 2
11 906
1 7 2
990 151
1 10 2
411 274
1 11 2
440 480
1 14 2
333 666
1 9 2
350 203
1 9 2
141 842
1 9 2
743 51
1 10 2
879 249
1 14 2
620 219
1 13 2
205 995
1 14 2
904 887
1 14 2
420 30
1 4 2
518 283
1 10 2
502 649
1 4 2
848 874
1 9 2
279 368
1 9 2
72 337
1 14 2
358 925
1 11 2
617 203
1 10 2
853 541
1 15 2
659 41
1 7 2
848 854
1 5 2
15 397
1 12 2
795 204
1 13 2
286 770
1 13 2
649 792
1 2 2
39 981
1 2 2
837 337
1 9 2
871 312
1 7 2
981 272
1 4 2
210 164
1 3 2
711 388
1 10 2
739 572
1 11 2
532 572
1 11 2
416 501
1 14 2
237 207
1 7 2
50 232
1 5 2
529 398
1 8 2
400 225
1 5 2
131 681
1 8 2
975 122
1 6 2
682 391
1 7 2
191 432
1 8 2
457 476
1 12 2
425 72
1 7 2
244 885
1 3 2
261 396
1 3 2
627 139
1 3 2
542 895
1 8 2
344 435
1 2 2
820 748
1 15 2
929 12
1 4 2
509 100
1 6 2
140 939
1 13 2
355 433
1 4 2
258 824
1 7 2
243 315
1 4 2
222 510
1 15 2
135 115
1 14 2
594 55
1 4 2
613 377
1 13 2
599 640
1 7 2
261 681
1 11 2
82 950
1 13 2
482 573
1 12 2
344 271
1 12 2
709 750
1 14 2
66 354
1 5 2
181 755
1 13 2
576 195
1 11 2
324 597
1 15 2
513 402
1 8 2
25 1
1 6 2
91 866
1 9 2
125 295
1 10 2
680 782
1 11 2
936 106
1 5 2
617 129
1 7 2
585 612
1 4 2
68 44
1 2 2
25 248
1 15 2
445 776
1 10 2
11 327
1 5 2
636 425
1 15 2
915 150
1 11 2
386 160
1 13 2
828 198
1 9 2
540 632
1 9 2
467 275
1 11 2
192 550
1 14 2
881 723
1 8 2
307 963
1 11 2
730 584
1 6 2
25 232
1 14 2
539 958
1 3 2
395 819
1 15 2
329 611
1 15 2
525 140
1 14 2
853 448
1 4 2
984 594
1 6 2
99 661
1 7 2
752 101
1 9 2
774 530
1 9 2
75 999
1 7 2
179 676
1 5 2
859 476
1 2 2
672 283
1 11 2
348 448
1 8 2
579 780
1 13 2
611 752
1 3 2
970 298
1 11 2
606 976
1 11 2
289 488
1 3 2
64 46
1 9 2
35 928
1 11 2
611 98
1 10 2
247 113
1 9 2
965 699
1 2 2
484 467
1 12 2
425 701
1 9 2
993 240
1 8 2
324 878
1 6 2
719 649
1 3 2
299 6
1 14 2
784 173
1 14 2
493 575
1 15 2
705 196
1 6 2
584 443
1 4 2
68 17
1 13 2
85 532
1 10 2
586 53
1 15 2
363 866
1 11 2
310 965
1 14 2
164 7
1 12 2
66 269
1 3 2
18 641
1 9 2
325 683
1 12 2
183 814
1 6 2
960 63
1 10 2
807 892
1 10 2
412 351
1 13 2
195 728
1 2 2
402 438
1 7 2
703 60
1 14 2
22 482
1 14 2
898 694
1 2 2
475 608
1 14 2
4 447
1 12 2
430 907
1 12 2
463 693
1 10 2
552 976
1 2 2
972 183
1 7 2
523 148
1 8 2
760 179
1 5 2
49 353
1 9 2
197 229
1 3 2
894 759
1 7 2
606 978
1 14 2
546 923
1 15 2
689 930
1 9 2
588 430
1 4 2
720 564
1 8 2
36 835
1 5 2
941 677
1 5 2
784 970
1 10 2
979 503
1 8 2
383 126
1 9 2
775 321
1 15 2
768 364
1 4 2
717 865
1 12 2
406 513
1 9 2
379 742
1 2 2
436 464
1 7 2
804 68
1 7 2
93 685
1 5 2
323 374
1 10 2
128 566
1 4 2
452 136
1 5 2
519 130
1 15 2
521 493
1 7 2
50 444
1 2 2
98 823
1 10 2
82 178
1 7 2
704 475
1 12 2
453 867
1 15 2
986 794
1 3 2
615 992
1 15 2
706 832
1 7 2
783 272
1 6 2
640 387
1 12 2
59 616
1 7 2
648 286
1 12 2
588 681
1 9 2
361 539
1 2 2
108 132
1 3 2
494 931
1 11 2
240 840
1 14 2
425 158
1 9 2
179 103
1 6 2
556 641
1 12 2
464 977
1 10 2
404 23
1 4 2
895 124
1 5 2
764 384
1 12 2
543 361
1 8 2
905 129
1 8 2
361 68
1 13 2
401 143
1 13 2
221 301
1 4 2
480 522
1 10 2
961 180
1 10 2
347 473
1 12 2
115 704
1 6 2
475 696
1 4 2
906 780
1 15 2
963 689
1 7 2
953 191
1 10 2
56 99
1 8 2
642 509
1 12 2
653 569
1 8 2
884 308
1 2 2
186 372
1 4 2
432 328
1 8 2
871 832
1 14 2
814 881
1 2 2
151 559
1 13 2
271 496
1 12 2
575 523
1 4 2
697 174
1 11 2
450 479
1 5 2
510 317
1 13 2
965 914
1 14 2
774 685
1 9 2
451 837
1 8 2
254 912
1 8 2
295 634
1 14 2
262 249
1 9 2
495 347
1 2 2
47 625
1 15 2
589 748
1 2 2
306 67
1 13 2
326 72
1 15 2
612 506
1 5 2
439 483
1 7 2
83 521
1 9 2
256 477
1 3 2
149 643
1 14 2
785 309
1 3 2
595 743
1 5 2
945 49
1 2 2
501 784
1 10 2
653 576
1 8 2
58 863
1 9 2
998 568
1 4 2
319 82
1 3 2
332 590
1 3 2
198 996
1 12 2
921 464
1 6 2
826 877
1 8 2
898 469
1 8 2
658 404
1 11 2
384 680
1 15 2
229 78
1 7 2
182 13
1 6 2
507 968
1 12 2
977 471
1 7 2
256 432
1 13 2
450 813
1 10 2
934 244
1 4 2
592 736
1 10 2
635 342
1 6 2
120 80
1 7 2
91 625
1 5 2
619 65
1 10 2
23 688
1 11 2
724 836
1 6 2
737 120
1 3 2
363 730
1 5 2
152 785
1 9 2
564 409
1 7 2
154 13
1 12 2
717 308
1 7 2
63 952
1 7 2
479 897
1 6 2
655 595
1 10 2
703 162
1 3 2
459 170
1 15 2
59 418
1 4 2
564 111
1 3 2
599 606
1 6 2
196 343
1 4 2
305 654
1 9 2
273 362
1 2 2
619 828
1 4 2
79 777
1 5 2
750 307
1 5 2
491 847
1 6 2
99 111
1 14 2
939 440
1 15 2
402 642
1 13 2
291 132
1 15 2
68 555
1 12 2
903 833
1 5 2
988 109
1 13 2
628 357
1 3 2
749 610
1 14 2
149 668
1 4 2
170 540
1 15 2
737 452
1 8 2
993 427
1 4 2
899 381
1 7 2
293 112
1 7 2
899 743
1 4 2
23 449
1 5 2
549 291
1 4 2
915 513
1 7 2
210 488
1 14 2
398 842
1 7 2
91 664
1 9 2
129 326
1 15 2
915 872
1 10 2
13 172
1 5 2
885 277
1 7 2
410 874
1 13 2
486 581
1 2 2
325 182
1 8 2
759 16
1 15 2
86 856
1 13 2
986 6
1 4 2
180 457
1 2 2
844 697
1 8 2
614 734
1 10 2
718 860
1 10 2
393 388
1 11 2
176 742
1 3 2
737 934
1 11 2
867 802
1 12 2
336 967
1 6 2
655 377
1 3 2
169 264
1 4 2
658 309
1 6 2
41 361
1 3 2
106 908
1 6 2
59 264
1 12 2
762 238
1 13 2
933 644
1 9 2
11 227
1 11 2
29 834
1 2 2
263 229
1 13 2
515 677
1 12 2
774 753
1 7 2
362 116
1 2 2
270 814
1 4 2
350 810
1 4 2
642 224
1 2 2
890 571
1 7 2
137 189
1 10 2
363 300
1 14 2
512 576
1 13 2
747 577
1 7 2
760 642
1 5 2
756 217
1 9 2
650 247
1 15 2
817 967
1 8 2
34 954
1 14 2
625 66
1 10 2
587 557
1 3 2
4 726
1 4 2
559 231
1 9 2
179 782
1 15 2
654 487
1 13 2
121 291
1 7 2
258 822
1 9 2
298 67
1 11 2
707 247
1 11 2
420 955
1 3 2
13 228
1 12 2
344 283
1 12 2
925 437
1 11 2
288 232
1 4 2
58 777
1 2 2
561 563
1 10 2
22 586
1 6 2
86 596
1 7 2
721 765
1 5 2
644 605
1 6 2
384 728
1 10 2
581 72
1 15 2
440 522
1 6 2
409 641
1 14 2
324 760
1 8 2
897 403
1 9 2
487 521
1 3 2
982 36
1 4 2
337 92
1 7 2
666 215
1 7 2
388 977
1 13 2
100 817
1 10 2
254 319
1 11 2
351 150
1 4 2
355 702
1 6 2
111 711
1 5 2
277 881
1 4 2
724 910
1 11 2
136 78
1 3 2
998 105
1 15 2
899 548
1 2 2
653 750
1 12 2
852 959
1 11 2
165 952
1 14 2
357 842
1 7 2
455 927
1 9 2
757 126
1 10 2
94 113
1 10 2
985 990
1 8 2
559 195
1 4 2
673 600
1 2 2
698 772
1 8 2
543 700
1 10 2
216 33
1 15 2
747 731
1 13 2
918 804
1 6 2
554 480
1 15 2
694 177
1 11 2
531 725
1 7 2
499 624
1 11 2
315 382
1 5 2
244 422
1 11 2
453 584
1 10 2
251 782
1 10 2
46 334
1 2 2
941 198
1 10 2
528 797
1 7 2
409 432
1 4 2
868 354
1 6 2
901 507
1 3 2
288 168
1 2 2
774 644
1 2 2
381 305
1 8 2
389 468
1 12 2
347 555
1 14 2
849 23
1 2 2
629 138
1 3 2
397 554
1 13 2
949 858
1 2 2
521 506
1 4 2
379 610
1 11 2
845 851
1 8 2
315 255
1 15 2
298 359
1 9 2
7 709
1 15 2
634 352
1 9 2
367 811
1 10 2
873 519
1 12 2
952 489
1 12 2
851 300
1 13 2
666 628
1 12 2
982 101
1 10 2
61 468
1 2 2
299 948
1 14 2
249 508
1 10 2
280 249
1 14 2
638 356
1 11 2
888 669
1 3 2
608 241
1 14 2
542 474
1 11 2
763 612
1 15 2
954 15
1 9 2
808 999
1 3 2
981 259
1 5 2
701 806
1 15 2
293 87
1 15 2
637 156
1 12 2
898 943
1 15 2
653 191
1 11 2
316 426
1 6 2
629 263
1 2 2
329 585
1 4 2
290 698
1 7 2
212 25
1 15 2
886 746
1 3 2
140 281
1 5 2
648 75
1 3 2
339 264
1 15 2
171 872
1 6 2
352 294
1 6 2
740 475
1 12 2
306 429
1 6 2
657 721
1 11 2
475 341
1 11 2
954 792
1 10 2
176 754
1 6 2
126 663
1 7 2
634 593
1 14 2
183 465
1 11 2
378 2
1 6 2
702 728
1 4 2
438 620
1 7 2
937 280
1 6 2
843 640
1 11 2
389 262
1 3 2
292 966
1 14 2
950 189
1 12 2
625 151
1 3 2
526 329
1 9 2
606 386
1 2 2
144 760
1 10 2
297 688
1 8 2
948 947
1 5 2
308 920
1 10 2
225 612
1 11 2
912 431
1 15 2
498 601
1 12 2
319 872
1 15 2
902 545
1 13 2
491 671
1 12 2
716 554
1 9 2
439 409
1 6 2
782 751
1 11 2
586 545
1 13 2
509 550
1 7 2
391 707
1 2 2
287 449
1 3 2
108 77
1 13 2
917 23
1 15 2
829 545
1 13 2
325 303
1 3 2
840 885
1 2 2
841 177
1 5 2
149 397
1 3 2
156 644
1 12 2
997 597
1 10 2
14 635
1 8 2
653 692
1 6 2
969 859
1 12 2
403 821
1 2 2
949 766
1 7 2
663 413
1 7 2
911 987
1 4 2
34 2
1 14 2
168 558
1 3 2
643 561
1 9 2
27 167
1 9 2
270 770
1 3 2
741 328
1 9 2
500 415
1 9 2
745 778
1 12 2
654 771
1 3 2
169 548
1 6 2
156 301
1 9 2
290 637
1 12 2
491 566
1 9 2
142 941
1 12 2
574 361
1 2 2
967 472
1 3 2
706 715
1 3 2
886 465
1 6 2
872 322
1 15 2
623 68
1 7 2
55 975
1 4 2
149 580
1 13 2
365 62
1 6 2
589 395
1 10 2
900 334
1 15 2
504 560
1 5 2
213 916
1 12 2
441 892
1 11 2
870 718
1 8 2
214 836
1 9 2
847 723
1 10 2
995 941
1 14 2
481 882
1 6 2
862 30
1 7 2
806 413
1 2 2
394 220
1 7 2
272 907
1 14 2
296 437
1 13 2
497 255
1 3 2
593 559
1 10 2
849 74
1 8 2
466 499
1 11 2
30 403
1 14 2
549 527
1 15 2
815 829
1 7 2
646 902
1 3 2
80 449
1 14 2
563 860
1 15 2
474 39
1 8 2
420 119
1 14 2
501 933
1 13 2
187 821
1 15 2
3 993
1 4 2
472 784
1 6 2
858 718
1 14 2
60 773
1 15 2
113 610
1 9 2
54 958
1 3 2
604 745
1 3 2
986 434
1 3 2
372 514
1 10 2
776 271
1 10 2
519 475
1 3 2
46 583
1 13 2
683 529
1 4 2
859 710
1 10 2
194 907
1 13 2
176 23
1 14 2
234 797
1 5 2
312 119
1 7 2
529 924
1 6 2
354 723
1 7 2
912 58
1 12 2
136 916
1 8 2
254 342
1 5 2
651 838
1 14 2
531 609
1 8 2
166 983
1 8 2
220 119
1 6 2
293 939
1 6 2
997 732
1 5 2
592 7
1 9 2
952 260
1 13 2
907 312
1 9 2
608 894
1 4 2
205 338
1 2 2
340 944
1 11 2
479 376
1 6 2
306 596
1 9 2
535 47
1 2 2
370 955
1 8 2
204 278
1 6 2
801 997
1 2 2
572 726
1 8 2
500 428
1 7 2
592 964
1 14 2
26 297
1 9 2
600 587
1 10 2
856 95
1 12 2
610 21
1 9 2
48 330
1 13 2
65 343
1 7 2
660 575
1 14 2
524 165
1 5 2
431 800
1 8 2
126 33
1 7 2
633 703
1 13 2
44 727
1 5 2
792 118
1 11 2
811 928
1 4 2
535 994
1 7 2
143 855
1 2 2
84 908
1 11 2
76 457
1 14 2
732 481
1 9 2
686 593
1 6 2
189 424
1 10 2
799 850
1 14 2
296 596
1 7 2
794 307
1 5 2
871 695
1 7 2
345 121
1 8 2
969 966
1 4 2
840 103
1 11 2
328 967
1 8 2
402 526
1 11 2
0 540
1 10 2
169 899
1 5 2
175 474
1 11 2
253 671
1 8 2
147 507
1 7 2
961 237
1 4 2
872 410
1 12 2
770 420
1 9 2
388 181
1 13 2
357 169
1 12 2
184 806
1 12 2
882 90
1 7 2
146 28
1 3 2
391 71
1 8 2
896 624
1 14 2
520 128
1 13 2
422 666
1 10 2
653 662
1 11 2
855 948
1 7 2
448 233
1 7 2
945 500
1 15 2
610 862
1 8 2
983 719
1 2 2
697 338
1 12 2
43 203
1 10 2
827 791
1 9 2
39 415
1 5 2
954 590
1 13 2
49 807
1 11 2
557 857
1 3 2
764 877
1 3 2
940 559
1 14 2
648 211
1 8 2
975 103
1 13 2
255 764
1 14 2
923 936
1 14 2
243 911
1 13 2
519 220
1 13 2
468 113
1 4 2
562 475
1 15 2
237 767
1 6 2
222 868
1 15 2
496 277
1 7 2
24 196
1 11 2
382 535
1 7 2
622 130
1 15 2
618 248
1 2 2
56 434
1 15 2
322 505
1 6 2
603 660
1 15 2
953 593
1 5 2
876 914
1 11 2
529 40
1 14 2
66 349
1 4 2
247 155
1 6 2
937 767
1 3 2
644 842
1 7 2
574 363
1 9 2
486 779
1 2 2
718 220
1 10 2
261 893
1 8 2
249 290
1 7 2
702 645
1 14 2
236 109
1 11 2
285 312
1 6 2
886 234
1 9 2
225 403
1 10 2
639 81
1 5 2
145 295
1 4 2
80 881
1 8 2
251 48
1 3 2
333 940
1 15 2
65 802
1 11 2
916 517
1 4 2
771 991
1 11 2
740 864
1 4 2
251 839
1 15 2
515 933
1 2 2
442 985
1 15 2
185 212
1 2 2
664 86
1 13 2
571 626
1 10 2
878 693
1 9 2
307 13
1 14 2
764 169
1 14 2
103 491
1 2 2
319 397
1 6 2
923 693
1 9 2
218 242
1 8 2
128 857
1 9 2
531 556
1 12 2
41 359
1 7 2
199 446
1 6 2
590 931
1 7 2
355 717
1 6 2
233 483
1 11 2
387 179
1 13 2
829 801
1 14 2
989 0
1 2 2
550 668
1 12 2
97 496
1 3 2
549 731
1 10 2
71 317
1 4 2
730 124
1 3 2
217 619
1 13 2
494 226
1 10 2
725 969
1 2 2
238 796
1 5 2
427 255
1 10 2
346 631
1 12 2
83 315
1 14 2
785 142
1 15 2
992 445
1 2 2
787 904
1 12 2
110 422
1 3 2
478 199
1 4 2
951 387
1 4 2
645 830
1 8 2
723 657
1 5 2
819 43
1 13 2
48 188
1 12 2
320 211
1 14 2
947 16
1 2 2
230 514
1 15 2
132 961
1 12 2
245 735
1 6 2
72 232
1 6 2
495 627
1 13 2
841 412
1 5 2
56 111
1 14 2
175 120
1 3 2
257 10
1 8 2
425 350
1 12 2
737 395
1 9 2
534 533
1 2 2
991 738
1 11 2
376 478
1 5 2
428 231
1 3 2
718 596
1 15 2
963 676
1 11 2
292 880
1 11 2
271 655
1 7 2
846 426
1 5 2
242 889
1 13 2
186 330
1 4 2
564 738
1 7 2
337 698
1 2 2
150 265
1 2 2
182 792
1 8 2
819 968
1 7 2
20 13
1 10 2
131 877
1 13 2
142 576
1 12 2
337 37
1 9 2
918 982
1 3 2
281 923
1 7 2
699 616
1 14 2
376 307
1 13 2
715 544
1 5 2
435 918
1 4 2
872 667
1 8 2
535 835
1 11 2
273 669
1 5 2
376 183
1 12 2
170 258
1 12 2
423 839
1 10 2
648 241
1 2 2
251 693
1 2 2
135 103
1 12 2
307 291
1 9 2
928 68
1 7 2
237 150
1 14 2
237 845
1 6 2
889 74
1 15 2
686 361
1 9 2
848 841
1 8 2
192 622
1 13 2
710 818
1 6 2
120 535
1 8 2
871 605
1 10 2
362 27
1 3 2
661 161
1 8 2
115 186
1 14 2
844 75
1 5 2
698 740
1 3 2
597 521
1 13 2
880 445
1 5 2
148 900
1 12 2
803 813
1 12 2
265 504
1 9 2
886 815
1 15 2
312 5
1 5 2
756 113
1 7 2
714 470
1 10 2
806 98
1 14 2
626 835
1 6 2
853 219
1 14 2
226 625
1 12 2
895 748
1 8 2
491 951
1 9 2
860 897
1 13 2
486 847
1 2 2
989 451
1 8 2
211 0
1 11 2
342 605
1 14 2
724 588
1 5 2
479 654
1 3 2
353 873
1 9 2
542 946
1 12 2
952 545
1 13 2
705 28
1 8 2
164 998
1 5 2
799 639
1 3 2
680 864
1 5 2
365 757
1 6 2
494 581
1 6 2
431 806
1 13 2
89 423
1 11 2
513 748
1 5 2
140 617
1 6 2
442 689
1 8 2
472 630
1 15 2
924 378
1 14 2
321 532
1 2 2
376 778
1 11 2
195 930
1 13 2
707 386
1 4 2
24 584
1 10 2
60 355
1 7 2
762 295
1 6 2
938 49
1 8 2
428 937
1 6 2
774 661
1 13 2
888 684
1 10 2
420 760
1 14 2
153 961
1 8 2
965 122
1 4 2
920 399
1 7 2
735 493
1 2 2
658 353
1 13 2
30 330
1 8 2
315 855
1 8 2
638 604
1 8 2
367 241
1 15 2
268 160
1 14 2
775 356
1 12 2
385 203
1 2 2
848 608
1 6 2
869 316
1 14 2
24 907
1 6 2
889 733
1 15 2
328 171
1 6 2
111 432
1 7 2
835 23
1 2 2
820 712
1 3 2
710 292
1 13 2
839 59
1 15 2
467 859
1 15 2
526 621
1 9 2
377 777
1 12 2
347 46
1 3 2
619 317
1 8 2
958 224
1 14 2
832 636
1 3 2
449 534
1 5 2
338 738
1 7 2
788 201
1 9 2
552 798
1 4 2
596 648
1 6 2
295 994
1 9 2
598 12
1 6 2
123 923
1 11 2
247 540
1 4 2
137 944
1 9 2
818 0
1 4 2
802 878
1 14 2
49 747
1 8 2
708 128
1 2 2
164 928
1 7 2
350 903
1 2 2
362 614
1 9 2
512 578
1 2 2
226 712
1 13 2
597 198
1 14 2
944 927
1 2 2
325 127
1 12 2
539 965
1 6 2
621 775
1 3 2
439 376
1 8 2
94 503
1 5 2
173 440
1 13 2
642 696
1 4 2
642 880
1 3 2
854 980
1 6 2
826 428
1 9 2
881 404
1 14 2
811 421
1 13 2
272 314
1 7 2
146 177
1 3 2
637 851
1 4 2
804 71
1 9 2
927 360
1 4 2
548 419
1 14 2
198 301
1 14 2
492 394
1 5 2
325 304
1 3 2
169 905
1 9 2
839 262
1 13 2
403 592
1 15 2
204 605
1 6 2
103 951
1 10 2
139 623
1 12 2
663 787
1 4 2
741 251
1 6 2
472 57
1 12 2
480 797
1 10 2
360 351
1 3 2
503 858
1 13 2
295 283
1 2 2
920 126
1 14 2
832 255
1 8 2
91 92
1 5 2
84 726
1 8 2
942 304
1 14 2
855 180
1 4 2
581 488
1 8 2
617 251
1 2 2
890 783
1 2 2
263 43
1 15 2
976 282
1 9 2
383 18
1 7 2
330 278
1 15 2
78 731
1 14 2
982 883
1 7 2
803 273
1 4 2
183 364
1 5 2
959 432
1 15 2
926 976
1 14 2
906 369
1 5 2
905 667
1 6 2
428 524
1 8 2
563 218
1 3 2
561 962
1 2 2
389 1
1 6 2
757 365
1 8 2
828 536
1 5 2
916 99
1 7 2
222 345
1 3 2
827 618
1 8 2
298 751
1 5 2
762 970
1 5 2
547 335
1 14 2
482 241
1 6 2
788 922
1 13 2
428 841
1 8 2
669 308
1 15 2
735 872
1 4 2
955 858
1 4 2
45 249
1 15 2
350 846
1 7 2
880 693
1 14 2
370 949
1 6 2
821 646
1 15 2
199 572
1 7 2
52 60
1 12 2
35 102
1 5 2
397 73
1 9 2
197 640
1 8 2
978 541
1 2 2
352 632
1 8 2
109 302
1 2 2
438 868
1 13 2
230 734
1 6 2
876 633
1 10 2
575 808
1 6 2
545 175
1 10 2
23 734
1 5 2
408 249
1 8 2
514 649
1 14 2
637 520
1 5 2
507 734
1 2 2
284 279
1 3 2
165 841
1 10 2
403 406
1 9 2
449 758
1 8 2
653 766
1 11 2
953 730
1 5 2
510 593
1 13 2
294 76
1 3 2
201 13
1 6 2
769 446
1 2 2
83 153
1 6 2
244 807
1 8 2
270 219
1 15 2
586 458
1 9 2
569 523
1 6 2
153 772
1 15 2
891 560
1 13 2
519 296
1 4 2
830 327
1 12 2
266 868
1 2 2
62 542
1 4 2
527 411
1 8 2
352 551
1 11 2
743 624
1 11 2
638 323
1 8 2
627 442
1 10 2
194 289
1 10 2
574 84
1 3 2
443 408
1 15 2
391 708
1 3 2
771 899
1 10 2
621 528
1 15 2
807 602
1 5 2
904 707
1 6 2
59 32
1 13 2
367 932
1 13 2
508 388
1 10 2
468 511
1 10 2
54 391
1 5 2
86 212
1 8 2
0 459
1 2 2
442 977
1 4 2
579 929
1 4 2
59 698
1 5 2
51 153
1 7 2
448 266
1 8 2
132 644
1 13 2
864 844
1 11 2
894 692
1 9 2
307 303
1 11 2
78 378
1 4 2
866 869
1 13 2
563 241
1 15 2
539 395
1 13 2
256 128
1 14 2
757 264
1 7 2
375 42
1 11 2
815 327
1 3 2
314 78
1 3 2
164 187
1 4 2
146 778
1 13 2
804 247
1 6 2
370 441
1 7 2
662 945
1 6 2
13 957
1 2 2
863 613
1 10 2
871 179
1 11 2
30 933
1 5 2
152 803
1 8 2
318 344
1 14 2
564 215
1 4 2
403 922
1 10 2
907 396
1 5 2
410 796
1 5 2
212 809
1 4 2
428 40
1 2 2
410 586
1 8 2
416 606
1 7 2
534 854
1 12 2
607 835
1 14 2
99 428
1 6 2
949 255
1 11 2
551 369
1 14 2
668 882
1 14 2
828 370
1 5 2
180 496
1 10 2
51 535
1 13 2
190 77
1 5 2
989 666
1 8 2
214 732
1 14 2
162 262
1 6 2
849 103
1 15 2
797 447
1 14 2
537 992
1 13 2
737 759
1 5 2
461 529
1 11 2
170 542
1 2 2
544 461
1 12 2
76 839
1 3 2
309 248
1 7 2
578 105
1 6 2
704 984
1 9 2
625 333
1 7 2
789 583
1 15 2
351 522
1 12 2
147 713
1 13 2
897 654
1 15 2
320 490
1 5 2
316 411
1 5 2
189 568
1 11 2
316 680
1 5 2
166 861
1 8 2
525 385
1 9 2
350 949
1 10 2
445 455
1 7 2
751 796
1 13 2
906 255
1 9 2
766 70
1 15 2
199 584
1 11 2
494 333
1 6 2
984 368
1 5 2
505 364
1 6 2
431 14
1 11 2
383 627
1 9 2
424 683
1 12 2
946 759
1 9 2
282 812
1 13 2
198 35
1 14 2
355 194
1 8 2
766 313
1 15 2
681 282
1 13 2
398 192
1 2 2
0 539
1 4 2
294 371
1 10 2
866 874
1 2 2
48 719
1 15 2
621 401
1 14 2
672 99
1 6 2
928 200
1 13 2
269 188
1 10 2
108 96
1 4 2
399 505
1 15 2
823 965
1 5 2
743 292
1 15 2
559 377
1 15 2
644 783
1 10 2
910 148
1 9 2
769 419
1 2 2
879 463
1 6 2
756 237
1 12 2
467 621
1 14 2
482 802
1 5 2
238 94
1 3 2
421 996
1 2 2
36 958
1 11 2
683 69
1 10 2
425 388
1 7 2
315 717
1 6 2
828 57
1 10 2
761 918
1 2 2
762 746
1 13 2
234 10
1 8 2
521 480
1 14 2
184 509
1 15 2
72 136
1 10 2
302 307
1 7 2
988 387
1 4 2
138 898
1 7 2
32 655
1 4 2
355 225
1 10 2
35 834
1 14 2
296 468
1 7 2
706 308
1 5 2
273 379
1 15 2
622 787
1 6 2
440 923
1 4 2
735 346
1 14 2
604 969
1 3 2
956 393
1 7 2
920 699
1 13 2
733 98
1 6 2
810 940
1 2 2
622 469
1 5 2
928 356
1 15 2
995 530
1 5 2
228 576
1 7 2
269 637
1 12 2
749 412
1 6 2
207 341
1 8 2
393 882
1 2 2
96 290
1 3 2
325 763
1 13 2
951 434
1 3 2
725 291
1 3 2
363 646
1 8 2
711 185
1 2 2
763 128
1 10 2
768 270
1 11 2
603 139
1 13 2
198 326
1 14 2
262 769
1 4 2
553 588
1 9 2
51 4
1 12 2
922 870
1 6 2
652 329
1 10 2
464 881
1 6 2
127 957
1 2 2
941 951
1 4 2
611 237
1 6 2
411 263
1 3 2
316 737
1 6 2
745 544
1 11 2
731 74
1 4 2
22 374
1 15 2
51 926
1 13 2
860 343
1 12 2
66 317
1 4 2
140 402
1 3 2
635 778
1 14 2
781 962
1 15 2
448 537
1 12 2
772 424
1 4 2
678 238
1 11 2
207 637
1 4 2
248 226
1 13 2
546 209
1 10 2
399 470
1 11 2
856 828
1 13 2
479 103
1 8 2
654 216
1 14 2
848 997
1 9 2
39 693
1 11 2
651 843
1 15 2
332 872
1 13 2
610 323
1 12 2
444 827
1 12 2
801 478
1 3 2
448 43
1 5 2
414 158
1 9 2
807 974
1 2 2
895 411
1 14 2
505 663
1 12 2
753 125
1 12 2
127 396
1 9 2
654 622
1 14 2
817 334
1 2 2
916 591
1 13 2
192 931
1 10 2
287 188
1 8 2
350 628
1 14 2
736 953
1 4 2
3 388
1 11 2
324 103
1 7 2
290 725
1 4 2
993 816
1 5 2
178 434
1 15 2
56 450
1 4 2
779 936
1 13 2
104 446
1 12 2
35 983
1 14 2
634 443
1 11 2
45 318
1 6 2
893 916
1 3 2
761 58
1 2 2
307 832
1 15 2
286 303
1 5 2
562 653
1 12 2
813 424
1 4 2
830 222
1 12 2
977 617
1 15 2
379 273
1 10 2
834 798
1 5 2
198 648
1 2 2
125 733
1 2 2
485 441
1 6 2
82 953
1 7 2
312 451
1 3 2
936 121
1 7 2
9 952
1 11 2
463 403
1 13 2
978 937
1 15 2
129 123
1 9 2
219 300
1 11 2
857 27
1 15 2
94 588
1 3 2
247 298
1 4 2
407 224
1 8 2
77 379
1 8 2
14 590
1 6 2
906 215
1 6 2
128 943
1 7 2
798 963
1 9 2
645 92
1 6 2
140 294
1 15 2
506 858
1 15 2
68 385
1 12 2
380 449
1 6 2
502 469
1 3 2
548 844
1 10 2
164 6
1 4 2
231 691
1 9 2
216 838
1 15 2
234 513
1 9 2
243 210
1 8 2
686 749
1 6 2
755 434
1 15 2
415 525
1 12 2
846 293
1 14 2
893 945
1 10 2
840 324
1 2 2
661 477
1 15 2
42 39
1 2 2
866 952
1 13 2
378 525
1 14 2
125 471
1 2 2
502 102
1 2 2
974 939
1 12 2
534 107
1 7 2
279 926
1 11 2
892 431
1 8 2
896 563
1 2 2
903 181
1 4 2
110 362
1 15 2
389 438
1 10 2
787 768
1 9 2
709 872
1 10 2
708 152
1 6 2
511 625
1 6 2
284 85
1 11 2
720 36
1 7 2
900 781
1 14 2
206 562
1 3 2
864 802
1 10 2
937 503
1 14 2
192 246
1 7 2
527 23
1 9 2
951 615
1 15 2
185 747
1 11 2
28 297
1 3 2
53 626
1 8 2
642 233
1 8 2
630 281
1 14 2
154 793
1 12 2
579 257
1 11 2
57 178
1 15 2
915 348
1 13 2
549 547
1 9 2
405 851
1 3 2
308 28
1 5 2
298 283
1 6 2
468 522
1 9 2
709 454
1 8 2
394 752
1 7 2
380 129
1 8 2
60 45
1 5 2
804 496
1 10 2
271 722
1 14 2
787 531
1 15 2
120 766
1 11 2
797 34
1 3 2
40 624
1 7 2
398 632
1 6 2
527 724
1 13 2
994 948
1 14 2
560 258
1 12 2
528 489
1 15 2
269 30
1 3 2
233 63
1 5 2
60 785
1 2 2
704 664
1 5 2
105 438
1 8 2
147 950
1 2 2
936 82
1 2 2
196 721
1 15 2
226 741
1 11 2
603 437
1 12 2
364 304
1 14 2
780 275
1 2 2
356 257
1 14 2
333 501
1 9 2
250 701
1 2 2
562 775
1 11 2
834 121
1 11 2
116 870
1 8 2
952 20
1 10 2
430 515
1 9 2
461 186
1 5 2
797 945
1 14 2
517 781
1 9 2
226 111
1 9 2
197 947
1 13 2
99 363
1 7 2
874 799
1 11 2
76 535
1 2 2
203 896
1 9 2
455 779
1 6 2
945 348
1 10 2
618 594
1 7 2
109 957
1 3 2
662 957
1 14 2
936 904
1 12 2
521 546
1 9 2
315 487
1 13 2
573 647
1 5 2
899 923
1 7 2
65 656
1 11 2
160 164
1 6 2
722 304
1 11 2
732 801
1 12 2
195 884
1 8 2
797 301
1 8 2
596 208
1 3 2
29 861
1 12 2
408 289
1 6 2
102 634
1 13 2
511 877
1 14 2
482 5
1 5 2
276 5
1 3 2
786 73
1 2 2
889 414
1 2 2
252 770
1 15 2
794 174
1 2 2
597 828
1 4 2
484 124
1 4 2
660 392
1 15 2
966 400
1 12 2
986 747
1 14 2
997 276
1 13 2
944 155
1 13 2
524 150
1 4 2
50 748
1 4 2
843 365
1 4 2
727 623
1 9 2
149 254
1 14 2
813 867
1 13 2
45 133
1 4 2
21 770
1 9 2
267 636
1 10 2
104 424
1 12 2
39 679
1 5 2
301 247
1 12 2
986 651
1 6 2
871 644
1 4 2
947 112
1 13 2
627 767
1 9 2
897 872
1 4 2
319 813
1 5 2
446 231
1 6 2
937 356
1 8 2
530 836
1 2 2
158 967
1 9 2
485 761
1 14 2
792 247
1 13 2
160 65
1 6 2
387 528
1 2 2
938 256
1 3 2
942 985
1 10 2
279 646
1 2 2
207 234
1 9 2
676 629
1 6 2
717 774
1 2 2
594 669
1 13 2
136 476
1 8 2
169 431
1 13 2
482 429
1 8 2
810 451
1 4 2
33 6
1 8 2
705 599
1 7 2
350 3
1 13 2
404 583
1 5 2
760 425
1 7 2
559 281
1 9 2
735 62
1 7 2
305 265
1 12 2
281 365
1 7 2
285 139
1 6 2
299 655
1 14 2
996 55
1 6 2
320 457
1 10 2
746 701
1 5 2
223 101
1 12 2
433 672
1 10 2
43 760
1 3 2
521 550
1 5 2
422 860
1 3 2
59 407
1 5 2
259 244
1 5 2
321 143
1 10 2
570 980
1 3 2
388 385
1 15 2
927 23
1 15 2
156 610
1 5 2
748 176
1 13 2
431 172
1 6 2
42 285
1 7 2
90 713
1 10 2
973 386
1 11 2
639 370
1 11 2
888 52
1 9 2
827 756
1 5 2
206 196
1 10 2
613 329
1 12 2
568 687
1 13 2
930 240
1 9 2
690 344
1 6 2
833 354
1 15 2
285 213
1 7 2
136 578
1 5 2
583 407
1 5 2
529 352
1 2 2
546 186
1 9 2
155 713
1 12 2
65 154
1 4 2
569 965
1 2 2
232 281
1 6 2
832 459
1 11 2
955 815
1 3 2
783 897
1 3 2
269 104
1 8 2
157 634
1 2 2
286 294
1 2 2
164 674
1 7 2
824 360
1 4 2
565 68
1 6 2
844 818
1 10 2
486 508
1 3 2
545 694
1 4 2
897 720
1 9 2
129 545
1 9 2
647 377
1 4 2
289 258
1 13 2
393 25
1 14 2
152 35
1 14 2
37 898
1 9 2
171 169
1 7 2
277 77
1 12 2
173 706
1 9 2
555 784
1 2 2
438 180
1 10 2
912 694
1 5 2
977 310
1 14 2
460 355
1 10 2
374 163
1 15 2
803 262
1 2 2
351 459
1 15 2
38 887
1 11 2
349 266
1 11 2
647 918
1 7 2
960 743
1 3 2
913 144
1 10 2
702 128
1 6 2
334 255
1 2 2
531 304
1 14 2
59 1
1 6 2
784 357
1 15 2
309 378
1 12 2
285 891
1 5 2
927 662
1 10 2
94 700
1 12 2
214 713
1 4 2
230 777
1 5 2
786 159
1 7 2
434 290
1 9 2
926 520
1 4 2
278 551
1 8 2
685 747
1 12 2
510 21
1 2 2
800 271
1 14 2
732 746
1 9 2
312 900
1 8 2
553 678
1 13 2
683 717
1 14 2
850 77
1 10 2
599 358
1 14 2
454 914
1 9 2
789 687
1 14 2
396 145
1 4 2
555 950
1 9 2
727 931
1 6 2
850 931
1 3 2
707 730
1 14 2
783 841
1 15 2
562 459
1 7 2
671 715
1 5 2
771 317
1 4 2
802 502
1 11 2
169 945
1 10 2
486 72
1 6 2
595 260
1 4 2
349 579
1 7 2
154 576
1 6 2
816 576
1 15 2
823 952
1 13 2
223 980
1 13 2
428 999
1 8 2
779 183
1 14 2
817 424
1 6 2
219 205
1 3 2
271 116
1 15 2
433 907
1 6 2
147 463
1 8 2
529 26
1 15 2
834 371
1 12 2
824 129
1 8 2
64 515
1 4 2
254 382
1 13 2
494 277
1 15 2
154 58
1 9 2
847 752
1 8 2
632 858
1 2 2
445 815
1 7 2
262 661
1 4 2
12 724
1 8 2
789 44
1 8 2
288 994
1 15 2
0 475
1 8 2
400 510
1 13 2
9 792
1 6 2
623 964
1 14 2
566 997
1 13 2
472 452
1 13 2
630 275
1 3 2
440 474
1 3 2
536 57
1 7 2
548 69
1 2 2
634 187
1 8 2
142 650
1 2 2
249 605
1 8 2
901 198
1 12 2
765 520
1 14 2
943 261
1 10 2
982 102
1 14 2
792 687
1 9 2
204 108
1 3 2
308 893
1 2 2
954 528
1 12 2
59 825
1 3 2
823 657
1 8 2
824 860
1 10 2
782 607
1 14 2
776 723
1 4 2
894 171
1 8 2
312 926
1 3 2
850 992
1 5 2
669 958
1 12 2
392 504
1 2 2
492 387
1 12 2
689 67
1 2 2
47 764
1 10 2
587 735
1 14 2
57 349
1 10 2
411 967
1 8 2
738 716
1 2 2
368 531
1 5 2
535 553
1 10 2
945 554
1 7 2
143 658
1 2 2
974 344
1 14 2
994 804
1 6 2
795 417
1 5 2
156 872
1 12 2
589 241
1 11 2
898 929
1 12 2
762 803
1 2 2
725 223
1 10 2
847 717
1 14 2
477 203
1 10 2
414 136
1 6 2
95 190
1 12 2
973 250
1 3 2
714 619
1 7 2
830 179
1 5 2
575 646
1 7 2
360 175
1 10 2
216 158
1 7 2
693 192
1 5 2
201 709
1 8 2
971 229
1 2 2
568 490
1 9 2
28 87
1 3 2
944 169
1 13 2
970 465
1 3 2
456 830
1 13 2
413 864
1 14 2
912 787
1 13 2
878 448
1 6 2
396 924
1 5 2
941 450
1 14 2
944 68
1 10 2
284 266
1 8 2
455 730
1 6 2
878 779
1 6 2
78 761
1 11 2
763 594
1 6 2
779 855
1 2 2
970 873
1 3 2
782 341
1 15 2
139 600
1 7 2
750 670
1 6 2
787 452
1 12 2
619 83
1 9 2
17 677
1 10 2
32 974
1 3 2
953 428
1 2 2
265 755
1 4 2
35 206
1 2 2
165 27
1 8 2
953 916
1 5 2
216 668
1 2 2
760 809
1 11 2
758 786
1 3 2
666 865
1 7 2
199 246
1 13 2
919 958
1 4 2
918 995
1 10 2
336 89
1 12 2
765 469
1 7 2
493 890
1 9 2
785 227
1 9 2
714 304
1 2 2
324 237
1 14 2
930 166
1 8 2
167 513
1 9 2
896 716
1 2 2
444 188
1 10 2
998 43
1 7 2
895 553
1 14 2
96 286
1 9 2
691 635
1 13 2
555 394
1 13 2
474 320
1 11 2
615 906
1 10 2
127 732
1 5 2
431 368
1 9 2
370 273
1 3 2
995 611
1 15 2
921 860
1 9 2
779 150
1 2 2
470 88
1 13 2
173 580
1 6 2
319 589
1 2 2
985 237
1 5 2
672 415
1 14 2
702 858
1 8 2
169 577
1 10 2
115 108
1 11 2
216 458
1 9 2
584 525
1 14 2
200 319
1 3 2
703 75
1 13 2
548 423
1 3 2
290 242
1 12 2
735 144
1 11 2
157 582
1 14 2
964 122
1 7 2
584 271
1 15 2
638 402
1 4 2
637 319
1 11 2
83 730
1 3 2
116 722
1 3 2
970 443
1 8 2
378 731
1 9 2
333 458
1 3 2
148 597
1 4 2
758 508
1 9 2
683 477
1 6 2
361 159
1 2 2
169 881
1 8 2
557 385
1 9 2
722 137
1 7 2
463 129
1 8 2
764 522
1 2 2
193 976
1 9 2
628 982
1 14 2
618 487
1 7 2
611 336
1 3 2
116 417
1 12 2
731 119
1 4 2
785 949
1 5 2
351 360
1 13 2
705 922
1 13 2
263 747
1 5 2
597 711
1 7 2
350 761
1 9 2
792 827
1 7 2
80 742
1 4 2
49 374
1 14 2
289 730
1 12 2
777 764
1 7 2
204 750
1 9 2
200 23
1 6 2
614 881
1 4 2
86 700
1 12 2
124 789
1 8 2
99 291
1 2 2
22 364
1 11 2
304 826
1 10 2
415 645
1 6 2
385 55
1 2 2
922 719
1 3 2
101 162
1 7 2
544 688
1 5 2
409 128
1 8 2
126 941
1 5 2
569 905
1 14 2
10 732
1 4 2
883 521
1 8 2
189 99
1 15 2
163 200
1 8 2
487 907
1 14 2
469 266
1 5 2
240 285
1 7 2
333 37
1 14 2
962 205
1 15 2
491 105
1 15 2
559 181
1 11 2
165 68
1 11 2
436 711
1 6 2
912 761
1 14 2
541 415
1 12 2
963 430
1 13 2
462 394
1 11 2
187 351
1 13 2
321 756
1 2 2
884 84
1 11 2
853 135
1 12 2
546 99
1 10 2
347 142
1 8 2
997 461
1 4 2
279 733
1 9 2
340 576
1 10 2
498 784
1 4 2
961 515
1 12 2
200 198
1 9 2
497 279
1 9 2
689 406
1 13 2
319 542
1 13 2
984 599
1 11 2
877 428
1 12 2
858 939
1 13 2
844 708
1 5 2
725 84
1 4 2
252 529
1 15 2
670 180
1 13 2
866 696
1 6 2
626 343
1 10 2
383 370
1 8 2
23 82
1 4 2
204 825
1 5 2
543 501
1 14 2
476 386
1 13 2
328 454
1 15 2
450 253
1 4 2
208 3
1 15 2
736 129
1 15 2
913 169
1 2 2
211 396
1 8 2
133 43
1 12 2
288 853
1 8 2
42 119
1 9 2
564 157
1 6 2
803 124
1 4 2
309 577
1 4 2
281 26
1 15 2
817 302
1 8 2
984 943
1 6 2
948 142
1 10 2
769 743
1 3 2
362 943
1 10 2
558 112
1 13 2
11 89
1 3 2
688 416
1 8 2
642 411
1 4 2
831 118
1 5 2
468 82
1 10 2
930 469
1 10 2
820 398
1 3 2
873 573
1 13 2
788 405
1 9 2
585 172
1 8 2
840 900
1 7 2
335 331
1 4 2
602 597
1 12 2
276 961
1 3 2
388 727
1 12 2
992 856
1 8 2
167 257
1 7 2
233 449
1 3 2
963 949
1 15 2
683 539
1 2 2
757 640
1 10 2
48 288
1 14 2
349 228
1 8 2
200 400
1 12 2
687 360
1 6 2
174 666
1 12 2
106 237
1 5 2
16 913
1 10 2
79 205
1 15 2
306 8
1 6 2
669 489
1 8 2
499 762
1 14 2
778 205
1 4 2
161 19
1 4 2
202 306
1 9 2
154 92
1 14 2
937 92
1 4 2
736 96
1 14 2
693 226
1 15 2
909 403
1 14 2
336 96
1 9 2
827 115
1 9 2
157 760
1 10 2
93 159
1 4 2
780 667
1 9 2
203 670
1 9 2
126 364
1 3 2
463 470
1 3 2
504 784
1 7 2
862 700
1 11 2
540 851
1 8 2
656 484
1 14 2
918 347
1 7 2
901 181
1 12 2
981 336
1 9 2
330 730
1 8 2
288 80
1 3 2
361 65
1 6 2
865 593
1 9 2
788 926
1 15 2
975 701
1 7 2
66 658
1 9 2
22 768
1 10 2
346 324
1 11 2
749 252
1 13 2
799 763
1 7 2
802 727
1 13 2
296 916
1 12 2
780 955
1 13 2
778 219
1 11 2
101 383
1 2 2
878 827
1 3 2
155 427
1 6 2
817 181
1 13 2
99 640
1 7 2
928 795
1 7 2
50 550
1 10 2
62 551
1 15 2
569 877
1 15 2
38 925
1 7 2
953 64
1 14 2
58 679
1 10 2
458 824
1 4 2
245 670
1 13 2
328 335
1 2 2
711 822
1 2 2
892 44
1 12 2
13 475
1 9 2
760 454
1 13 2
731 691
1 4 2
636 141
1 11 2
198 558
1 4 2
401 912
1 7 2
279 328
1 7 2
6 818
1 9 2
381 755
1 8 2
402 131
1 11 2
358 282
1 11 2
699 949
1 13 2
822 269
1 11 2
383 47
1 9 2
104 911
1 3 2
795 11
1 5 2
843 811
1 5 2
351 405
1 3 2
962 827
1 8 2
669 541
1 10 2
311 990
1 10 2
72 140
1 15 2
989 124
1 8 2
402 597
1 13 2
253 670
1 7 2
408 201
1 2 2
316 957
1 4 2
755 981
1 14 2
161 76
1 7 2
863 714
1 2 2
546 188
1 7 2
365 933
1 6 2
326 416
1 7 2
263 759
1 6 2
677 753
1 5 2
753 5
1 3 2
136 926
1 14 2
730 243
1 9 2
282 248
1 4 2
615 643
1 10 2
949 600
1 8 2
939 89
1 11 2
231 140
1 4 2
644 577
1 8 2
30 348
1 15 2
887 933
1 4 2
618 42
1 8 2
373 656
1 5 2
463 873
1 4 2
284 361
1 13 2
160 837
1 13 2
582 439
1 14 2
874 860
1 2 2
759 253
1 5 2
570 604
1 6 2
720 74
1 7 2
92 916
1 5 2
450 901
1 7 2
714 489
1 14 2
137 752
1 2 2
158 976
1 13 2
178 257
1 7 2
526 791
1 6 2
670 883
1 2 2
174 458
1 7 2
308 329
1 5 2
780 954
1 2 2
503 650
1 7 2
287 862
1 11 2
648 763
1 9 2
312 746
1 13 2
84 656
1 14 2
751 173
1 10 2
362 650
1 15 2
66 800
1 4 2
355 884
1 10 2
598 973
1 8 2
869 329
1 15 2
86 911
1 9 2
374 488
1 9 2
189 771
1 8 2
706 719
1 7 2
837 73
1 2 2
561 832
1 9 2
128 222
1 7 2
228 213
1 2 2
105 619
1 15 2
122 68
1 6 2
484 387
1 14 2
265 148
1 2 2
505 622
1 4 2
879 119
1 8 2
70 721
1 15 2
659 58
1 3 2
610 99
1 7 2
557 70
1 13 2
982 849
1 14 2
784 859
1 5 2
56 592
1 3 2
213 12
1 3 2
420 985
1 6 2
868 114
1 3 2
954 337
1 10 2
16 242
1 14 2
639 226
1 4 2
703 991
1 2 2
57 861
1 13 2
304 169
1 3 2
313 643
1 2 2
91 361
1 6 2
512 868
1 5 2
96 25
1 12 2
950 468
1 14 2
250 495
1 4 2
707 918
1 15 2
406 655
1 4 2
595 687
1 4 2
394 292
1 9 2
107 766
1 10 2
521 436
1 10 2
842 677
1 11 2
27 74
1 10 2
900 859
1 4 2
900 218
1 5 2
26 13
1 10 2
872 314
1 2 2
376 710
1 10 2
212 862
1 4 2
349 721
1 9 2
490 26
1 12 2
825 168
1 6 2
881 726
1 8 2
458 202
1 14 2
6 747
1 4 2
224 958
1 10 2
23 852
1 8 2
85 173
1 13 2
773 452
1 15 2
919 540
1 14 2
519 871
1 15 2
946 837
1 9 2
634 800
1 8 2
244 873
1 3 2
949 934
1 4 2
187 126
1 15 2
515 964
1 12 2
456 320
1 13 2
600 337
1 8 2
381 638
1 8 2
855 481
1 11 2
984 962
1 10 2
840 7
1 9 2
666 307
1 7 2
989 176
1 9 2
561 109
1 12 2
260 819
1 2 2
551 687
1 7 2
327 637
1 6 2
736 713
1 9 2
64 789
1 11 2
809 531
1 8 2
617 678
1 11 2
921 877
1 2 2
457 455
1 6 2
444 956
1 11 2
828 834
1 11 2
749 758
1 12 2
683 709
1 14 2
731 130
1 2 2
436 973
1 11 2
300 679
1 2 2
279 283
1 3 2
722 865
1 9 2
185 454
1 13 2
331 969
1 15 2
387 366
1 3 2
589 228
1 13 2
249 18
1 8 2
959 578
1 9 2
180 68
1 7 2
620 89
1 6 2
69 963
1 14 2
524 704
1 13 2
390 641
1 7 2
918 414
1 10 2
579 973
1 13 2
650 966
1 3 2
738 703
1 6 2
539 872
1 15 2
323 130
1 7 2
773 536
1 10 2
311 733
1 4 2
958 123
1 5 2
970 909
1 8 2
684 949
1 14 2
685 973
1 6 2
225 908
1 8 2
553 48
1 14 2
235 473
1 7 2
537 238
1 11 2
146 139
1 15 2
246 265
1 5 2
696 531
1 8 2
495 917
1 3 2
919 896
1 2 2
297 373
1 4 2
267 550
1 13 2
36 122
1 7 2
472 346
1 8 2
742 472
1 14 2
832 769
1 5 2
511 349
1 9 2
136 583
1 3 2
868 362
1 14 2
308 36
1 14 2
86 261
1 10 2
277 756
1 2 2
494 677
1 2 2
319 464
1 11 2
442 299
1 4 2
792 25
1 14 2
779 316
1 2 2
747 267
1 3 2
850 265
1 11 2
426 944
1 6 2
356 345
1 4 2
728 957
1 14 2
900 17
1 12 2
645 773
1 2 2
689 488
1 2 2
177 717
1 13 2
143 262
1 11 2
931 764
1 14 2
865 368
1 12 2
659 450
1 15 2
957 517
1 5 2
113 674
1 13 2
890 404
1 11 2
675 230
1 3 2
904 439
1 14 2
711 331
1 8 2
524 861
1 12 2
899 161
1 11 2
821 742
1 12 2
535 107
1 9 2
965 492
1 2 2
745 236
1 13 2
938 174
1 10 2
421 897
1 3 2
670 853
1 10 2
914 606
1 3 2
897 226
1 6 2
257 433
1 2 2
14 588
1 15 2
5 491
1 14 2
165 784
1 6 2
959 881
1 9 2
268 226
1 5 2
710 828
1 12 2
828 970
1 6 2
409 523
1 6 2
112 486
1 5 2
926 665
1 8 2
819 32
1 6 2
161 941
1 10 2
601 213
1 14 2
738 606
1 7 2
217 518
1 5 2
246 626
1 7 2
892 877
1 7 2
550 442
1 10 2
241 866
1 14 2
512 540
1 13 2
213 166
1 9 2
114 724
1 9 2
158 907
1 7 2
702 994
1 13 2
116 789
1 5 2
485 908
1 8 2
51 32
1 13 2
135 664
1 5 2
881 81
1 13 2
77 966
1 14 2
263 912
1 14 2
447 401
1 7 2
986 857
1 10 2
378 92
1 2 2
704 89
1 4 2
558 820
1 5 2
908 944
1 2 2
289 748
1 12 2
386 737
1 4 2
210 691
1 7 2
687 435
1 3 2
655 565
1 10 2
113 804
1 4 2
580 721
1 3 2
154 792
1 8 2
178 572
1 15 2
642 384
1 4 2
399 963
1 5 2
949 240
1 15 2
309 324
1 2 2
657 918
1 2 2
684 899
1 15 2
1 388
1 3 2
368 563
1 10 2
546 413
1 10 2
969 396
1 11 2
523 615
1 3 2
582 585
1 5 2
103 173
1 5 2
121 59
1 4 2
147 809
1 8 2
891 703
1 10 2
454 139
1 5 2
999 454
1 2 2
596 296
1 10 2
126 31
1 3 2
368 166
1 14 2
385 735
1 4 2
529 556
1 3 2
928 232
1 15 2
41 166
1 12 2
891 830
1 11 2
499 215
1 6 2
785 350
1 15 2
722 679
1 5 2
188 237
1 4 2
341 175
1 3 2
608 467
1 9 2
34 162
1 7 2
872 7
1 14 2
631 701
1 11 2
238 855
1 3 2
515 111
1 15 2
298 200
1 12 2
415 124
1 3 2
211 752
1 13 2
735 779
1 14 2
948 837
1 2 2
174 207
1 8 2
94 429
1 10 2
161 338
1 13 2
260 941
1 4 2
328 964
1 3 2
397 568
1 2 2
477 932
1 10 2
911 64
1 5 2
436 213
1 5 2
196 37
1 11 2
18 865
1 7 2
194 902
1 9 2
119 269
1 4 2
470 36
1 4 2
967 324
1 12 2
107 873
1 5 2
48 849
1 5 2
995 751
1 6 2
448 480
1 10 2
632 132
1 13 2
941 842
1 15 2
913 936
1 15 2
613 394
1 15 2
820 424
1 11 2
265 117
1 9 2
873 368
1 8 2
862 760
1 8 2
137 499
1 5 2
391 947
1 11 2
379 435
1 7 2
997 952
1 15 2
749 357
1 9 2
250 558
1 10 2
856 862
1 3 2
64 198
1 6 2
909 803
1 8 2
251 312
1 14 2
865 471
1 7 2
461 513
1 15 2
53 87
1 15 2
242 83
1 10 2
949 648
1 5 2
614 259
1 7 2
459 590
1 11 2
24 820
1 10 2
56 742
1 15 2
722 625
1 13 2
498 592
1 15 2
502 518
1 4 2
427 264
1 10 2
365 340
1 3 2
162 12
1 8 2
764 879
1 15 2
440 631
1 5 2
553 967
1 9 2
145 7
1 7 2
977 506
1 10 2
223 840
1 3 2
359 410
1 15 2
949 323
1 10 2
451 532
1 14 2
804 187
1 13 2
540 3
1 5 2
106 110
1 9 2
787 630
1 10 2
6 442
1 4 2
767 74
1 15 2
921 228
1 2 2
941 370
1 7 2
495 48
1 3 2
160 16
1 13 2
416 471
1 15 2
841 721
1 3 2
248 440
1 9 2
576 577
1 13 2
527 803
1 15 2
982 654
1 6 2
2 63
1 14 2
439 4
1 9 2
698 675
1 7 2
613 922
1 14 2
223 287
1 9 2
603 731
1 9 2
887 615
1 7 2
987 34
1 3 2
419 58
1 9 2
881 956
1 7 2
758 572
1 6 2
87 411
1 13 2
742 523
1 4 2
281 855
1 7 2
158 107
1 3 2
277 807
1 3 2
473 512
1 6 2
848 972
1 2 2
348 133
1 9 2
296 540
1 10 2
793 77
1 14 2
945 528
1 9 2
15 271
1 6 2
559 183
1 3 2
720 175
1 7 2
544 271
1 3 2
829 605
1 8 2
197 261
1 3 2
148 450
1 9 2
522 734
1 10 2
101 802
1 15 2
965 722
1 10 2
461 286
1 5 2
909 756
1 15 2
628 501
1 2 2
77 709
1 11 2
299 929
1 4 2
183 120
1 14 2
635 232
1 14 2
965 817
1 7 2
398 193
1 2 2
324 185
1 5 2
498 896
1 14 2
923 905
1 3 2
953 143
1 9 2
433 398
1 15 2
39 932
1 3 2
513 615
1 6 2
360 37
1 15 2
102 501
1 11 2
6 562
1 14 2
691 231
1 4 2
675 94
1 14 2
219 997
1 3 2
940 537
1 12 2
866 100
1 5 2
394 629
1 6 2
204 573
1 5 2
755 944
1 8 2
697 41
1 6 2
142 332
1 3 2
427 363
1 15 2
857 147
1 3 2
301 899
1 12 2
386 393
1 13 2
200 561
1 4 2
487 400
1 5 2
577 960
1 8 2
646 904
1 11 2
112 395
1 15 2
291 305
1 6 2
845 599
1 4 2
398 900
1 9 2
495 526
1 12 2
194 987
1 10 2
435 712
1 14 2
881 914
1 13 2
663 684
1 7 2
911 785
1 3 2
879 853
1 3 2
835 735
1 7 2
954 618
1 5 2
28 5
1 5 2
757 886
1 5 2
415 893
1 7 2
327 54
1 8 2
900 645
1 9 2
529 218
1 13 2
655 24
1 12 2
618 717
1 2 2
169 14
1 7 2
1 268
1 15 2
444 785
1 7 2
526 554
1 3 2
837 462
1 12 2
583 576
1 8 2
830 742
1 9 2
209 336
1 9 2
429 455
1 9 2
448 859
1 4 2
707 337
1 3 2
803 702
1 12 2
542 826
1 8 2
408 755
1 4 2
412 850
1 4 2
144 638
1 2 2
470 767
1 6 2
651 717
1 4 2
402 210
1 4 2
319 774
1 3 2
445 728
1 14 2
73 685
1 14 2
424 698
1 13 2
512 869
1 12 2
143 366
1 4 2
46 181
1 7 2
773 265
1 2 2
961 14
1 9 2
802 277
1 6 2
472 308
1 2 2
921 86
1 3 2
41 336
1 9 2
90 726
1 15 2
834 372
1 4 2
340 354
1 9 2
970 197
1 3 2
655 768
1 14 2
616 189
1 10 2
689 380
1 12 2
212 182
1 13 2
287 49
1 11 2
931 978
1 3 2
356 497
1 13 2
53 690
1 11 2
920 524
1 4 2
837 689
1 4 2
811 531
1 3 2
876 707
1 5 2
738 971
1 13 2
747 232
1 11 2
193 212
1 13 2
992 339
1 5 2
727 959
1 2 2
912 743
1 15 2
60 512
1 9 2
768 674
1 9 2
81 688
1 10 2
857 597
1 9 2
556 752
1 4 2
794 691
1 12 2
443 229
1 15 2
320 679
1 2 2
238 588
1 8 2
124 971
1 13 2
961 949
1 10 2
923 255
1 13 2
265 957
1 15 2
583 110
1 11 2
766 663
1 13 2
556 630
1 3 2
295 159
1 10 2
939 33
1 4 2
303 705
1 5 2
349 698
1 8 2
334 182
1 8 2
478 123
1 15 2
161 796
1 3 2
193 943
1 2 2
529 527
1 2 2
112 324
1 5 2
886 947
1 2 2
390 624
1 3 2
170 154
1 2 2
272 299
1 10 2
622 116
1 15 2
159 255
1 2 2
295 172
1 5 2
597 120
1 15 2
905 534
1 9 2
279 21
1 5 2
196 494
1 13 2
659 142
1 3 2
719 541
1 7 2
886 361
1 10 2
930 521
1 3 2
748 930
1 15 2
312 533
1 2 2
95 370
1 4 2
808 823
1 4 2
143 905
1 15 2
69 695
1 9 2
787 129
1 12 2
87 182
1 9 2
403 524
1 7 2
899 616
1 2 2
479 852
1 8 2
295 657
1 9 2
393 635
1 10 2
441 298
1 11 2
203 724
1 7 2
541 734
1 11 2
792 791
1 5 2
683 718
1 8 2
981 832
1 10 2
17 172
1 13 2
46 600
1 14 2
224 204
1 6 2
309 846
1 7 2
299 403
1 11 2
494 519
1 11 2
803 580
1 4 2
83 668
1 9 2
783 472
1 3 2
85 7
1 2 2
763 676
1 7 2
461 564
1 4 2
142 687
1 4 2
293 250
1 13 2
387 553
1 6 2
534 370
1 7 2
50 998
1 4 2
132 459
1 11 2
746 512
1 8 2
508 60
1 3 2
442 0
1 7 2
539 543
1 4 2
957 241
1 15 2
949 135
1 11 2
383 9
1 13 2
61 39
1 3 2
215 964
1 13 2
393 704
1 9 2
212 57
1 7 2
61 786
1 14 2
925 247
1 13 2
45 317
1 8 2
285 973
1 3 2
299 743
1 13 2
503 304
1 12 2
118 616
1 3 2
564 371
1 3 2
490 51
1 3 2
376 835
1 6 2
324 818
1 6 2
690 121
1 8 2
550 460
1 3 2
471 964
1 8 2
688 287
1 5 2
543 388
1 7 2
83 495
1 6 2
299 601
1 4 2
635 626
1 13 2
495 8
1 4 2
37 711
1 14 2
304 367
1 14 2
131 150
1 7 2
189 938
1 7 2
284 809
1 3 2
899 562
1 5 2
450 148
1 11 2
279 451
1 7 2
419 327
1 7 2
427 232
1 9 2
895 902
1 2 2
972 226
1 14 2
181 648
1 4 2
965 951
1 2 2
987 387
1 7 2
259 1
1 5 2
895 842
1 5 2
649 700
1 6 2
552 997
1 12 2
921 671
1 13 2
435 830
1 5 2
916 459
1 9 2
742 183
1 15 2
864 223
1 2 2
737 274
1 7 2
922 650
1 10 2
127 248
1 15 2
546 557
1 7 2
265 953
1 12 2
920 34
1 13 2
652 1
1 13 2
420 177
1 10 2
61 125
1 11 2
239 370
1 10 2
816 643
1 3 2
380 988
1 6 2
24 466
1 7 2
979 259
1 9 2
816 428
1 6 2
330 809
1 9 2
64 940
1 12 2
915 936
1 4 2
824 295
1 3 2
319 320
1 10 2
788 852
1 6 2
563 0
1 7 2
11 135
1 4 2
694 439
1 8 2
99 543
1 15 2
865 883
1 7 2
835 20
1 14 2
376 171
1 11 2
111 493
1 9 2
620 721
1 15 2
755 366
1 4 2
293 559
1 4 2
780 1
1 13 2
414 263
1 2 2
424 93
1 4 2
807 284
1 6 2
878 327
1 5 2
323 840
1 15 2
320 206
1 8 2
926 575
1 15 2
440 211
1 15 2
945 18
1 4 2
935 727
1 3 2
862 731
1 15 2
480 836
1 12 2
383 794
1 12 2
798 631
1 12 2
136 18
1 4 2
842 0
1 8 2
256 474
1 11 2
557 625
1 13 2
49 125
1 9 2
583 151
1 5 2
977 923
1 13 2
633 973
1 15 2
291 307
1 9 2
753 779
1 6 2
445 365
1 2 2
671 49
1 2 2
950 346
1 4 2
176 154
1 5 2
379 879
1 11 2
224 96
1 3 2
470 993
1 6 2
635 72
1 11 2
458 944
1 7 2
831 239
1 5 2
654 627
1 14 2
247 887
1 3 2
182 681
1 6 2
677 957
1 8 2
973 217
1 5 2
7 216
1 9 2
232 119
1 6 2
277 640
1 6 2
654 767
1 2 2
514 804
1 5 2
541 786
1 4 2
559 472
1 3 2
949 289
1 5 2
182 994
1 8 2
686 57
1 15 2
115 165
1 7 2
809 228
1 15 2
654 625
1 15 2
463 941
1 2 2
887 89
1 13 2
510 873
1 4 2
981 606
1 2 2
198 401
1 9 2
249 448
1 13 2
910 601
1 2 2
398 119
1 12 2
365 994
1 8 2
816 636
1 14 2
404 560
1 10 2
628 891
1 4 2
795 528
1 4 2
643 543
1 8 2
211 413
1 15 2
8 180
1 12 2
628 258
1 9 2
897 129
1 13 2
292 485
1 10 2
819 144
1 9 2
838 413
1 14 2
255 609
1 14 2
769 792
1 6 2
71 156
1 6 2
759 230
1 13 2
500 623
1 8 2
772 751
1 10 2
781 244
1 5 2
144 953
1 14 2
485 437
1 2 2
901 541
1 15 2
33 269
1 10 2
315 796
1 5 2
920 20
1 8 2
573 297
1 10 2
637 376
1 6 2
709 526
1 2 2
331 92
1 8 2
22 49
1 5 2
872 592
1 3 2
266 497
1 13 2
975 831
1 6 2
890 905
1 3 2
522 758
1 15 2
427 996
1 12 2
337 513
1 6 2
885 659
1 15 2
296 666
1 15 2
127 453
1 11 2
493 209
1 11 2
775 598
1 4 2
757 514
1 14 2
738 11
1 13 2
539 490
1 12 2
97 409
1 4 2
744 169
1 6 2
524 816
1 6 2
316 85
1 11 2
221 441
1 11 2
735 518
1 9 2
35 661
1 14 2
107 618
1 15 2
407 865
1 15 2
702 22
1 14 2
900 45
1 10 2
580 218
1 13 2
814 843
1 6 2
802 516
1 6 2
693 159
1 4 2
146 963
1 2 2
308 549
1 2 2
142 581
1 11 2
346 984
1 15 2
580 864
1 13 2
41 833
1 12 2
488 227
1 15 2
697 34
1 5 2
706 641
1 2 2
908 371
1 6 2
324 246
1 4 2
215 544
1 6 2
416 744
1 9 2
810 637
1 15 2
779 409
1 14 2
562 422
1 14 2
491 413
1 10 2
117 451
1 12 2
377 681
1 12 2
176 486
1 10 2
845 920
1 3 2
826 737
1 10 2
263 955
1 4 2
67 477
1 11 2
642 256
1 5 2
735 988
1 6 2
274 196
1 8 2
440 894
1 14 2
659 456
1 11 2
907 687
1 13 2
752 208
1 9 2
746 411
1 9 2
610 664
1 2 2
307 517
1 13 2
196 710
1 6 2
972 57
1 9 2
782 662
1 11 2
838 949
1 12 2
289 591
1 3 2
714 376
1 15 2
747 432
1 12 2
7 691
1 15 2
435 449
1 4 2
476 467
1 10 2
810 603
1 4 2
58 837
1 15 2
52 59
1 13 2
164 645
1 10 2
515 407
1 12 2
448 102
1 8 2
900 699
1 7 2
536 161
1 7 2
442 598
1 4 2
994 703
1 10 2
652 547
1 2 2
305 617
1 4 2
698 111
1 12 2
723 892
1 11 2
727 2
1 9 2
16 342
1 7 2
840 521
1 5 2
367 607
1 12 2
424 960
1 15 2
844 858
1 14 2
383 285
1 7 2
699 54
1 2 2
85 12
1 11 2
119 112
1 9 2
684 812
1 15 2
270 514
1 15 2
194 243
1 8 2
431 943
1 15 2
9 377
1 7 2
581 399
1 10 2
27 376
1 5 2
444 481
1 13 2
900 884
1 8 2
141 916
1 9 2
0 952
1 7 2
543 715
1 7 2
742 902
1 9 2
177 950
1 5 2
6 998
1 7 2
255 114
1 15 2
844 838
1 6 2
104 944
1 9 2
144 518
1 9 2
288 398
1 5 2
440 329
1 3 2
222 785
1 11 2
965 755
1 4 2
521 448
1 7 2
27 931
1 10 2
876 511
1 8 2
785 646
1 6 2
222 328
1 13 2
549 910
1 12 2
836 326
1 12 2
264 232
1 10 2
310 649
1 14 2
627 812
1 13 2
867 718
1 13 2
76 94
1 9 2
911 74
1 7 2
950 527
1 4 2
122 777
1 5 2
82 642
1 14 2
557 273
1 8 2
946 188
1 13 2
619 177
1 3 2
301 458
1 4 2
868 634
1 9 2
833 607
1 4 2
800 182
1 6 2
445 985
1 15 2
37 329
1 2 2
339 987
1 14 2
697 957
1 9 2
456 189
1 7 2
751 785
1 10 2
913 731
1 5 2
875 30
1 11 2
208 644
1 10 2
461 159
1 7 2
793 148
1 3 2
24 314
1 11 2
455 169
1 9 2
71 316
1 12 2
500 521
1 4 2
26 858
1 11 2
776 751
1 11 2
782 121
1 11 2
480 174
1 14 2
702 117
1 4 2
100 377
1 9 2
960 504
1 13 2
467 765
1 10 2
161 438
1 9 2
827 96
1 8 2
947 141
1 7 2
950 458
1 9 2
125 795
1 10 2
865 636
1 13 2
822 942
1 11 2
452 57
1 5 2
895 317
1 7 2
546 536
1 2 2
622 979
1 7 2
935 412
1 5 2
281 360
1 3 2
809 552
1 7 2
326 240
1 15 2
572 673
1 12 2
86 854
1 9 2
408 469
1 3 2
233 764
1 7 2
253 565
1 3 2
179 344
1 2 2
419 695
1 5 2
617 801
1 3 2
226 533
1 2 2
116 867
1 8 2
918 313
1 7 2
847 247
1 13 2
168 52
1 7 2
446 777
1 6 2
331 958
1 4 2
506 574
1 12 2
575 210
1 6 2
92 793
1 4 2
984 471
1 13 2
692 663
1 10 2
482 202
1 6 2
796 219
1 14 2
495 46
1 13 2
528 479
1 15 2
93 605
1 14 2
571 587
1 2 2
272 146
1 13 2
870 623
1 3 2
960 328
1 5 2
386 756
1 8 2
880 336
1 8 2
63 853
1 14 2
817 617
1 15 2
462 372
1 7 2
759 487
1 13 2
7 170
1 4 2
22 448
1 14 2
746 364
1 15 2
744 665
1 8 2
775 367
1 10 2
757 155
1 10 2
398 186
1 14 2
462 97
1 2 2
887 352
1 13 2
225 77
1 11 2
179 351
1 2 2
641 909
1 14 2
998 642
1 14 2
363 671
1 13 2
908 329
1 9 2
778 456
1 12 2
589 798
1 10 2
92 252
1 5 2
351 599
1 15 2
142 976
1 5 2
974 394
1 12 2
185 713
1 11 2
398 870
1 9 2
311 372
1 2 2
685 709
1 2 2
386 288
1 8 2
390 492
1 6 2
210 514
1 10 2
818 616
1 3 2
40 788
1 15 2
823 234
1 9 2
888 160
1 7 2
127 818
1 13 2
23 727
1 12 2
334 109
1 3 2
369 597
1 15 2
759 499
1 13 2
706 941
1 4 2
643 439
1 3 2
676 98
1 13 2
24 470
1 15 2
560 877
1 13 2
761 93
1 5 2
656 672
1 8 2
42 765
1 14 2
318 913
1 12 2
859 804
1 9 2
320 12
1 10 2
135 395
1 13 2
598 762
1 7 2
670 754
1 13 2
386 80
1 3 2
618 604
1 6 2
902 238
1 8 2
812 976
1 7 2
422 801
1 2 2
260 585
1 11 2
839 777
1 6 2
751 60
1 3 2
798 881
1 14 2
102 545
1 3 2
243 147
1 5 2
594 133
1 3 2
441 225
1 11 2
102 67
1 3 2
631 257
1 6 2
563 57
1 9 2
917 319
1 11 2
985 209
1 10 2
506 965
1 2 2
869 639
1 6 2
89 373
1 15 2
987 531
1 8 2
952 898
1 12 2
34 135
1 11 2
116 210
1 4 2
460 976
1 4 2
19 810
1 12 2
98 381
1 12 2
77 209
1 4 2
772 67
1 3 2
241 554
1 10 2
836 754
1 4 2
705 640
1 4 2
256 473
1 9 2
561 980
1 7 2
242 66
1 11 2
230 505
1 13 2
496 525
1 15 2
76 805
1 13 2
57 84
1 7 2
102 812
1 10 2
220 673
1 14 2
370 985
1 7 2
247 354
1 13 2
869 602
1 8 2
13 150
1 12 2
534 826
1 2 2
508 884
1 11 2
414 985
1 4 2
409 435
1 6 2
131 278
1 4 2
698 135
1 4 2
897 354
1 8 2
547 385
1 13 2
362 868
1 15 2
705 612
1 13 2
705 56
1 8 2
535 140
1 3 2
908 280
1 6 2
172 362
1 6 2
261 499
1 4 2
392 148
1 2 2
173 981
1 6 2
236 598
1 8 2
431 371
1 4 2
570 741
1 4 2
364 287
1 2 2
427 706
1 13 2
686 251
1 7 2
752 84
1 8 2
347 944
1 8 2
800 471
1 14 2
134 136
1 6 2
242 915
1 12 2
764 680
1 7 2
133 99
1 14 2
48 980
1 3 2
289 28
1 13 2
144 422
1 5 2
114 918
1 9 2
739 165
1 8 2
326 768
1 12 2
238 90
1 7 2
61 771
1 15 2
372 803
1 10 2
363 311
1 5 2
659 936
1 8 2
920 812
1 15 2
394 230
1 7 2
909 229
1 12 2
532 835
1 5 2
718 241
1 13 2
273 791
1 5 2
432 273
1 13 2
295 71
1 9 2
27 826
1 5 2
377 211
1 15 2
811 808
1 5 2
850 897
1 11 2
799 817
1 7 2
330 19
1 8 2
274 276
1 8 2
477 156
1 9 2
71 8
1 3 2
704 634
1 3 2
696 239
1 7 2
43 150
1 3 2
811 210
1 14 2
877 151
1 15 2
916 375
1 13 2
33 264
1 10 2
214 872
1 4 2
606 580
1 9 2
251 805
1 12 2
26 135
1 12 2
400 689
1 3 2
134 29
1 12 2
330 303
1 8 2
620 6
1 12 2
363 864
1 4 2
799 928
1 11 2
928 789
1 13 2
62 619
1 6 2
365 398
1 4 2
765 444
1 15 2
868 745
1 5 2
810 81
1 5 2
988 717
1 5 2
346 903
1 15 2
558 441
1 12 2
247 61
1 6 2
615 449
1 5 2
317 599
1 2 2
323 507
1 12 2
584 468
1 8 2
771 425
1 9 2
634 688
1 8 2
102 543
1 6 2
802 400
1 7 2
89 200
1 14 2
939 397
1 6 2
677 479
1 6 2
69 166
1 12 2
991 706
1 8 2
139 809
1 9 2
491 680
1 5 2
543 444
1 12 2
495 740
1 9 2
57 591
1 3 2
327 75
1 14 2
707 510
1 4 2
643 403
1 15 2
835 923
1 9 2
272 889
1 13 2
195 528
1 14 2
502 593
1 7 2
846 463
1 3 2
815 401
1 14 2
229 231
1 5 2
183 630
1 12 2
671 518
1 6 2
969 522
1 15 2
339 238
1 14 2
891 671
1 2 2
199 367
1 6 2
959 264
1 15 2
243 185
1 6 2
877 88
1 15 2
712 988
1 12 2
482 913
1 12 2
609 822
1 6 2
646 252
1 5 2
640 823
1 13 2
653 553
1 15 2
557 263
1 11 2
332 55
1 9 2
748 333
1 13 2
84 497
1 13 2
204 576
1 14 2
419 349
1 9 2
218 390
1 3 2
127 26
1 6 2
277 142
1 13 2
752 744
1 3 2
411 449
1 8 2
925 822
1 4 2
288 617
1 14 2
420 621
1 7 2
141 571
1 7 2
732 680
1 7 2
891 618
1 8 2
201 975
1 11 2
592 828
1 3 2
456 210
1 11 2
467 745
1 2 2
648 476
1 14 2
205 7
1 15 2
588 522
1 4 2
649 859
1 5 2
701 303
1 3 2
466 951
1 7 2
944 236
1 10 2
988 322
1 11 2
6 551
1 10 2
947 322
1 8 2
663 710
1 13 2
880 552
1 9 2
204 540
1 11 2
775 175
1 3 2
32 913
1 3 2
508 777
1 9 2
272 505
1 2 2
208 404
1 10 2
893 242
1 13 2
658 761
1 6 2
205 457
1 15 2
170 41
1 13 2
755 458
1 3 2
788 498
1 6 2
174 301
1 7 2
800 924
1 12 2
104 151
1 4 2
615 274
1 7 2
116 439
1 11 2
388 87
1 4 2
270 334
1 14 2
88 308
1 15 2
292 634
1 15 2
159 866
1 8 2
355 939
1 7 2
305 887
1 13 2
377 715
1 9 2
619 252
1 11 2
860 226
1 15 2
814 217
1 5 2
467 659
1 10 2
322 6
1 11 2
167 919
1 14 2
767 855
1 8 2
64 243
1 6 2
626 103
1 3 2
414 895
1 5 2
862 968
1 9 2
844 61
1 12 2
494 822
1 6 2
926 734
1 7 2
362 655
1 15 2
530 451
1 9 2
903 930
1 8 2
858 891
1 2 2
395 260
1 6 2
588 700
1 8 2
615 522
1 4 2
747 330
1 5 2
520 918
1 2 2
842 291
1 10 2
820 127
1 4 2
157 21
1 10 2
400 35
1 2 2
409 791
1 6 2
737 273
1 12 2
50 48
1 13 2
85 35
1 14 2
866 911
1 13 2
772 760
1 8 2
382 212
1 10 2
595 88
1 4 2
511 601
1 5 2
365 828
1 9 2
1 637
1 5 2
119 93
1 5 2
345 46
1 3 2
39 193
1 14 2
168 700
1 12 2
940 126
1 4 2
710 316
1 8 2
260 67
1 8 2
100 737
1 6 2
753 418
1 9 2
972 501
1 5 2
288 901
1 5 2
553 759
1 15 2
67 41
1 6 2
234 610
1 2 2
110 108
1 5 2
287 85
1 4 2
716 261
1 14 2
493 870
1 13 2
25 925
1 3 2
518 499
1 8 2
88 411
1 6 2
637 869
1 8 2
985 467
1 14 2
370 849
1 11 2
63 464
1 10 2
374 929
1 7 2
579 802
1 4 2
884 792
1 3 2
748 394
1 7 2
804 562
1 9 2
776 941
1 11 2
433 102
1 3 2
67 889
1 7 2
899 532
1 5 2
93 696
1 12 2
662 39
1 11 2
371 327
1 3 2
362 643
1 9 2
376 879
1 12 2
51 846
1 10 2
715 439
1 4 2
540 749
1 3 2
459 754
1 2 2
582 977
1 9 2
892 244
1 10 2
622 83
1 14 2
287 867
1 3 2
920 992
1 7 2
656 542
1 14 2
521 302
1 14 2
552 67
1 15 2
919 125
1 9 2
372 94
1 10 2
894 622
1 12 2
225 415
1 7 2
607 296
1 10 2
853 293
1 11 2
818 277
1 13 2
237 780
1 5 2
940 74
1 6 2
70 72
1 11 2
642 768
1 6 2
931 363
1 8 2
301 109
1 2 2
576 415
1 5 2
973 834
1 15 2
329 729
1 15 2
121 147
1 14 2
742 646
1 13 2
762 445
1 13 2
386 63
1 15 2
996 814
1 4 2
318 715
1 4 2
867 525
1 9 2
856 633
1 9 2
787 269
1 2 2
41 533
1 10 2
322 328
1 6 2
923 960
1 6 2
553 856
1 10 2
668 461
1 4 2
560 434
1 13 2
158 381
1 6 2
618 527
1 12 2
204 452
1 14 2
52 156
1 11 2
835 126
1 8 2
381 326
1 4 2
669 148
1 10 2
458 379
1 9 2
631 474
1 2 2
215 984
1 14 2
752 638
1 9 2
982 256
1 3 2
360 776
1 7 2
359 215
1 2 2
965 118
1 14 2
513 909
1 8 2
472 104
1 13 2
863 28
1 12 2
168 383
1 4 2
245 624
1 3 2
335 9
1 2 2
33 332
1 11 2
436 338
1 15 2
231 354
1 8 2
135 979
1 7 2
926 678
1 11 2
184 705
1 8 2
489 457
1 7 2
571 800
1 11 2
35 896
1 15 2
810 163
1 2 2
977 780
1 9 2
493 230
1 7 2
422 15
1 8 2
654 11
1 7 2
773 954
1 3 2
539 303
1 13 2
566 809
1 10 2
483 953
1 10 2
700 703
1 8 2
582 662
1 8 2
998 877
1 3 2
223 974
1 8 2
811 280
1 2 2
817 549
1 9 2
271 811
1 6 2
872 478
1 7 2
479 246
1 12 2
686 285
1 5 2
118 67
1 9 2
565 872
1 9 2
273 847
1 7 2
954 288
1 13 2
199 511
1 10 2
971 804
1 8 2
627 244
1 8 2
5 575
1 2 2
987 110
1 6 2
464 37
1 10 2
581 770
1 4 2
934 107
1 8 2
292 510
1 12 2
585 866
1 2 2
865 843
1 2 2
244 903
1 12 2
853 936
1 11 2
791 775
1 7 2
6 445
1 5 2
476 539
1 11 2
493 278
1 10 2
227 306
1 9 2
601 805
1 8 2
212 139
1 8 2
687 896
1 4 2
961 35
1 6 2
263 723
1 6 2
484 529
1 11 2
332 63
1 13 2
950 5
1 13 2
372 561
1 6 2
291 1
1 6 2
644 935
1 3 2
131 393
1 7 2
290 102
1 8 2
270 889
1 3 2
707 178
1 2 2
640 152
1 10 2
933 479
1 13 2
758 767
1 4 2
269 780
1 14 2
131 905
1 4 2
437 404
1 4 2
938 102
1 15 2
98 65
1 5 2
588 685
1 14 2
148 45
1 8 2
171 551
1 14 2
655 613
1 15 2
496 516
1 6 2
56 276
1 9 2
732 334
1 11 2
292 869
1 9 2
226 603
1 9 2
323 542
1 10 2
101 564
1 11 2
207 364
1 7 2
715 714
1 12 2
776 204
1 11 2
789 869
1 11 2
612 386
1 7 2
157 484
1 3 2
569 220
1 7 2
970 559
1 6 2
722 757
1 12 2
219 256
1 11 2
374 960
1 11 2
300 154
1 9 2
505 631
1 8 2
151 673
1 9 2
690 224
1 8 2
947 844
1 8 2
917 130
1 11 2
606 586
1 2 2
315 138
1 7 2
720 526
1 7 2
824 937
1 2 2
35 813
1 4 2
646 480
1 10 2
874 320
1 15 2
789 768
1 15 2
256 450
1 9 2
665 400
1 7 2
637 263
1 9 2
196 795
1 6 2
411 651
1 6 2
867 734
1 12 2
565 346
1 14 2
475 883
1 9 2
710 136
1 8 2
946 932
1 7 2
863 568
1 14 2
177 609
1 4 2
931 32
1 11 2
829 808
1 6 2
404 405
1 12 2
225 939
1 10 2
257 85
1 3 2
401 749
1 12 2
304 207
1 9 2
10 629
1 5 2
521 814
1 12 2
74 968
1 15 2
709 891
1 5 2
570 89
1 11 2
437 208
1 5 2
349 908
1 2 2
826 710
1 9 2
172 660
1 14 2
370 694
1 7 2
994 899
1 12 2
271 767
1 15 2
670 240
1 2 2
910 436
1 11 2
824 364
1 6 2
100 803
1 2 2
318 231
1 4 2
521 800
1 4 2
946 75
1 6 2
370 442
1 7 2
305 418
1 8 2
252 674
1 5 2
282 522
1 15 2
650 196
1 10 2
673 400
1 2 2
940 397
1 7 2
861 175
1 2 2
369 291
1 14 2
165 958
1 7 2
79 486
1 11 2
940 719
1 7 2
302 519
1 6 2
758 456
1 10 2
295 129
1 8 2
347 285
1 6 2
401 101
1 8 2
31 806
1 7 2
746 89
1 2 2
969 46
1 13 2
911 439
1 3 2
845 731
1 14 2
647 980
1 10 2
369 353
1 3 2
514 244
1 4 2
779 985
1 12 2
23 389
1 4 2
492 460
1 5 2
649 0
1 6 2
696 340
1 10 2
836 990
1 13 2
63 320
1 3 2
852 260
1 11 2
590 279
1 3 2
7 907
1 6 2
741 865
1 10 2
430 560
1 11 2
529 557
1 13 2
359 889
1 5 2
346 131
1 14 2
804 842
1 8 2
417 239
1 15 2
614 503
1 3 2
660 142
1 2 2
284 84
1 5 2
556 933
1 11 2
474 316
1 10 2
23 889
1 7 2
918 668
1 10 2
235 72
1 4 2
79 620
1 6 2
991 124
1 13 2
394 31
1 2 2
260 567
1 11 2
240 469
1 8 2
317 618
1 15 2
562 99
1 13 2
95 924
1 4 2
546 389
1 4 2
923 186
1 8 2
674 404
1 9 2
529 489
1 12 2
169 514
1 4 2
185 880
1 9 2
231 52
1 7 2
866 245
1 13 2
38 877
1 7 2
691 408
1 4 2
762 329
1 15 2
192 697
1 10 2
840 905
1 11 2
921 591
1 14 2
413 969
1 2 2
319 592
1 15 2
890 291
1 5 2
400 975
1 13 2
669 580
1 9 2
987 939
1 9 2
563 529
1 8 2
813 303
1 4 2
786 863
1 8 2
356 104
1 10 2
744 520
1 4 2
370 959
1 5 2
629 995
1 12 2
679 872
1 8 2
14 787
1 15 2
325 594
1 7 2
813 164
1 5 2
615 476
1 13 2
30 447
1 13 2
290 836
1 9 2
191 557
1 5 2
367 246
1 2 2
827 250
1 5 2
635 898
1 8 2
41 736
1 7 2
87 951
1 10 2
904 54
1 12 2
856 696
1 13 2
30 398
1 4 2
890 477
1 10 2
274 254
1 9 2
456 990
1 10 2
271 462
1 5 2
654 875
1 7 2
140 787
1 8 2
746 118
1 11 2
976 983
1 3 2
536 584
1 7 2
58 944
1 11 2
43 517
1 8 2
707 310
1 14 2
686 772
1 14 2
602 26
1 9 2
240 666
1 8 2
217 800
1 8 2
165 73
1 2 2
398 735
1 15 2
510 628
1 14 2
483 2
1 14 2
354 411
1 5 2
536 997
1 4 2
379 993
1 12 2
574 827
1 15 2
781 429
1 6 2
584 161
1 10 2
10 414
1 15 2
610 784
1 14 2
658 384
1 2 2
800 575
1 4 2
828 55
1 10 2
748 436
1 6 2
470 323
1 15 2
853 223
1 11 2
592 418
1 15 2
495 894
1 9 2
549 41
1 6 2
708 563
1 9 2
570 369
1 13 2
737 366
1 4 2
435 404
1 3 2
450 638
1 10 2
27 549
1 11 2
316 697
1 2 2
381 534
1 6 2
536 157
1 14 2
895 798
1 6 2
51 164
1 13 2
414 918
1 13 2
317 607
1 14 2
280 208
1 15 2
4 621
1 4 2
12 854
1 7 2
143 819
1 4 2
288 510
1 14 2
758 56
1 7 2
683 762
1 5 2
733 916
1 4 2
9 948
1 15 2
359 736
1 13 2
625 610
1 11 2
654 557
1 4 2
249 319
1 6 2
77 231
1 6 2
429 61
1 7 2
96 386
1 14 2
242 482
1 14 2
889 891
1 2 2
812 210
1 7 2
95 393
1 2 2
548 778
1 2 2
337 546
1 13 2
162 565
1 2 2
725 338
1 11 2
966 13
1 5 2
887 235
1 13 2
113 66
1 9 2
844 955
1 15 2
244 924
1 11 2
40 706
1 5 2
387 374
1 11 2
218 370
1 13 2
163 861
1 12 2
93 532
1 12 2
608 330
1 4 2
86 179
1 8 2
982 658
1 12 2
346 791
1 3 2
267 283
1 3 2
435 50
1 5 2
214 539
1 12 2
984 92
1 2 2
699 426
1 10 2
279 116
1 9 2
796 816
1 4 2
299 21
1 5 2
706 299
1 10 2
534 677
1 3 2
676 494
1 10 2
709 202
1 9 2
548 587
1 9 2
102 349
1 4 2
74 557
1 4 2
869 283
1 11 2
430 951
1 9 2
958 346
1 4 2
940 976
1 15 2
973 205
1 3 2
953 520
1 5 2
530 222
1 9 2
628 714
1 14 2
650 252
1 10 2
179 196
1 2 2
404 875
1 8 2
56 195
1 15 2
949 38
1 12 2
581 850
1 12 2
280 450
1 11 2
222 262
1 8 2
135 601
1 4 2
359 865
1 8 2
626 844
1 11 2
99 692
1 6 2
405 515
1 15 2
646 763
1 2 2
746 179
1 10 2
719 334
1 6 2
878 805
1 10 2
471 478
1 7 2
429 443
1 9 2
641 491
1 6 2
710 687
1 7 2
133 827
1 2 2
371 68
1 7 2
802 983
1 12 2
668 255
1 6 2
978 597
1 4 2
349 825
1 11 2
3 966
1 4 2
971 250
1 2 2
677 450
1 2 2
579 846
1 8 2
13 708
1 11 2
664 998
1 5 2
248 634
1 5 2
686 380
1 11 2
952 924
1 13 2
599 478
1 10 2
216 929
1 10 2
245 874
1 5 2
151 321
1 5 2
681 188
1 6 2
683 405
1 6 2
884 971
1 6 2
524 635
1 10 2
968 41
1 2 2
461 921
1 14 2
582 721
1 3 2
608 530
1 9 2
677 829
1 15 2
106 868
1 7 2
469 892
1 13 2
653 304
1 8 2
106 650
1 5 2
971 422
1 14 2
590 993
1 14 2
512 454
1 15 2
216 69
1 5 2
291 7
1 13 2
464 391
1 5 2
723 132
1 12 2
43 477
1 11 2
680 278
1 6 2
344 944
1 11 2
659 907
1 8 2
826 424
1 4 2
792 369
1 12 2
932 914
1 5 2
157 310
1 9 2
668 498
1 13 2
607 781
1 11 2
200 110
1 4 2
132 881
1 14 2
508 785
1 10 2
779 32
1 12 2
737 987
1 5 2
506 464
1 4 2
229 604
1 9 2
259 63
1 7 2
993 53
1 2 2
224 199
1 14 2
217 332
1 11 2
289 660
1 15 2
914 509
1 3 2
878 770
1 13 2
519 949
1 14 2
837 296
1 10 2
228 45
1 5 2
313 815
1 10 2
471 759
1 12 2
920 444
1 14 2
847 651
1 12 2
554 470
1 15 2
72 666
1 13 2
46 368
1 14 2
942 418
1 4 2
791 734
1 15 2
178 57
1 5 2
111 235
1 3 2
366 998
1 6 2
150 887
1 13 2
779 59
1 11 2
570 178
1 4 2
923 442
1 15 2
436 793
1 11 2
617 219
1 2 2
657 621
1 2 2
212 213
1 10 2
995 762
1 3 2
422 319
1 4 2
539 357
1 3 2
425 884
1 11 2
35 487
1 8 2
154 927
1 9 2
938 934
1 3 2
158 923
1 15 2
536 289
1 5 2
234 242
1 9 2
916 453
1 15 2
342 677
1 2 2
115 421
1 12 2
975 421
1 4 2
668 417
1 15 2
864 402
1 12 2
302 503
1 12 2
584 213
1 9 2
967 935
1 10 2
105 572
1 13 2
24 427
1 15 2
400 378
1 13 2
511 488
1 11 2
26 946
1 11 2
726 311
1 3 2
671 471
1 11 2
186 470
1 10 2
558 966
1 10 2
558 680
1 7 2
804 638
1 12 2
247 150
1 8 2
345 409
1 24 2
392 992
1 12 2
102 899
1 22 2
635 854
1 16 2
447 306
1 16 2
678 872
1 28 2
394 712
1 24 2
706 455
1 30 2
499 285
1 30 2
993 378
1 8 2
643 843
1 30 2
236 701
1 12 2
558 597
1 28 2
605 276
1 26 2
785 215
