1000 5981 3000
23 17 19 10 8 5 14 6 17 21 22 18 25 16 18 6 6 22 15 10 9 10 18 22 24 11 8 6 20 22 16 12 19 24 12 5 10 19 6 9 21 8 13 22 12 25 23 15 14 19 8 24 20 21 22 5 18 25 9 24 9 24 7 17 16 6 6 25 6 21 8 8 23 9 19 6 6 17 7 23 18 25 16 6 6 11 10 15 12 11 15 6 18 9 15 23 10 10 5 23 18 12 13 19 6 10 5 17 9 20 12 21 5 5 13 12 12 24 19 12 22 15 6 24 5 18 21 21 9 13 12 17 21 14 25 8 22 17 18 16 20 21 24 8 15 14 24 24 9 17 14 22 19 19 15 21 21 17 6 21 15 16 17 23 7 13 24 15 20 17 23 23 23 16 10 7 8 6 5 16 23 23 7 19 12 9 14 13 14 5 24 23 5 18 23 15 13 20 22 15 10 24 9 24 19 6 17 11 23 22 22 18 15 9 19 22 21 25 8 21 5 11 9 22 15 6 15 24 22 5 5 14 8 22 20 14 11 14 22 10 16 17 14 9 18 6 11 20 5 5 13 12 12 15 5 5 20 12 9 17 13 7 9 23 19 14 14 25 21 5 17 19 11 21 8 6 21 8 8 21 13 22 7 6 6 12 11 23 19 18 5 12 18 13 8 19 16 6 16 17 22 15 17 14 19 19 16 10 6 17 25 20 20 13 22 25 9 5 23 19 5 11 10 14 14 13 21 18 5 12 11 13 21 16 10 8 15 16 22 9 25 19 9 20 20 16 17 20 14 17 10 17 23 11 9 9 24 25 11 18 16 13 16 10 12 5 17 19 12 19 11 14 14 13 5 13 17 13 24 9 5 5 9 18 5 7 10 16 20 13 6 13 17 13 7 9 6 12 21 8 20 6 10 19 10 5 11 15 14 13 16 8 18 6 9 9 18 8 13 12 8 21 19 24 17 15 13 19 21 11 12 6 8 8 18 6 18 23 22 16 24 24 13 19 11 8 14 7 13 18 12 14 24 22 22 7 14 16 13 8 23 21 8 12 6 21 19 16 11 13 18 25 24 6 25 11 5 23 22 11 25 16 9 17 11 21 8 21 23 9 14 8 15 20 24 15 20 16 9 17 18 18 13 21 12 18 8 9 14 22 22 18 20 16 17 11 24 12 14 12 20 13 12 18 19 23 18 10 20 10 25 25 10 23 13 19 9 5 25 5 25 21 15 17 14 7 25 17 11 21 23 9 16 12 24 17 10 18 25 14 19 9 5 9 6 15 20 17 22 22 12 22 16 12 22 12 14 21 14 24 23 12 22 11 6 8 22 20 14 15 13 19 18 11 13 25 11 6 7 16 17 5 23 22 8 11 15 21 18 24 25 18 21 15 5 24 22 10 15 16 25 17 15 11 8 19 13 10 13 17 21 25 19 15 6 18 7 24 5 5 12 23 12 20 11 5 9 5 23 7 7 13 9 15 25 6 25 23 13 5 19 18 14 7 17 7 7 16 10 17 20 10 16 20 6 19 17 7 23 11 17 16 9 8 15 6 11 21 17 19 23 25 11 14 21 22 8 21 25 21 11 14 6 9 18 23 22 6 15 9 21 16 10 22 23 14 6 11 17 24 17 21 10 9 5 16 23 15 11 22 19 13 20 22 9 15 16 17 17 7 7 23 12 19 10 15 14 19 23 9 25 22 18 22 23 11 14 9 11 11 16 24 11 24 14 17 22 13 5 16 13 12 13 14 11 7 16 24 22 22 14 19 13 11 25 25 23 21 13 17 6 17 20 12 5 5 23 20 20 7 14 10 19 25 11 25 14 18 21 23 21 13 21 7 10 13 23 22 11 14 19 25 19 21 7 11 18 15 17 23 17 13 16 8 25 7 9 11 24 16 23 24 9 12 17 11 20 10 9 18 12 10 17 21 5 22 11 15 21 20 25 13 17 12 21 18 17 10 19 25 19 17 22 23 19 18 19 7 16 13 6 13 22 25 25 24 23 12 9 23 23 15 11 11 11 5 24 13 23 19 21 15 20 12 10 16 23 7 14 13 6 8 19 6 19 15 19 15 7 15 24 22 21 8 14 20 16 21 16 21 15 12 21 25 25 25 15 22 22 17 24 19 12 19 21 13 16 15 13 5 25 16 5 6 22 10 21 7 11 12 6 23 20 24 14 11 21 23 9 21 15 9 19 21 25 6 11 13 8 6 25 22 16 9 6 17 11 20 15 11 17 7 17 13 19 8 8 21 14 5
3 10 9 3 19 20 20 16 9 10 15 6 3 11 20 14 20 17 12 15 8 18 16 11 8 16 19 17 7 4 7 13 20 12 20 6 20 11 10 6 9 12 6 6 10 19 12 9 9 18 14 17 9 10 15 10 4 12 15 19 8 9 18 8 7 12 5 6 16 10 20 13 11 6 15 5 7 6 14 17 13 16 7 6 8 14 6 3 7 17 19 11 5 13 16 4 16 17 13 9 8 3 15 3 12 11 20 9 8 18 10 4 12 17 3 12 20 7 3 18 13 20 6 18 15 6 19 9 14 6 13 6 16 7 19 13 14 18 7 11 8 11 15 15 13 4 17 20 11 19 13 11 15 4 13 7 14 4 12 19 11 20 17 20 17 5 20 5 9 7 19 15 7 10 14 6 17 10 20 9 3 5 5 6 13 17 17 8 15 19 15 9 16 6 15 4 17 4 19 7 20 11 20 4 11 14 11 7 3 11 13 20 19 4 15 8 13 13 18 16 6 3 13 10 6 11 4 7 16 5 20 17 14 5 9 4 6 8 14 12 18 11 11 19 20 12 16 9 20 5 18 7 7 16 11 14 18 5 16 14 19 18 13 13 5 14 17 10 14 5 19 11 13 10 10 6 5 20 8 13 19 18 19 11 5 7 8 6 14 20 9 5 4 12 12 11 14 18 17 7 5 14 15 4 5 15 7 19 6 14 5 14 13 9 6 13 12 15 10 3 6 15 4 3 16 3 14 12 9 3 19 4 3 12 6 16 13 16 9 20 18 4 12 12 12 12 19 4 17 12 3 6 9 4 4 18 11 3 11 20 13 20 10 11 15 17 17 4 19 7 3 20 13 20 9 5 9 6 12 19 5 9 18 19 20 20 20 3 14 10 16 18 18 19 18 19 16 15 10 13 18 18 20 11 6 20 19 10 19 18 4 12 9 17 10 12 3 15 15 10 20 18 19 3 20 16 19 17 8 3 20 8 13 13 10 8 9 5 8 11 17 3 10 18 19 16 14 20 12 3 18 13 5 12 10 3 19 5 14 19 19 18 19 9 6 11 13 3 10 17 9 18 12 15 8 12 15 16 6 9 9 14 12 14 19 16 12 15 7 8 19 11 3 15 20 20 7 16 16 20 11 17 6 14 12 14 7 20 17 5 6 15 17 15 11 5 5 4 6 8 6 18 7 14 17 3 16 9 6 4 18 7 7 11 15 11 13 14 19 10 17 11 19 16 8 16 10 14 9 4 19 4 11 6 3 14 9 3 6 4 11 3 7 7 6 9 10 11 15 17 16 14 14 15 13 13 11 4 18 12 4 19 5 19 17 19 17 9 20 14 11 6 3 12 17 16 11 18 12 16 13 4 20 10 12 4 15 5 17 16 20 11 11 3 14 11 8 5 10 7 9 4 6 3 8 9 20 10 15 4 9 6 16 17 7 13 10 7 18 3 14 14 7 12 11 6 7 4 6 7 12 19 13 16 7 9 8 10 6 9 15 15 12 7 20 5 16 19 19 7 10 16 19 13 13 19 20 17 13 10 19 12 10 11 9 10 16 11 17 4 5 8 12 7 4 4 9 6 13 8 7 11 5 9 14 15 3 6 9 9 9 19 12 5 15 7 19 14 7 16 7 9 10 8 11 6 9 13 14 3 20 18 20 15 5 16 10 3 15 14 16 6 11 8 10 18 11 5 11 10 16 6 3 20 4 8 13 9 19 18 20 3 6 3 14 4 11 6 13 16 20 13 9 18 11 3 6 13 4 11 10 16 19 7 8 14 20 14 20 5 7 8 17 12 5 12 13 11 13 3 6 5 20 14 3 17 14 7 20 15 19 20 8 18 20 16 18 19 13 5 13 10 18 20 16 9 6 19 17 19 7 14 13 19 12 3 12 7 10 20 15 15 19 14 10 15 5 6 12 3 20 4 14 13 8 4 4 10 19 12 12 18 16 20 7 14 10 7 7 9 12 15 12 7 11 4 7 5 19 6 3 9 5 13 14 12 15 14 15 20 8 15 11 14 20 9 5 7 4 11 4 15 10 5 15 19 17 6 4 9 18 3 12 6 19 8 20 16 10 16 7 6 8 12 15 15 5 10 10 15 14 11 11 7 12 5 19 11 5 12 18 17 17 10 3 18 3 7 14 9 10 6 6 5 19 16 15 11 5 13 15 14 16 10 20 9 17 12 19 19 16 9 18 5 17 13 7 5 4 12 3 19 5 11 13 6 20 18 9 9 7 13 11 16 15 10 20 15 9 3
1 7 2
651 157
1 11 2
450 157
1 8 2
45 912
1 12 2
716 469
1 11 2
571 976
1 13 2
644 404
1 9 2
620 150
1 10 2
501 954
1 9 2
812 683
1 11 2
930 555
1 6 2
388 979
1 14 2
168 933
1 12 2
401 332
1 10 2
195 647
1 8 2
606 171
1 6 2
58 106
1 15 2
636 106
1 8 2
517 91
1 14 2
512 893
1 12 2
92 145
1 3 2
682 994
1 5 2
367 201
1 2 2
420 980
1 3 2
382 258
1 8 2
928 598
1 2 2
73 842
1 14 2
632 565
1 7 2
366 818
1 10 2
781 743
1 10 2
446 666
1 12 2
928 391
1 8 2
953 694
1 14 2
724 205
1 2 2
4 768
1 2 2
189 146
1 4 2
289 424
1 5 2
674 767
1 10 2
147 447
1 4 2
270 715
1 8 2
97 476
1 8 2
885 684
1 2 2
114 728
1 3 2
621 603
1 3 2
475 299
1 15 2
206 110
1 15 2
410 244
1 10 2
13 435
1 15 2
260 817
1 5 2
354 522
1 6 2
585 228
1 6 2
415 447
1 8 2
194 756
1 2 2
155 28
1 3 2
137 13
1 3 2
123 494
1 5 2
466 728
1 12 2
728 504
1 3 2
63 558
1 7 2
725 864
1 8 2
658 919
1 9 2
503 110
1 15 2
93 316
1 14 2
928 976
1 10 2
361 873
1 6 2
371 703
1 2 2
297 812
1 9 2
723 385
1 14 2
698 178
1 7 2
522 27
1 10 2
704 565
1 5 2
531 696
1 9 2
915 54
1 13 2
941 548
1 7 2
199 356
1 5 2
471 186
1 8 2
383 417
1 7 2
531 673
1 3 2
32 147
1 7 2
401 544
1 9 2
911 32
1 13 2
981 420
1 4 2
850 562
1 8 2
788 648
1 9 2
942 720
1 3 2
845 628
1 14 2
601 120
1 3 2
925 186
1 15 2
759 515
1 7 2
680 187
1 12 2
124 338
1 9 2
755 701
1 6 2
31 793
1 11 2
237 712
1 4 2
478 120
1 5 2
709 788
1 13 2
575 688
1 15 2
415 516
1 5 2
897 517
1 3 2
447 430
1 12 2
388 829
1 15 2
659 432
1 4 2
429 430
1 10 2
544 209
1 5 2
199 715
1 10 2
733 113
1 7 2
707 491
1 8 2
36 980
1 8 2
537 486
1 6 2
618 20
1 11 2
575 752
1 3 2
934 216
1 15 2
146 194
1 10 2
139 985
1 3 2
621 219
1 5 2
17 495
1 2 2
208 541
1 3 2
573 39
1 13 2
750 721
1 12 2
194 586
1 7 2
664 689
1 8 2
910 624
1 8 2
22 468
1 3 2
855 514
1 8 2
126 164
1 10 2
48 17
1 2 2
579 368
1 8 2
820 401
1 8 2
674 111
1 11 2
825 40
1 10 2
668 753
1 2 2
734 709
1 5 2
158 875
1 15 2
727 387
1 6 2
377 521
1 10 2
511 953
1 10 2
902 589
1 3 2
12 111
1 10 2
109 611
1 5 2
351 88
1 9 2
501 372
1 13 2
446 420
1 3 2
963 128
1 13 2
603 32
1 15 2
586 246
1 9 2
142 337
1 15 2
411 311
1 11 2
775 608
1 5 2
58 435
1 7 2
535 394
1 11 2
713 636
1 9 2
143 820
1 6 2
972 120
1 5 2
979 924
1 11 2
532 719
1 7 2
922 432
1 5 2
799 935
1 9 2
761 866
1 9 2
172 918
1 9 2
667 511
1 12 2
839 89
1 8 2
739 898
1 4 2
657 729
1 8 2
128 704
1 6 2
30 872
1 8 2
632 325
1 11 2
875 580
1 15 2
465 9
1 15 2
315 924
1 2 2
624 815
1 6 2
777 494
1 5 2
944 304
1 12 2
9 466
1 15 2
144 994
1 5 2
140 593
1 13 2
375 933
1 11 2
484 367
1 7 2
540 453
1 12 2
688 404
1 10 2
774 192
1 8 2
623 185
1 7 2
970 671
1 10 2
245 708
1 15 2
205 457
1 6 2
122 792
1 11 2
181 583
1 11 2
12 913
1 7 2
662 216
1 4 2
205 221
1 6 2
621 664
1 14 2
728 372
1 15 2
584 301
1 9 2
979 120
1 4 2
194 219
1 12 2
326 441
1 12 2
148 532
1 10 2
94 639
1 9 2
741 948
1 14 2
213 500
1 10 2
560 657
1 5 2
270 696
1 14 2
738 61
1 10 2
688 448
1 2 2
75 466
1 8 2
986 123
1 2 2
898 103
1 11 2
320 538
1 15 2
94 390
1 6 2
385 67
1 3 2
381 63
1 13 2
910 495
1 2 2
176 635
1 13 2
344 348
1 8 2
172 828
1 7 2
48 301
1 12 2
94 452
1 8 2
156 13
1 11 2
858 395
1 13 2
744 268
1 6 2
305 327
1 7 2
183 270
1 9 2
825 435
1 2 2
422 900
1 5 2
97 284
1 4 2
255 845
1 3 2
625 321
1 9 2
467 975
1 8 2
64 341
1 12 2
871 74
1 11 2
60 356
1 6 2
700 422
1 4 2
337 243
1 2 2
685 473
1 12 2
342 657
1 3 2
290 902
1 13 2
353 676
1 14 2
307 886
1 4 2
258 430
1 14 2
46 111
1 2 2
834 938
1 4 2
359 223
1 13 2
785 483
1 9 2
765 815
1 7 2
177 101
1 8 2
419 977
1 4 2
262 391
1 8 2
563 980
1 15 2
101 121
1 3 2
695 868
1 7 2
377 467
1 4 2
161 3
1 5 2
706 636
1 3 2
141 770
1 2 2
757 595
1 15 2
891 840
1 8 2
399 38
1 2 2
823 286
1 8 2
395 318
1 15 2
680 22
1 2 2
105 349
1 2 2
595 118
1 2 2
672 199
1 13 2
366 313
1 3 2
939 942
1 14 2
25 861
1 8 2
984 360
1 11 2
865 488
1 11 2
965 790
1 13 2
263 862
1 3 2
570 304
1 4 2
115 627
1 11 2
629 228
1 15 2
604 31
1 6 2
320 125
1 4 2
844 548
1 7 2
49 806
1 3 2
340 5
1 14 2
131 373
1 2 2
924 970
1 11 2
218 278
1 11 2
260 440
1 12 2
212 402
1 11 2
956 6
1 10 2
124 786
1 3 2
235 165
1 14 2
170 985
1 12 2
96 480
1 5 2
370 829
1 12 2
530 64
1 13 2
603 820
1 12 2
226 289
1 6 2
913 363
1 11 2
798 1
1 14 2
479 412
1 8 2
314 419
1 9 2
696 382
1 3 2
597 58
1 3 2
372 166
1 7 2
508 856
1 14 2
439 751
1 4 2
753 993
1 8 2
619 205
1 13 2
776 949
1 14 2
369 981
1 15 2
717 618
1 9 2
412 721
1 3 2
815 507
1 15 2
114 219
1 10 2
295 182
1 9 2
757 552
1 11 2
718 50
1 2 2
888 974
1 5 2
827 424
1 8 2
474 933
1 5 2
81 131
1 10 2
431 414
1 7 2
493 527
1 9 2
500 351
1 2 2
724 107
1 10 2
6 533
1 9 2
384 448
1 9 2
76 442
1 12 2
928 448
1 7 2
313 38
1 9 2
163 126
1 3 2
943 167
1 14 2
286 171
1 8 2
597 339
1 7 2
506 670
1 14 2
680 935
1 12 2
945 619
1 3 2
591 293
1 2 2
863 164
1 2 2
901 95
1 12 2
481 118
1 11 2
908 466
1 14 2
397 813
1 4 2
437 724
1 14 2
760 768
1 9 2
69 162
1 4 2
988 663
1 11 2
898 726
1 13 2
189 335
1 15 2
570 382
1 8 2
717 173
1 5 2
969 649
1 4 2
308 650
1 15 2
195 364
1 10 2
933 669
1 13 2
313 635
1 6 2
125 579
1 11 2
7 461
1 9 2
915 942
1 12 2
461 185
1 4 2
543 350
1 3 2
176 637
1 11 2
967 571
1 11 2
318 15
1 15 2
830 10
1 14 2
713 499
1 9 2
591 271
1 11 2
320 562
1 5 2
146 294
1 12 2
239 353
1 7 2
735 674
1 6 2
464 170
1 3 2
54 2
1 13 2
261 227
1 6 2
701 340
1 7 2
481 407
1 2 2
843 81
1 5 2
649 715
1 6 2
513 403
1 7 2
584 271
1 4 2
244 135
1 14 2
263 605
1 5 2
617 680
1 6 2
643 436
1 15 2
487 238
1 2 2
417 872
1 7 2
208 630
1 9 2
706 515
1 8 2
924 441
1 2 2
964 285
1 15 2
535 745
1 14 2
80 843
1 2 2
401 632
1 15 2
45 941
1 2 2
909 623
1 5 2
940 480
1 2 2
895 638
1 15 2
460 282
1 15 2
627 974
1 2 2
30 489
1 7 2
400 436
1 3 2
218 472
1 14 2
495 801
1 11 2
915 668
1 11 2
469 78
1 10 2
715 945
1 14 2
898 78
1 4 2
457 35
1 5 2
194 466
1 4 2
246 228
1 8 2
897 372
1 8 2
373 763
1 6 2
488 494
1 4 2
240 821
1 9 2
466 852
1 2 2
703 78
1 6 2
69 205
1 9 2
957 965
1 15 2
556 29
1 7 2
610 939
1 4 2
611 825
1 5 2
995 638
1 13 2
277 3
1 7 2
503 649
1 5 2
622 238
1 13 2
909 689
1 5 2
945 477
1 12 2
127 413
1 10 2
973 852
1 4 2
139 105
1 3 2
887 703
1 11 2
38 70
1 8 2
98 387
1 3 2
958 217
1 8 2
314 810
1 5 2
321 55
1 11 2
511 75
1 13 2
487 751
1 10 2
988 374
1 6 2
373 365
1 10 2
235 296
1 2 2
268 435
1 4 2
900 902
1 5 2
403 202
1 14 2
211 223
1 4 2
290 248
1 12 2
560 938
1 2 2
802 664
1 5 2
419 365
1 3 2
781 656
1 4 2
812 345
1 14 2
282 600
1 8 2
213 673
1 5 2
841 654
1 8 2
700 936
1 14 2
205 326
1 13 2
734 324
1 14 2
610 350
1 2 2
759 701
1 3 2
976 790
1 7 2
516 25
1 13 2
710 161
1 4 2
602 626
1 15 2
126 848
1 3 2
383 301
1 5 2
978 889
1 10 2
512 550
1 14 2
235 108
1 9 2
340 760
1 4 2
641 995
1 12 2
992 947
1 11 2
990 814
1 14 2
780 70
1 9 2
553 12
1 10 2
652 542
1 7 2
74 334
1 11 2
495 783
1 7 2
173 99
1 4 2
5 958
1 6 2
559 645
1 15 2
197 514
1 12 2
403 495
1 13 2
235 212
1 12 2
563 38
1 4 2
297 65
1 7 2
56 161
1 12 2
469 710
1 12 2
61 629
1 9 2
495 877
1 11 2
673 167
1 10 2
850 677
1 8 2
509 264
1 3 2
522 876
1 2 2
722 520
1 4 2
508 900
1 14 2
405 975
1 8 2
301 840
1 3 2
160 470
1 2 2
149 91
1 4 2
917 396
1 6 2
795 326
1 3 2
620 584
1 13 2
630 329
1 14 2
222 105
1 5 2
653 691
1 6 2
733 490
1 14 2
876 518
1 3 2
801 416
1 3 2
551 623
1 9 2
910 146
1 12 2
855 642
1 7 2
790 244
1 12 2
302 501
1 7 2
116 792
1 14 2
240 56
1 12 2
340 290
1 12 2
607 833
1 13 2
875 33
1 7 2
722 728
1 6 2
945 321
1 11 2
807 709
1 6 2
622 291
1 3 2
824 709
1 5 2
632 388
1 3 2
966 419
1 13 2
315 424
1 13 2
952 390
1 10 2
717 15
1 3 2
129 780
1 6 2
608 9
1 15 2
486 970
1 15 2
167 844
1 6 2
543 402
1 7 2
230 535
1 4 2
666 672
1 14 2
364 367
1 13 2
537 802
1 10 2
484 907
1 11 2
436 33
1 2 2
959 853
1 12 2
233 643
1 14 2
514 633
1 4 2
863 909
1 5 2
413 0
1 5 2
519 910
1 6 2
814 489
1 15 2
729 307
1 13 2
160 565
1 13 2
412 594
1 10 2
263 961
1 15 2
273 467
1 7 2
82 426
1 10 2
428 150
1 14 2
721 586
1 2 2
234 427
1 9 2
247 588
1 2 2
637 147
1 10 2
1 133
1 14 2
863 933
1 10 2
268 225
1 11 2
807 688
1 11 2
188 307
1 5 2
293 97
1 3 2
692 267
1 6 2
938 969
1 11 2
462 970
1 10 2
84 304
1 6 2
638 307
1 3 2
759 773
1 11 2
997 405
1 6 2
607 619
1 12 2
123 454
1 8 2
875 489
1 5 2
934 355
1 4 2
758 354
1 8 2
744 208
1 14 2
238 56
1 13 2
863 779
1 15 2
164 753
1 12 2
844 710
1 14 2
502 674
1 9 2
551 356
1 4 2
129 344
1 9 2
119 179
1 9 2
893 131
1 9 2
640 329
1 6 2
333 205
1 4 2
698 992
1 6 2
121 687
1 10 2
553 620
1 13 2
668 596
1 8 2
244 230
1 5 2
96 30
1 12 2
17 19
1 5 2
495 31
1 9 2
730 375
1 8 2
717 942
1 8 2
592 632
1 15 2
390 683
1 14 2
479 550
1 7 2
737 658
1 8 2
474 985
1 3 2
190 127
1 7 2
80 663
1 14 2
353 416
1 14 2
128 249
1 5 2
259 213
1 12 2
79 116
1 11 2
287 122
1 5 2
582 245
1 6 2
726 505
1 8 2
368 132
1 12 2
869 443
1 12 2
138 510
1 10 2
995 993
1 12 2
372 342
1 7 2
838 979
1 2 2
299 676
1 12 2
837 145
1 14 2
913 888
1 7 2
371 556
1 8 2
587 623
1 14 2
971 285
1 4 2
883 126
1 8 2
297 741
1 3 2
940 22
1 7 2
869 725
1 14 2
738 735
1 12 2
701 63
1 7 2
665 273
1 15 2
252 121
1 15 2
452 307
1 14 2
318 26
1 8 2
984 37
1 2 2
249 950
1 14 2
761 629
1 6 2
437 641
1 9 2
98 985
1 8 2
648 150
1 10 2
998 563
1 10 2
432 319
1 3 2
621 80
1 10 2
144 285
1 14 2
203 845
1 3 2
946 842
1 12 2
919 413
1 14 2
864 689
1 6 2
372 403
1 9 2
694 509
1 5 2
746 109
1 3 2
184 833
1 3 2
874 842
1 15 2
175 484
1 3 2
644 686
1 10 2
629 19
1 14 2
830 913
1 5 2
981 389
1 14 2
198 478
1 7 2
948 191
1 14 2
824 184
1 5 2
958 758
1 11 2
21 630
1 6 2
942 640
1 6 2
348 49
1 7 2
525 874
1 3 2
636 158
1 5 2
567 445
1 14 2
604 992
1 4 2
259 719
1 2 2
285 684
1 9 2
535 209
1 5 2
488 908
1 12 2
821 811
1 13 2
342 454
1 10 2
952 573
1 10 2
396 304
1 8 2
990 349
1 4 2
666 399
1 9 2
382 103
1 8 2
364 101
1 15 2
218 565
1 12 2
798 338
1 13 2
465 184
1 10 2
230 43
1 12 2
6 781
1 15 2
506 939
1 9 2
331 73
1 8 2
78 900
1 12 2
12 307
1 5 2
878 126
1 2 2
752 725
1 6 2
579 194
1 15 2
50 173
1 5 2
394 285
1 6 2
304 836
1 7 2
406 911
1 12 2
895 867
1 3 2
736 38
1 12 2
3 199
1 5 2
169 568
1 2 2
228 348
1 11 2
780 484
1 13 2
620 922
1 5 2
881 707
1 2 2
126 829
1 10 2
921 844
1 10 2
690 976
1 13 2
126 202
1 5 2
930 146
1 8 2
200 472
1 2 2
261 265
1 3 2
503 688
1 12 2
304 137
1 5 2
815 304
1 13 2
503 726
1 9 2
191 993
1 12 2
743 821
1 5 2
344 734
1 9 2
94 773
1 4 2
209 748
1 13 2
116 856
1 15 2
816 444
1 8 2
854 362
1 6 2
32 934
1 12 2
558 18
1 14 2
699 399
1 5 2
184 439
1 10 2
97 250
1 6 2
999 150
1 4 2
964 737
1 8 2
919 812
1 4 2
403 132
1 7 2
262 452
1 4 2
224 577
1 10 2
362 214
1 11 2
609 177
1 11 2
224 98
1 14 2
712 825
1 7 2
619 33
1 5 2
213 617
1 10 2
42 296
1 3 2
529 774
1 14 2
261 640
1 14 2
542 340
1 12 2
279 998
1 8 2
879 902
1 14 2
582 940
1 12 2
682 34
1 14 2
759 983
1 15 2
221 290
1 7 2
820 950
1 11 2
1 870
1 4 2
361 49
1 11 2
384 517
1 15 2
540 172
1 10 2
86 991
1 12 2
866 107
1 15 2
93 981
1 5 2
770 374
1 7 2
444 772
1 11 2
813 910
1 4 2
489 995
1 13 2
159 587
1 15 2
281 368
1 10 2
631 406
1 12 2
276 59
1 6 2
483 717
1 9 2
990 631
1 10 2
187 276
1 5 2
266 322
1 15 2
591 665
1 2 2
444 521
1 7 2
69 119
1 12 2
307 477
1 13 2
282 30
1 6 2
885 348
1 2 2
138 605
1 8 2
341 473
1 8 2
929 21
1 10 2
195 170
1 3 2
131 279
1 7 2
590 199
1 2 2
157 512
1 7 2
85 817
1 5 2
540 185
1 10 2
883 330
1 4 2
791 637
1 13 2
928 578
1 11 2
641 768
1 15 2
647 156
1 7 2
155 474
1 3 2
929 121
1 10 2
370 508
1 10 2
123 230
1 7 2
545 675
1 6 2
339 577
1 2 2
271 316
1 6 2
451 247
1 2 2
239 102
1 12 2
948 867
1 11 2
793 742
1 5 2
343 620
1 8 2
371 51
1 14 2
693 841
1 9 2
566 381
1 13 2
919 844
1 13 2
558 368
1 6 2
573 394
1 13 2
832 215
1 4 2
478 628
1 2 2
167 207
1 14 2
817 272
1 12 2
6 208
1 6 2
485 417
1 8 2
49 900
1 2 2
353 749
1 10 2
346 118
1 6 2
445 297
1 11 2
873 434
1 11 2
522 814
1 15 2
301 214
1 7 2
751 570
1 10 2
112 319
1 4 2
664 446
1 2 2
953 938
1 5 2
252 922
1 5 2
81 585
1 14 2
874 171
1 13 2
490 550
1 7 2
676 261
1 15 2
980 584
1 10 2
650 703
1 14 2
516 121
1 7 2
744 823
1 13 2
710 208
1 8 2
591 133
1 3 2
192 626
1 10 2
995 122
1 8 2
177 350
1 5 2
360 10
1 12 2
170 707
1 12 2
531 557
1 13 2
542 660
1 7 2
587 49
1 12 2
361 921
1 2 2
13 957
1 8 2
910 4
1 14 2
444 613
1 4 2
245 828
1 8 2
707 636
1 15 2
866 631
1 3 2
824 992
1 6 2
659 260
1 10 2
501 292
1 3 2
30 166
1 7 2
899 119
1 10 2
134 784
1 12 2
63 45
1 3 2
612 529
1 4 2
187 648
1 15 2
953 318
1 14 2
141 890
1 12 2
163 32
1 9 2
583 210
1 8 2
549 41
1 10 2
994 506
1 11 2
656 321
1 11 2
306 502
1 12 2
893 680
1 6 2
591 438
1 10 2
721 69
1 10 2
339 731
1 3 2
386 727
1 8 2
81 331
1 2 2
407 833
1 9 2
510 925
1 10 2
978 241
1 6 2
709 950
1 9 2
995 620
1 14 2
90 935
1 12 2
50 610
1 15 2
708 523
1 5 2
906 919
1 7 2
752 525
1 6 2
769 945
1 8 2
213 464
1 11 2
527 790
1 4 2
919 450
1 2 2
254 429
1 13 2
933 714
1 9 2
230 70
1 8 2
652 945
1 2 2
644 659
1 4 2
896 32
1 12 2
36 214
1 2 2
730 902
1 5 2
615 19
1 8 2
66 539
1 3 2
6 906
1 11 2
289 908
1 15 2
569 544
1 11 2
387 941
1 5 2
361 724
1 11 2
945 107
1 10 2
950 417
1 14 2
65 861
1 9 2
27 851
1 4 2
389 468
1 8 2
44 835
1 10 2
416 16
1 13 2
995 504
1 13 2
939 629
1 6 2
993 358
1 6 2
104 715
1 8 2
902 731
1 7 2
292 31
1 9 2
231 166
1 15 2
791 30
1 14 2
58 678
1 14 2
253 963
1 4 2
925 847
1 7 2
680 639
1 14 2
430 342
1 11 2
537 925
1 8 2
907 390
1 3 2
111 611
1 5 2
321 760
1 10 2
574 29
1 12 2
289 71
1 5 2
367 11
1 13 2
135 630
1 9 2
504 387
1 7 2
576 452
1 5 2
638 100
1 13 2
287 898
1 12 2
414 309
1 9 2
260 664
1 2 2
365 800
1 7 2
621 344
1 3 2
783 621
1 3 2
785 565
1 13 2
322 830
1 8 2
951 830
1 14 2
648 385
1 4 2
180 770
1 7 2
786 355
1 4 2
894 119
1 6 2
822 591
1 2 2
419 439
1 4 2
1 695
1 3 2
936 152
1 3 2
416 205
1 4 2
469 344
1 12 2
353 244
1 14 2
69 58
1 8 2
50 926
1 6 2
863 208
1 15 2
703 518
1 9 2
881 755
1 9 2
459 352
1 5 2
576 792
1 7 2
684 197
1 3 2
896 712
1 9 2
833 715
1 3 2
371 849
1 12 2
238 905
1 6 2
422 600
1 7 2
122 318
1 5 2
876 560
1 5 2
292 664
1 7 2
261 480
1 4 2
721 186
1 13 2
212 363
1 2 2
581 693
1 7 2
183 865
1 9 2
501 113
1 10 2
221 815
1 2 2
836 730
1 6 2
747 288
1 13 2
211 981
1 7 2
17 469
1 7 2
139 281
1 14 2
795 536
1 8 2
628 96
1 6 2
699 370
1 3 2
573 821
1 8 2
538 661
1 8 2
846 808
1 6 2
128 884
1 8 2
319 174
1 4 2
549 222
1 7 2
810 976
1 7 2
460 659
1 2 2
908 979
1 3 2
413 766
1 14 2
908 590
1 5 2
212 639
1 7 2
118 402
1 7 2
202 460
1 2 2
850 196
1 11 2
844 321
1 8 2
466 700
1 12 2
184 597
1 10 2
405 380
1 8 2
907 537
1 11 2
993 235
1 6 2
544 885
1 13 2
536 209
1 13 2
37 710
1 13 2
756 710
1 13 2
434 976
1 10 2
290 715
1 10 2
276 231
1 7 2
349 945
1 7 2
178 665
1 15 2
155 472
1 10 2
645 598
1 4 2
953 983
1 8 2
623 30
1 15 2
785 673
1 11 2
263 236
1 4 2
144 186
1 7 2
646 862
1 11 2
101 863
1 4 2
994 774
1 7 2
847 644
1 12 2
550 594
1 4 2
536 773
1 14 2
374 146
1 8 2
348 927
1 15 2
660 877
1 2 2
957 827
1 13 2
485 816
1 6 2
461 577
1 2 2
303 327
1 15 2
963 701
1 2 2
891 713
1 2 2
496 218
1 13 2
271 439
1 14 2
454 934
1 3 2
465 261
1 8 2
576 257
1 6 2
144 362
1 9 2
852 585
1 14 2
479 867
1 13 2
839 941
1 2 2
589 295
1 9 2
917 790
1 7 2
187 451
1 13 2
236 405
1 3 2
518 109
1 13 2
451 493
1 12 2
268 805
1 6 2
101 288
1 2 2
431 579
1 5 2
489 950
1 14 2
747 993
1 3 2
133 465
1 4 2
605 44
1 8 2
258 992
1 4 2
213 765
1 7 2
731 11
1 5 2
48 545
1 15 2
39 841
1 14 2
936 688
1 11 2
237 128
1 11 2
430 8
1 14 2
913 880
1 14 2
106 611
1 4 2
399 732
1 4 2
569 141
1 4 2
61 327
1 3 2
555 124
1 8 2
726 325
1 9 2
666 46
1 11 2
885 310
1 11 2
762 913
1 15 2
434 492
1 14 2
130 338
1 11 2
909 355
1 8 2
536 976
1 14 2
239 233
1 10 2
596 641
1 3 2
220 411
1 15 2
193 281
1 14 2
857 103
1 6 2
286 247
1 13 2
162 559
1 12 2
592 372
1 5 2
647 801
1 13 2
674 580
1 10 2
640 806
1 8 2
443 707
1 5 2
687 469
1 7 2
264 647
1 6 2
72 201
1 14 2
555 736
1 3 2
518 613
1 4 2
968 98
1 12 2
164 553
1 8 2
91 604
1 11 2
875 905
1 15 2
823 780
1 2 2
214 910
1 13 2
409 232
1 2 2
88 511
1 8 2
662 227
1 9 2
174 70
1 7 2
825 646
1 7 2
499 647
1 14 2
558 130
1 12 2
902 946
1 7 2
991 291
1 8 2
242 343
1 7 2
837 134
1 3 2
982 483
1 13 2
88 664
1 14 2
607 424
1 10 2
803 289
1 5 2
686 727
1 7 2
327 885
1 8 2
24 585
1 10 2
139 563
1 8 2
636 859
1 12 2
670 261
1 15 2
0 66
1 3 2
186 315
1 7 2
976 831
1 2 2
819 404
1 8 2
184 743
1 15 2
97 824
1 15 2
431 671
1 7 2
650 62
1 10 2
258 691
1 8 2
10 105
1 14 2
968 174
1 6 2
288 192
1 6 2
394 27
1 8 2
616 467
1 8 2
109 120
1 2 2
838 89
1 11 2
537 70
1 10 2
724 256
1 11 2
797 489
1 15 2
685 988
1 13 2
489 930
1 7 2
84 585
1 6 2
280 422
1 12 2
420 1
1 9 2
993 586
1 14 2
232 53
1 14 2
880 840
1 13 2
356 125
1 10 2
289 478
1 8 2
881 280
1 10 2
556 467
1 5 2
224 960
1 11 2
382 77
1 12 2
689 514
1 13 2
60 827
1 13 2
393 483
1 3 2
616 7
1 4 2
163 379
1 11 2
905 641
1 2 2
939 246
1 2 2
821 398
1 14 2
418 575
1 14 2
880 9
1 14 2
34 334
1 13 2
106 967
1 4 2
450 990
1 2 2
844 88
1 13 2
703 613
1 10 2
523 219
1 10 2
185 649
1 4 2
558 905
1 8 2
523 637
1 3 2
898 966
1 13 2
728 517
1 8 2
262 463
1 8 2
519 163
1 6 2
83 786
1 6 2
421 557
1 5 2
289 530
1 10 2
729 922
1 2 2
30 931
1 5 2
458 380
1 5 2
704 839
1 12 2
573 155
1 6 2
900 480
1 10 2
414 461
1 2 2
946 703
1 2 2
309 832
1 14 2
2 188
1 2 2
931 532
1 7 2
451 272
1 6 2
275 345
1 4 2
796 964
1 5 2
394 317
1 8 2
538 18
1 15 2
534 159
1 7 2
49 236
1 5 2
918 440
1 4 2
505 230
1 4 2
606 737
1 6 2
479 232
1 12 2
622 694
1 12 2
130 55
1 13 2
511 311
1 3 2
844 460
1 9 2
794 943
1 3 2
458 521
1 15 2
708 716
1 13 2
885 558
1 9 2
867 562
1 3 2
31 744
1 8 2
375 976
1 11 2
162 998
1 8 2
740 573
1 12 2
200 794
1 8 2
92 444
1 12 2
788 173
1 7 2
46 740
1 14 2
418 144
1 8 2
134 252
1 9 2
983 908
1 14 2
506 604
1 8 2
775 549
1 9 2
752 881
1 13 2
502 781
1 7 2
609 486
1 10 2
370 187
1 4 2
459 69
1 15 2
387 803
1 9 2
232 864
1 5 2
455 473
1 13 2
640 368
1 5 2
781 307
1 5 2
570 230
1 10 2
278 451
1 2 2
128 936
1 14 2
764 467
1 2 2
107 787
1 8 2
771 732
1 11 2
27 558
1 9 2
401 730
1 8 2
840 579
1 13 2
289 578
1 13 2
321 351
1 7 2
583 670
1 9 2
591 223
1 5 2
723 798
1 2 2
537 738
1 15 2
91 909
1 8 2
34 41
1 11 2
107 454
1 6 2
454 303
1 15 2
719 479
1 2 2
263 344
1 4 2
322 265
1 13 2
827 721
1 4 2
420 24
1 2 2
98 784
1 9 2
108 730
1 15 2
106 115
1 10 2
783 944
1 7 2
794 587
1 9 2
441 528
1 4 2
557 885
1 6 2
210 318
1 4 2
524 749
1 13 2
736 361
1 5 2
460 321
1 15 2
213 152
1 14 2
904 691
1 14 2
487 424
1 13 2
60 854
1 7 2
438 645
1 8 2
794 8
1 14 2
108 646
1 8 2
187 891
1 12 2
564 943
1 15 2
676 69
1 13 2
108 634
1 15 2
581 570
1 10 2
798 611
1 9 2
828 410
1 13 2
891 707
1 6 2
11 728
1 12 2
176 184
1 3 2
194 394
1 12 2
868 891
1 7 2
720 667
1 5 2
116 949
1 2 2
717 718
1 6 2
539 356
1 3 2
218 443
1 11 2
160 993
1 15 2
43 244
1 5 2
143 869
1 9 2
389 856
1 4 2
590 925
1 3 2
996 543
1 7 2
398 624
1 3 2
318 853
1 7 2
234 62
1 15 2
36 603
1 15 2
237 939
1 7 2
376 814
1 13 2
232 450
1 9 2
531 268
1 3 2
165 455
1 2 2
516 240
1 11 2
420 830
1 8 2
416 60
1 8 2
426 47
1 15 2
861 475
1 10 2
213 31
1 15 2
905 424
1 5 2
919 902
1 15 2
619 153
1 10 2
490 543
1 7 2
254 898
1 9 2
958 635
1 12 2
404 778
1 15 2
225 436
1 7 2
594 754
1 7 2
38 188
1 11 2
430 446
1 13 2
56 921
1 2 2
697 652
1 14 2
651 602
1 6 2
125 787
1 11 2
15 500
1 3 2
916 830
1 5 2
249 953
1 12 2
820 835
1 9 2
649 129
1 9 2
756 808
1 5 2
886 249
1 12 2
521 575
1 11 2
326 575
1 11 2
880 436
1 11 2
403 304
1 2 2
36 770
1 7 2
477 190
1 6 2
583 959
1 10 2
659 532
1 11 2
176 606
1 11 2
672 592
1 4 2
572 427
1 9 2
866 2
1 11 2
360 94
1 5 2
761 15
1 2 2
107 33
1 4 2
672 795
1 4 2
524 64
1 4 2
973 474
1 12 2
272 156
1 15 2
269 189
1 3 2
165 935
1 2 2
856 782
1 7 2
401 10
1 15 2
341 588
1 12 2
606 260
1 4 2
941 839
1 9 2
235 913
1 12 2
495 687
1 5 2
642 891
1 2 2
902 410
1 9 2
604 46
1 15 2
434 291
1 14 2
980 673
1 15 2
646 711
1 12 2
700 476
1 4 2
131 63
1 11 2
967 677
1 7 2
862 267
1 10 2
476 852
1 9 2
196 174
1 3 2
747 198
1 8 2
965 498
1 9 2
711 387
1 8 2
195 214
1 10 2
358 548
1 5 2
736 791
1 7 2
109 864
1 12 2
758 263
1 14 2
148 935
1 12 2
782 997
1 7 2
963 567
1 6 2
472 41
1 12 2
336 921
1 6 2
814 265
1 9 2
717 841
1 9 2
624 980
1 14 2
995 613
1 15 2
386 442
1 2 2
488 657
1 12 2
981 619
1 10 2
699 22
1 7 2
227 731
1 5 2
45 701
1 2 2
279 415
1 5 2
251 14
1 9 2
133 322
1 9 2
870 939
1 6 2
77 902
1 7 2
334 592
1 13 2
353 610
1 2 2
637 972
1 13 2
910 937
1 8 2
677 532
1 5 2
248 4
1 11 2
651 693
1 10 2
517 480
1 8 2
103 599
1 13 2
769 528
1 12 2
129 57
1 13 2
47 617
1 5 2
968 401
1 14 2
708 258
1 14 2
738 826
1 10 2
585 155
1 11 2
101 976
1 15 2
664 513
1 13 2
401 188
1 7 2
472 739
1 2 2
473 874
1 10 2
347 614
1 9 2
42 80
1 4 2
565 196
1 5 2
867 372
1 8 2
242 28
1 2 2
290 560
1 12 2
720 590
1 3 2
166 859
1 6 2
66 888
1 4 2
892 792
1 2 2
187 323
1 9 2
889 530
1 14 2
416 226
1 2 2
92 757
1 3 2
324 48
1 14 2
213 806
1 15 2
265 253
1 11 2
287 837
1 12 2
762 205
1 3 2
307 965
1 9 2
157 343
1 4 2
570 216
1 6 2
688 904
1 12 2
263 18
1 10 2
740 43
1 5 2
207 915
1 15 2
857 256
1 8 2
72 846
1 11 2
529 323
1 6 2
783 659
1 14 2
717 584
1 4 2
724 674
1 9 2
990 887
1 6 2
890 342
1 12 2
159 682
1 13 2
368 902
1 12 2
366 944
1 8 2
805 188
1 15 2
795 456
1 9 2
467 59
1 5 2
355 576
1 10 2
935 778
1 10 2
949 158
1 10 2
803 990
1 2 2
821 75
1 9 2
392 740
1 11 2
677 280
1 10 2
926 517
1 8 2
580 162
1 13 2
806 613
1 3 2
26 144
1 15 2
484 684
1 6 2
392 38
1 8 2
815 727
1 10 2
144 308
1 15 2
964 323
1 15 2
825 191
1 7 2
364 956
1 15 2
745 669
1 8 2
330 47
1 14 2
949 813
1 14 2
244 151
1 11 2
687 751
1 15 2
683 395
1 10 2
215 23
1 10 2
7 883
1 11 2
111 714
1 12 2
780 222
1 11 2
64 429
1 2 2
587 916
1 7 2
156 112
1 7 2
336 349
1 5 2
567 334
1 13 2
116 768
1 9 2
474 119
1 5 2
486 377
1 5 2
912 610
1 13 2
229 244
1 13 2
516 158
1 6 2
797 369
1 9 2
173 546
1 4 2
351 82
1 6 2
718 431
1 9 2
594 612
1 3 2
548 616
1 4 2
264 601
1 11 2
437 36
1 14 2
721 592
1 5 2
198 630
1 14 2
645 706
1 13 2
958 999
1 5 2
362 475
1 4 2
883 428
1 7 2
818 244
1 5 2
883 400
1 11 2
127 675
1 15 2
516 312
1 7 2
445 420
1 13 2
390 825
1 8 2
70 198
1 8 2
468 283
1 13 2
368 977
1 5 2
473 723
1 14 2
834 517
1 15 2
281 639
1 8 2
401 908
1 7 2
933 4
1 8 2
526 656
1 13 2
270 952
1 15 2
202 613
1 7 2
297 597
1 14 2
593 380
1 7 2
718 25
1 15 2
204 972
1 13 2
382 691
1 12 2
883 130
1 15 2
411 481
1 9 2
12 577
1 5 2
273 754
1 6 2
708 900
1 2 2
357 277
1 10 2
845 950
1 11 2
165 831
1 8 2
562 186
1 7 2
17 767
1 11 2
873 161
1 2 2
690 505
1 3 2
603 358
1 7 2
383 510
1 2 2
631 929
1 6 2
584 164
1 8 2
213 324
1 10 2
251 489
1 6 2
657 861
1 7 2
981 778
1 11 2
561 922
1 4 2
222 443
1 8 2
363 654
1 15 2
972 289
1 3 2
463 762
1 14 2
228 568
1 4 2
726 278
1 9 2
492 87
1 10 2
856 862
1 7 2
779 617
1 15 2
805 821
1 14 2
782 449
1 6 2
100 843
1 4 2
965 788
1 5 2
793 981
1 4 2
609 817
1 14 2
772 259
1 9 2
386 595
1 2 2
888 784
1 11 2
515 390
1 3 2
412 496
1 10 2
760 196
1 10 2
61 775
1 14 2
101 916
1 10 2
484 807
1 7 2
359 441
1 2 2
12 113
1 4 2
81 567
1 7 2
750 778
1 7 2
124 320
1 8 2
341 632
1 3 2
970 162
1 2 2
83 477
1 10 2
936 524
1 14 2
171 84
1 8 2
520 344
1 9 2
188 694
1 15 2
726 659
1 2 2
1 813
1 15 2
287 951
1 5 2
908 517
1 15 2
362 351
1 4 2
457 757
1 4 2
349 542
1 4 2
592 298
1 14 2
570 391
1 15 2
230 151
1 2 2
550 498
1 7 2
796 577
1 10 2
626 219
1 11 2
437 8
1 8 2
118 795
1 11 2
691 631
1 8 2
916 56
1 13 2
120 916
1 13 2
787 31
1 3 2
882 310
1 11 2
348 150
1 7 2
273 940
1 12 2
698 46
1 11 2
907 88
1 14 2
435 799
1 3 2
241 681
1 2 2
673 652
1 7 2
170 349
1 5 2
225 44
1 9 2
376 198
1 4 2
224 723
1 13 2
328 621
1 13 2
58 495
1 8 2
878 756
1 3 2
696 971
1 13 2
632 951
1 10 2
177 663
1 13 2
99 929
1 3 2
244 651
1 9 2
540 991
1 7 2
685 732
1 7 2
828 480
1 9 2
896 892
1 4 2
497 907
1 15 2
150 964
1 5 2
171 680
1 10 2
566 870
1 8 2
176 336
1 10 2
758 156
1 13 2
701 828
1 7 2
847 129
1 2 2
929 572
1 14 2
251 537
1 11 2
26 707
1 14 2
936 200
1 13 2
448 962
1 8 2
544 401
1 14 2
660 918
1 7 2
601 683
1 14 2
978 289
1 11 2
166 614
1 13 2
898 327
1 6 2
942 464
1 14 2
730 259
1 7 2
592 530
1 4 2
864 417
1 5 2
96 936
1 4 2
843 488
1 4 2
35 946
1 12 2
489 945
1 7 2
486 406
1 14 2
599 23
1 9 2
169 629
1 12 2
693 158
1 8 2
460 560
1 15 2
438 501
1 12 2
257 509
1 3 2
571 895
1 15 2
419 855
1 7 2
845 168
1 5 2
733 931
1 13 2
980 570
1 15 2
264 201
1 13 2
99 576
1 4 2
453 990
1 2 2
723 28
1 15 2
470 606
1 2 2
18 702
1 15 2
793 11
1 11 2
202 944
1 11 2
791 91
1 12 2
647 408
1 3 2
666 821
1 8 2
158 807
1 11 2
980 361
1 6 2
756 180
1 12 2
350 465
1 5 2
973 856
1 7 2
589 915
1 14 2
106 841
1 6 2
16 64
1 11 2
266 483
1 10 2
795 485
1 2 2
786 567
1 15 2
803 802
1 15 2
505 207
1 5 2
349 781
1 4 2
225 582
1 5 2
283 301
1 12 2
357 62
1 8 2
335 541
1 2 2
405 675
1 2 2
304 84
1 6 2
517 74
1 12 2
889 438
1 13 2
511 459
1 10 2
130 263
1 10 2
756 368
1 4 2
725 7
1 3 2
931 448
1 8 2
353 318
1 13 2
43 709
1 10 2
870 3
1 15 2
787 445
1 7 2
439 547
1 9 2
434 312
1 6 2
43 22
1 14 2
475 278
1 2 2
276 115
1 2 2
122 778
1 11 2
684 644
1 9 2
929 370
1 3 2
710 192
1 14 2
52 681
1 14 2
814 667
1 12 2
75 905
1 13 2
875 651
1 3 2
258 947
1 2 2
735 257
1 8 2
638 633
1 3 2
235 953
1 9 2
139 470
1 11 2
903 441
1 12 2
642 970
1 14 2
810 146
1 5 2
74 292
1 10 2
973 682
1 9 2
187 399
1 6 2
664 56
1 5 2
383 185
1 4 2
531 196
1 5 2
983 29
1 11 2
550 649
1 3 2
661 937
1 8 2
370 1
1 7 2
535 879
1 6 2
712 826
1 15 2
851 925
1 10 2
721 168
1 7 2
9 308
1 11 2
657 501
1 15 2
893 286
1 3 2
343 350
1 7 2
125 843
1 2 2
667 879
1 13 2
29 347
1 10 2
12 328
1 15 2
304 808
1 15 2
201 336
1 10 2
797 441
1 14 2
411 804
1 14 2
168 134
1 5 2
225 43
1 14 2
423 961
1 15 2
510 635
1 4 2
798 85
1 13 2
69 796
1 4 2
240 370
1 12 2
222 993
1 13 2
104 306
1 7 2
335 224
1 8 2
587 426
1 6 2
587 317
1 2 2
699 236
1 6 2
202 610
1 7 2
670 62
1 7 2
135 487
1 2 2
805 927
1 10 2
122 114
1 9 2
385 273
1 2 2
624 157
1 13 2
100 736
1 13 2
647 471
1 5 2
548 973
1 15 2
268 720
1 8 2
260 42
1 2 2
855 883
1 11 2
636 455
1 4 2
523 660
1 2 2
270 14
1 10 2
941 23
1 10 2
131 148
1 14 2
219 7
1 5 2
11 581
1 11 2
2 797
1 12 2
57 232
1 2 2
907 724
1 6 2
321 342
1 8 2
52 279
1 13 2
325 388
1 11 2
903 361
1 3 2
518 158
1 13 2
58 238
1 7 2
614 217
1 5 2
311 279
1 2 2
313 842
1 2 2
38 579
1 7 2
319 862
1 6 2
56 278
1 11 2
758 429
1 11 2
222 983
1 3 2
597 13
1 4 2
423 12
1 10 2
26 945
1 11 2
932 716
1 6 2
351 444
1 5 2
870 511
1 9 2
693 206
1 10 2
835 672
1 9 2
183 796
1 11 2
985 921
1 12 2
781 160
1 14 2
375 657
1 15 2
96 958
1 9 2
989 312
1 10 2
357 93
1 5 2
787 394
1 5 2
125 853
1 5 2
614 416
1 13 2
566 121
1 4 2
935 57
1 11 2
565 423
1 8 2
562 75
1 4 2
653 693
1 7 2
918 335
1 12 2
437 52
1 6 2
242 61
1 13 2
828 493
1 15 2
846 171
1 3 2
636 599
1 11 2
29 72
1 13 2
307 394
1 2 2
385 349
1 4 2
717 114
1 10 2
935 929
1 10 2
933 918
1 9 2
699 176
1 14 2
963 670
1 11 2
167 503
1 13 2
38 817
1 2 2
374 634
1 15 2
459 586
1 7 2
597 549
1 15 2
365 861
1 9 2
943 827
1 4 2
88 931
1 12 2
46 872
1 2 2
700 697
1 3 2
133 356
1 4 2
405 269
1 13 2
539 376
1 15 2
623 631
1 4 2
807 103
1 7 2
874 303
1 11 2
119 881
1 15 2
596 393
1 7 2
998 831
1 13 2
978 655
1 10 2
956 884
1 15 2
136 191
1 11 2
591 322
1 9 2
532 162
1 15 2
709 707
1 5 2
945 695
1 5 2
783 666
1 13 2
819 495
1 8 2
861 676
1 7 2
257 483
1 15 2
801 971
1 12 2
569 727
1 9 2
27 824
1 11 2
60 935
1 11 2
657 951
1 10 2
33 926
1 2 2
473 695
1 11 2
328 492
1 13 2
891 724
1 3 2
334 466
1 6 2
70 492
1 12 2
255 608
1 12 2
751 634
1 12 2
172 733
1 9 2
284 513
1 8 2
485 375
1 9 2
198 920
1 6 2
377 320
1 14 2
970 881
1 14 2
792 964
1 8 2
863 538
1 5 2
670 252
1 9 2
646 230
1 11 2
652 13
1 4 2
54 996
1 9 2
399 411
1 13 2
662 999
1 9 2
203 350
1 6 2
443 808
1 15 2
814 16
1 4 2
280 807
1 14 2
593 414
1 7 2
316 713
1 5 2
822 206
1 4 2
895 943
1 2 2
706 487
1 7 2
636 861
1 13 2
976 102
1 14 2
346 701
1 5 2
245 656
1 3 2
292 156
1 7 2
864 732
1 12 2
886 935
1 12 2
68 381
1 12 2
457 825
1 11 2
160 795
1 7 2
640 661
1 7 2
403 849
1 3 2
933 457
1 13 2
299 520
1 13 2
142 957
1 11 2
905 294
1 9 2
309 301
1 15 2
296 258
1 5 2
312 578
1 11 2
858 779
1 8 2
191 83
1 3 2
39 561
1 13 2
808 152
1 14 2
946 694
1 5 2
478 809
1 9 2
557 590
1 6 2
117 175
1 2 2
272 106
1 11 2
94 329
1 12 2
532 50
1 4 2
980 566
1 14 2
911 113
1 4 2
105 618
1 6 2
39 910
1 11 2
953 21
1 3 2
825 464
1 13 2
79 474
1 11 2
290 61
1 5 2
995 69
1 10 2
348 129
1 14 2
953 390
1 9 2
0 346
1 9 2
173 958
1 6 2
792 913
1 3 2
473 442
1 10 2
25 412
1 5 2
345 9
1 3 2
270 79
1 6 2
541 2
1 14 2
302 871
1 6 2
128 108
1 9 2
17 677
1 15 2
454 926
1 4 2
40 995
1 10 2
987 690
1 11 2
966 833
1 10 2
976 912
1 8 2
840 600
1 6 2
464 907
1 10 2
868 740
1 7 2
810 453
1 2 2
733 67
1 10 2
819 545
1 9 2
886 846
1 2 2
213 186
1 14 2
643 653
1 15 2
181 367
1 5 2
794 907
1 2 2
803 910
1 10 2
565 183
1 13 2
50 611
1 6 2
92 457
1 2 2
156 510
1 5 2
557 390
1 7 2
826 762
1 12 2
815 265
1 13 2
296 629
1 14 2
881 305
1 5 2
197 877
1 5 2
666 6
1 15 2
985 670
1 5 2
298 358
1 12 2
600 922
1 2 2
541 328
1 6 2
625 529
1 2 2
517 456
1 12 2
746 58
1 3 2
329 60
1 13 2
363 499
1 15 2
243 905
1 12 2
552 848
1 7 2
653 771
1 2 2
536 162
1 13 2
891 373
1 13 2
32 382
1 3 2
604 450
1 10 2
350 91
1 4 2
436 758
1 8 2
983 695
1 14 2
347 874
1 10 2
776 460
1 3 2
49 973
1 7 2
995 532
1 10 2
743 455
1 4 2
962 981
1 8 2
733 181
1 3 2
29 188
1 8 2
690 751
1 10 2
199 779
1 12 2
682 466
1 4 2
820 815
1 14 2
272 714
1 14 2
100 238
1 7 2
104 29
1 5 2
373 662
1 5 2
541 53
1 15 2
510 609
1 12 2
878 879
1 15 2
864 379
1 9 2
791 118
1 15 2
32 458
1 7 2
959 546
1 13 2
341 357
1 12 2
712 342
1 9 2
410 700
1 12 2
755 671
1 6 2
564 576
1 5 2
53 658
1 14 2
835 7
1 6 2
984 715
1 5 2
103 751
1 14 2
842 194
1 8 2
483 602
1 15 2
379 176
1 12 2
440 76
1 14 2
959 840
1 7 2
711 178
1 13 2
3 718
1 2 2
656 334
1 11 2
150 221
1 2 2
801 99
1 12 2
350 584
1 13 2
818 595
1 13 2
264 533
1 13 2
269 802
1 3 2
888 61
1 5 2
314 435
1 14 2
152 998
1 6 2
364 533
1 15 2
570 641
1 13 2
880 974
1 15 2
388 156
1 11 2
482 964
1 6 2
743 793
1 4 2
764 96
1 11 2
633 858
1 15 2
605 848
1 5 2
967 185
1 15 2
374 497
1 15 2
703 374
1 7 2
991 522
1 13 2
844 38
1 13 2
5 792
1 2 2
995 569
1 13 2
466 716
1 2 2
294 201
1 14 2
755 986
1 7 2
1 158
1 3 2
170 862
1 8 2
415 590
1 14 2
460 201
1 8 2
228 491
1 10 2
746 643
1 10 2
304 935
1 13 2
434 602
1 5 2
891 835
1 14 2
257 285
1 14 2
751 357
1 8 2
630 53
1 13 2
588 856
1 8 2
344 551
1 11 2
623 519
1 13 2
297 508
1 8 2
705 731
1 11 2
380 187
1 2 2
710 844
1 11 2
583 665
1 14 2
949 89
1 9 2
857 986
1 9 2
916 931
1 13 2
697 249
1 8 2
552 352
1 2 2
725 927
1 15 2
123 398
1 13 2
828 64
1 9 2
216 374
1 11 2
770 49
1 3 2
778 405
1 6 2
802 569
1 10 2
714 281
1 2 2
586 938
1 9 2
803 137
1 5 2
130 76
1 12 2
202 893
1 14 2
973 418
1 10 2
397 213
1 12 2
23 319
1 2 2
327 353
1 10 2
56 852
1 14 2
758 997
1 5 2
576 322
1 7 2
732 625
1 9 2
160 971
1 7 2
884 897
1 6 2
158 30
1 3 2
155 953
1 10 2
580 441
1 7 2
830 616
1 11 2
599 162
1 9 2
933 878
1 3 2
538 163
1 5 2
323 853
1 4 2
955 208
1 7 2
834 532
1 10 2
178 196
1 12 2
558 408
1 15 2
670 830
1 14 2
842 576
1 12 2
677 894
1 7 2
118 334
1 12 2
337 698
1 2 2
353 298
1 3 2
876 904
1 4 2
671 921
1 10 2
830 284
1 7 2
369 841
1 13 2
242 759
1 14 2
147 342
1 7 2
213 21
1 14 2
19 432
1 11 2
185 411
1 5 2
114 682
1 6 2
956 282
1 3 2
189 749
1 15 2
147 544
1 13 2
840 839
1 3 2
40 318
1 3 2
649 789
1 11 2
243 442
1 2 2
42 623
1 12 2
297 180
1 7 2
204 89
1 9 2
788 529
1 2 2
843 708
1 5 2
248 7
1 7 2
656 707
1 9 2
595 784
1 7 2
30 46
1 12 2
331 336
1 8 2
505 961
1 9 2
72 505
1 14 2
692 495
1 9 2
235 920
1 4 2
922 936
1 6 2
304 870
1 7 2
671 1
1 11 2
381 940
1 8 2
29 755
1 12 2
45 273
1 11 2
286 176
1 15 2
280 595
1 12 2
180 258
1 14 2
682 880
1 14 2
286 763
1 13 2
554 687
1 13 2
88 225
1 8 2
449 41
1 2 2
661 314
1 15 2
463 791
1 6 2
594 496
1 3 2
572 923
1 11 2
33 440
1 14 2
640 667
1 3 2
96 280
1 7 2
617 922
1 4 2
357 95
1 12 2
741 543
1 14 2
87 691
1 10 2
447 759
1 2 2
443 426
1 7 2
372 21
1 5 2
927 102
1 4 2
69 222
1 14 2
816 838
1 9 2
660 502
1 7 2
254 158
1 3 2
667 832
1 14 2
515 778
1 13 2
5 402
1 7 2
118 385
1 9 2
349 538
1 10 2
673 786
1 2 2
367 895
1 5 2
95 871
1 11 2
909 214
1 13 2
505 445
1 11 2
668 569
1 9 2
308 747
1 15 2
753 699
1 15 2
669 164
1 6 2
206 858
1 9 2
415 307
1 12 2
102 222
1 8 2
521 341
1 3 2
328 657
1 2 2
642 871
1 13 2
19 832
1 6 2
25 342
1 2 2
6 956
1 2 2
95 205
1 5 2
679 896
1 3 2
322 556
1 6 2
459 383
1 15 2
67 163
1 11 2
928 118
1 7 2
963 250
1 5 2
287 60
1 3 2
556 830
1 10 2
904 751
1 5 2
807 295
1 9 2
104 50
1 5 2
304 668
1 11 2
121 433
1 15 2
947 631
1 6 2
197 826
1 13 2
336 283
1 13 2
778 864
1 4 2
639 213
1 14 2
975 625
1 9 2
395 693
1 15 2
195 24
1 12 2
408 229
1 7 2
940 602
1 3 2
309 371
1 12 2
463 178
1 6 2
133 256
1 14 2
795 954
1 2 2
941 571
1 11 2
867 312
1 3 2
744 553
1 5 2
907 581
1 9 2
623 742
1 14 2
227 809
1 7 2
773 323
1 6 2
270 394
1 5 2
240 169
1 4 2
436 482
1 3 2
538 515
1 7 2
898 933
1 14 2
587 135
1 6 2
127 964
1 12 2
390 594
1 5 2
375 387
1 13 2
60 454
1 9 2
852 257
1 14 2
396 657
1 5 2
707 919
1 13 2
874 709
1 8 2
815 436
1 8 2
968 765
1 7 2
677 858
1 10 2
706 52
1 9 2
981 333
1 14 2
384 293
1 12 2
924 198
1 5 2
455 722
1 7 2
907 456
1 12 2
833 446
1 4 2
373 415
1 3 2
317 560
1 3 2
994 542
1 2 2
326 791
1 15 2
788 938
1 8 2
265 129
1 3 2
960 804
1 13 2
694 948
1 13 2
225 503
1 3 2
141 940
1 2 2
75 796
1 14 2
617 140
1 12 2
5 624
1 9 2
820 739
1 8 2
414 606
1 8 2
261 569
1 3 2
769 944
1 12 2
733 234
1 9 2
150 894
1 4 2
337 709
1 7 2
59 122
1 10 2
959 516
1 2 2
77 100
1 7 2
622 882
1 2 2
471 988
1 9 2
82 914
1 15 2
604 284
1 3 2
583 493
1 9 2
627 433
1 13 2
97 977
1 10 2
92 326
1 6 2
712 301
1 5 2
26 882
1 12 2
746 644
1 6 2
280 996
1 12 2
554 934
1 7 2
173 104
1 11 2
173 441
1 2 2
300 573
1 6 2
646 273
1 12 2
813 457
1 11 2
360 867
1 2 2
770 194
1 7 2
599 446
1 3 2
120 652
1 2 2
998 136
1 15 2
98 929
1 9 2
73 55
1 9 2
16 838
1 5 2
345 704
1 12 2
257 157
1 14 2
643 526
1 4 2
209 976
1 6 2
404 550
1 9 2
249 165
1 12 2
476 621
1 10 2
517 478
1 11 2
199 889
1 15 2
440 931
1 12 2
62 191
1 10 2
740 809
1 5 2
555 740
1 8 2
167 81
1 14 2
460 835
1 12 2
996 999
1 15 2
861 432
1 4 2
671 678
1 9 2
653 174
1 15 2
841 185
1 4 2
427 99
1 12 2
5 549
1 4 2
164 725
1 3 2
405 122
1 8 2
891 932
1 4 2
550 507
1 13 2
877 689
1 10 2
911 598
1 8 2
114 65
1 6 2
148 293
1 9 2
542 142
1 4 2
121 385
1 6 2
322 75
1 3 2
743 3
1 11 2
93 193
1 3 2
891 148
1 11 2
747 715
1 10 2
566 413
1 5 2
653 925
1 4 2
902 21
1 7 2
698 556
1 14 2
36 115
1 2 2
463 350
1 15 2
250 607
1 15 2
190 234
1 6 2
549 928
1 12 2
312 247
1 13 2
787 68
1 3 2
650 809
1 2 2
359 377
1 12 2
291 744
1 5 2
328 69
1 15 2
609 142
1 5 2
796 585
1 7 2
365 75
1 9 2
387 594
1 5 2
384 916
1 10 2
660 315
1 12 2
326 859
1 12 2
299 873
1 12 2
33 366
1 10 2
181 156
1 12 2
431 169
1 10 2
136 512
1 6 2
380 945
1 8 2
680 633
1 13 2
529 501
1 12 2
658 525
1 15 2
500 417
1 12 2
895 891
1 9 2
278 430
1 2 2
729 866
1 5 2
497 961
1 12 2
725 501
1 7 2
620 329
1 11 2
629 680
1 12 2
20 390
1 15 2
118 394
1 8 2
333 450
1 14 2
784 773
1 11 2
834 913
1 12 2
234 537
1 11 2
129 576
1 7 2
108 949
1 6 2
769 505
1 3 2
905 369
1 13 2
659 637
1 9 2
814 825
1 10 2
328 828
1 11 2
785 859
1 4 2
684 619
1 13 2
861 176
1 14 2
79 783
1 5 2
237 489
1 4 2
676 682
1 2 2
222 932
1 5 2
562 480
1 7 2
907 545
1 13 2
95 272
1 10 2
352 295
1 15 2
360 174
1 7 2
821 944
1 13 2
145 941
1 6 2
890 255
1 4 2
984 138
1 9 2
64 821
1 7 2
363 948
1 15 2
955 557
1 13 2
531 678
1 12 2
480 886
1 11 2
491 816
1 10 2
118 659
1 7 2
719 605
1 5 2
134 498
1 12 2
219 995
1 8 2
581 659
1 14 2
626 76
1 3 2
507 808
1 6 2
214 409
1 8 2
209 23
1 2 2
757 324
1 12 2
831 391
1 10 2
267 608
1 4 2
792 33
1 2 2
263 940
1 10 2
66 562
1 5 2
46 892
1 15 2
203 394
1 3 2
169 422
1 12 2
680 133
1 6 2
445 544
1 8 2
204 591
1 10 2
151 561
1 3 2
163 826
1 5 2
813 126
1 15 2
960 674
1 15 2
16 656
1 8 2
171 777
1 5 2
5 15
1 3 2
713 909
1 7 2
105 333
1 13 2
991 543
1 10 2
757 826
1 5 2
394 989
1 11 2
29 395
1 4 2
741 170
1 4 2
246 308
1 9 2
678 855
1 8 2
81 34
1 12 2
969 96
1 13 2
396 558
1 12 2
736 994
1 11 2
515 70
1 15 2
875 450
1 12 2
235 61
1 4 2
374 997
1 6 2
172 134
1 8 2
861 849
1 10 2
971 943
1 3 2
662 347
1 9 2
303 376
1 11 2
912 12
1 14 2
629 9
1 11 2
850 465
1 4 2
527 417
1 10 2
902 422
1 2 2
369 124
1 10 2
135 290
1 10 2
347 941
1 7 2
738 819
1 14 2
805 884
1 15 2
988 614
1 12 2
529 290
1 11 2
366 716
1 11 2
758 865
1 8 2
541 13
1 3 2
608 154
1 5 2
399 258
1 14 2
556 839
1 9 2
885 541
1 4 2
370 369
1 14 2
680 236
1 4 2
606 524
1 6 2
743 159
1 2 2
186 983
1 8 2
483 653
1 15 2
792 587
1 6 2
337 153
1 10 2
491 853
1 11 2
829 170
1 4 2
19 323
1 11 2
588 204
1 14 2
63 977
1 2 2
705 156
1 4 2
209 714
1 3 2
848 647
1 10 2
983 776
1 10 2
322 352
1 14 2
205 483
1 13 2
941 876
1 4 2
519 407
1 8 2
439 114
1 2 2
246 15
1 5 2
106 33
1 13 2
499 68
1 9 2
425 838
1 10 2
317 340
1 14 2
617 325
1 4 2
892 101
1 14 2
430 688
1 6 2
561 406
1 15 2
906 219
1 7 2
910 916
1 15 2
340 289
1 3 2
867 785
1 9 2
526 707
1 10 2
572 782
1 13 2
534 32
1 7 2
477 394
1 14 2
393 237
1 12 2
954 600
1 9 2
940 219
1 2 2
509 243
1 12 2
703 843
1 11 2
17 835
1 8 2
573 718
1 7 2
557 366
1 9 2
76 236
1 15 2
199 195
1 6 2
229 341
1 11 2
290 582
1 13 2
795 371
1 3 2
186 987
1 14 2
641 663
1 3 2
321 10
1 15 2
62 619
1 7 2
781 751
1 15 2
721 646
1 3 2
732 779
1 7 2
987 103
1 15 2
275 132
1 10 2
23 747
1 15 2
419 417
1 7 2
923 316
1 10 2
30 455
1 13 2
317 194
1 7 2
911 702
1 3 2
913 385
1 2 2
686 284
1 8 2
260 132
1 15 2
526 939
1 15 2
44 915
1 13 2
444 500
1 14 2
855 130
1 8 2
824 854
1 5 2
935 163
1 5 2
71 640
1 6 2
303 641
1 8 2
863 678
1 13 2
553 978
1 9 2
134 845
1 6 2
800 113
1 5 2
164 714
1 7 2
936 803
1 9 2
78 626
1 7 2
688 588
1 3 2
369 724
1 11 2
366 107
1 14 2
726 480
1 12 2
432 914
1 9 2
151 679
1 4 2
306 877
1 15 2
974 868
1 9 2
302 799
1 14 2
176 382
1 3 2
918 911
1 10 2
536 100
1 3 2
389 544
1 9 2
543 179
1 10 2
112 523
1 9 2
203 641
1 4 2
119 317
1 15 2
891 458
1 10 2
551 167
1 6 2
382 657
1 9 2
995 237
1 14 2
872 682
1 15 2
10 297
1 4 2
464 449
1 15 2
395 699
1 12 2
140 658
1 9 2
814 566
1 5 2
555 360
1 11 2
347 389
1 10 2
183 845
1 4 2
943 11
1 5 2
975 700
1 11 2
263 760
1 12 2
122 123
1 15 2
595 486
1 3 2
387 348
1 4 2
417 805
1 13 2
61 694
1 6 2
853 684
1 10 2
674 870
1 4 2
575 774
1 2 2
549 286
1 10 2
412 832
1 2 2
116 613
1 5 2
460 780
1 3 2
566 686
1 5 2
215 976
1 10 2
106 852
1 9 2
283 160
1 8 2
42 113
1 8 2
880 319
1 6 2
843 444
1 11 2
55 496
1 7 2
500 877
1 10 2
814 634
1 13 2
279 41
1 15 2
812 520
1 13 2
908 858
1 2 2
497 207
1 4 2
658 415
1 10 2
562 699
1 9 2
690 764
1 14 2
49 557
1 13 2
31 270
1 12 2
547 810
1 7 2
606 506
1 14 2
803 543
1 5 2
21 992
1 14 2
628 109
1 12 2
334 256
1 6 2
283 430
1 4 2
521 227
1 7 2
520 645
1 10 2
494 520
1 7 2
448 98
1 6 2
892 593
1 14 2
967 459
1 10 2
544 581
1 14 2
520 479
1 9 2
231 614
1 13 2
593 729
1 12 2
654 522
1 15 2
87 758
1 9 2
166 64
1 5 2
941 364
1 14 2
222 679
1 5 2
78 561
1 12 2
208 613
1 13 2
901 752
1 15 2
552 376
1 8 2
171 931
1 9 2
506 969
1 11 2
521 28
1 15 2
371 85
1 7 2
151 924
1 15 2
962 700
1 7 2
465 633
1 6 2
956 919
1 7 2
664 29
1 7 2
468 914
1 13 2
484 328
1 15 2
469 508
1 8 2
401 507
1 8 2
168 78
1 3 2
499 924
1 6 2
594 887
1 13 2
858 367
1 6 2
514 440
1 6 2
318 608
1 6 2
930 972
1 7 2
52 399
1 8 2
890 582
1 10 2
984 643
1 7 2
209 371
1 14 2
811 196
1 2 2
342 357
1 10 2
513 312
1 4 2
304 111
1 10 2
853 277
1 10 2
983 82
1 11 2
912 159
1 6 2
735 870
1 4 2
952 463
1 7 2
737 175
1 2 2
142 745
1 13 2
2 268
1 12 2
220 170
1 12 2
547 835
1 11 2
191 78
1 12 2
643 190
1 7 2
588 32
1 13 2
330 393
1 4 2
914 785
1 5 2
264 947
1 13 2
157 510
1 15 2
608 915
1 8 2
728 476
1 6 2
808 615
1 7 2
361 340
1 2 2
867 455
1 10 2
421 664
1 5 2
802 13
1 5 2
108 461
1 6 2
188 347
1 10 2
94 50
1 8 2
870 515
1 2 2
498 216
1 4 2
293 22
1 8 2
466 576
1 9 2
9 361
1 11 2
813 481
1 12 2
996 736
1 3 2
911 676
1 9 2
642 944
1 2 2
973 730
1 7 2
120 18
1 14 2
807 876
1 11 2
284 757
1 12 2
150 275
1 14 2
635 595
1 6 2
597 686
1 2 2
180 467
1 13 2
429 505
1 8 2
14 937
1 8 2
807 535
1 5 2
708 745
1 11 2
79 674
1 11 2
712 896
1 2 2
855 727
1 13 2
313 152
1 7 2
771 314
1 7 2
123 645
1 10 2
610 880
1 2 2
588 252
1 15 2
968 611
1 3 2
391 38
1 3 2
713 62
1 5 2
548 218
1 9 2
916 417
1 15 2
759 78
1 13 2
255 218
1 4 2
659 880
1 7 2
735 821
1 3 2
50 61
1 13 2
748 484
1 3 2
59 957
1 4 2
3 20
1 7 2
51 779
1 11 2
89 289
1 6 2
216 553
1 14 2
757 185
1 6 2
131 833
1 5 2
531 540
1 3 2
399 9
1 15 2
146 723
1 6 2
792 818
1 4 2
373 214
1 3 2
684 740
1 7 2
779 900
1 6 2
929 205
1 12 2
673 973
1 6 2
42 713
1 14 2
703 317
1 11 2
44 89
1 7 2
662 226
1 7 2
831 150
1 3 2
50 107
1 3 2
418 825
1 10 2
734 760
1 10 2
527 240
1 8 2
557 928
1 9 2
631 177
1 15 2
842 736
1 10 2
735 258
1 14 2
889 710
1 15 2
453 763
1 4 2
450 937
1 12 2
68 639
1 3 2
534 805
1 10 2
508 988
1 2 2
822 114
1 2 2
90 24
1 10 2
962 423
1 6 2
844 716
1 15 2
689 211
1 11 2
723 384
1 14 2
34 126
1 7 2
968 801
1 4 2
635 806
1 2 2
797 985
1 12 2
22 398
1 11 2
694 152
1 4 2
317 316
1 11 2
63 329
1 3 2
423 167
1 7 2
983 558
1 14 2
250 787
1 7 2
969 699
1 10 2
560 249
1 9 2
444 117
1 10 2
655 789
1 11 2
917 379
1 15 2
445 800
1 3 2
11 665
1 9 2
925 258
1 6 2
938 636
1 10 2
391 387
1 6 2
600 281
1 9 2
885 402
1 15 2
384 519
1 6 2
11 585
1 4 2
829 502
1 12 2
133 182
1 10 2
232 686
1 5 2
678 409
1 9 2
240 132
1 15 2
972 26
1 6 2
791 188
1 5 2
544 419
1 2 2
81 177
1 3 2
515 209
1 13 2
900 53
1 15 2
974 945
1 12 2
811 329
1 8 2
431 711
1 13 2
531 126
1 3 2
516 277
1 4 2
890 841
1 11 2
943 559
1 11 2
664 478
1 9 2
57 263
1 5 2
702 875
1 10 2
528 679
1 4 2
373 28
1 2 2
199 51
1 5 2
164 421
1 10 2
693 574
1 7 2
824 486
1 2 2
549 235
1 6 2
22 453
1 9 2
897 136
1 6 2
444 554
1 3 2
531 621
1 3 2
419 446
1 3 2
142 338
1 12 2
186 822
1 6 2
819 152
1 2 2
276 989
1 11 2
988 347
1 6 2
293 504
1 14 2
27 213
1 14 2
594 851
1 7 2
942 372
1 5 2
20 894
1 3 2
978 519
1 7 2
472 18
1 10 2
760 200
1 13 2
387 370
1 15 2
180 303
1 2 2
659 367
1 4 2
778 345
1 6 2
289 280
1 14 2
174 777
1 7 2
236 912
1 5 2
516 135
1 8 2
705 280
1 8 2
401 454
1 10 2
212 459
1 4 2
830 779
1 5 2
211 635
1 4 2
422 312
1 10 2
287 629
1 13 2
776 464
1 11 2
694 241
1 14 2
155 40
1 3 2
329 233
1 12 2
684 348
1 8 2
209 284
1 2 2
782 919
1 6 2
929 154
1 2 2
235 439
1 3 2
717 635
1 10 2
783 32
1 12 2
120 730
1 6 2
870 597
1 3 2
539 341
1 15 2
909 721
1 10 2
789 313
1 3 2
732 881
1 2 2
565 184
1 11 2
122 238
1 4 2
853 496
1 4 2
294 541
1 9 2
654 879
1 3 2
98 995
1 8 2
780 422
1 4 2
788 894
1 14 2
513 373
1 13 2
268 363
1 14 2
911 311
1 6 2
557 929
1 9 2
619 882
1 8 2
554 991
1 4 2
780 299
1 5 2
289 599
1 4 2
837 214
1 2 2
59 398
1 13 2
392 808
1 11 2
120 761
1 3 2
873 382
1 6 2
852 864
1 10 2
237 429
1 15 2
628 706
1 3 2
210 888
1 15 2
467 320
1 9 2
949 401
1 12 2
31 569
1 11 2
66 373
1 7 2
26 221
1 15 2
715 34
1 13 2
902 1
1 13 2
280 265
1 6 2
839 252
1 4 2
58 530
1 3 2
907 65
1 13 2
976 53
1 10 2
277 450
1 13 2
666 711
1 10 2
733 132
1 9 2
534 640
1 2 2
170 452
1 7 2
774 900
1 14 2
430 236
1 13 2
290 267
1 3 2
524 279
1 10 2
107 486
1 9 2
268 481
1 2 2
87 974
1 9 2
569 219
1 10 2
114 658
1 3 2
876 124
1 5 2
820 665
1 15 2
318 4
1 13 2
808 867
1 13 2
357 682
1 12 2
896 853
1 10 2
833 815
1 14 2
683 450
1 12 2
42 810
1 5 2
69 885
1 8 2
681 829
1 15 2
892 847
1 7 2
679 821
1 7 2
492 263
1 4 2
930 862
1 9 2
41 127
1 7 2
146 45
1 3 2
99 124
1 9 2
222 673
1 6 2
190 576
1 9 2
235 517
1 14 2
972 313
1 8 2
617 403
1 2 2
623 383
1 2 2
941 947
1 11 2
716 70
1 13 2
422 500
1 7 2
208 457
1 7 2
43 754
1 13 2
897 649
1 10 2
701 295
1 9 2
691 897
1 8 2
842 870
1 10 2
285 602
1 14 2
756 769
1 4 2
407 583
1 6 2
181 427
1 10 2
339 316
1 4 2
98 70
1 11 2
205 980
1 10 2
221 662
1 12 2
733 370
1 15 2
794 663
1 5 2
242 795
1 15 2
992 274
1 11 2
548 120
1 3 2
116 410
1 7 2
785 157
1 11 2
33 959
1 14 2
654 512
1 4 2
123 643
1 11 2
184 407
1 14 2
674 555
1 3 2
796 698
1 5 2
218 118
1 8 2
660 534
1 7 2
593 571
1 11 2
366 603
1 11 2
201 549
1 11 2
557 288
1 4 2
674 206
1 3 2
413 274
1 12 2
433 120
1 6 2
734 846
1 6 2
497 751
1 11 2
910 652
1 5 2
750 115
1 6 2
670 621
1 12 2
550 99
1 11 2
369 716
1 11 2
378 805
1 12 2
74 21
1 10 2
546 841
1 8 2
650 329
1 2 2
590 499
1 11 2
299 669
1 2 2
824 445
1 3 2
303 330
1 9 2
702 327
1 13 2
626 841
1 8 2
696 56
1 6 2
648 374
1 4 2
939 484
1 6 2
572 157
1 7 2
732 292
1 5 2
83 922
1 9 2
133 343
1 5 2
618 475
1 15 2
550 988
1 5 2
979 63
1 12 2
241 895
1 12 2
597 20
1 8 2
779 817
1 14 2
391 637
1 11 2
311 921
1 13 2
223 504
1 9 2
627 281
1 6 2
542 845
1 4 2
373 685
1 15 2
476 759
1 4 2
705 656
1 9 2
31 576
1 15 2
753 635
1 8 2
707 395
1 14 2
579 231
1 9 2
143 935
1 10 2
542 603
1 12 2
828 464
1 6 2
498 223
1 4 2
428 567
1 12 2
100 312
1 3 2
657 616
1 3 2
303 248
1 6 2
326 203
1 9 2
94 713
1 11 2
854 651
1 2 2
598 917
1 6 2
88 72
1 7 2
646 506
1 6 2
901 515
1 9 2
884 117
1 15 2
493 330
1 8 2
981 425
1 4 2
777 301
1 5 2
710 524
1 10 2
689 260
1 7 2
628 325
1 6 2
637 150
1 2 2
876 429
1 8 2
316 167
1 12 2
444 658
1 10 2
596 818
1 5 2
112 960
1 4 2
283 414
1 8 2
84 688
1 14 2
364 892
1 6 2
72 869
1 4 2
972 787
1 5 2
94 159
1 7 2
952 239
1 4 2
327 78
1 6 2
953 964
1 5 2
627 508
1 11 2
804 752
1 7 2
471 798
1 15 2
775 522
1 14 2
175 495
1 5 2
326 324
1 14 2
218 686
1 4 2
519 790
1 12 2
252 238
1 3 2
217 796
1 6 2
348 872
1 5 2
357 186
1 14 2
366 412
1 4 2
182 891
1 4 2
944 953
1 4 2
236 422
1 10 2
560 202
1 2 2
982 801
1 9 2
328 546
1 13 2
806 508
1 15 2
611 41
1 6 2
971 50
1 4 2
473 827
1 9 2
665 256
1 7 2
606 158
1 11 2
634 650
1 4 2
760 825
1 4 2
157 483
1 4 2
840 235
1 12 2
852 706
1 2 2
917 727
1 11 2
221 252
1 11 2
146 872
1 3 2
539 262
1 14 2
659 329
1 8 2
822 287
1 2 2
423 64
1 6 2
178 282
1 3 2
9 711
1 15 2
443 866
1 5 2
194 958
1 3 2
890 474
1 12 2
258 997
1 12 2
208 659
1 9 2
278 844
1 9 2
240 796
1 6 2
17 0
1 13 2
142 743
1 14 2
845 84
1 13 2
941 786
1 7 2
987 286
1 14 2
13 149
1 3 2
387 563
1 3 2
625 837
1 12 2
613 461
1 12 2
976 68
1 6 2
557 359
1 15 2
318 343
1 5 2
554 937
1 3 2
171 246
1 10 2
698 91
1 3 2
404 611
1 9 2
289 282
1 7 2
959 901
1 2 2
95 832
1 9 2
118 2
1 10 2
749 260
1 11 2
347 311
1 8 2
356 60
1 9 2
649 806
1 2 2
69 430
1 15 2
521 149
1 3 2
812 55
1 9 2
50 373
1 3 2
109 609
1 11 2
529 782
1 5 2
837 943
1 6 2
550 996
1 3 2
704 661
1 14 2
789 966
1 4 2
762 189
1 9 2
34 582
1 4 2
707 987
1 10 2
538 71
1 8 2
203 2
1 11 2
941 790
1 8 2
766 265
1 14 2
235 818
1 11 2
547 260
1 10 2
392 869
1 7 2
314 428
1 8 2
348 696
1 4 2
851 625
1 15 2
997 899
1 9 2
552 62
1 11 2
416 433
1 15 2
447 343
1 4 2
31 726
1 14 2
604 43
1 8 2
703 984
1 3 2
448 461
1 14 2
835 968
1 7 2
69 776
1 9 2
51 749
1 11 2
649 430
1 2 2
746 395
1 8 2
793 737
1 4 2
976 865
1 11 2
964 26
1 6 2
404 192
1 13 2
2 204
1 6 2
291 271
1 4 2
418 976
1 14 2
339 908
1 15 2
138 973
1 11 2
843 388
1 15 2
697 940
1 8 2
425 503
1 10 2
361 90
1 6 2
124 467
1 6 2
199 788
1 4 2
309 58
1 5 2
448 304
1 13 2
269 170
1 15 2
141 566
1 6 2
711 298
1 2 2
658 182
1 13 2
421 200
1 13 2
331 790
1 14 2
307 280
1 6 2
281 689
1 12 2
78 600
1 6 2
142 593
1 5 2
767 313
1 10 2
656 712
1 4 2
458 983
1 3 2
459 140
1 5 2
124 944
1 3 2
998 433
1 13 2
423 611
1 5 2
854 295
1 13 2
965 383
1 8 2
667 890
1 5 2
843 217
1 7 2
308 15
1 6 2
820 378
1 11 2
386 799
1 6 2
570 167
1 12 2
67 445
1 10 2
716 159
1 6 2
48 942
1 5 2
419 914
1 12 2
241 161
1 13 2
571 182
1 12 2
368 810
1 15 2
963 661
1 9 2
726 943
1 3 2
774 1
1 11 2
682 895
1 7 2
215 562
1 15 2
815 618
1 11 2
963 397
1 2 2
110 138
1 9 2
357 69
1 7 2
72 930
1 9 2
270 322
1 13 2
716 888
1 2 2
485 490
1 11 2
168 200
1 3 2
914 267
1 11 2
102 866
1 5 2
20 590
1 6 2
883 877
1 3 2
577 62
1 4 2
131 726
1 7 2
583 124
1 11 2
649 227
1 3 2
569 299
1 13 2
3 40
1 5 2
526 54
1 10 2
374 805
1 10 2
198 930
1 4 2
306 963
1 4 2
755 244
1 13 2
503 996
1 10 2
540 504
1 8 2
707 934
1 4 2
672 209
1 7 2
238 874
1 10 2
318 486
1 2 2
732 474
1 4 2
328 375
1 2 2
20 992
1 7 2
719 115
1 7 2
496 250
1 10 2
465 229
1 10 2
249 897
1 2 2
402 336
1 9 2
889 18
1 6 2
670 277
1 15 2
993 827
1 11 2
773 511
1 5 2
770 339
1 13 2
902 88
1 10 2
882 879
1 14 2
475 701
1 14 2
479 512
1 4 2
444 710
1 15 2
156 665
1 12 2
530 294
1 14 2
606 605
1 15 2
354 573
1 5 2
702 312
1 14 2
337 235
1 5 2
500 743
1 6 2
142 173
1 15 2
630 968
1 13 2
532 66
1 11 2
367 911
1 4 2
31 790
1 13 2
846 529
1 3 2
401 70
1 4 2
393 672
1 15 2
110 260
1 10 2
819 560
1 12 2
238 502
1 13 2
120 996
1 3 2
153 436
1 11 2
62 820
1 6 2
847 488
1 15 2
231 376
1 11 2
810 558
1 8 2
200 170
1 12 2
399 469
1 5 2
618 378
1 3 2
89 790
1 11 2
832 480
1 5 2
452 421
1 3 2
688 102
1 2 2
563 17
1 2 2
645 279
1 13 2
828 750
1 15 2
364 370
1 4 2
310 503
1 15 2
632 988
1 15 2
152 428
1 11 2
465 76
1 10 2
953 162
1 6 2
114 630
1 13 2
600 617
1 5 2
213 657
1 6 2
475 940
1 12 2
547 875
1 5 2
595 244
1 11 2
187 522
1 8 2
732 110
1 3 2
838 769
1 14 2
338 302
1 13 2
245 896
1 15 2
703 659
1 14 2
968 12
1 2 2
348 144
1 5 2
317 483
1 7 2
241 660
1 10 2
363 407
1 15 2
219 416
1 2 2
631 427
1 13 2
172 605
1 3 2
404 252
1 11 2
113 141
1 3 2
353 5
1 6 2
302 762
1 13 2
854 116
1 10 2
228 654
1 8 2
55 236
1 2 2
9 263
1 12 2
316 323
1 15 2
863 702
1 5 2
749 525
1 11 2
845 675
1 14 2
874 83
1 3 2
731 834
1 14 2
218 294
1 8 2
472 788
1 10 2
812 475
1 8 2
313 861
1 3 2
189 8
1 3 2
895 370
1 8 2
744 983
1 15 2
879 466
1 7 2
71 844
1 11 2
47 429
1 15 2
39 901
1 10 2
108 262
1 6 2
411 371
1 3 2
457 582
1 5 2
597 322
1 14 2
198 296
1 3 2
99 642
1 13 2
163 647
1 8 2
842 783
1 10 2
975 533
1 4 2
935 271
1 7 2
41 969
1 3 2
645 942
1 3 2
126 802
1 9 2
448 15
1 9 2
123 54
1 9 2
854 205
1 2 2
589 545
1 13 2
60 983
1 11 2
699 518
1 12 2
426 655
1 4 2
582 900
1 7 2
937 152
1 12 2
360 13
1 15 2
102 324
1 12 2
452 581
1 12 2
648 808
1 11 2
547 497
1 12 2
310 78
1 15 2
295 408
1 7 2
301 669
1 4 2
679 602
1 14 2
455 692
1 5 2
661 809
1 11 2
80 754
1 3 2
469 380
1 9 2
787 773
1 5 2
702 427
1 14 2
840 707
1 10 2
870 722
1 11 2
499 720
1 14 2
599 717
1 10 2
261 755
1 10 2
597 326
1 13 2
74 829
1 11 2
414 508
1 12 2
486 83
1 6 2
61 807
1 2 2
935 917
1 10 2
842 176
1 14 2
396 151
1 14 2
95 552
1 5 2
451 307
1 10 2
1 333
1 9 2
252 98
1 7 2
433 749
1 3 2
873 656
1 2 2
401 480
1 2 2
164 13
1 15 2
877 174
1 8 2
918 684
1 12 2
13 345
1 11 2
429 410
1 13 2
367 922
1 10 2
780 118
1 12 2
771 351
1 6 2
528 655
1 11 2
443 287
1 15 2
650 835
1 3 2
596 55
1 8 2
284 677
1 9 2
79 287
1 13 2
626 959
1 13 2
712 527
1 15 2
357 339
1 8 2
434 167
1 5 2
134 655
1 7 2
990 365
1 7 2
955 467
1 10 2
237 862
1 2 2
320 695
1 8 2
947 401
1 7 2
853 948
1 2 2
186 19
1 6 2
841 306
1 2 2
162 707
1 6 2
246 376
1 13 2
309 424
1 4 2
865 404
1 15 2
213 569
1 6 2
143 106
1 6 2
271 191
1 5 2
297 610
1 13 2
55 786
1 2 2
352 31
1 14 2
73 731
1 6 2
529 876
1 6 2
956 279
1 7 2
213 95
1 7 2
640 408
1 15 2
850 932
1 14 2
78 521
1 3 2
481 844
1 5 2
403 95
1 7 2
71 796
1 8 2
945 918
1 2 2
161 42
1 8 2
66 896
1 7 2
598 655
1 3 2
819 921
1 8 2
701 299
1 13 2
571 295
1 4 2
787 435
1 5 2
881 623
1 9 2
23 896
1 6 2
523 688
1 12 2
976 895
1 13 2
253 116
1 4 2
548 895
1 13 2
212 451
1 9 2
616 635
1 8 2
598 465
1 13 2
217 434
1 12 2
946 887
1 6 2
448 904
1 14 2
880 474
1 11 2
525 682
1 10 2
311 396
1 6 2
302 858
1 12 2
876 722
1 11 2
407 686
1 2 2
397 129
1 11 2
122 543
1 5 2
711 516
1 12 2
410 12
1 8 2
244 21
1 11 2
181 202
1 3 2
462 550
1 6 2
201 713
1 6 2
832 7
1 4 2
691 59
1 6 2
689 655
1 13 2
974 658
1 9 2
774 818
1 14 2
539 679
1 9 2
821 866
1 5 2
407 928
1 15 2
137 633
1 9 2
498 889
1 15 2
54 529
1 11 2
719 601
1 15 2
696 586
1 15 2
104 977
1 6 2
259 461
1 15 2
101 723
1 3 2
398 210
1 7 2
728 14
1 13 2
29 307
1 9 2
332 310
1 9 2
871 856
1 9 2
794 994
1 7 2
302 745
1 5 2
855 865
1 7 2
588 0
1 10 2
581 261
1 10 2
575 564
1 2 2
523 721
1 10 2
971 96
1 14 2
90 920
1 2 2
405 598
1 2 2
72 552
1 10 2
180 266
1 13 2
401 733
1 7 2
741 615
1 8 2
944 368
1 9 2
117 146
1 15 2
620 774
1 11 2
910 37
1 12 2
876 136
1 4 2
868 519
1 2 2
769 3
1 2 2
530 620
1 14 2
539 738
1 8 2
204 360
1 13 2
178 355
1 7 2
623 338
1 6 2
843 138
1 8 2
168 802
1 9 2
737 372
1 5 2
109 15
1 14 2
754 27
1 14 2
354 481
1 6 2
972 115
1 10 2
321 20
1 14 2
519 92
1 6 2
982 749
1 2 2
731 772
1 6 2
453 936
1 7 2
579 522
1 13 2
172 385
1 4 2
526 390
1 2 2
977 874
1 9 2
732 443
1 14 2
877 647
1 9 2
140 468
1 14 2
97 825
1 2 2
940 484
1 10 2
733 300
1 11 2
708 857
1 10 2
757 308
1 3 2
815 896
1 8 2
983 663
1 6 2
111 624
1 12 2
339 226
1 9 2
481 63
1 4 2
967 336
1 9 2
942 161
1 12 2
507 724
1 11 2
259 829
1 9 2
118 191
1 15 2
269 435
1 15 2
694 767
1 6 2
678 115
1 12 2
46 75
1 5 2
304 814
1 7 2
290 817
1 15 2
18 290
1 10 2
963 784
1 15 2
488 36
1 2 2
791 16
1 15 2
399 672
1 10 2
396 638
1 5 2
214 374
1 3 2
66 361
1 11 2
383 286
1 8 2
40 332
1 2 2
152 382
1 3 2
877 498
1 10 2
555 56
1 13 2
96 527
1 11 2
852 424
1 14 2
976 211
1 12 2
788 433
1 9 2
301 912
1 14 2
724 184
1 5 2
708 287
1 3 2
748 626
1 14 2
304 793
1 10 2
960 445
1 10 2
449 585
1 5 2
619 316
1 9 2
134 887
1 6 2
615 461
1 9 2
900 522
1 6 2
658 894
1 14 2
179 745
1 13 2
868 536
1 5 2
657 908
1 10 2
395 772
1 12 2
454 508
1 3 2
739 201
1 2 2
713 208
1 7 2
558 683
1 4 2
615 50
1 9 2
867 890
1 5 2
487 155
1 12 2
311 138
1 8 2
909 36
1 15 2
135 797
1 8 2
311 107
1 13 2
719 417
1 13 2
408 764
1 14 2
507 644
1 12 2
969 827
1 11 2
17 47
1 4 2
417 921
1 15 2
569 893
1 14 2
500 717
1 10 2
475 703
1 10 2
72 327
1 10 2
456 461
1 12 2
936 967
1 14 2
575 443
1 11 2
952 194
1 3 2
53 432
1 2 2
170 180
1 13 2
890 252
1 10 2
303 11
1 11 2
247 557
1 9 2
121 850
1 6 2
751 617
1 3 2
914 819
1 11 2
886 920
1 14 2
587 849
1 3 2
408 435
1 7 2
528 166
1 5 2
219 453
1 7 2
34 600
1 5 2
329 607
1 13 2
808 137
1 6 2
131 554
1 10 2
543 435
1 9 2
948 780
1 5 2
419 985
1 5 2
558 49
1 5 2
95 767
1 15 2
856 51
1 5 2
840 758
1 7 2
289 173
1 11 2
880 127
1 6 2
915 840
1 3 2
407 196
1 13 2
318 583
1 4 2
295 274
1 3 2
674 294
1 2 2
256 762
1 13 2
8 325
1 9 2
913 683
1 14 2
477 961
1 10 2
7 307
1 9 2
560 460
1 5 2
4 202
1 2 2
750 479
1 11 2
580 267
1 12 2
282 339
1 10 2
842 264
1 11 2
23 911
1 7 2
691 287
1 12 2
232 802
1 10 2
395 366
1 2 2
35 481
1 15 2
243 523
1 6 2
910 231
1 11 2
560 621
1 3 2
105 810
1 3 2
394 333
1 8 2
681 747
1 13 2
988 594
1 15 2
82 421
1 3 2
343 364
1 4 2
132 531
1 3 2
885 105
1 11 2
824 387
1 13 2
606 234
1 9 2
135 107
1 7 2
660 400
1 7 2
441 253
1 7 2
969 149
1 7 2
210 646
1 11 2
5 338
1 5 2
997 89
1 6 2
138 641
1 12 2
215 825
1 2 2
993 648
1 14 2
3 871
1 13 2
613 418
1 11 2
566 9
1 10 2
307 972
1 11 2
141 904
1 4 2
740 659
1 15 2
975 14
1 5 2
161 519
1 14 2
51 243
1 14 2
271 709
1 9 2
851 255
1 14 2
350 29
1 15 2
151 446
1 3 2
793 222
1 4 2
328 99
1 8 2
104 598
1 4 2
531 653
1 13 2
188 312
1 13 2
684 351
1 11 2
992 434
1 14 2
532 174
1 13 2
959 490
1 9 2
923 985
1 15 2
541 63
1 9 2
698 401
1 6 2
128 27
1 8 2
8 463
1 15 2
739 260
1 5 2
563 544
1 11 2
267 248
1 14 2
736 830
1 9 2
211 219
1 14 2
806 595
1 6 2
14 388
1 15 2
600 843
1 15 2
413 321
1 6 2
391 687
1 4 2
463 102
1 13 2
659 78
1 7 2
835 124
1 9 2
652 609
1 4 2
107 34
1 9 2
617 250
1 4 2
536 135
1 13 2
646 416
1 4 2
506 250
1 7 2
304 188
1 7 2
887 179
1 2 2
630 730
1 9 2
389 377
1 2 2
241 629
1 6 2
815 322
1 9 2
293 187
1 3 2
380 36
1 5 2
280 764
1 11 2
222 233
1 9 2
150 99
1 10 2
259 336
1 6 2
346 624
1 12 2
907 274
1 12 2
659 964
1 13 2
834 286
1 6 2
133 337
1 4 2
294 406
1 11 2
641 291
1 12 2
153 348
1 11 2
623 88
1 4 2
40 593
1 15 2
499 886
1 8 2
864 200
1 15 2
219 983
1 8 2
301 343
1 6 2
576 60
1 4 2
941 643
1 4 2
97 156
1 7 2
535 267
1 3 2
172 70
1 6 2
265 909
1 5 2
393 510
1 11 2
651 344
1 6 2
476 781
1 6 2
889 524
1 9 2
621 710
1 12 2
129 644
1 7 2
8 73
1 5 2
751 387
1 15 2
995 690
1 4 2
819 305
1 8 2
276 980
1 14 2
619 286
1 10 2
798 0
1 11 2
910 222
1 11 2
852 55
1 7 2
492 20
1 13 2
403 175
1 2 2
73 257
1 2 2
613 212
1 8 2
269 975
1 11 2
829 277
1 15 2
24 836
1 11 2
378 503
1 2 2
67 38
1 2 2
523 70
1 12 2
447 214
1 2 2
436 789
1 15 2
643 7
1 7 2
328 570
1 11 2
429 29
1 6 2
463 31
1 4 2
26 361
1 3 2
117 949
1 9 2
216 263
1 5 2
15 259
1 7 2
173 503
1 15 2
552 980
1 10 2
26 464
1 5 2
837 867
1 12 2
826 774
1 11 2
640 924
1 11 2
921 667
1 10 2
866 689
1 5 2
281 795
1 7 2
329 9
1 6 2
376 181
1 7 2
665 58
1 2 2
860 449
1 7 2
589 39
1 2 2
282 865
1 14 2
869 820
1 2 2
836 525
1 14 2
158 437
1 6 2
164 666
1 12 2
433 599
1 14 2
638 262
1 7 2
211 950
1 2 2
263 106
1 8 2
46 786
1 6 2
705 330
1 9 2
667 861
1 11 2
200 435
1 2 2
776 803
1 9 2
160 593
1 4 2
894 720
1 6 2
311 441
1 5 2
207 346
1 15 2
502 228
1 12 2
313 362
1 12 2
524 584
1 11 2
162 211
1 15 2
198 283
1 15 2
409 987
1 8 2
77 324
1 5 2
608 159
1 12 2
504 19
1 10 2
303 763
1 15 2
130 948
1 11 2
681 516
1 12 2
188 280
1 15 2
461 624
1 8 2
192 506
1 12 2
974 125
1 13 2
352 764
1 14 2
369 770
1 10 2
562 296
1 12 2
198 143
1 5 2
861 614
1 3 2
327 258
1 4 2
740 591
1 15 2
8 669
1 3 2
338 666
1 5 2
976 133
1 7 2
586 537
1 6 2
595 320
1 12 2
702 74
1 2 2
754 33
1 7 2
407 111
1 15 2
778 381
1 15 2
705 400
1 2 2
102 394
1 8 2
118 420
1 7 2
549 242
1 14 2
996 352
1 2 2
991 252
1 8 2
159 548
1 9 2
592 237
1 9 2
489 713
1 13 2
858 310
1 3 2
542 94
1 6 2
828 984
1 13 2
171 404
1 8 2
400 508
1 2 2
840 997
1 14 2
896 289
1 15 2
369 795
1 10 2
332 146
1 7 2
635 512
1 5 2
312 499
1 3 2
706 206
1 12 2
59 693
1 10 2
797 299
1 3 2
142 16
1 4 2
300 464
1 11 2
226 97
1 5 2
50 655
1 14 2
150 142
1 9 2
196 684
1 13 2
274 321
1 3 2
367 646
1 10 2
44 668
1 10 2
938 608
1 10 2
742 469
1 7 2
97 555
1 9 2
999 705
1 8 2
225 468
1 14 2
293 743
1 12 2
938 813
1 10 2
925 48
1 2 2
370 209
1 9 2
534 322
1 4 2
545 958
1 9 2
439 499
1 2 2
866 476
1 3 2
41 998
1 13 2
231 922
1 3 2
201 224
1 8 2
164 235
1 8 2
703 382
1 11 2
878 102
1 8 2
49 641
1 12 2
251 407
1 10 2
33 49
1 8 2
718 638
1 7 2
433 286
1 6 2
90 286
1 3 2
92 200
1 5 2
252 551
1 12 2
693 502
1 7 2
670 82
1 4 2
707 409
1 2 2
618 796
1 2 2
156 696
1 2 2
442 50
1 8 2
505 970
1 7 2
905 89
1 13 2
993 126
1 5 2
173 226
1 11 2
789 810
1 14 2
808 789
1 7 2
544 103
1 5 2
737 237
1 11 2
454 507
1 9 2
839 813
1 7 2
994 305
1 15 2
565 518
1 7 2
380 709
1 5 2
563 951
1 11 2
234 78
1 10 2
962 439
1 9 2
292 836
1 10 2
383 642
1 12 2
860 216
1 2 2
595 367
1 14 2
654 573
1 11 2
732 519
1 10 2
395 857
1 13 2
12 137
1 6 2
361 436
1 9 2
105 315
1 9 2
260 668
1 14 2
931 252
1 4 2
171 577
1 10 2
498 885
1 5 2
448 23
1 3 2
89 196
1 9 2
816 445
1 5 2
428 452
1 3 2
440 656
1 7 2
369 122
1 13 2
126 922
1 14 2
990 299
1 6 2
669 940
1 5 2
640 284
1 2 2
102 443
1 15 2
960 615
1 13 2
117 86
1 4 2
659 607
1 8 2
442 697
1 15 2
402 950
1 11 2
349 476
1 3 2
768 767
1 12 2
619 559
1 6 2
55 434
1 2 2
962 881
1 8 2
626 455
1 4 2
758 643
1 3 2
584 32
1 10 2
207 187
1 7 2
28 971
1 2 2
824 626
1 15 2
894 394
1 14 2
970 504
1 15 2
640 69
1 15 2
387 654
1 13 2
408 903
1 5 2
755 116
1 9 2
103 371
1 6 2
920 308
1 6 2
34 861
1 4 2
125 644
1 8 2
598 753
1 4 2
1 229
1 6 2
971 403
1 4 2
460 453
1 10 2
81 663
1 2 2
235 585
1 10 2
996 861
1 4 2
545 641
1 6 2
942 37
1 3 2
600 724
1 7 2
9 889
1 10 2
232 436
1 11 2
621 895
1 13 2
842 896
1 14 2
449 458
1 6 2
364 505
1 11 2
887 685
1 10 2
548 230
1 3 2
15 787
1 15 2
902 150
1 6 2
14 781
1 2 2
108 156
1 14 2
506 827
1 2 2
990 828
1 8 2
696 91
1 11 2
923 780
1 13 2
904 318
1 6 2
282 840
1 9 2
988 837
1 5 2
651 903
1 9 2
617 8
1 4 2
911 137
1 4 2
513 761
1 10 2
39 723
1 8 2
585 443
1 13 2
199 3
1 8 2
764 667
1 2 2
468 212
1 7 2
563 244
1 13 2
866 490
1 9 2
836 520
1 9 2
410 73
1 6 2
511 149
1 10 2
338 96
1 15 2
118 778
1 13 2
897 531
1 10 2
111 116
1 15 2
312 914
1 10 2
178 972
1 6 2
77 533
1 13 2
439 698
1 12 2
382 419
1 3 2
395 100
1 14 2
676 680
1 10 2
958 75
1 12 2
764 700
1 9 2
346 255
1 13 2
762 141
1 5 2
843 676
1 5 2
396 91
1 5 2
352 389
1 12 2
296 721
1 13 2
158 795
1 11 2
692 372
1 2 2
143 652
1 15 2
328 876
1 7 2
203 581
1 10 2
655 14
1 2 2
104 245
1 9 2
358 920
1 7 2
717 372
1 15 2
639 264
1 11 2
819 214
1 9 2
545 825
1 7 2
218 710
1 11 2
404 70
1 7 2
3 435
1 14 2
576 596
1 15 2
662 361
1 12 2
886 729
1 6 2
769 346
1 14 2
546 648
1 3 2
236 206
1 9 2
506 909
1 3 2
206 640
1 4 2
792 34
1 12 2
587 207
1 4 2
424 870
1 12 2
396 617
1 8 2
524 721
1 14 2
564 889
1 9 2
474 188
1 8 2
226 888
1 4 2
838 577
1 2 2
83 647
1 15 2
454 980
1 15 2
230 711
1 4 2
916 854
1 2 2
476 160
1 5 2
383 957
1 9 2
564 821
1 7 2
203 285
1 10 2
89 623
1 13 2
667 683
1 14 2
134 87
1 4 2
164 526
1 6 2
555 611
1 14 2
244 196
1 4 2
153 655
1 12 2
856 43
1 11 2
77 817
1 14 2
380 271
1 11 2
753 176
1 2 2
294 810
1 12 2
648 692
1 7 2
50 152
1 6 2
674 129
1 2 2
299 65
1 9 2
915 339
1 8 2
231 140
1 14 2
563 121
1 14 2
332 831
1 15 2
549 340
1 15 2
880 926
1 13 2
351 707
1 8 2
174 140
1 6 2
59 878
1 8 2
763 565
1 15 2
264 258
1 15 2
936 743
1 11 2
768 460
1 5 2
844 864
1 5 2
822 756
1 12 2
934 852
1 2 2
618 965
1 13 2
595 526
1 3 2
188 465
1 11 2
322 18
1 10 2
962 685
1 11 2
274 581
1 5 2
229 659
1 8 2
986 117
1 9 2
56 14
1 15 2
128 805
1 15 2
510 898
1 9 2
93 499
1 11 2
769 993
1 7 2
387 154
1 4 2
675 437
1 11 2
538 555
1 13 2
435 812
1 11 2
15 744
1 3 2
135 749
1 10 2
401 872
1 10 2
155 900
1 12 2
967 648
1 2 2
861 593
1 2 2
534 544
1 10 2
540 717
1 2 2
753 351
1 14 2
90 384
1 5 2
314 241
1 7 2
534 587
1 4 2
581 73
1 10 2
836 813
1 9 2
624 36
1 3 2
511 169
1 10 2
582 834
1 10 2
745 174
1 13 2
287 956
1 5 2
132 882
1 4 2
144 331
1 4 2
720 621
1 8 2
565 774
1 15 2
144 379
1 9 2
699 299
1 3 2
25 879
1 14 2
34 40
1 3 2
980 343
1 8 2
423 533
1 7 2
858 657
1 12 2
990 700
1 15 2
135 814
1 3 2
393 122
1 9 2
250 399
1 13 2
809 54
1 12 2
594 797
1 3 2
193 398
1 4 2
461 312
1 12 2
873 145
1 13 2
174 292
1 10 2
558 499
1 8 2
620 416
1 7 2
253 245
1 8 2
373 447
1 8 2
764 18
1 11 2
371 196
1 3 2
217 780
1 14 2
947 237
1 11 2
985 492
1 13 2
178 48
1 9 2
647 741
1 14 2
415 719
1 9 2
215 888
1 6 2
143 641
1 6 2
690 496
1 10 2
662 754
1 10 2
475 890
1 13 2
487 784
1 9 2
723 368
1 5 2
700 935
1 11 2
513 853
1 3 2
674 124
1 11 2
611 165
1 9 2
352 714
1 3 2
215 507
1 10 2
673 153
1 7 2
950 738
1 7 2
338 382
1 14 2
421 681
1 15 2
369 168
1 10 2
780 973
1 3 2
82 395
1 6 2
43 349
1 13 2
873 122
1 11 2
297 347
1 8 2
739 769
1 15 2
657 532
1 3 2
836 766
1 11 2
802 381
1 13 2
460 304
1 10 2
200 231
1 3 2
320 730
1 2 2
404 95
1 15 2
204 799
1 15 2
534 17
1 5 2
430 595
1 15 2
838 164
1 15 2
94 618
1 2 2
960 417
1 4 2
519 488
1 2 2
218 260
1 9 2
893 885
1 3 2
802 174
1 9 2
376 218
1 11 2
282 530
1 2 2
447 510
1 13 2
572 808
1 2 2
431 554
1 14 2
201 351
1 14 2
616 152
1 13 2
297 835
1 3 2
267 908
1 8 2
835 569
1 6 2
669 612
1 2 2
128 608
1 14 2
822 613
1 14 2
724 369
1 5 2
78 677
1 9 2
752 547
1 6 2
203 808
1 4 2
373 41
1 4 2
53 837
1 15 2
540 781
1 3 2
404 88
1 15 2
680 921
1 12 2
995 622
1 11 2
890 363
1 15 2
34 768
1 12 2
199 419
1 7 2
638 497
1 11 2
878 24
1 8 2
324 27
1 10 2
983 138
1 10 2
745 116
1 9 2
146 812
1 10 2
706 144
1 15 2
870 552
1 6 2
296 831
1 8 2
302 208
1 15 2
474 866
1 5 2
388 92
1 15 2
361 488
1 11 2
55 367
1 2 2
970 981
1 7 2
116 120
1 5 2
609 591
1 15 2
866 0
1 3 2
925 481
1 6 2
220 577
1 10 2
4 945
1 15 2
919 459
1 6 2
46 879
1 7 2
929 127
1 13 2
765 336
1 3 2
213 736
1 7 2
489 899
1 15 2
151 716
1 4 2
539 421
1 8 2
523 573
1 2 2
631 256
1 4 2
257 427
1 14 2
265 857
1 9 2
124 761
1 6 2
517 143
1 13 2
6 376
1 15 2
52 992
1 4 2
660 563
1 2 2
693 757
1 14 2
444 274
1 8 2
361 773
1 12 2
110 946
1 10 2
873 252
1 13 2
417 826
1 10 2
821 69
1 10 2
366 953
1 15 2
230 771
1 4 2
274 175
1 8 2
572 643
1 15 2
845 223
1 2 2
898 345
1 4 2
930 407
1 8 2
263 753
1 13 2
620 443
1 5 2
545 876
1 13 2
585 73
1 14 2
510 871
1 2 2
807 549
1 7 2
785 433
1 4 2
784 69
1 13 2
137 565
1 10 2
352 66
1 5 2
741 240
1 2 2
719 354
1 5 2
600 28
1 4 2
124 242
1 4 2
689 292
1 4 2
535 536
1 15 2
100 620
1 2 2
814 460
1 5 2
180 716
1 14 2
564 325
1 6 2
625 673
1 7 2
183 693
1 3 2
338 531
1 5 2
23 721
1 3 2
125 491
1 10 2
791 866
1 11 2
661 35
1 14 2
799 744
1 12 2
485 854
1 3 2
270 518
1 3 2
744 750
1 15 2
504 434
1 2 2
113 1
1 12 2
65 447
1 7 2
72 636
1 7 2
604 933
1 14 2
512 160
1 10 2
318 251
1 12 2
727 23
1 11 2
310 540
1 6 2
595 187
1 15 2
308 107
1 3 2
315 632
1 15 2
6 256
1 14 2
895 875
1 2 2
638 380
1 12 2
689 373
1 13 2
829 124
1 9 2
613 992
1 4 2
919 638
1 12 2
588 495
1 2 2
936 711
1 15 2
696 259
1 12 2
84 759
1 5 2
318 825
1 4 2
778 913
1 3 2
195 743
1 2 2
259 327
1 12 2
60 251
1 4 2
799 898
1 4 2
958 732
1 2 2
598 183
1 5 2
402 99
1 15 2
998 230
1 10 2
926 117
1 8 2
93 468
1 5 2
563 695
1 13 2
68 704
1 11 2
988 932
1 12 2
9 3
1 10 2
920 24
1 11 2
755 580
1 11 2
534 684
1 8 2
875 503
1 8 2
766 710
1 15 2
537 461
1 5 2
244 36
1 13 2
868 212
1 2 2
852 413
1 11 2
421 481
1 13 2
115 910
1 15 2
638 906
1 6 2
322 388
1 8 2
616 823
1 7 2
215 690
1 2 2
873 523
1 3 2
150 429
1 6 2
649 472
1 8 2
790 686
1 3 2
818 113
1 15 2
380 636
1 9 2
901 740
1 14 2
542 450
1 13 2
956 506
1 14 2
530 859
1 5 2
403 868
1 6 2
557 471
1 12 2
797 412
1 12 2
681 304
1 7 2
437 780
1 15 2
52 965
1 2 2
15 624
1 11 2
572 160
1 13 2
614 810
1 14 2
507 447
1 9 2
584 321
1 13 2
158 510
1 7 2
63 20
1 7 2
5 240
1 10 2
252 461
1 4 2
874 406
1 12 2
567 318
1 8 2
26 962
1 12 2
814 673
1 3 2
114 731
1 14 2
881 630
1 14 2
287 487
1 3 2
187 664
1 13 2
557 345
1 4 2
523 868
1 8 2
258 352
1 6 2
724 714
1 13 2
99 125
1 7 2
457 374
1 10 2
21 621
1 4 2
334 238
1 5 2
150 795
1 12 2
239 574
1 9 2
275 120
1 15 2
807 867
1 11 2
954 311
1 12 2
964 873
1 3 2
157 694
1 9 2
842 710
1 10 2
545 429
1 7 2
1 340
1 12 2
293 321
1 10 2
693 462
1 9 2
322 505
1 15 2
814 992
1 9 2
419 788
1 14 2
965 37
1 14 2
548 778
1 10 2
107 156
1 3 2
455 497
1 5 2
496 352
1 13 2
280 889
1 9 2
836 762
1 14 2
993 777
1 4 2
988 943
1 13 2
156 334
1 8 2
464 782
1 10 2
325 425
1 9 2
596 588
1 8 2
370 45
1 12 2
638 656
1 2 2
258 166
1 6 2
584 863
1 3 2
943 966
1 4 2
622 114
1 9 2
974 574
1 13 2
55 913
1 5 2
677 512
1 2 2
616 479
1 2 2
36 59
1 13 2
535 600
1 3 2
671 808
1 15 2
754 985
1 13 2
296 667
1 9 2
485 520
1 12 2
385 77
1 15 2
415 290
1 12 2
882 427
1 6 2
148 217
1 10 2
697 977
1 3 2
995 728
1 15 2
480 745
1 3 2
885 488
1 13 2
26 613
1 12 2
266 517
1 13 2
911 716
1 9 2
767 950
1 15 2
152 493
1 7 2
206 326
1 2 2
18 872
1 9 2
506 652
1 14 2
773 913
1 6 2
282 392
1 8 2
413 361
1 4 2
140 317
1 5 2
411 328
1 9 2
452 851
1 11 2
172 100
1 14 2
624 574
1 3 2
813 330
1 7 2
22 614
1 10 2
240 746
1 15 2
51 484
1 7 2
325 674
1 3 2
752 164
1 14 2
814 484
1 6 2
666 616
1 5 2
923 270
1 2 2
1 806
1 6 2
429 380
1 8 2
59 103
1 14 2
848 313
1 3 2
369 956
1 11 2
613 83
1 8 2
3 785
1 15 2
269 223
1 3 2
947 509
1 4 2
577 531
1 7 2
619 174
1 10 2
744 949
1 3 2
719 606
1 15 2
523 936
1 11 2
771 360
1 11 2
446 750
1 15 2
777 55
1 7 2
19 232
1 8 2
258 913
1 8 2
575 835
1 10 2
740 252
1 3 2
733 909
1 3 2
738 300
1 4 2
342 949
1 8 2
223 252
1 9 2
293 460
1 8 2
382 591
1 11 2
204 304
1 12 2
859 328
1 11 2
785 438
1 8 2
505 330
1 15 2
561 91
1 12 2
49 223
1 15 2
935 884
1 11 2
206 403
1 8 2
13 517
1 15 2
151 83
1 11 2
265 142
1 3 2
161 731
1 15 2
790 638
1 6 2
910 459
1 10 2
452 814
1 4 2
356 121
1 2 2
263 223
1 3 2
656 647
1 6 2
184 22
1 13 2
402 495
1 13 2
534 298
1 4 2
383 852
1 3 2
190 765
1 6 2
967 871
1 15 2
54 125
1 13 2
917 296
1 14 2
356 689
1 2 2
908 402
1 6 2
130 383
1 3 2
730 598
1 8 2
882 654
1 4 2
530 454
1 12 2
291 200
1 3 2
135 769
1 8 2
72 521
1 4 2
727 801
1 15 2
302 97
1 4 2
320 862
1 14 2
277 342
1 9 2
649 748
1 2 2
409 41
1 11 2
370 371
1 7 2
157 50
1 15 2
339 133
1 5 2
407 758
1 11 2
370 60
1 15 2
969 318
1 7 2
37 605
1 15 2
47 188
1 14 2
252 802
1 12 2
36 524
1 11 2
409 693
1 5 2
53 243
1 4 2
338 629
1 7 2
118 986
1 6 2
981 674
1 9 2
636 990
1 10 2
555 233
1 10 2
143 602
1 3 2
551 772
1 8 2
908 842
1 13 2
334 197
1 13 2
92 93
1 6 2
730 657
1 5 2
324 531
1 14 2
743 36
1 7 2
702 532
1 10 2
184 663
1 3 2
893 93
1 13 2
457 752
1 14 2
619 41
1 15 2
376 0
1 13 2
823 857
1 8 2
248 275
1 10 2
328 674
1 15 2
852 893
1 10 2
860 878
1 2 2
237 915
1 14 2
88 939
1 2 2
704 282
1 9 2
8 675
1 7 2
914 532
1 12 2
727 232
1 2 2
27 835
1 4 2
880 724
1 11 2
53 79
1 7 2
282 832
1 15 2
768 982
1 8 2
75 858
1 6 2
564 758
1 12 2
559 96
1 2 2
468 284
1 10 2
613 344
1 2 2
683 580
1 6 2
939 604
1 13 2
459 233
1 12 2
422 950
1 7 2
850 454
1 6 2
819 115
1 9 2
467 700
1 13 2
479 850
1 5 2
76 771
1 5 2
830 73
1 2 2
481 506
1 7 2
723 310
1 7 2
137 568
1 15 2
72 855
1 13 2
829 647
1 14 2
470 767
1 2 2
833 236
1 3 2
656 921
1 10 2
50 656
1 9 2
405 495
1 14 2
604 761
1 12 2
485 589
1 15 2
287 931
1 5 2
157 732
1 14 2
5 606
1 13 2
250 211
1 12 2
548 155
1 4 2
302 111
1 10 2
266 128
1 5 2
373 967
1 10 2
5 248
1 7 2
867 734
1 8 2
974 273
1 3 2
472 483
1 4 2
137 850
1 10 2
71 542
1 11 2
218 840
1 13 2
355 947
1 8 2
762 259
1 9 2
85 381
1 6 2
8 572
1 3 2
960 619
1 13 2
135 501
1 8 2
579 602
1 15 2
708 785
1 10 2
914 42
1 13 2
917 228
1 5 2
255 613
1 15 2
534 244
1 10 2
239 770
1 12 2
36 637
1 9 2
586 406
1 11 2
157 590
1 8 2
281 204
1 3 2
920 603
1 7 2
649 825
1 3 2
526 330
1 7 2
394 310
1 8 2
689 1
1 3 2
281 191
1 11 2
710 251
1 13 2
198 120
1 2 2
471 145
1 7 2
910 330
1 3 2
585 704
1 2 2
11 565
1 13 2
625 286
1 4 2
536 365
1 10 2
728 94
1 4 2
392 445
1 13 2
203 726
1 14 2
266 494
1 12 2
109 553
1 5 2
898 61
1 15 2
163 198
1 15 2
772 540
1 2 2
2 665
1 4 2
760 565
1 7 2
354 111
1 11 2
135 202
1 7 2
141 314
1 8 2
460 291
1 15 2
862 129
1 5 2
815 51
1 2 2
474 994
1 7 2
429 842
1 11 2
544 85
1 2 2
267 717
1 9 2
987 758
1 10 2
414 452
1 10 2
542 459
1 14 2
423 279
1 6 2
282 438
1 14 2
548 7
1 6 2
264 545
1 9 2
815 55
1 5 2
815 927
1 10 2
561 246
1 12 2
355 511
1 3 2
785 556
1 6 2
543 613
1 8 2
483 857
1 13 2
11 47
1 9 2
816 469
1 4 2
515 226
1 13 2
823 83
1 3 2
22 629
1 13 2
488 499
1 11 2
417 381
1 5 2
319 43
1 2 2
289 365
1 13 2
84 802
1 12 2
458 371
1 12 2
629 991
1 4 2
313 304
1 10 2
471 88
1 11 2
856 290
1 15 2
372 662
1 4 2
120 736
1 11 2
747 253
1 11 2
910 103
1 8 2
207 166
1 14 2
335 78
1 12 2
105 434
1 3 2
90 845
1 2 2
425 917
1 15 2
664 828
1 4 2
303 551
1 7 2
88 65
1 5 2
946 926
1 4 2
160 621
1 7 2
212 899
1 7 2
455 405
1 14 2
445 270
1 5 2
532 853
1 8 2
169 116
1 11 2
508 472
1 12 2
551 440
1 4 2
944 389
1 7 2
102 333
1 8 2
125 30
1 2 2
290 674
1 2 2
899 137
1 6 2
684 913
1 8 2
956 38
1 15 2
161 123
1 8 2
573 739
1 10 2
793 250
1 15 2
541 38
1 15 2
994 299
1 3 2
554 295
1 8 2
608 525
1 15 2
580 937
1 10 2
827 11
1 10 2
738 542
1 3 2
454 511
1 14 2
72 224
1 15 2
629 94
1 8 2
416 715
1 11 2
333 263
1 3 2
360 328
1 2 2
9 565
1 2 2
243 536
1 4 2
823 324
1 6 2
322 92
1 7 2
998 992
1 4 2
402 556
1 5 2
455 732
1 11 2
759 456
1 4 2
532 71
1 3 2
72 10
1 14 2
695 312
1 11 2
975 932
1 10 2
628 777
1 13 2
275 393
1 10 2
104 25
1 8 2
64 739
1 4 2
11 720
1 14 2
493 627
1 3 2
120 97
1 15 2
152 180
1 10 2
10 436
1 15 2
335 136
1 4 2
476 925
1 5 2
383 681
1 3 2
395 668
1 14 2
10 983
1 9 2
540 797
1 5 2
641 254
1 8 2
603 606
1 2 2
485 412
1 15 2
883 95
1 14 2
321 619
1 8 2
471 875
1 3 2
623 676
1 3 2
544 541
1 6 2
743 953
1 14 2
685 419
1 6 2
805 847
1 9 2
386 599
1 5 2
950 367
1 10 2
144 493
1 10 2
321 775
1 3 2
508 784
1 12 2
890 113
1 8 2
200 183
1 9 2
535 215
1 10 2
386 525
1 11 2
797 672
1 4 2
260 775
1 15 2
385 168
1 13 2
902 533
1 10 2
806 927
1 13 2
708 512
1 10 2
21 247
1 13 2
753 7
1 12 2
315 795
1 11 2
785 547
1 8 2
362 874
1 5 2
827 308
1 6 2
376 199
1 7 2
244 482
1 15 2
77 379
1 3 2
718 907
1 10 2
687 904
1 8 2
468 741
1 14 2
368 74
1 9 2
505 757
1 4 2
171 711
1 3 2
797 737
1 15 2
378 918
1 8 2
702 778
1 15 2
245 40
1 15 2
202 775
1 12 2
990 243
1 6 2
934 931
1 15 2
318 743
1 2 2
855 445
1 9 2
22 145
1 11 2
658 951
1 4 2
935 523
1 2 2
757 544
1 12 2
545 251
1 14 2
220 99
1 5 2
517 462
1 8 2
432 991
1 14 2
411 657
1 8 2
952 434
1 12 2
194 531
1 3 2
353 702
1 6 2
129 313
1 7 2
20 277
1 11 2
265 136
1 5 2
222 166
1 2 2
147 100
1 9 2
369 451
1 9 2
948 334
1 15 2
57 109
1 11 2
755 596
1 3 2
222 94
1 9 2
697 69
1 2 2
95 998
1 7 2
984 885
1 8 2
32 212
1 12 2
982 534
1 3 2
964 982
1 15 2
268 804
1 12 2
565 566
1 8 2
808 677
1 5 2
920 790
1 4 2
107 849
1 2 2
53 748
1 5 2
895 941
1 5 2
76 733
1 13 2
567 809
1 14 2
182 893
1 9 2
295 186
1 14 2
765 390
1 3 2
344 132
1 12 2
631 482
1 5 2
533 379
1 7 2
128 201
1 15 2
878 639
1 9 2
930 723
1 10 2
655 44
1 12 2
566 933
1 14 2
398 751
1 7 2
559 425
1 6 2
863 288
1 4 2
256 808
1 3 2
518 705
1 13 2
495 799
1 5 2
383 446
1 7 2
293 801
1 15 2
656 837
1 8 2
727 572
1 15 2
92 502
1 5 2
896 373
1 8 2
545 633
1 14 2
956 347
1 14 2
307 145
1 2 2
483 572
1 2 2
791 271
1 10 2
387 863
1 3 2
461 435
1 2 2
549 544
1 10 2
592 344
1 14 2
652 817
1 8 2
214 152
1 15 2
655 90
1 10 2
612 554
1 9 2
901 154
1 7 2
242 149
1 8 2
372 731
1 7 2
636 247
1 8 2
295 802
1 9 2
188 661
1 11 2
43 947
1 10 2
942 761
1 4 2
817 66
1 8 2
883 379
1 5 2
245 920
1 15 2
764 61
1 12 2
225 244
1 7 2
477 290
1 3 2
679 464
1 3 2
82 612
1 5 2
641 918
1 6 2
855 655
1 3 2
513 574
1 15 2
40 776
1 7 2
364 45
1 4 2
937 441
1 15 2
475 103
1 6 2
466 47
1 10 2
849 31
1 4 2
634 340
1 7 2
577 204
1 7 2
210 349
1 13 2
681 177
1 3 2
605 142
1 2 2
175 303
1 7 2
468 641
1 15 2
617 201
1 14 2
26 776
1 3 2
803 66
1 5 2
276 613
1 4 2
48 146
1 8 2
499 929
1 8 2
121 365
1 8 2
497 642
1 12 2
421 932
1 5 2
722 141
1 7 2
998 190
1 8 2
775 501
1 8 2
737 697
1 10 2
360 658
1 15 2
540 388
1 10 2
449 682
1 7 2
553 214
1 5 2
38 805
1 9 2
457 147
1 10 2
769 129
1 3 2
234 908
1 12 2
131 425
1 3 2
98 491
1 14 2
501 209
1 11 2
780 55
1 8 2
679 819
1 11 2
50 991
1 3 2
283 25
1 7 2
429 823
1 11 2
364 631
1 14 2
541 734
1 14 2
417 447
1 15 2
916 817
1 13 2
182 557
1 9 2
90 300
1 3 2
461 284
1 7 2
848 361
1 10 2
947 233
1 11 2
245 248
1 12 2
624 313
1 12 2
316 846
1 12 2
679 833
1 4 2
522 628
1 14 2
305 793
1 14 2
418 406
1 9 2
366 478
1 4 2
222 982
1 8 2
932 815
1 2 2
931 114
1 12 2
777 447
1 5 2
608 958
1 11 2
616 19
1 15 2
439 198
1 14 2
566 929
1 11 2
416 534
1 4 2
969 116
1 5 2
291 250
1 7 2
492 919
1 11 2
583 524
1 4 2
506 840
1 15 2
888 899
1 2 2
71 33
1 10 2
910 859
1 12 2
750 620
1 9 2
90 826
1 3 2
899 269
1 14 2
668 51
1 13 2
528 586
1 8 2
867 102
1 9 2
960 72
1 7 2
702 691
1 9 2
194 305
1 14 2
699 593
1 12 2
661 278
1 10 2
785 876
1 5 2
697 962
1 7 2
342 368
1 2 2
437 161
1 12 2
150 576
1 10 2
200 96
1 13 2
726 146
1 13 2
974 548
1 14 2
519 947
1 9 2
943 742
1 4 2
533 279
1 9 2
929 697
1 10 2
808 51
1 14 2
911 454
1 6 2
119 554
1 2 2
594 311
1 8 2
953 579
1 2 2
814 871
1 3 2
934 201
1 8 2
400 953
1 7 2
259 791
1 12 2
64 469
1 2 2
575 115
1 3 2
821 917
1 6 2
803 267
1 8 2
853 344
1 13 2
448 410
1 8 2
202 593
1 3 2
622 398
1 7 2
351 981
1 6 2
560 167
1 6 2
225 317
1 8 2
676 591
1 13 2
367 207
1 12 2
237 331
1 7 2
127 784
1 7 2
97 754
1 2 2
709 952
1 5 2
449 798
1 2 2
288 713
1 10 2
244 208
1 11 2
113 239
1 15 2
313 571
1 5 2
490 315
1 9 2
869 185
1 9 2
350 213
1 12 2
284 291
1 10 2
734 874
1 12 2
788 356
1 11 2
846 282
1 7 2
641 534
1 5 2
80 830
1 8 2
294 738
1 15 2
396 639
1 4 2
873 737
1 14 2
19 462
1 2 2
760 812
1 15 2
378 765
1 13 2
485 296
1 15 2
779 98
1 5 2
426 810
1 10 2
772 577
1 9 2
518 244
1 5 2
814 614
1 11 2
415 602
1 9 2
264 113
1 2 2
265 807
1 2 2
287 213
1 4 2
383 998
1 4 2
390 456
1 10 2
199 261
1 8 2
191 415
1 8 2
40 317
1 3 2
759 200
1 10 2
858 203
1 7 2
235 36
1 13 2
291 85
1 14 2
585 979
1 2 2
452 303
1 2 2
921 540
1 2 2
93 291
1 10 2
653 3
1 7 2
468 229
1 12 2
313 42
1 7 2
105 235
1 13 2
147 543
1 2 2
46 13
1 9 2
676 868
1 12 2
732 817
1 5 2
500 89
1 2 2
484 847
1 6 2
795 10
1 8 2
744 474
1 11 2
481 571
1 7 2
556 581
1 8 2
647 819
1 12 2
455 977
1 3 2
909 618
1 11 2
565 316
1 15 2
185 671
1 15 2
389 182
1 7 2
906 704
1 7 2
612 397
1 13 2
340 385
1 2 2
42 548
1 12 2
838 20
1 11 2
545 134
1 12 2
786 493
1 10 2
673 905
1 15 2
856 945
1 7 2
877 747
1 11 2
286 561
1 5 2
438 224
1 3 2
719 980
1 13 2
216 800
1 9 2
872 663
1 11 2
936 959
1 8 2
346 375
1 13 2
430 725
1 6 2
772 187
1 4 2
611 806
1 14 2
531 370
1 7 2
371 654
1 9 2
24 750
1 8 2
947 766
1 9 2
636 177
1 10 2
768 314
1 9 2
132 234
1 11 2
686 728
1 15 2
701 236
1 11 2
633 18
1 14 2
782 690
1 5 2
630 674
1 9 2
340 238
1 10 2
926 609
1 12 2
826 255
1 12 2
615 137
1 12 2
188 891
1 14 2
131 872
1 8 2
416 598
1 10 2
603 790
1 14 2
491 388
1 7 2
673 799
1 2 2
170 381
1 3 2
939 636
1 2 2
418 191
1 12 2
832 45
1 2 2
106 124
1 12 2
18 355
1 11 2
832 702
1 9 2
730 116
1 6 2
953 33
1 2 2
816 265
1 12 2
918 181
1 9 2
83 295
1 5 2
529 360
1 4 2
561 103
1 5 2
676 528
1 13 2
97 399
1 11 2
992 611
1 15 2
140 173
1 5 2
938 65
1 2 2
591 484
1 15 2
327 219
1 8 2
847 392
1 8 2
331 892
1 4 2
629 838
1 14 2
347 348
1 12 2
129 382
1 7 2
842 30
1 15 2
597 476
1 5 2
848 916
1 13 2
15 343
1 9 2
322 642
1 7 2
713 114
1 9 2
730 404
1 7 2
571 639
1 11 2
966 98
1 13 2
60 48
1 11 2
771 894
1 13 2
359 711
1 4 2
90 79
1 2 2
241 77
1 2 2
307 872
1 11 2
828 550
1 12 2
649 954
1 14 2
18 501
1 3 2
120 946
1 8 2
766 184
1 7 2
72 789
1 6 2
759 325
1 15 2
956 977
1 8 2
426 78
1 13 2
756 544
1 5 2
977 850
1 11 2
23 463
1 7 2
647 834
1 2 2
976 92
1 8 2
433 441
1 2 2
3 351
1 2 2
807 14
1 14 2
473 266
1 2 2
781 570
1 2 2
880 941
1 2 2
37 714
1 7 2
614 937
1 15 2
432 841
1 7 2
868 18
1 4 2
330 745
1 13 2
471 46
1 5 2
40 703
1 7 2
434 340
1 8 2
364 591
1 6 2
86 416
1 11 2
711 28
1 12 2
290 412
1 10 2
486 153
1 14 2
110 318
1 12 2
810 767
1 6 2
336 850
1 3 2
79 40
1 3 2
739 652
1 13 2
331 338
1 12 2
607 648
1 12 2
285 164
1 12 2
164 148
1 5 2
798 688
1 11 2
535 823
1 7 2
436 55
1 8 2
669 905
1 11 2
540 641
1 4 2
170 239
1 5 2
291 725
1 8 2
1 640
1 13 2
695 669
1 15 2
838 765
1 14 2
446 234
1 10 2
247 766
1 13 2
59 170
1 3 2
178 492
1 5 2
821 79
1 15 2
623 959
1 2 2
562 904
1 12 2
138 627
1 12 2
345 127
1 13 2
194 643
1 10 2
136 89
1 4 2
871 244
1 11 2
698 163
1 3 2
919 950
1 14 2
213 802
1 6 2
348 429
1 4 2
976 250
1 5 2
343 626
1 12 2
505 590
1 3 2
827 109
1 10 2
590 786
1 11 2
747 92
1 13 2
712 198
1 15 2
443 541
1 14 2
808 560
1 11 2
22 237
1 7 2
926 975
1 4 2
977 278
1 12 2
993 772
1 15 2
594 5
1 14 2
108 403
1 14 2
581 650
1 13 2
545 113
1 5 2
849 742
1 4 2
182 640
1 14 2
715 312
1 9 2
606 723
1 12 2
670 284
1 3 2
749 842
1 9 2
644 451
1 5 2
65 822
1 3 2
200 50
1 12 2
892 745
1 10 2
535 116
1 13 2
51 292
1 7 2
26 402
1 11 2
342 995
1 11 2
956 61
1 5 2
380 930
1 3 2
978 620
1 15 2
348 678
1 12 2
651 760
1 13 2
459 41
1 8 2
506 751
1 6 2
295 225
1 15 2
650 869
1 5 2
849 708
1 10 2
694 179
1 11 2
669 898
1 12 2
212 513
1 8 2
250 778
1 14 2
830 679
1 8 2
297 898
1 13 2
33 266
1 9 2
27 568
1 9 2
7 554
1 3 2
243 670
1 13 2
49 431
1 4 2
761 181
1 9 2
348 183
1 2 2
177 179
1 12 2
954 986
1 13 2
764 995
1 14 2
949 129
1 11 2
978 464
1 8 2
784 423
1 3 2
846 470
1 3 2
838 822
1 9 2
625 480
1 8 2
942 48
1 13 2
514 348
1 5 2
689 464
1 13 2
189 223
1 4 2
41 659
1 13 2
44 47
1 4 2
902 287
1 2 2
285 142
1 2 2
486 429
1 3 2
492 660
1 13 2
365 85
1 6 2
554 995
1 13 2
820 64
1 15 2
294 607
1 6 2
19 766
1 5 2
512 97
1 11 2
639 369
1 9 2
615 397
1 14 2
286 753
1 11 2
489 928
1 3 2
429 642
1 7 2
767 876
1 4 2
696 464
1 12 2
237 790
1 2 2
571 5
1 3 2
177 344
1 12 2
50 302
1 8 2
290 128
1 12 2
243 101
1 12 2
762 773
1 6 2
75 543
1 13 2
625 261
1 7 2
598 572
1 4 2
932 976
1 8 2
523 275
1 11 2
301 644
1 12 2
344 415
1 15 2
974 666
1 11 2
83 983
1 12 2
282 548
1 6 2
940 68
1 14 2
814 73
1 2 2
314 290
1 3 2
195 640
1 3 2
64 77
1 8 2
471 348
1 5 2
687 182
1 10 2
662 38
1 12 2
507 406
1 5 2
766 775
1 9 2
900 972
1 15 2
407 779
1 8 2
6 621
1 3 2
52 745
1 7 2
0 515
1 14 2
513 604
1 2 2
700 243
1 12 2
189 133
1 6 2
486 485
1 10 2
712 497
1 13 2
279 718
1 7 2
285 176
1 4 2
538 891
1 12 2
305 499
1 13 2
92 165
1 5 2
805 877
1 10 2
897 156
1 3 2
221 33
1 14 2
6 573
1 6 2
231 965
1 12 2
539 902
1 8 2
925 344
1 4 2
639 929
1 13 2
796 910
1 3 2
20 751
1 6 2
210 941
1 6 2
378 502
1 8 2
505 427
1 10 2
800 873
1 9 2
838 614
1 10 2
491 612
1 6 2
197 408
1 9 2
224 403
1 2 2
60 428
1 9 2
371 74
1 8 2
260 708
1 14 2
816 696
1 11 2
22 433
1 4 2
889 68
1 6 2
158 565
1 12 2
606 672
1 10 2
763 99
1 14 2
395 770
1 13 2
5 168
1 5 2
690 837
1 12 2
28 517
1 12 2
166 568
1 10 2
745 953
1 5 2
96 75
1 7 2
388 752
1 7 2
344 492
1 4 2
445 737
1 13 2
14 19
1 2 2
806 206
1 9 2
156 613
1 6 2
466 744
1 5 2
345 616
1 10 2
861 396
1 5 2
756 821
1 8 2
684 185
1 12 2
498 383
1 5 2
142 488
1 4 2
608 253
1 8 2
291 153
1 15 2
326 753
1 11 2
446 692
1 6 2
565 760
1 8 2
901 136
1 8 2
265 385
1 7 2
990 800
1 13 2
778 805
1 14 2
747 73
1 5 2
701 562
1 11 2
276 628
1 5 2
977 223
1 10 2
101 284
1 5 2
180 914
1 7 2
336 541
1 14 2
336 170
1 9 2
258 52
1 11 2
335 236
1 10 2
892 796
1 10 2
592 767
1 14 2
903 623
1 4 2
553 276
1 15 2
214 963
1 15 2
816 887
1 14 2
324 139
1 7 2
248 77
1 11 2
347 292
1 7 2
470 731
1 14 2
542 96
1 13 2
2 550
1 12 2
83 527
1 10 2
291 624
1 15 2
902 141
1 4 2
39 804
1 10 2
76 958
1 2 2
112 675
1 6 2
551 362
1 8 2
111 56
1 11 2
491 589
1 4 2
232 706
1 10 2
936 987
1 9 2
131 202
1 9 2
379 449
1 6 2
534 317
1 6 2
88 779
1 7 2
73 290
1 6 2
331 164
1 11 2
26 295
1 2 2
13 392
1 4 2
197 449
1 4 2
920 590
1 11 2
319 146
1 8 2
70 95
1 9 2
758 932
1 2 2
854 244
1 5 2
976 409
1 12 2
796 739
1 11 2
38 799
1 14 2
406 832
1 15 2
668 874
1 13 2
261 889
1 11 2
422 847
1 14 2
15 714
1 5 2
489 146
1 8 2
467 384
1 12 2
893 926
1 6 2
753 252
1 15 2
459 93
1 5 2
933 757
1 10 2
812 246
1 14 2
239 777
1 6 2
69 192
1 6 2
183 384
1 2 2
613 949
1 9 2
133 595
1 7 2
836 431
1 4 2
236 423
1 3 2
34 436
1 15 2
965 54
1 3 2
715 885
1 7 2
935 222
1 7 2
817 770
1 3 2
576 28
1 11 2
540 158
1 9 2
364 417
1 10 2
675 521
1 15 2
283 987
1 3 2
895 779
1 15 2
65 92
1 3 2
256 131
1 10 2
359 615
1 5 2
7 170
1 15 2
128 283
1 3 2
430 669
1 12 2
833 819
1 2 2
387 94
1 4 2
359 222
1 4 2
937 212
1 9 2
90 29
1 3 2
172 648
1 13 2
390 768
1 6 2
416 592
1 5 2
129 928
1 15 2
548 886
1 14 2
121 767
1 2 2
547 946
1 9 2
574 191
1 8 2
546 828
1 10 2
441 934
1 12 2
142 900
1 11 2
221 145
1 12 2
525 814
1 8 2
874 945
1 15 2
542 162
1 8 2
166 995
1 7 2
109 96
1 5 2
498 979
1 7 2
381 72
1 13 2
652 255
1 10 2
844 698
1 15 2
743 980
1 2 2
414 292
1 11 2
73 400
1 11 2
245 827
1 3 2
590 714
1 11 2
502 906
1 10 2
735 936
1 14 2
887 630
1 2 2
703 571
1 15 2
543 840
1 4 2
612 340
1 12 2
873 653
1 13 2
314 133
1 8 2
769 928
1 2 2
529 838
1 15 2
447 212
1 4 2
849 532
1 12 2
583 995
1 14 2
75 278
1 6 2
435 643
1 8 2
899 223
1 5 2
936 361
1 9 2
49 889
1 12 2
608 128
1 15 2
819 649
1 14 2
7 903
1 11 2
667 52
1 14 2
629 172
1 11 2
569 560
1 2 2
760 984
1 14 2
936 830
1 13 2
714 375
1 9 2
123 241
1 15 2
754 419
1 4 2
203 909
1 12 2
857 591
1 12 2
483 193
1 11 2
795 674
1 14 2
892 455
1 14 2
759 842
1 8 2
379 377
1 3 2
140 679
1 6 2
380 205
1 6 2
50 555
1 15 2
8 303
1 10 2
925 465
1 8 2
922 800
1 3 2
797 440
1 12 2
280 712
1 5 2
11 442
1 15 2
638 340
1 10 2
256 148
1 9 2
934 926
1 8 2
51 748
1 14 2
643 546
1 12 2
566 836
1 7 2
948 504
1 10 2
480 273
1 6 2
70 221
1 11 2
699 189
1 3 2
897 545
1 12 2
762 823
1 8 2
315 786
1 2 2
262 438
1 2 2
773 804
1 2 2
181 680
1 8 2
413 640
1 13 2
470 777
1 11 2
605 245
1 12 2
361 413
1 4 2
753 596
1 12 2
804 792
1 10 2
105 552
1 6 2
292 109
1 13 2
525 18
1 14 2
592 56
1 15 2
365 135
1 8 2
924 629
1 13 2
912 16
1 3 2
20 414
1 4 2
284 747
1 4 2
603 123
1 13 2
352 833
1 7 2
110 186
1 9 2
985 151
1 15 2
711 997
1 3 2
950 568
1 11 2
144 763
1 12 2
350 685
1 12 2
861 766
1 12 2
44 313
1 3 2
3 342
1 3 2
312 348
1 3 2
323 574
1 13 2
323 924
1 13 2
426 768
1 7 2
457 487
1 15 2
483 752
1 9 2
193 803
1 13 2
701 603
1 10 2
490 990
1 4 2
849 3
1 4 2
9 721
1 9 2
27 342
1 12 2
2 387
1 4 2
481 998
1 6 2
510 150
1 13 2
647 768
1 10 2
536 567
1 12 2
661 191
1 7 2
491 712
1 3 2
983 332
1 14 2
948 186
1 4 2
8 388
1 11 2
464 643
1 6 2
269 817
1 6 2
677 177
1 5 2
547 443
1 9 2
886 42
1 6 2
642 327
1 3 2
937 260
1 6 2
166 105
1 9 2
802 777
1 9 2
252 790
1 8 2
472 583
1 15 2
73 72
1 13 2
970 534
1 15 2
889 161
1 8 2
379 440
1 2 2
415 564
1 8 2
68 403
1 8 2
393 168
1 14 2
21 677
1 8 2
326 444
1 7 2
221 389
1 9 2
249 556
1 14 2
315 165
1 15 2
105 993
1 14 2
87 342
1 4 2
294 466
1 14 2
734 823
1 3 2
683 3
1 8 2
126 337
1 3 2
450 74
1 15 2
152 936
1 8 2
686 143
1 2 2
40 680
1 10 2
25 53
1 7 2
896 579
1 2 2
759 804
1 5 2
615 213
1 15 2
621 769
1 11 2
413 589
1 10 2
146 244
1 14 2
70 651
1 9 2
86 337
1 3 2
951 108
1 13 2
457 822
1 7 2
266 310
1 10 2
825 669
1 4 2
738 408
1 4 2
21 119
1 15 2
212 489
1 3 2
118 15
1 7 2
101 671
1 4 2
451 1
1 11 2
938 238
1 14 2
175 148
1 5 2
643 567
1 5 2
999 488
1 12 2
577 385
1 6 2
641 899
1 10 2
295 554
1 10 2
243 590
1 12 2
480 854
1 5 2
601 884
1 13 2
53 590
1 13 2
538 325
1 8 2
163 410
1 11 2
804 530
1 13 2
641 848
1 7 2
84 740
1 10 2
896 929
1 8 2
726 357
1 6 2
64 878
1 15 2
629 418
1 5 2
635 258
1 13 2
850 928
1 3 2
178 216
1 7 2
694 989
1 2 2
674 597
1 5 2
388 467
1 9 2
334 331
1 4 2
586 209
1 12 2
189 552
1 2 2
716 618
1 15 2
400 808
1 10 2
273 863
1 4 2
182 492
1 5 2
214 136
1 2 2
993 245
1 2 2
945 153
1 3 2
182 962
1 15 2
160 860
1 7 2
424 596
1 11 2
417 862
1 10 2
902 812
1 9 2
522 65
1 4 2
997 46
1 3 2
684 26
1 7 2
247 824
1 6 2
801 553
1 2 2
35 431
1 4 2
780 884
1 4 2
979 347
1 3 2
168 937
1 8 2
832 313
1 13 2
90 224
1 4 2
340 288
1 14 2
967 961
1 4 2
894 826
1 10 2
579 733
1 2 2
105 504
1 14 2
728 209
1 10 2
542 565
1 5 2
673 938
1 11 2
567 101
1 5 2
228 254
1 8 2
674 354
1 3 2
706 879
1 10 2
334 775
1 3 2
732 785
1 3 2
685 411
1 10 2
450 70
1 10 2
437 739
1 8 2
151 516
1 15 2
227 284
1 12 2
131 293
1 5 2
451 67
1 11 2
741 645
1 2 2
215 908
1 4 2
656 964
1 8 2
267 146
1 9 2
467 941
1 7 2
797 687
1 9 2
50 429
1 11 2
762 884
1 4 2
410 932
1 7 2
277 126
1 6 2
59 299
1 7 2
526 478
1 15 2
672 255
1 8 2
282 430
1 5 2
952 161
1 13 2
414 448
1 12 2
117 626
1 10 2
75 713
1 14 2
557 707
1 12 2
587 111
1 15 2
530 962
1 5 2
354 847
1 13 2
916 238
1 11 2
677 879
1 4 2
921 441
1 8 2
512 480
1 28 2
723 275
1 14 2
44 460
1 16 2
510 64
1 10 2
499 225
1 10 2
149 517
1 8 2
906 107
1 8 2
20 137
1 18 2
947 701
1 8 2
696 214
1 16 2
525 763
1 20 2
909 960
1 20 2
221 530
1 8 2
47 560
1 24 2
108 736
1 20 2
67 15
1 14 2
406 217
1 12 2
543 792
1 16 2
160 454
1 22 2
353 126
