1000 5980 3000
23 23 15 24 9 19 17 7 9 14 24 15 19 19 8 23 6 6 13 12 11 5 15 16 20 11 22 7 15 15 15 22 9 5 16 11 17 11 10 14 20 23 10 22 11 9 10 7 17 25 21 11 5 21 9 25 12 11 21 10 15 5 14 5 10 25 13 24 18 15 12 8 16 15 11 23 13 11 18 19 24 6 24 11 23 19 5 19 5 5 22 25 13 22 12 20 9 22 22 9 13 17 15 13 11 22 21 21 10 23 9 8 15 22 14 18 21 18 7 22 5 11 22 9 24 25 18 24 5 24 17 10 5 14 17 21 5 17 6 16 6 16 17 22 18 23 17 8 14 21 6 14 22 10 9 11 25 25 5 5 21 24 14 17 20 21 15 19 24 15 20 20 23 22 20 8 15 19 11 10 22 10 10 15 7 18 25 22 10 10 17 8 15 19 6 21 21 23 21 21 15 12 16 18 11 10 21 17 13 19 14 6 14 17 18 10 17 24 20 18 24 10 13 20 9 18 20 11 5 7 19 16 5 6 23 11 11 13 23 22 22 23 24 23 16 22 8 14 13 24 6 22 20 11 13 9 17 16 22 13 12 20 12 22 9 5 8 12 15 22 9 8 9 13 11 10 23 13 14 7 18 22 16 5 18 14 16 20 17 12 9 15 25 17 11 20 24 6 10 10 19 14 7 17 21 22 13 9 19 12 25 5 11 5 17 22 17 24 8 15 7 22 15 13 15 18 23 10 9 17 14 14 17 21 16 23 15 17 15 18 11 5 15 11 9 14 23 9 12 6 24 12 14 24 10 20 15 24 15 14 15 24 12 13 14 22 21 22 25 7 20 20 15 25 5 14 8 7 20 21 23 5 20 25 23 25 19 16 23 18 7 22 5 21 5 22 11 16 11 14 17 8 19 14 20 23 15 5 24 14 23 22 22 23 12 17 6 14 19 11 17 17 21 8 16 24 21 11 8 9 22 24 19 24 7 19 9 15 18 23 24 19 21 18 16 20 21 8 25 13 19 23 15 23 11 14 10 7 19 20 7 9 7 16 7 14 12 5 13 10 14 10 17 22 22 13 20 6 14 18 5 9 17 6 12 23 23 13 10 19 6 21 5 14 24 18 19 5 8 13 12 22 21 23 13 6 19 21 5 21 8 20 16 20 19 13 11 9 15 17 20 23 23 14 24 24 15 19 23 10 6 10 8 13 13 12 9 22 17 6 24 5 15 11 22 16 19 11 25 22 24 21 10 23 6 13 14 12 19 15 11 9 20 22 9 17 17 16 24 15 13 15 18 8 5 19 8 7 25 12 13 12 25 6 10 9 19 12 14 13 20 15 15 7 23 18 16 16 10 20 19 16 24 15 15 13 22 24 24 5 16 20 22 10 5 20 24 17 9 19 21 19 10 14 14 12 15 18 25 24 25 20 11 21 18 8 22 22 18 25 25 7 18 17 24 13 7 12 17 16 19 15 18 24 19 11 22 10 7 23 15 8 17 18 12 16 22 22 10 20 22 5 18 24 12 15 12 6 21 11 15 12 9 10 6 10 16 25 12 25 16 11 18 11 19 22 9 18 11 9 5 10 24 24 19 12 17 17 17 21 11 7 14 7 5 8 19 16 23 15 10 5 8 24 13 7 9 21 22 9 17 11 7 9 15 18 17 17 16 8 9 10 18 11 22 21 21 9 18 5 23 20 11 15 24 23 16 24 9 5 11 5 9 16 24 22 6 9 24 14 8 16 5 20 13 20 5 15 14 20 25 16 15 19 20 10 5 14 5 24 6 5 11 9 15 20 9 22 24 24 17 10 13 14 6 22 16 14 23 22 5 22 18 5 8 24 20 6 21 13 25 23 8 6 13 18 5 19 14 12 6 10 11 9 15 22 9 8 25 16 6 15 13 11 11 18 7 9 21 10 23 20 23 15 16 11 10 6 25 11 12 17 17 20 25 20 11 23 8 5 11 18 9 15 25 8 10 23 5 16 22 8 25 21 8 11 15 20 22 7 10 15 16 23 14 24 19 9 18 21 12 12 13 25 22 14 11 20 21 11 16 22 18 15 13 25 25 13 22 13 21 21 16 15 7 10 18 20 5 22 22 23 16 18 11 8 23 7 13 23 13 11 7 20 16 17 15 14 11 20 8 15 9 9 13 20 21 23 7 7 17 23 9 18 18 24 13 13 9 11 8 23 18 12 16 23 22 8 8 13 12 11 18 16 7 5 21 18 21 17 24 9 12 15 7 11 10 23 21 23
3 10 14 7 4 5 4 5 4 8 6 5 6 3 3 11 10 15 3 3 20 8 4 3 6 10 13 3 15 13 10 20 12 20 8 7 17 10 12 17 4 5 6 17 17 16 14 17 17 3 8 15 20 12 13 8 16 19 20 10 4 17 9 8 3 19 12 19 14 3 12 13 7 20 12 18 19 15 11 9 9 3 10 20 4 4 13 5 17 6 3 15 15 17 15 17 6 4 10 10 20 9 7 20 13 11 6 16 16 15 5 17 11 19 19 7 15 15 19 3 11 18 12 3 8 8 7 13 12 4 16 20 7 12 6 9 10 5 6 19 12 7 18 11 16 3 16 17 5 4 20 13 11 11 16 12 20 6 20 15 17 18 17 3 13 14 11 6 3 9 15 18 3 20 6 17 5 6 10 3 11 11 10 16 4 4 15 9 16 4 14 19 18 4 6 4 11 3 9 13 4 17 4 4 7 17 6 8 11 10 11 5 18 12 8 19 13 6 12 10 15 7 10 11 5 3 18 3 3 4 20 9 9 3 7 19 15 18 5 17 18 6 12 10 10 20 4 8 5 11 8 19 6 8 14 11 3 17 10 3 9 8 6 9 19 6 4 10 19 16 6 6 20 6 3 9 17 20 16 8 19 13 7 14 13 17 4 20 6 17 12 7 17 4 19 12 5 9 9 14 18 18 18 12 11 5 13 16 14 18 17 15 20 19 9 11 10 18 5 15 17 9 14 16 15 20 8 6 7 19 15 10 18 15 15 13 4 17 9 3 16 10 7 4 4 5 15 5 17 5 6 5 20 7 15 9 5 4 12 11 11 10 3 7 5 16 12 4 10 10 3 20 4 19 17 4 20 12 18 6 14 14 12 18 11 7 14 10 18 5 4 8 3 16 20 4 4 12 15 9 5 8 5 7 19 7 13 3 18 4 8 7 11 14 18 20 7 17 13 12 17 18 3 9 18 6 11 4 12 16 5 14 15 12 20 13 19 15 8 12 8 12 5 15 7 18 6 13 9 14 12 7 15 7 12 15 5 4 17 17 8 11 16 12 18 12 4 5 20 16 15 19 6 18 13 7 3 15 10 13 8 5 8 9 12 15 18 18 11 20 19 18 3 6 6 19 9 3 18 6 3 4 17 4 3 4 15 15 9 12 5 15 15 15 10 19 20 11 13 12 9 13 5 17 18 11 20 3 15 19 13 19 9 6 16 7 14 16 5 9 10 7 6 17 18 4 10 13 20 10 10 12 7 11 5 15 16 12 15 16 8 17 4 17 17 13 9 12 9 4 19 4 5 16 17 15 8 19 6 3 11 9 14 10 16 18 3 19 10 3 11 4 14 20 4 12 9 18 12 19 10 18 15 12 20 18 7 12 19 5 8 3 9 4 4 3 10 16 8 17 16 13 13 8 13 14 9 16 15 6 13 7 10 16 11 6 14 12 6 3 17 16 15 7 20 10 5 20 11 6 8 7 5 14 16 11 16 14 10 10 15 15 15 14 11 13 3 12 18 9 17 20 18 14 4 5 16 8 15 17 18 9 10 4 20 17 16 12 16 20 4 8 6 9 20 6 18 11 10 16 8 11 10 9 18 14 5 19 4 15 3 18 17 4 20 13 3 11 18 4 11 8 12 4 16 11 9 11 5 15 6 8 3 17 8 5 3 17 8 12 5 20 18 20 11 15 17 20 13 17 11 20 12 12 7 16 17 17 16 9 6 17 13 15 12 16 14 3 13 16 14 17 4 9 10 9 6 8 7 14 20 8 7 18 17 19 14 9 13 8 4 12 8 19 8 14 3 14 6 5 4 6 15 12 17 11 12 17 15 12 11 8 14 8 14 8 13 3 17 5 20 13 18 20 10 11 7 4 18 8 15 12 10 11 5 14 9 5 8 3 6 15 20 11 14 12 10 14 10 6 18 10 11 13 14 12 3 3 4 7 11 7 7 7 16 8 7 16 9 4 14 18 20 20 18 7 9 19 9 20 14 8 20 18 8 3 17 20 19 9 14 5 18 5 16 19 10 19 18 5 6 11 4 10 13 4 20 19 17 18 5 6 18 18 11 6 11 3 19 5 15 20 15 7 6 5 3 19 6 9 16 16 14 13 7 6 4 6 13 7 8 14 10 19 17 19 6 17 3 3 17 18 10 11 13 12 8 5 18 7 8 19 15 10 9 5 3 3 13 11 20 4 20 20 8 11 8 20 4 9 11 15 6 18 5 19 20 9 8 10 16 19 15 11 17 3 8 18 11 17
1 6 2
784 780
1 8 2
744 561
1 8 2
350 123
1 8 2
752 223
1 7 2
156 777
1 2 2
0 789
1 3 2
554 697
1 14 2
964 22
1 11 2
279 246
1 5 2
56 550
1 12 2
242 771
1 15 2
39 591
1 6 2
793 974
1 9 2
251 108
1 9 2
579 88
1 4 2
847 669
1 15 2
827 437
1 2 2
588 780
1 12 2
873 532
1 5 2
857 855
1 14 2
685 225
1 15 2
387 153
1 15 2
754 521
1 5 2
889 507
1 13 2
976 928
1 7 2
424 6
1 13 2
611 966
1 5 2
958 914
1 5 2
739 32
1 11 2
856 458
1 8 2
492 582
1 4 2
396 664
1 10 2
155 983
1 10 2
931 662
1 11 2
341 649
1 5 2
412 627
1 10 2
803 891
1 6 2
393 510
1 6 2
69 507
1 2 2
353 141
1 3 2
607 757
1 2 2
368 297
1 5 2
321 432
1 6 2
172 377
1 13 2
977 494
1 15 2
305 971
1 2 2
137 237
1 4 2
247 623
1 12 2
35 423
1 3 2
358 993
1 13 2
281 230
1 12 2
439 454
1 3 2
621 759
1 14 2
285 336
1 13 2
82 154
1 6 2
877 848
1 14 2
874 773
1 11 2
884 434
1 6 2
452 185
1 14 2
212 775
1 8 2
695 157
1 2 2
174 257
1 11 2
310 737
1 2 2
229 660
1 2 2
57 91
1 11 2
32 963
1 13 2
767 301
1 10 2
540 542
1 3 2
626 26
1 8 2
495 504
1 11 2
425 164
1 11 2
597 901
1 8 2
492 754
1 15 2
614 848
1 3 2
130 97
1 6 2
19 892
1 11 2
969 413
1 6 2
365 719
1 3 2
932 858
1 8 2
747 215
1 2 2
289 827
1 4 2
476 483
1 12 2
510 660
1 11 2
881 589
1 10 2
685 958
1 3 2
529 519
1 2 2
208 26
1 11 2
156 562
1 9 2
807 746
1 4 2
149 974
1 11 2
888 953
1 4 2
242 416
1 7 2
124 981
1 3 2
926 72
1 13 2
396 373
1 10 2
765 857
1 9 2
278 326
1 3 2
161 633
1 10 2
554 68
1 13 2
182 331
1 3 2
254 180
1 9 2
702 353
1 13 2
634 642
1 7 2
985 634
1 4 2
792 798
1 6 2
468 411
1 14 2
326 360
1 14 2
201 740
1 4 2
421 796
1 15 2
843 222
1 9 2
89 254
1 3 2
75 357
1 8 2
897 776
1 11 2
96 481
1 10 2
8 117
1 14 2
495 851
1 7 2
57 824
1 6 2
208 859
1 3 2
155 892
1 4 2
307 713
1 9 2
358 232
1 8 2
798 810
1 15 2
222 308
1 15 2
132 895
1 5 2
232 475
1 4 2
514 200
1 9 2
804 925
1 11 2
513 236
1 11 2
160 907
1 15 2
15 319
1 12 2
516 460
1 3 2
468 482
1 6 2
135 920
1 14 2
784 732
1 6 2
411 993
1 15 2
176 591
1 3 2
356 657
1 12 2
256 740
1 15 2
273 410
1 12 2
505 651
1 3 2
741 950
1 8 2
886 1
1 14 2
65 901
1 15 2
470 5
1 4 2
595 174
1 2 2
996 934
1 5 2
85 949
1 11 2
163 443
1 12 2
793 379
1 12 2
436 714
1 9 2
119 244
1 5 2
489 327
1 2 2
546 521
1 10 2
658 226
1 13 2
912 865
1 9 2
559 845
1 15 2
483 500
1 2 2
131 950
1 12 2
321 228
1 14 2
881 148
1 10 2
223 688
1 2 2
463 415
1 4 2
368 718
1 7 2
365 947
1 4 2
40 565
1 7 2
523 661
1 8 2
83 79
1 7 2
868 198
1 3 2
631 74
1 2 2
39 466
1 4 2
288 382
1 15 2
661 16
1 2 2
692 178
1 13 2
345 142
1 8 2
340 378
1 15 2
974 353
1 3 2
121 220
1 10 2
247 393
1 9 2
702 19
1 15 2
374 12
1 6 2
749 644
1 9 2
839 278
1 3 2
262 607
1 12 2
134 875
1 15 2
263 619
1 5 2
606 24
1 14 2
673 779
1 7 2
431 604
1 7 2
734 636
1 13 2
623 178
1 6 2
550 35
1 7 2
955 821
1 10 2
312 31
1 12 2
728 294
1 15 2
172 569
1 15 2
166 137
1 5 2
681 721
1 8 2
457 45
1 3 2
854 450
1 5 2
137 440
1 5 2
747 24
1 9 2
78 619
1 5 2
417 771
1 3 2
974 181
1 3 2
874 530
1 5 2
796 34
1 9 2
946 924
1 9 2
132 572
1 8 2
725 70
1 6 2
991 713
1 8 2
457 35
1 2 2
193 410
1 11 2
516 267
1 15 2
186 417
1 9 2
554 31
1 11 2
729 394
1 3 2
201 843
1 13 2
25 749
1 7 2
389 895
1 12 2
456 212
1 5 2
808 25
1 10 2
785 443
1 15 2
209 94
1 10 2
287 119
1 11 2
465 1
1 3 2
40 133
1 7 2
692 645
1 12 2
985 643
1 9 2
352 721
1 13 2
833 842
1 12 2
847 986
1 13 2
464 457
1 3 2
271 283
1 5 2
532 963
1 5 2
800 69
1 14 2
32 479
1 13 2
634 25
1 14 2
865 676
1 12 2
435 885
1 10 2
14 956
1 10 2
528 145
1 9 2
554 463
1 12 2
209 25
1 2 2
123 37
1 4 2
657 690
1 3 2
14 386
1 12 2
164 500
1 12 2
929 44
1 12 2
758 744
1 7 2
167 815
1 12 2
210 89
1 8 2
312 635
1 9 2
162 325
1 13 2
744 761
1 10 2
719 683
1 9 2
206 619
1 6 2
175 499
1 6 2
61 970
1 3 2
192 150
1 14 2
109 789
1 8 2
120 343
1 4 2
908 935
1 15 2
132 711
1 13 2
631 119
1 6 2
287 588
1 6 2
141 380
1 8 2
190 608
1 4 2
621 385
1 7 2
527 480
1 3 2
493 362
1 6 2
451 863
1 6 2
732 141
1 12 2
450 203
1 11 2
368 931
1 9 2
669 89
1 10 2
775 293
1 2 2
224 782
1 15 2
112 275
1 3 2
110 268
1 11 2
885 939
1 4 2
654 938
1 13 2
737 991
1 2 2
504 446
1 3 2
76 354
1 11 2
158 402
1 8 2
350 586
1 14 2
614 422
1 9 2
87 812
1 3 2
766 663
1 8 2
559 226
1 13 2
15 138
1 4 2
778 822
1 3 2
132 799
1 5 2
659 445
1 13 2
133 627
1 5 2
138 747
1 8 2
347 697
1 15 2
326 927
1 13 2
761 836
1 6 2
601 199
1 9 2
37 217
1 9 2
399 189
1 9 2
119 765
1 13 2
922 394
1 7 2
507 810
1 7 2
459 297
1 5 2
162 381
1 2 2
31 43
1 15 2
575 402
1 11 2
739 12
1 10 2
643 714
1 14 2
583 431
1 9 2
872 217
1 9 2
74 75
1 12 2
968 369
1 3 2
591 553
1 5 2
849 447
1 8 2
663 923
1 8 2
43 700
1 9 2
473 450
1 15 2
321 473
1 4 2
453 595
1 8 2
769 513
1 15 2
873 533
1 6 2
54 975
1 2 2
71 447
1 6 2
523 193
1 3 2
471 560
1 7 2
701 972
1 11 2
893 269
1 3 2
474 816
1 14 2
573 72
1 9 2
494 832
1 14 2
742 319
1 5 2
693 282
1 13 2
653 371
1 2 2
441 434
1 5 2
435 375
1 11 2
488 599
1 13 2
514 562
1 3 2
492 163
1 4 2
527 319
1 15 2
453 36
1 8 2
613 919
1 2 2
17 351
1 8 2
287 879
1 12 2
741 307
1 7 2
283 222
1 7 2
143 484
1 6 2
673 8
1 3 2
929 256
1 9 2
269 265
1 4 2
139 889
1 7 2
102 959
1 11 2
1 488
1 8 2
77 246
1 6 2
484 321
1 11 2
736 68
1 2 2
915 930
1 12 2
616 647
1 9 2
985 123
1 13 2
920 661
1 13 2
717 697
1 11 2
522 841
1 2 2
695 377
1 12 2
513 348
1 3 2
453 288
1 3 2
240 232
1 2 2
752 903
1 6 2
671 339
1 7 2
622 270
1 12 2
780 909
1 10 2
855 78
1 3 2
468 726
1 5 2
162 884
1 14 2
69 89
1 13 2
333 350
1 7 2
244 263
1 14 2
975 495
1 5 2
132 382
1 7 2
776 544
1 14 2
456 267
1 7 2
68 285
1 2 2
268 127
1 11 2
714 234
1 11 2
247 326
1 10 2
658 913
1 8 2
625 640
1 10 2
271 669
1 2 2
7 117
1 14 2
38 296
1 15 2
377 639
1 11 2
88 55
1 3 2
495 649
1 15 2
67 760
1 9 2
524 331
1 4 2
427 351
1 14 2
228 41
1 10 2
157 250
1 15 2
985 749
1 9 2
314 645
1 13 2
332 531
1 10 2
761 708
1 3 2
971 946
1 7 2
711 353
1 15 2
788 24
1 3 2
495 788
1 15 2
886 765
1 10 2
739 767
1 6 2
751 356
1 10 2
62 122
1 9 2
160 60
1 9 2
929 469
1 8 2
832 66
1 7 2
12 436
1 13 2
905 310
1 4 2
83 491
1 4 2
280 896
1 3 2
985 129
1 13 2
669 420
1 14 2
252 860
1 5 2
608 795
1 7 2
693 147
1 15 2
856 933
1 11 2
812 490
1 15 2
421 269
1 8 2
185 280
1 6 2
171 724
1 11 2
763 504
1 14 2
648 865
1 2 2
790 767
1 8 2
597 928
1 10 2
737 735
1 6 2
448 856
1 14 2
478 666
1 11 2
929 642
1 3 2
25 138
1 3 2
366 504
1 6 2
461 853
1 9 2
910 909
1 9 2
622 111
1 12 2
554 448
1 9 2
222 306
1 8 2
993 713
1 2 2
827 941
1 4 2
513 368
1 9 2
630 957
1 12 2
879 605
1 10 2
16 144
1 3 2
204 489
1 4 2
113 420
1 4 2
187 175
1 3 2
157 392
1 5 2
846 48
1 11 2
628 77
1 4 2
427 520
1 11 2
569 311
1 10 2
276 598
1 3 2
580 758
1 5 2
9 669
1 13 2
375 886
1 9 2
441 538
1 6 2
813 692
1 7 2
373 596
1 8 2
942 424
1 6 2
458 717
1 15 2
452 130
1 7 2
3 113
1 12 2
926 962
1 13 2
302 995
1 13 2
650 817
1 11 2
693 735
1 5 2
898 906
1 6 2
242 583
1 5 2
143 843
1 12 2
580 351
1 2 2
533 663
1 11 2
32 545
1 7 2
219 156
1 13 2
169 9
1 3 2
51 764
1 8 2
716 732
1 8 2
779 564
1 2 2
260 322
1 9 2
520 404
1 13 2
144 329
1 12 2
885 384
1 14 2
987 678
1 10 2
780 523
1 7 2
162 202
1 9 2
128 771
1 3 2
772 538
1 11 2
350 473
1 15 2
94 368
1 3 2
128 927
1 2 2
109 981
1 13 2
690 953
1 10 2
820 120
1 9 2
998 234
1 7 2
462 616
1 7 2
244 616
1 9 2
857 797
1 5 2
594 968
1 7 2
676 896
1 5 2
300 830
1 9 2
51 732
1 11 2
560 787
1 3 2
217 770
1 7 2
798 799
1 6 2
189 254
1 4 2
381 442
1 6 2
9 938
1 14 2
966 555
1 11 2
865 29
1 13 2
625 177
1 4 2
424 9
1 4 2
570 792
1 5 2
569 43
1 5 2
834 832
1 2 2
513 363
1 5 2
670 985
1 5 2
1 355
1 9 2
872 95
1 9 2
261 954
1 7 2
496 534
1 9 2
188 927
1 4 2
781 179
1 5 2
189 232
1 9 2
340 460
1 13 2
213 956
1 6 2
953 207
1 13 2
64 436
1 10 2
497 815
1 14 2
699 985
1 7 2
106 885
1 2 2
49 585
1 14 2
603 425
1 10 2
820 415
1 8 2
634 917
1 15 2
134 508
1 10 2
205 258
1 14 2
626 516
1 9 2
169 315
1 15 2
315 514
1 10 2
213 518
1 9 2
118 435
1 9 2
779 631
1 4 2
160 810
1 8 2
524 974
1 13 2
613 100
1 13 2
707 385
1 5 2
357 751
1 8 2
358 313
1 8 2
822 773
1 6 2
327 539
1 8 2
690 206
1 9 2
349 902
1 9 2
242 901
1 2 2
708 89
1 4 2
119 697
1 11 2
546 740
1 13 2
673 144
1 4 2
199 424
1 3 2
332 330
1 5 2
524 610
1 10 2
713 623
1 13 2
169 995
1 6 2
693 802
1 2 2
620 634
1 4 2
3 380
1 6 2
991 708
1 13 2
81 424
1 5 2
867 939
1 9 2
381 814
1 3 2
394 846
1 13 2
949 433
1 5 2
849 129
1 8 2
161 445
1 4 2
134 964
1 6 2
426 285
1 3 2
308 359
1 4 2
112 652
1 12 2
3 762
1 9 2
39 943
1 7 2
165 314
1 8 2
22 789
1 11 2
371 201
1 5 2
543 994
1 7 2
682 303
1 14 2
166 681
1 7 2
283 178
1 3 2
170 723
1 6 2
901 594
1 15 2
386 667
1 8 2
414 176
1 3 2
120 468
1 15 2
417 309
1 6 2
654 249
1 6 2
636 172
1 3 2
736 769
1 15 2
274 481
1 8 2
256 822
1 11 2
712 74
1 8 2
773 939
1 14 2
484 807
1 2 2
492 959
1 8 2
363 293
1 2 2
580 381
1 15 2
269 798
1 10 2
310 739
1 2 2
65 310
1 3 2
804 841
1 12 2
8 271
1 2 2
771 155
1 12 2
617 774
1 15 2
993 746
1 3 2
333 793
1 12 2
169 943
1 8 2
733 124
1 3 2
430 28
1 12 2
386 470
1 3 2
227 516
1 14 2
106 432
1 11 2
93 919
1 8 2
83 774
1 7 2
74 495
1 14 2
369 659
1 11 2
841 818
1 3 2
679 210
1 11 2
923 67
1 5 2
10 710
1 10 2
101 293
1 14 2
689 113
1 9 2
1 430
1 3 2
756 533
1 2 2
769 849
1 3 2
737 552
1 2 2
692 937
1 3 2
131 112
1 11 2
123 901
1 10 2
30 704
1 8 2
42 845
1 10 2
118 792
1 12 2
958 313
1 9 2
928 30
1 14 2
413 946
1 5 2
226 869
1 3 2
988 970
1 7 2
980 360
1 2 2
948 171
1 11 2
216 84
1 12 2
277 143
1 15 2
394 814
1 14 2
642 964
1 8 2
805 239
1 12 2
631 83
1 13 2
202 720
1 4 2
496 956
1 2 2
238 71
1 11 2
496 370
1 14 2
874 316
1 7 2
697 656
1 3 2
306 115
1 6 2
664 920
1 6 2
379 476
1 13 2
913 312
1 15 2
829 486
1 5 2
959 992
1 14 2
940 416
1 10 2
452 461
1 13 2
540 63
1 2 2
447 990
1 8 2
903 83
1 10 2
369 397
1 12 2
61 926
1 9 2
44 960
1 6 2
129 725
1 7 2
516 591
1 6 2
392 528
1 10 2
234 469
1 2 2
283 524
1 3 2
848 323
1 7 2
797 751
1 7 2
515 100
1 12 2
971 803
1 12 2
263 168
1 15 2
852 183
1 7 2
858 796
1 13 2
885 586
1 15 2
762 376
1 4 2
935 689
1 6 2
45 146
1 6 2
916 527
1 15 2
469 146
1 4 2
499 806
1 3 2
779 74
1 15 2
727 274
1 14 2
557 759
1 13 2
372 147
1 7 2
763 373
1 7 2
519 324
1 10 2
363 266
1 13 2
681 179
1 5 2
382 155
1 14 2
957 789
1 14 2
592 623
1 5 2
624 179
1 2 2
276 285
1 11 2
857 423
1 6 2
673 686
1 12 2
339 600
1 3 2
195 729
1 12 2
785 847
1 2 2
934 505
1 9 2
77 774
1 2 2
101 744
1 12 2
394 467
1 2 2
292 484
1 7 2
601 942
1 11 2
932 726
1 7 2
11 471
1 13 2
925 394
1 5 2
557 207
1 4 2
220 236
1 2 2
926 777
1 8 2
640 118
1 11 2
471 262
1 6 2
43 145
1 8 2
707 77
1 5 2
301 613
1 6 2
615 168
1 13 2
215 485
1 6 2
953 204
1 14 2
564 33
1 9 2
478 709
1 15 2
862 685
1 9 2
918 349
1 11 2
832 266
1 2 2
178 784
1 15 2
632 857
1 4 2
822 398
1 14 2
104 962
1 15 2
467 886
1 2 2
641 596
1 6 2
273 65
1 14 2
559 824
1 14 2
973 110
1 7 2
632 85
1 10 2
58 348
1 13 2
508 695
1 5 2
402 76
1 6 2
415 451
1 6 2
591 193
1 15 2
188 124
1 11 2
759 247
1 3 2
802 463
1 14 2
536 519
1 11 2
159 686
1 14 2
128 739
1 10 2
643 222
1 14 2
566 858
1 15 2
506 874
1 6 2
196 255
1 4 2
408 50
1 6 2
366 48
1 5 2
53 360
1 11 2
73 714
1 8 2
360 544
1 11 2
168 892
1 4 2
532 621
1 9 2
630 799
1 15 2
937 91
1 13 2
719 757
1 7 2
285 123
1 4 2
967 99
1 15 2
402 549
1 4 2
340 906
1 10 2
406 962
1 2 2
44 695
1 5 2
498 996
1 8 2
454 125
1 11 2
835 976
1 13 2
419 475
1 9 2
822 46
1 4 2
637 673
1 13 2
91 367
1 8 2
519 466
1 12 2
864 297
1 5 2
33 492
1 14 2
487 28
1 14 2
285 339
1 6 2
276 409
1 7 2
780 989
1 10 2
973 570
1 15 2
629 30
1 11 2
555 527
1 10 2
402 185
1 6 2
41 910
1 6 2
142 549
1 13 2
908 790
1 12 2
939 875
1 13 2
709 13
1 3 2
226 183
1 7 2
713 277
1 14 2
316 649
1 12 2
464 947
1 10 2
424 834
1 12 2
729 185
1 3 2
57 497
1 3 2
584 106
1 2 2
77 924
1 9 2
599 985
1 7 2
368 947
1 13 2
720 479
1 2 2
491 871
1 15 2
312 616
1 10 2
113 812
1 7 2
300 27
1 9 2
98 630
1 7 2
645 685
1 4 2
755 138
1 9 2
141 591
1 13 2
444 812
1 4 2
483 552
1 10 2
236 731
1 8 2
308 631
1 2 2
267 918
1 14 2
756 815
1 10 2
288 207
1 15 2
591 71
1 11 2
861 15
1 8 2
225 706
1 2 2
555 905
1 9 2
805 305
1 3 2
594 316
1 14 2
962 713
1 13 2
836 139
1 13 2
451 623
1 8 2
211 768
1 12 2
308 173
1 4 2
683 518
1 9 2
192 593
1 6 2
913 151
1 12 2
338 337
1 9 2
76 202
1 15 2
467 8
1 9 2
929 605
1 12 2
56 34
1 9 2
457 619
1 12 2
0 947
1 9 2
896 322
1 2 2
417 333
1 4 2
303 533
1 10 2
922 993
1 8 2
288 77
1 13 2
93 917
1 5 2
431 382
1 9 2
79 692
1 7 2
815 924
1 9 2
431 136
1 2 2
350 784
1 8 2
979 649
1 9 2
208 19
1 12 2
788 748
1 6 2
257 981
1 10 2
316 522
1 5 2
823 89
1 11 2
608 508
1 12 2
241 918
1 10 2
805 462
1 3 2
496 795
1 2 2
101 590
1 4 2
832 596
1 8 2
260 306
1 3 2
382 917
1 6 2
456 2
1 12 2
769 917
1 15 2
610 91
1 3 2
367 12
1 13 2
531 609
1 8 2
93 60
1 6 2
698 687
1 10 2
395 494
1 4 2
511 727
1 3 2
158 438
1 4 2
177 474
1 13 2
984 45
1 15 2
540 421
1 13 2
605 468
1 4 2
90 982
1 4 2
230 438
1 11 2
316 733
1 6 2
214 502
1 7 2
383 175
1 2 2
18 106
1 12 2
121 360
1 9 2
837 976
1 2 2
193 912
1 14 2
197 151
1 3 2
147 217
1 2 2
660 175
1 4 2
673 854
1 5 2
187 330
1 13 2
383 72
1 9 2
875 85
1 8 2
603 29
1 12 2
847 953
1 5 2
849 243
1 14 2
420 266
1 13 2
112 890
1 6 2
661 925
1 2 2
22 754
1 4 2
120 529
1 13 2
764 682
1 2 2
544 17
1 11 2
575 629
1 2 2
445 221
1 13 2
346 685
1 6 2
357 31
1 12 2
760 954
1 9 2
669 719
1 8 2
855 844
1 7 2
284 729
1 10 2
525 168
1 10 2
753 91
1 8 2
676 716
1 2 2
537 657
1 10 2
776 9
1 9 2
38 795
1 6 2
10 200
1 10 2
691 90
1 7 2
803 651
1 3 2
314 230
1 9 2
133 799
1 15 2
306 654
1 7 2
991 491
1 14 2
977 450
1 4 2
107 851
1 11 2
666 930
1 11 2
580 821
1 12 2
134 758
1 7 2
965 333
1 6 2
874 867
1 7 2
215 979
1 2 2
660 828
1 6 2
860 74
1 6 2
333 19
1 7 2
95 384
1 13 2
654 871
1 2 2
259 771
1 12 2
157 544
1 2 2
347 157
1 5 2
144 838
1 14 2
744 189
1 8 2
172 771
1 11 2
798 282
1 10 2
454 915
1 6 2
643 221
1 13 2
742 928
1 7 2
867 512
1 5 2
42 317
1 3 2
886 987
1 12 2
848 185
1 9 2
278 33
1 9 2
804 544
1 7 2
930 281
1 9 2
651 783
1 4 2
222 798
1 9 2
945 311
1 3 2
121 29
1 8 2
307 477
1 11 2
577 133
1 4 2
873 708
1 6 2
47 111
1 3 2
450 514
1 3 2
260 891
1 12 2
367 806
1 12 2
790 508
1 12 2
561 130
1 13 2
837 303
1 7 2
516 964
1 5 2
381 993
1 10 2
289 817
1 15 2
741 843
1 12 2
70 621
1 10 2
177 884
1 10 2
688 900
1 6 2
980 733
1 13 2
81 484
1 10 2
409 82
1 4 2
138 651
1 13 2
259 322
1 10 2
804 654
1 9 2
413 224
1 7 2
10 249
1 12 2
546 74
1 10 2
964 317
1 3 2
634 768
1 11 2
873 83
1 14 2
503 385
1 13 2
786 606
1 15 2
993 605
1 6 2
975 402
1 4 2
797 107
1 4 2
838 64
1 6 2
725 629
1 2 2
339 349
1 5 2
213 552
1 10 2
959 599
1 13 2
274 875
1 12 2
512 455
1 7 2
660 625
1 15 2
842 305
1 9 2
467 331
1 3 2
475 706
1 10 2
942 42
1 10 2
562 312
1 2 2
52 634
1 6 2
209 169
1 5 2
173 420
1 5 2
601 719
1 12 2
115 180
1 13 2
662 29
1 11 2
282 890
1 8 2
787 953
1 13 2
757 577
1 12 2
126 54
1 10 2
940 26
1 7 2
767 96
1 10 2
594 939
1 13 2
504 486
1 7 2
220 767
1 3 2
240 239
1 5 2
102 854
1 3 2
142 585
1 2 2
169 604
1 6 2
889 563
1 4 2
750 87
1 6 2
174 398
1 5 2
52 28
1 2 2
962 502
1 8 2
482 286
1 15 2
466 28
1 5 2
465 323
1 8 2
908 683
1 4 2
820 267
1 3 2
710 633
1 12 2
7 158
1 8 2
571 601
1 9 2
476 381
1 14 2
810 81
1 9 2
353 932
1 3 2
598 712
1 8 2
869 832
1 8 2
569 480
1 11 2
771 345
1 12 2
964 1
1 2 2
986 324
1 4 2
923 22
1 13 2
946 520
1 7 2
78 714
1 4 2
864 252
1 12 2
164 307
1 7 2
111 430
1 8 2
468 240
1 6 2
726 777
1 12 2
262 233
1 10 2
450 64
1 2 2
466 968
1 12 2
463 697
1 10 2
311 529
1 7 2
151 31
1 7 2
296 330
1 10 2
629 903
1 7 2
710 646
1 6 2
315 416
1 15 2
2 420
1 15 2
305 516
1 2 2
263 387
1 11 2
471 137
1 4 2
568 491
1 5 2
563 422
1 4 2
730 513
1 11 2
110 939
1 2 2
726 133
1 7 2
945 19
1 4 2
573 842
1 9 2
551 844
1 5 2
584 162
1 6 2
384 371
1 5 2
894 205
1 3 2
539 661
1 15 2
711 355
1 12 2
878 767
1 10 2
963 458
1 14 2
959 930
1 6 2
841 905
1 10 2
789 580
1 5 2
564 194
1 9 2
657 438
1 7 2
289 419
1 12 2
649 13
1 3 2
643 664
1 2 2
997 673
1 14 2
993 266
1 14 2
311 575
1 9 2
3 268
1 9 2
16 578
1 3 2
324 794
1 14 2
735 377
1 5 2
97 154
1 6 2
247 631
1 7 2
239 802
1 3 2
989 767
1 10 2
381 674
1 13 2
47 836
1 15 2
5 218
1 10 2
354 417
1 11 2
793 408
1 9 2
372 878
1 10 2
842 540
1 11 2
225 104
1 15 2
469 861
1 14 2
977 209
1 13 2
920 964
1 14 2
394 67
1 12 2
412 408
1 10 2
744 177
1 13 2
285 665
1 5 2
843 975
1 5 2
827 585
1 13 2
692 982
1 5 2
946 106
1 15 2
273 236
1 7 2
183 728
1 14 2
258 225
1 13 2
357 935
1 7 2
876 966
1 15 2
95 494
1 4 2
998 908
1 15 2
111 185
1 4 2
253 370
1 3 2
299 831
1 11 2
150 978
1 2 2
576 514
1 11 2
834 878
1 8 2
111 11
1 12 2
783 544
1 12 2
745 485
1 3 2
591 770
1 5 2
269 367
1 15 2
688 555
1 6 2
718 220
1 5 2
714 397
1 6 2
802 262
1 6 2
442 760
1 8 2
833 534
1 3 2
538 356
1 7 2
562 492
1 5 2
635 323
1 8 2
399 274
1 12 2
308 748
1 10 2
536 87
1 14 2
273 513
1 6 2
677 357
1 12 2
245 556
1 9 2
15 583
1 14 2
247 704
1 15 2
243 227
1 14 2
413 903
1 9 2
926 187
1 2 2
25 334
1 10 2
612 368
1 7 2
361 936
1 10 2
587 766
1 9 2
799 611
1 7 2
355 553
1 8 2
723 471
1 2 2
940 808
1 2 2
698 824
1 7 2
726 270
1 4 2
731 477
1 11 2
179 314
1 8 2
68 461
1 7 2
480 765
1 5 2
107 629
1 13 2
95 63
1 15 2
362 53
1 15 2
895 383
1 15 2
705 322
1 5 2
586 375
1 9 2
164 284
1 8 2
19 275
1 13 2
867 765
1 15 2
661 814
1 3 2
125 772
1 13 2
525 205
1 5 2
938 677
1 4 2
788 48
1 3 2
809 43
1 14 2
454 537
1 2 2
624 359
1 15 2
795 136
1 4 2
120 547
1 2 2
652 50
1 10 2
213 944
1 9 2
719 197
1 9 2
338 142
1 5 2
108 851
1 12 2
238 11
1 2 2
148 961
1 8 2
586 489
1 15 2
473 104
1 6 2
553 552
1 2 2
864 220
1 13 2
627 687
1 4 2
819 437
1 8 2
843 633
1 9 2
508 522
1 9 2
556 719
1 7 2
696 795
1 15 2
153 188
1 2 2
732 622
1 7 2
63 499
1 13 2
862 835
1 7 2
647 25
1 5 2
108 974
1 7 2
76 808
1 12 2
301 416
1 4 2
75 773
1 15 2
128 13
1 2 2
809 929
1 7 2
155 858
1 7 2
781 173
1 15 2
518 967
1 15 2
790 554
1 15 2
471 675
1 13 2
627 682
1 4 2
48 341
1 14 2
858 729
1 15 2
646 919
1 4 2
520 208
1 4 2
376 197
1 13 2
838 470
1 13 2
549 324
1 12 2
604 27
1 12 2
811 160
1 2 2
559 256
1 5 2
103 505
1 10 2
705 655
1 15 2
429 955
1 3 2
366 169
1 2 2
200 570
1 7 2
389 801
1 12 2
720 876
1 6 2
249 656
1 10 2
131 417
1 3 2
568 218
1 5 2
210 499
1 11 2
276 45
1 10 2
177 505
1 12 2
407 83
1 3 2
784 167
1 8 2
672 575
1 11 2
591 518
1 15 2
796 40
1 9 2
733 466
1 6 2
692 177
1 6 2
621 720
1 9 2
932 210
1 11 2
498 340
1 5 2
110 190
1 13 2
732 38
1 9 2
292 198
1 14 2
831 185
1 11 2
898 644
1 8 2
817 316
1 10 2
395 382
1 4 2
657 156
1 13 2
518 290
1 14 2
621 946
1 3 2
2 650
1 11 2
120 73
1 4 2
542 787
1 10 2
176 832
1 7 2
272 547
1 3 2
3 708
1 8 2
353 575
1 9 2
309 62
1 5 2
514 613
1 5 2
394 14
1 4 2
553 458
1 12 2
653 926
1 11 2
73 276
1 7 2
532 182
1 3 2
503 912
1 12 2
809 823
1 10 2
813 587
1 4 2
334 919
1 2 2
248 277
1 8 2
358 443
1 8 2
680 246
1 14 2
626 374
1 7 2
554 85
1 13 2
777 837
1 3 2
330 657
1 7 2
889 982
1 3 2
552 174
1 9 2
654 919
1 12 2
123 873
1 15 2
720 994
1 11 2
890 104
1 4 2
322 27
1 5 2
914 149
1 5 2
483 390
1 9 2
184 495
1 3 2
176 273
1 12 2
501 780
1 8 2
731 220
1 9 2
297 372
1 4 2
437 971
1 14 2
803 572
1 14 2
944 741
1 4 2
267 887
1 8 2
323 514
1 7 2
809 670
1 13 2
445 665
1 7 2
803 491
1 9 2
579 227
1 5 2
218 680
1 6 2
269 405
1 12 2
305 624
1 11 2
1 819
1 14 2
55 747
1 6 2
833 556
1 12 2
404 996
1 15 2
643 732
1 2 2
976 913
1 7 2
377 950
1 15 2
356 109
1 6 2
342 199
1 15 2
620 182
1 7 2
139 93
1 12 2
178 184
1 5 2
103 380
1 2 2
541 507
1 15 2
680 457
1 14 2
619 357
1 15 2
3 863
1 2 2
968 583
1 13 2
562 582
1 14 2
174 464
1 9 2
637 740
1 4 2
773 215
1 3 2
560 800
1 5 2
121 875
1 8 2
959 245
1 7 2
599 111
1 12 2
236 839
1 2 2
365 423
1 15 2
644 699
1 12 2
47 865
1 10 2
734 555
1 12 2
826 734
1 13 2
27 304
1 4 2
248 671
1 15 2
852 678
1 13 2
311 135
1 2 2
365 236
1 6 2
976 386
1 15 2
767 557
1 3 2
970 820
1 4 2
569 155
1 2 2
217 510
1 5 2
238 949
1 13 2
735 385
1 4 2
461 712
1 2 2
8 496
1 13 2
580 895
1 12 2
319 146
1 5 2
814 484
1 13 2
578 360
1 7 2
950 985
1 12 2
692 53
1 12 2
803 952
1 14 2
705 317
1 13 2
997 454
1 6 2
412 892
1 2 2
102 118
1 3 2
519 993
1 8 2
290 364
1 8 2
420 945
1 4 2
931 301
1 10 2
922 457
1 3 2
862 401
1 13 2
763 723
1 8 2
316 815
1 11 2
64 91
1 15 2
642 474
1 2 2
846 324
1 13 2
814 869
1 2 2
865 368
1 3 2
802 118
1 13 2
553 995
1 3 2
886 910
1 11 2
871 436
1 12 2
952 683
1 13 2
515 83
1 11 2
186 700
1 14 2
423 628
1 2 2
407 879
1 3 2
341 748
1 5 2
337 68
1 8 2
994 299
1 13 2
341 503
1 3 2
992 284
1 10 2
969 965
1 7 2
394 851
1 9 2
346 411
1 6 2
426 663
1 15 2
106 320
1 2 2
227 712
1 15 2
982 85
1 3 2
960 148
1 5 2
667 789
1 14 2
369 14
1 2 2
906 504
1 6 2
256 290
1 11 2
777 580
1 9 2
350 724
1 7 2
344 586
1 15 2
364 339
1 6 2
775 750
1 8 2
828 288
1 10 2
319 87
1 11 2
674 577
1 4 2
656 741
1 2 2
574 906
1 14 2
628 196
1 2 2
952 497
1 5 2
734 905
1 14 2
986 660
1 8 2
808 624
1 5 2
695 648
1 5 2
388 142
1 4 2
679 545
1 6 2
189 873
1 10 2
617 124
1 12 2
78 392
1 7 2
345 375
1 4 2
136 679
1 7 2
905 997
1 12 2
761 217
1 5 2
700 682
1 7 2
623 830
1 8 2
402 762
1 8 2
720 253
1 12 2
596 391
1 9 2
769 766
1 3 2
90 892
1 7 2
508 303
1 6 2
420 245
1 8 2
345 720
1 15 2
355 366
1 11 2
607 948
1 12 2
45 248
1 8 2
647 881
1 9 2
296 243
1 2 2
434 894
1 6 2
832 663
1 10 2
737 197
1 2 2
83 721
1 9 2
253 339
1 5 2
237 956
1 5 2
945 931
1 10 2
484 729
1 3 2
918 166
1 8 2
558 298
1 11 2
175 343
1 10 2
879 16
1 2 2
361 112
1 8 2
810 356
1 12 2
147 546
1 8 2
628 560
1 7 2
439 538
1 6 2
206 365
1 13 2
702 396
1 9 2
887 557
1 10 2
635 848
1 6 2
157 51
1 4 2
770 173
1 8 2
240 665
1 13 2
461 532
1 9 2
510 889
1 13 2
342 478
1 5 2
894 812
1 14 2
634 275
1 15 2
884 279
1 7 2
697 569
1 2 2
806 976
1 6 2
606 29
1 4 2
883 285
1 7 2
597 109
1 4 2
365 249
1 14 2
887 343
1 7 2
579 476
1 11 2
236 328
1 9 2
276 246
1 9 2
318 641
1 12 2
451 276
1 11 2
805 534
1 5 2
709 98
1 7 2
999 112
1 3 2
227 335
1 8 2
383 155
1 4 2
26 413
1 11 2
283 374
1 7 2
816 177
1 13 2
384 430
1 11 2
208 681
1 3 2
706 797
1 9 2
656 929
1 7 2
235 141
1 6 2
877 806
1 10 2
174 557
1 15 2
509 755
1 5 2
958 735
1 14 2
33 333
1 5 2
847 996
1 15 2
563 799
1 6 2
143 145
1 2 2
571 471
1 9 2
837 4
1 13 2
798 476
1 7 2
270 536
1 2 2
969 924
1 14 2
628 931
1 10 2
447 42
1 14 2
369 816
1 12 2
25 642
1 10 2
592 474
1 11 2
364 456
1 9 2
611 812
1 15 2
90 742
1 11 2
298 732
1 10 2
103 326
1 10 2
935 573
1 8 2
335 882
1 12 2
766 639
1 13 2
350 673
1 6 2
893 550
1 7 2
735 988
1 11 2
306 797
1 14 2
498 146
1 11 2
60 931
1 9 2
495 26
1 3 2
798 381
1 6 2
277 691
1 10 2
6 138
1 3 2
988 341
1 4 2
36 756
1 6 2
567 549
1 13 2
792 434
1 8 2
874 632
1 12 2
217 650
1 3 2
255 175
1 3 2
27 545
1 2 2
789 150
1 4 2
738 452
1 9 2
849 288
1 5 2
255 836
1 13 2
802 391
1 12 2
550 232
1 3 2
943 627
1 5 2
539 160
1 10 2
262 639
1 11 2
162 924
1 7 2
780 174
1 2 2
361 96
1 6 2
485 923
1 7 2
77 71
1 3 2
976 714
1 13 2
640 700
1 3 2
131 929
1 5 2
495 624
1 4 2
151 340
1 3 2
395 310
1 12 2
514 546
1 2 2
214 147
1 4 2
544 843
1 10 2
221 350
1 10 2
370 509
1 8 2
508 231
1 11 2
590 370
1 13 2
655 41
1 9 2
888 693
1 2 2
595 875
1 8 2
102 939
1 3 2
948 58
1 5 2
284 311
1 2 2
8 462
1 12 2
328 834
1 14 2
603 242
1 6 2
970 923
1 5 2
225 738
1 4 2
891 540
1 5 2
461 675
1 2 2
757 371
1 2 2
28 918
1 5 2
678 793
1 6 2
892 0
1 15 2
813 865
1 4 2
861 90
1 9 2
713 966
1 7 2
502 955
1 2 2
723 201
1 8 2
837 226
1 2 2
887 657
1 13 2
135 444
1 10 2
304 527
1 14 2
936 383
1 10 2
324 738
1 10 2
440 673
1 3 2
440 237
1 15 2
698 73
1 6 2
903 128
1 5 2
165 874
1 11 2
210 215
1 15 2
219 418
1 8 2
36 258
1 13 2
111 115
1 2 2
747 463
1 4 2
362 774
1 5 2
203 770
1 3 2
742 502
1 3 2
463 74
1 3 2
727 304
1 12 2
527 110
1 10 2
538 460
1 2 2
591 592
1 6 2
981 726
1 6 2
714 517
1 12 2
370 689
1 15 2
284 245
1 9 2
831 638
1 13 2
423 386
1 11 2
153 955
1 8 2
329 814
1 13 2
299 839
1 4 2
12 424
1 3 2
938 364
1 2 2
650 180
1 7 2
185 122
1 11 2
300 631
1 7 2
661 767
1 15 2
846 813
1 4 2
264 807
1 12 2
691 726
1 15 2
649 396
1 11 2
506 543
1 2 2
914 32
1 10 2
482 754
1 14 2
171 355
1 6 2
408 892
1 7 2
264 16
1 14 2
480 859
1 5 2
403 318
1 5 2
62 795
1 15 2
155 8
1 9 2
930 574
1 11 2
469 731
1 12 2
630 886
1 4 2
999 262
1 6 2
347 200
1 15 2
623 773
1 6 2
649 716
1 4 2
375 399
1 7 2
260 885
1 15 2
503 711
1 3 2
482 353
1 5 2
551 340
1 10 2
308 455
1 10 2
194 168
1 3 2
686 774
1 10 2
617 511
1 4 2
4 623
1 2 2
711 511
1 3 2
664 543
1 3 2
620 216
1 10 2
149 927
1 11 2
804 634
1 14 2
113 513
1 9 2
464 965
1 14 2
34 335
1 8 2
95 343
1 7 2
719 180
1 14 2
511 237
1 3 2
578 185
1 7 2
434 504
1 8 2
838 594
1 10 2
876 618
1 5 2
915 184
1 7 2
872 972
1 3 2
204 760
1 5 2
590 450
1 2 2
307 87
1 14 2
440 571
1 3 2
224 697
1 10 2
225 237
1 8 2
867 931
1 14 2
93 196
1 6 2
708 155
1 7 2
530 299
1 11 2
370 490
1 12 2
879 804
1 5 2
236 876
1 12 2
934 658
1 14 2
898 370
1 8 2
106 810
1 15 2
937 99
1 12 2
123 717
1 7 2
755 984
1 13 2
982 30
1 9 2
74 903
1 2 2
838 659
1 11 2
330 590
1 9 2
905 514
1 10 2
107 102
1 12 2
354 720
1 7 2
340 621
1 9 2
960 140
1 4 2
677 77
1 11 2
296 18
1 11 2
338 809
1 13 2
277 849
1 3 2
821 777
1 15 2
629 526
1 14 2
386 464
1 7 2
746 87
1 3 2
687 473
1 12 2
912 548
1 4 2
286 251
1 8 2
41 71
1 4 2
138 307
1 10 2
251 258
1 5 2
511 370
1 14 2
305 823
1 10 2
426 249
1 15 2
383 218
1 11 2
242 12
1 2 2
935 741
1 11 2
146 730
1 10 2
991 697
1 8 2
444 980
1 4 2
331 586
1 4 2
438 660
1 7 2
671 460
1 11 2
200 304
1 13 2
925 719
1 4 2
792 210
1 7 2
998 358
1 13 2
180 276
1 4 2
104 755
1 15 2
249 611
1 3 2
575 260
1 10 2
55 102
1 3 2
562 480
1 5 2
488 197
1 13 2
324 72
1 11 2
764 482
1 6 2
766 85
1 10 2
3 784
1 8 2
267 907
1 14 2
634 213
1 6 2
88 686
1 7 2
795 673
1 4 2
833 304
1 2 2
30 688
1 6 2
235 165
1 2 2
342 718
1 6 2
199 878
1 15 2
507 701
1 11 2
340 457
1 12 2
536 251
1 7 2
307 781
1 15 2
771 224
1 8 2
968 704
1 7 2
120 910
1 3 2
111 283
1 13 2
552 417
1 15 2
154 462
1 3 2
665 219
1 3 2
650 624
1 2 2
16 252
1 5 2
225 571
1 7 2
22 169
1 15 2
506 501
1 7 2
636 386
1 8 2
145 121
1 13 2
848 670
1 14 2
526 662
1 6 2
23 611
1 15 2
24 665
1 6 2
561 742
1 10 2
914 879
1 8 2
121 362
1 13 2
160 981
1 12 2
453 914
1 15 2
494 569
1 11 2
594 45
1 8 2
991 185
1 12 2
508 403
1 14 2
905 834
1 14 2
795 658
1 3 2
961 647
1 13 2
734 76
1 11 2
277 405
1 9 2
453 255
1 3 2
501 326
1 7 2
752 599
1 8 2
286 270
1 7 2
581 214
1 5 2
943 584
1 3 2
526 683
1 9 2
681 68
1 8 2
187 710
1 10 2
649 696
1 3 2
623 298
1 12 2
747 191
1 5 2
131 277
1 13 2
759 204
1 7 2
354 352
1 10 2
991 876
1 8 2
32 735
1 2 2
492 946
1 7 2
540 650
1 5 2
296 206
1 12 2
35 151
1 8 2
763 789
1 6 2
598 502
1 4 2
198 303
1 4 2
304 691
1 3 2
574 422
1 15 2
892 78
1 2 2
639 733
1 14 2
903 628
1 7 2
562 189
1 5 2
92 519
1 4 2
566 161
1 15 2
806 526
1 15 2
473 659
1 9 2
83 514
1 14 2
113 761
1 3 2
858 777
1 15 2
74 933
1 2 2
219 446
1 10 2
830 374
1 6 2
934 130
1 5 2
225 182
1 11 2
688 659
1 8 2
430 10
1 7 2
929 870
1 5 2
260 107
1 6 2
904 927
1 10 2
487 547
1 11 2
298 223
1 9 2
200 536
1 10 2
83 889
1 6 2
343 298
1 3 2
934 819
1 8 2
126 511
1 5 2
773 784
1 12 2
91 713
1 10 2
308 640
1 6 2
613 916
1 3 2
915 290
1 10 2
993 598
1 3 2
260 387
1 7 2
449 877
1 6 2
408 238
1 6 2
824 72
1 14 2
553 476
1 14 2
64 183
1 13 2
113 271
1 2 2
875 255
1 13 2
810 715
1 6 2
156 420
1 7 2
505 493
1 6 2
278 27
1 8 2
346 741
1 13 2
19 237
1 2 2
939 432
1 13 2
49 982
1 7 2
996 105
1 15 2
859 990
1 2 2
679 827
1 7 2
212 187
1 11 2
998 822
1 9 2
631 452
1 9 2
645 24
1 9 2
572 514
1 8 2
923 427
1 9 2
421 172
1 10 2
561 362
1 9 2
424 448
1 12 2
874 105
1 9 2
803 336
1 15 2
589 420
1 12 2
147 353
1 14 2
965 719
1 11 2
781 955
1 12 2
950 988
1 10 2
85 960
1 4 2
659 938
1 2 2
199 655
1 6 2
364 220
1 11 2
616 756
1 13 2
454 225
1 9 2
696 284
1 14 2
211 450
1 4 2
403 288
1 2 2
616 761
1 2 2
167 491
1 6 2
497 170
1 8 2
474 870
1 11 2
686 168
1 3 2
754 949
1 4 2
433 446
1 3 2
327 204
1 13 2
546 900
1 5 2
352 808
1 7 2
448 978
1 10 2
683 798
1 6 2
820 430
1 7 2
603 448
1 13 2
857 554
1 11 2
160 32
1 8 2
376 735
1 2 2
127 413
1 13 2
595 150
1 4 2
801 188
1 7 2
779 608
1 2 2
839 122
1 11 2
670 367
1 8 2
965 950
1 15 2
10 504
1 11 2
274 752
1 6 2
768 400
1 13 2
889 918
1 11 2
904 617
1 2 2
702 500
1 15 2
247 244
1 3 2
526 765
1 10 2
274 780
1 11 2
679 776
1 15 2
496 489
1 10 2
802 443
1 5 2
588 641
1 9 2
201 390
1 5 2
913 481
1 3 2
512 960
1 2 2
902 724
1 11 2
489 902
1 13 2
232 349
1 13 2
217 158
1 11 2
303 221
1 8 2
847 941
1 3 2
125 948
1 2 2
22 871
1 3 2
813 829
1 5 2
812 491
1 2 2
56 724
1 9 2
35 266
1 15 2
141 468
1 11 2
237 785
1 8 2
338 523
1 12 2
411 156
1 8 2
298 250
1 4 2
790 717
1 7 2
689 715
1 14 2
205 749
1 12 2
191 297
1 14 2
162 947
1 9 2
795 82
1 7 2
162 646
1 6 2
683 8
1 15 2
862 485
1 12 2
12 831
1 13 2
43 167
1 8 2
920 136
1 9 2
224 511
1 4 2
306 455
1 9 2
819 459
1 13 2
968 702
1 9 2
659 268
1 9 2
33 502
1 10 2
961 681
1 14 2
892 176
1 5 2
477 436
1 3 2
139 134
1 7 2
279 430
1 9 2
13 620
1 12 2
700 66
1 15 2
644 572
1 13 2
826 420
1 15 2
756 838
1 7 2
637 912
1 10 2
915 53
1 2 2
532 144
1 4 2
17 24
1 13 2
266 385
1 11 2
180 743
1 3 2
55 878
1 12 2
29 508
1 15 2
840 810
1 7 2
269 507
1 7 2
512 876
1 8 2
861 106
1 14 2
909 350
1 12 2
364 618
1 13 2
662 785
1 10 2
569 150
1 13 2
644 605
1 2 2
746 259
1 2 2
796 822
1 2 2
712 233
1 7 2
543 854
1 15 2
199 93
1 4 2
972 185
1 8 2
32 897
1 10 2
777 544
1 3 2
679 40
1 5 2
456 621
1 13 2
787 583
1 14 2
183 254
1 15 2
880 234
1 15 2
720 766
1 4 2
457 762
1 4 2
15 977
1 2 2
946 803
1 11 2
859 949
1 11 2
389 937
1 9 2
317 703
1 6 2
864 56
1 7 2
739 853
1 7 2
353 519
1 11 2
907 161
1 2 2
329 216
1 3 2
625 510
1 14 2
599 605
1 3 2
21 797
1 5 2
624 34
1 13 2
120 406
1 9 2
305 520
1 13 2
276 525
1 6 2
684 59
1 3 2
843 895
1 10 2
205 366
1 5 2
911 394
1 7 2
405 798
1 7 2
987 503
1 14 2
499 343
1 12 2
72 851
1 9 2
773 204
1 12 2
464 202
1 13 2
898 210
1 10 2
297 236
1 7 2
648 172
1 3 2
967 875
1 3 2
621 571
1 3 2
780 313
1 6 2
340 754
1 14 2
658 83
1 4 2
137 498
1 6 2
840 375
1 10 2
940 251
1 3 2
647 147
1 8 2
687 53
1 15 2
747 863
1 9 2
93 321
1 5 2
44 880
1 15 2
814 304
1 6 2
612 533
1 11 2
133 484
1 14 2
476 935
1 7 2
628 813
1 8 2
569 831
1 8 2
621 212
1 3 2
412 778
1 5 2
952 787
1 12 2
304 389
1 12 2
977 71
1 7 2
872 540
1 7 2
77 21
1 5 2
64 777
1 14 2
882 838
1 15 2
806 996
1 11 2
426 620
1 13 2
406 73
1 5 2
741 441
1 14 2
962 704
1 14 2
630 706
1 13 2
843 992
1 4 2
941 825
1 5 2
159 943
1 6 2
644 53
1 13 2
427 118
1 11 2
67 132
1 5 2
522 468
1 5 2
973 118
1 13 2
942 480
1 12 2
432 628
1 11 2
955 546
1 6 2
418 951
1 13 2
628 420
1 4 2
510 58
1 2 2
404 263
1 10 2
21 924
1 10 2
624 731
1 7 2
690 851
1 8 2
923 501
1 12 2
935 950
1 11 2
250 660
1 6 2
472 331
1 15 2
532 986
1 14 2
753 774
1 6 2
796 962
1 7 2
850 255
1 14 2
955 412
1 6 2
716 274
1 6 2
240 331
1 15 2
697 431
1 13 2
777 479
1 7 2
908 468
1 8 2
175 650
1 6 2
717 738
1 2 2
34 866
1 3 2
658 824
1 4 2
253 152
1 7 2
519 173
1 8 2
584 612
1 8 2
701 845
1 9 2
208 161
1 3 2
852 170
1 8 2
902 324
1 5 2
248 266
1 11 2
476 90
1 3 2
753 549
1 11 2
741 900
1 5 2
489 674
1 8 2
448 822
1 10 2
949 853
1 14 2
542 234
1 3 2
2 654
1 14 2
272 524
1 15 2
344 22
1 5 2
140 542
1 6 2
327 925
1 4 2
313 244
1 8 2
281 142
1 12 2
756 981
1 2 2
418 282
1 11 2
743 859
1 8 2
284 985
1 11 2
888 732
1 4 2
615 551
1 14 2
867 46
1 10 2
189 451
1 10 2
202 48
1 2 2
201 177
1 14 2
915 891
1 4 2
541 378
1 3 2
447 82
1 6 2
574 152
1 13 2
859 306
1 12 2
949 275
1 7 2
78 997
1 9 2
413 560
1 14 2
758 974
1 13 2
934 884
1 10 2
13 131
1 15 2
750 496
1 15 2
999 347
1 11 2
577 253
1 12 2
292 879
1 7 2
570 132
1 9 2
341 435
1 11 2
714 503
1 5 2
695 665
1 2 2
575 558
1 9 2
543 674
1 6 2
722 683
1 2 2
67 644
1 9 2
270 89
1 8 2
459 802
1 10 2
111 674
1 11 2
280 90
1 13 2
295 25
1 6 2
120 852
1 6 2
83 317
1 14 2
50 628
1 11 2
659 545
1 5 2
960 251
1 8 2
847 205
1 2 2
13 142
1 8 2
625 409
1 5 2
978 55
1 4 2
833 623
1 6 2
108 214
1 14 2
52 172
1 13 2
708 383
1 4 2
35 16
1 4 2
193 305
1 15 2
664 707
1 15 2
950 605
1 10 2
327 316
1 14 2
457 673
1 3 2
188 612
1 5 2
778 149
1 14 2
16 655
1 4 2
551 528
1 13 2
447 405
1 6 2
808 700
1 15 2
440 186
1 14 2
891 762
1 11 2
423 861
1 11 2
161 210
1 7 2
287 145
1 7 2
868 952
1 3 2
892 464
1 11 2
516 176
1 12 2
271 207
1 3 2
674 482
1 11 2
337 142
1 2 2
404 735
1 3 2
308 778
1 2 2
307 786
1 5 2
565 770
1 7 2
215 300
1 10 2
310 11
1 6 2
377 8
1 5 2
577 34
1 4 2
792 277
1 4 2
951 225
1 5 2
429 234
1 12 2
479 339
1 8 2
787 23
1 7 2
294 843
1 15 2
78 821
1 2 2
916 749
1 13 2
93 514
1 9 2
454 164
1 5 2
135 127
1 9 2
101 572
1 9 2
700 137
1 4 2
512 252
1 9 2
379 249
1 12 2
776 924
1 7 2
604 590
1 10 2
857 466
1 8 2
290 403
1 8 2
614 835
1 4 2
170 744
1 14 2
461 238
1 8 2
395 732
1 12 2
325 597
1 14 2
155 43
1 11 2
963 964
1 15 2
759 184
1 6 2
560 514
1 7 2
720 697
1 13 2
308 669
1 2 2
389 132
1 15 2
990 195
1 4 2
163 404
1 11 2
338 423
1 10 2
43 963
1 10 2
623 475
1 4 2
802 503
1 10 2
205 519
1 13 2
333 431
1 14 2
533 531
1 12 2
458 239
1 12 2
99 75
1 15 2
724 681
1 11 2
61 679
1 9 2
319 493
1 3 2
584 148
1 11 2
728 268
1 2 2
836 455
1 8 2
305 343
1 11 2
227 976
1 5 2
305 805
1 4 2
815 847
1 15 2
944 163
1 14 2
110 252
1 10 2
847 312
1 4 2
477 970
1 11 2
225 410
1 10 2
53 583
1 8 2
201 486
1 3 2
154 31
1 6 2
715 297
1 3 2
98 606
1 3 2
674 202
1 6 2
894 362
1 9 2
764 473
1 6 2
226 705
1 13 2
703 411
1 8 2
495 916
1 4 2
442 909
1 2 2
704 288
1 2 2
534 527
1 6 2
990 844
1 14 2
202 534
1 5 2
483 444
1 12 2
348 996
1 15 2
259 673
1 15 2
507 379
1 5 2
38 185
1 9 2
977 949
1 5 2
380 591
1 2 2
571 463
1 13 2
291 802
1 7 2
609 822
1 3 2
277 572
1 13 2
11 714
1 4 2
150 650
1 12 2
539 772
1 4 2
823 906
1 3 2
485 272
1 7 2
716 58
1 5 2
966 275
1 8 2
874 378
1 13 2
366 631
1 15 2
391 250
1 15 2
545 992
1 13 2
708 480
1 6 2
735 456
1 4 2
44 760
1 8 2
211 339
1 10 2
451 800
1 2 2
410 761
1 7 2
826 587
1 5 2
311 20
1 10 2
482 208
1 4 2
110 485
1 10 2
939 395
1 8 2
93 694
1 8 2
775 719
1 13 2
692 29
1 6 2
0 957
1 9 2
209 606
1 14 2
83 52
1 12 2
273 336
1 3 2
764 78
1 2 2
321 533
1 9 2
972 120
1 3 2
351 965
1 11 2
225 126
1 5 2
744 493
1 15 2
989 765
1 12 2
643 245
1 8 2
410 283
1 9 2
761 89
1 8 2
713 791
1 9 2
493 358
1 15 2
695 101
1 2 2
46 720
1 14 2
844 252
1 15 2
753 65
1 10 2
490 842
1 6 2
790 829
1 9 2
979 586
1 5 2
46 510
1 12 2
125 546
1 12 2
785 236
1 10 2
227 521
1 4 2
929 74
1 7 2
441 742
1 2 2
71 564
1 11 2
351 596
1 11 2
491 749
1 4 2
358 759
1 13 2
562 739
1 4 2
247 793
1 15 2
146 612
1 13 2
683 472
1 4 2
897 523
1 12 2
651 507
1 13 2
669 977
1 8 2
745 387
1 12 2
45 410
1 6 2
711 17
1 6 2
805 927
1 2 2
849 698
1 14 2
136 708
1 4 2
772 493
1 6 2
368 788
1 10 2
75 744
1 7 2
93 909
1 14 2
290 903
1 14 2
241 915
1 12 2
756 755
1 13 2
581 253
1 8 2
270 995
1 12 2
709 711
1 13 2
588 114
1 6 2
991 15
1 11 2
910 386
1 8 2
376 101
1 15 2
630 671
1 6 2
993 908
1 9 2
630 690
1 13 2
697 672
1 5 2
926 117
1 3 2
373 17
1 15 2
950 567
1 6 2
552 382
1 10 2
178 669
1 14 2
550 294
1 11 2
993 375
1 15 2
90 256
1 2 2
569 404
1 7 2
687 563
1 3 2
376 441
1 12 2
781 501
1 3 2
907 775
1 11 2
311 278
1 11 2
468 606
1 13 2
829 496
1 13 2
141 229
1 10 2
757 181
1 8 2
789 902
1 10 2
389 885
1 2 2
790 248
1 3 2
507 560
1 5 2
955 138
1 7 2
726 118
1 7 2
292 638
1 6 2
188 76
1 13 2
231 133
1 11 2
223 835
1 14 2
204 725
1 2 2
480 664
1 15 2
505 141
1 5 2
299 842
1 13 2
838 407
1 15 2
535 897
1 11 2
893 445
1 12 2
969 682
1 13 2
725 786
1 11 2
580 700
1 12 2
584 775
1 3 2
787 269
1 12 2
503 98
1 12 2
519 820
1 15 2
392 819
1 8 2
828 124
1 15 2
794 492
1 6 2
804 151
1 3 2
608 413
1 15 2
308 147
1 7 2
700 787
1 5 2
573 231
1 2 2
970 523
1 11 2
659 707
1 7 2
913 102
1 11 2
524 235
1 5 2
722 666
1 7 2
988 685
1 6 2
775 14
1 13 2
116 878
1 10 2
226 28
1 9 2
640 641
1 7 2
900 454
1 11 2
784 782
1 4 2
244 81
1 8 2
906 519
1 2 2
949 242
1 9 2
284 918
1 14 2
610 350
1 2 2
944 93
1 8 2
682 722
1 4 2
692 398
1 6 2
699 688
1 14 2
178 368
1 10 2
307 771
1 15 2
180 9
1 5 2
923 854
1 5 2
222 280
1 11 2
992 103
1 14 2
706 307
1 2 2
579 526
1 14 2
87 995
1 11 2
904 894
1 13 2
512 909
1 13 2
520 946
1 9 2
75 667
1 5 2
93 636
1 2 2
546 377
1 7 2
574 401
1 6 2
987 462
1 14 2
615 987
1 7 2
299 891
1 2 2
614 107
1 12 2
986 218
1 13 2
344 432
1 13 2
625 615
1 10 2
405 985
1 3 2
733 527
1 8 2
139 555
1 6 2
565 248
1 4 2
415 782
1 3 2
613 999
1 10 2
837 609
1 8 2
729 526
1 5 2
119 810
1 6 2
960 776
1 8 2
690 101
1 15 2
43 331
1 15 2
964 49
1 6 2
15 57
1 10 2
877 911
1 3 2
940 300
1 8 2
525 362
1 2 2
898 414
1 2 2
12 820
1 11 2
625 692
1 3 2
666 241
1 15 2
831 383
1 9 2
731 308
1 11 2
208 619
1 4 2
297 667
1 10 2
171 673
1 13 2
5 118
1 8 2
944 235
1 9 2
780 23
1 11 2
936 427
1 2 2
712 323
1 5 2
271 687
1 14 2
345 949
1 5 2
974 629
1 5 2
347 4
1 4 2
38 511
1 3 2
393 538
1 3 2
268 585
1 11 2
274 758
1 2 2
31 195
1 10 2
615 832
1 4 2
34 363
1 13 2
911 612
1 10 2
853 363
1 15 2
386 51
1 3 2
936 986
1 14 2
949 175
1 14 2
722 637
1 6 2
96 652
1 10 2
924 273
1 6 2
537 779
1 13 2
74 307
1 3 2
325 457
1 6 2
536 879
1 6 2
52 859
1 11 2
47 319
1 2 2
740 904
1 5 2
703 927
1 7 2
908 574
1 6 2
874 652
1 7 2
681 89
1 7 2
174 584
1 9 2
576 57
1 15 2
679 217
1 14 2
105 862
1 9 2
221 603
1 6 2
367 387
1 6 2
236 665
1 14 2
105 284
1 6 2
304 728
1 11 2
42 178
1 4 2
942 939
1 12 2
87 469
1 10 2
742 518
1 9 2
297 954
1 14 2
148 323
1 15 2
497 319
1 10 2
757 168
1 7 2
382 796
1 9 2
646 939
1 9 2
644 818
1 3 2
522 568
1 4 2
859 824
1 14 2
765 580
1 3 2
598 95
1 7 2
152 522
1 4 2
517 958
1 11 2
101 228
1 3 2
98 638
1 9 2
187 911
1 9 2
684 566
1 15 2
282 361
1 7 2
911 835
1 4 2
367 356
1 3 2
949 36
1 11 2
692 273
1 14 2
816 655
1 9 2
173 674
1 3 2
201 902
1 8 2
376 602
1 15 2
434 204
1 4 2
145 837
1 13 2
274 31
1 13 2
636 869
1 3 2
446 885
1 2 2
548 317
1 9 2
826 1
1 12 2
268 635
1 3 2
96 657
1 13 2
383 920
1 12 2
707 370
1 5 2
55 209
1 12 2
144 173
1 12 2
31 783
1 9 2
121 792
1 13 2
654 601
1 4 2
770 818
1 9 2
832 453
1 14 2
7 277
1 7 2
300 181
1 10 2
158 980
1 12 2
845 920
1 10 2
659 491
1 13 2
252 355
1 5 2
322 289
1 11 2
615 448
1 15 2
356 216
1 2 2
34 769
1 3 2
778 713
1 8 2
445 280
1 5 2
794 828
1 8 2
880 759
1 6 2
537 245
1 10 2
507 138
1 12 2
202 452
1 14 2
972 295
1 13 2
9 220
1 5 2
190 175
1 7 2
369 264
1 11 2
891 356
1 4 2
795 904
1 9 2
84 60
1 5 2
343 289
1 14 2
381 35
1 9 2
741 351
1 5 2
931 98
1 4 2
272 879
1 14 2
37 947
1 4 2
166 201
1 14 2
521 60
1 4 2
231 352
1 4 2
976 206
1 6 2
613 115
1 12 2
966 141
1 9 2
584 43
1 8 2
829 327
1 12 2
470 150
1 11 2
383 819
1 6 2
27 274
1 14 2
333 934
1 2 2
460 420
1 5 2
397 855
1 3 2
589 946
1 5 2
250 584
1 2 2
765 295
1 9 2
975 169
1 8 2
724 811
1 7 2
576 835
1 7 2
308 167
1 8 2
193 976
1 11 2
981 564
1 3 2
941 946
1 13 2
377 703
1 8 2
311 28
1 12 2
478 41
1 6 2
278 604
1 6 2
707 78
1 3 2
136 145
1 12 2
730 715
1 4 2
404 872
1 10 2
190 982
1 12 2
476 337
1 6 2
711 73
1 7 2
633 581
1 14 2
224 795
1 9 2
249 612
1 12 2
679 186
1 6 2
173 409
1 14 2
638 537
1 8 2
804 784
1 15 2
650 290
1 8 2
506 775
1 8 2
586 463
1 5 2
649 309
1 3 2
950 243
1 10 2
211 786
1 3 2
152 537
1 11 2
335 152
1 8 2
86 905
1 12 2
380 70
1 8 2
196 835
1 2 2
368 190
1 9 2
870 965
1 8 2
368 244
1 5 2
446 128
1 4 2
399 561
1 13 2
639 542
1 5 2
63 686
1 15 2
72 963
1 13 2
933 846
1 5 2
598 26
1 3 2
483 255
1 4 2
820 264
1 2 2
374 843
1 6 2
765 594
1 11 2
448 408
1 2 2
387 835
1 13 2
835 977
1 7 2
858 706
1 5 2
1 533
1 15 2
772 353
1 11 2
529 585
1 13 2
825 595
1 15 2
239 178
1 10 2
63 756
1 2 2
350 877
1 10 2
209 718
1 15 2
558 355
1 7 2
244 466
1 15 2
32 19
1 14 2
225 479
1 4 2
925 58
1 3 2
476 952
1 6 2
300 4
1 4 2
271 763
1 15 2
807 441
1 9 2
197 727
1 9 2
203 729
1 13 2
553 495
1 7 2
486 993
1 12 2
254 933
1 8 2
25 76
1 12 2
41 3
1 13 2
839 63
1 7 2
319 720
1 6 2
923 36
1 13 2
386 716
1 11 2
541 532
1 3 2
540 980
1 5 2
986 959
1 10 2
935 670
1 3 2
329 881
1 6 2
744 632
1 14 2
648 965
1 9 2
866 422
1 11 2
463 907
1 15 2
423 908
1 9 2
93 690
1 9 2
544 553
1 7 2
771 120
1 8 2
257 847
1 7 2
423 729
1 8 2
245 396
1 15 2
230 867
1 3 2
619 409
1 3 2
552 896
1 4 2
387 887
1 13 2
442 815
1 5 2
350 171
1 15 2
432 27
1 15 2
801 363
1 13 2
615 936
1 13 2
553 799
1 5 2
368 752
1 15 2
813 648
1 13 2
897 2
1 5 2
735 56
1 4 2
758 333
1 7 2
720 531
1 15 2
729 979
1 5 2
808 531
1 13 2
882 541
1 10 2
36 764
1 15 2
982 976
1 10 2
30 970
1 11 2
483 754
1 9 2
885 160
1 8 2
140 316
1 7 2
429 537
1 7 2
527 758
1 5 2
146 360
1 4 2
186 578
1 5 2
594 978
1 7 2
237 423
1 5 2
877 997
1 8 2
819 118
1 10 2
715 586
1 4 2
480 154
1 2 2
424 211
1 6 2
555 278
1 14 2
649 990
1 12 2
585 919
1 10 2
629 387
1 3 2
464 566
1 11 2
678 995
1 12 2
316 489
1 6 2
221 355
1 10 2
103 450
1 14 2
410 308
1 11 2
374 128
1 12 2
363 327
1 11 2
983 133
1 9 2
790 367
1 5 2
281 551
1 11 2
969 668
1 7 2
231 264
1 4 2
606 578
1 5 2
734 700
1 15 2
464 225
1 2 2
311 374
1 10 2
652 516
1 14 2
680 295
1 7 2
627 667
1 14 2
965 700
1 10 2
637 249
1 3 2
448 150
1 14 2
794 858
1 13 2
409 127
1 7 2
879 524
1 10 2
638 697
1 10 2
468 646
1 4 2
351 396
1 15 2
471 38
1 14 2
43 479
1 6 2
494 29
1 15 2
621 458
1 3 2
63 218
1 10 2
826 459
1 4 2
102 141
1 15 2
148 467
1 9 2
837 51
1 3 2
449 376
1 15 2
938 685
1 4 2
144 999
1 13 2
867 629
1 6 2
148 993
1 7 2
659 976
1 10 2
646 347
1 8 2
98 476
1 2 2
393 471
1 4 2
808 818
1 12 2
752 788
1 3 2
950 275
1 3 2
311 554
1 6 2
206 122
1 10 2
76 96
1 10 2
24 475
1 3 2
335 921
1 8 2
981 941
1 10 2
918 338
1 10 2
358 663
1 14 2
889 171
1 14 2
369 999
1 8 2
614 712
1 8 2
22 508
1 4 2
475 370
1 12 2
533 930
1 15 2
847 683
1 12 2
714 152
1 7 2
809 164
1 14 2
346 200
1 6 2
164 346
1 14 2
250 334
1 6 2
962 852
1 4 2
988 250
1 14 2
833 636
1 4 2
429 307
1 7 2
910 757
1 6 2
546 290
1 8 2
303 72
1 8 2
961 354
1 9 2
340 448
1 5 2
221 947
1 8 2
106 54
1 15 2
194 979
1 7 2
164 839
1 7 2
771 933
1 14 2
483 647
1 10 2
242 385
1 8 2
87 516
1 6 2
898 423
1 2 2
203 495
1 4 2
250 819
1 11 2
607 156
1 14 2
468 470
1 9 2
767 40
1 10 2
686 699
1 6 2
278 177
1 6 2
150 574
1 6 2
41 664
1 13 2
279 782
1 10 2
745 811
1 7 2
291 201
1 5 2
934 888
1 9 2
749 299
1 14 2
888 994
1 8 2
35 323
1 5 2
634 969
1 14 2
114 593
1 4 2
341 668
1 15 2
56 65
1 15 2
715 851
1 5 2
453 37
1 7 2
233 758
1 14 2
791 486
1 3 2
248 134
1 2 2
744 534
1 14 2
247 528
1 10 2
803 784
1 14 2
704 859
1 10 2
544 727
1 15 2
900 914
1 6 2
605 102
1 10 2
707 980
1 4 2
830 737
1 8 2
850 599
1 7 2
121 234
1 7 2
813 820
1 8 2
100 716
1 11 2
273 512
1 4 2
68 266
1 12 2
941 880
1 11 2
727 337
1 7 2
764 683
1 11 2
614 36
1 4 2
583 124
1 13 2
981 307
1 3 2
993 216
1 3 2
138 176
1 9 2
32 152
1 7 2
950 841
1 8 2
775 60
1 2 2
663 748
1 6 2
635 77
1 6 2
929 107
1 3 2
124 886
1 10 2
587 530
1 10 2
479 743
1 9 2
852 765
1 11 2
808 751
1 12 2
699 288
1 15 2
162 349
1 7 2
471 103
1 7 2
227 326
1 14 2
999 856
1 14 2
576 581
1 11 2
432 472
1 14 2
252 907
1 10 2
454 587
1 13 2
324 298
1 6 2
5 682
1 15 2
998 395
1 10 2
586 72
1 4 2
950 131
1 8 2
551 483
1 7 2
985 111
1 15 2
730 475
1 6 2
99 39
1 13 2
933 822
1 9 2
226 91
1 6 2
583 814
1 11 2
357 698
1 10 2
367 841
1 4 2
338 388
1 6 2
31 533
1 5 2
781 214
1 6 2
946 553
1 4 2
844 328
1 4 2
343 897
1 12 2
429 75
1 2 2
933 81
1 14 2
443 66
1 5 2
663 728
1 14 2
588 857
1 7 2
685 258
1 13 2
559 194
1 12 2
85 424
1 5 2
586 250
1 8 2
702 96
1 11 2
984 723
1 2 2
150 63
1 12 2
454 524
1 15 2
210 43
1 5 2
508 217
1 3 2
72 117
1 14 2
79 434
1 13 2
243 544
1 2 2
365 20
1 10 2
74 145
1 8 2
563 429
1 6 2
845 565
1 3 2
510 458
1 15 2
82 398
1 9 2
624 232
1 15 2
306 875
1 13 2
388 269
1 14 2
413 635
1 8 2
212 640
1 5 2
509 847
1 10 2
740 490
1 3 2
836 763
1 5 2
36 199
1 8 2
841 727
1 12 2
226 849
1 15 2
796 448
1 9 2
880 284
1 10 2
158 979
1 9 2
852 866
1 15 2
493 997
1 11 2
922 552
1 6 2
62 511
1 6 2
159 666
1 9 2
688 280
1 2 2
272 438
1 11 2
405 300
1 7 2
430 986
1 13 2
661 217
1 2 2
895 676
1 10 2
62 402
1 13 2
753 572
1 6 2
679 640
1 12 2
476 413
1 14 2
526 487
1 4 2
51 301
1 3 2
521 323
1 12 2
38 989
1 15 2
934 640
1 15 2
314 957
1 12 2
365 175
1 7 2
863 347
1 14 2
128 882
1 5 2
890 391
1 13 2
408 46
1 6 2
361 164
1 4 2
182 114
1 3 2
171 983
1 5 2
957 118
1 5 2
861 307
1 9 2
445 202
1 12 2
423 624
1 3 2
2 443
1 4 2
547 311
1 8 2
466 476
1 7 2
116 350
1 5 2
891 155
1 12 2
753 385
1 10 2
593 816
1 4 2
573 526
1 14 2
710 548
1 4 2
830 352
1 11 2
946 65
1 11 2
357 464
1 4 2
754 734
1 7 2
164 779
1 12 2
231 798
1 12 2
90 985
1 5 2
258 516
1 4 2
474 405
1 5 2
873 948
1 11 2
155 512
1 15 2
398 292
1 14 2
361 308
1 13 2
844 154
1 10 2
542 471
1 6 2
786 921
1 6 2
85 849
1 5 2
269 209
1 9 2
563 545
1 7 2
451 572
1 11 2
202 573
1 3 2
687 984
1 14 2
518 718
1 15 2
719 993
1 6 2
79 533
1 15 2
731 840
1 10 2
282 17
1 8 2
450 986
1 9 2
7 948
1 12 2
71 923
1 12 2
445 254
1 7 2
608 825
1 4 2
316 300
1 13 2
248 763
1 11 2
475 631
1 11 2
514 220
1 8 2
273 724
1 10 2
74 49
1 5 2
330 229
1 4 2
570 619
1 7 2
633 570
1 12 2
916 553
1 5 2
67 701
1 2 2
678 326
1 7 2
214 488
1 10 2
92 471
1 11 2
58 557
1 10 2
596 533
1 10 2
534 530
1 4 2
563 288
1 5 2
141 689
1 8 2
314 400
1 15 2
53 731
1 4 2
929 539
1 12 2
648 485
1 10 2
47 45
1 14 2
612 167
1 2 2
780 30
1 4 2
497 832
1 13 2
773 859
1 8 2
290 153
1 4 2
636 279
1 6 2
516 109
1 6 2
827 992
1 12 2
842 838
1 5 2
463 717
1 11 2
0 96
1 9 2
560 802
1 4 2
586 164
1 7 2
470 283
1 3 2
366 974
1 12 2
707 80
1 14 2
532 959
1 8 2
540 963
1 13 2
873 699
1 10 2
260 123
1 3 2
457 983
1 2 2
412 826
1 2 2
682 855
1 15 2
507 396
1 6 2
721 470
1 6 2
632 384
1 6 2
15 360
1 6 2
173 455
1 15 2
293 614
1 4 2
353 785
1 12 2
140 748
1 9 2
790 212
1 10 2
108 458
1 15 2
205 723
1 15 2
248 766
1 8 2
544 716
1 8 2
763 447
1 7 2
616 33
1 13 2
502 277
1 2 2
426 173
1 13 2
914 101
1 10 2
548 880
1 15 2
449 243
1 4 2
114 213
1 2 2
348 939
1 4 2
44 330
1 14 2
471 545
1 11 2
509 715
1 11 2
798 336
1 2 2
444 750
1 4 2
634 896
1 11 2
604 193
1 12 2
215 893
1 8 2
418 590
1 12 2
716 174
1 2 2
315 541
1 6 2
787 305
1 12 2
29 816
1 4 2
670 10
1 7 2
639 321
1 12 2
827 553
1 5 2
420 683
1 2 2
877 521
1 2 2
725 418
1 6 2
781 426
1 11 2
590 923
1 11 2
694 742
1 7 2
580 552
1 11 2
288 694
1 11 2
650 356
1 12 2
758 366
1 10 2
972 828
1 14 2
653 123
1 15 2
507 813
1 14 2
846 664
1 7 2
132 474
1 3 2
173 63
1 12 2
530 524
1 7 2
759 1
1 5 2
314 785
1 5 2
163 640
1 7 2
172 154
1 5 2
789 36
1 3 2
219 597
1 5 2
687 652
1 4 2
551 296
1 4 2
244 402
1 15 2
51 66
1 5 2
481 339
1 14 2
995 557
1 11 2
7 232
1 7 2
460 334
1 10 2
765 432
1 15 2
412 108
1 15 2
157 144
1 15 2
142 67
1 7 2
620 629
1 14 2
383 711
1 14 2
274 806
1 14 2
83 440
1 11 2
48 783
1 12 2
771 62
1 11 2
85 554
1 14 2
442 89
1 5 2
993 741
1 8 2
215 755
1 9 2
462 248
1 9 2
44 188
1 8 2
906 219
1 2 2
719 35
1 15 2
345 687
1 14 2
844 888
1 13 2
804 81
1 8 2
866 934
1 15 2
533 508
1 7 2
764 337
1 11 2
336 920
1 12 2
784 287
1 2 2
183 268
1 11 2
796 972
1 13 2
894 154
1 10 2
912 820
1 3 2
31 485
1 3 2
534 73
1 7 2
490 256
1 5 2
940 58
1 6 2
536 856
1 3 2
981 997
1 6 2
310 683
1 7 2
462 838
1 7 2
306 682
1 6 2
417 46
1 6 2
872 842
1 12 2
890 117
1 14 2
308 80
1 9 2
921 328
1 4 2
736 328
1 14 2
560 596
1 4 2
618 877
1 3 2
4 32
1 9 2
548 826
1 10 2
66 433
1 13 2
499 475
1 15 2
271 517
1 13 2
779 219
1 11 2
388 481
1 11 2
937 396
1 13 2
933 153
1 3 2
165 932
1 12 2
766 753
1 8 2
38 207
1 13 2
554 804
1 12 2
626 631
1 4 2
631 31
1 7 2
22 857
1 3 2
669 492
1 8 2
352 992
1 9 2
4 557
1 7 2
964 573
1 2 2
211 572
1 7 2
50 920
1 10 2
56 914
1 8 2
347 534
1 9 2
252 542
1 6 2
23 994
1 10 2
747 152
1 7 2
607 303
1 2 2
637 373
1 14 2
641 895
1 7 2
271 214
1 6 2
825 637
1 6 2
944 449
1 5 2
941 154
1 13 2
177 696
1 2 2
655 605
1 2 2
122 372
1 7 2
628 558
1 6 2
621 282
1 7 2
862 486
1 2 2
610 613
1 4 2
701 343
1 2 2
898 512
1 2 2
880 523
1 14 2
329 632
1 13 2
249 176
1 14 2
463 725
1 15 2
579 588
1 11 2
388 342
1 7 2
403 353
1 4 2
736 527
1 15 2
857 783
1 3 2
576 440
1 5 2
147 263
1 5 2
281 382
1 6 2
89 524
1 6 2
263 458
1 9 2
802 354
1 4 2
233 659
1 4 2
882 28
1 8 2
708 408
1 10 2
833 794
1 2 2
583 306
1 14 2
173 267
1 8 2
776 266
1 14 2
711 317
1 14 2
86 537
1 8 2
473 72
1 11 2
739 249
1 13 2
782 852
1 10 2
60 71
1 4 2
461 713
1 14 2
324 71
1 8 2
561 366
1 6 2
965 566
1 4 2
345 915
1 8 2
898 61
1 3 2
646 95
1 15 2
80 880
1 2 2
597 970
1 4 2
230 596
1 13 2
380 858
1 6 2
627 1
1 6 2
820 66
1 5 2
339 662
1 14 2
490 931
1 11 2
243 832
1 12 2
690 982
1 12 2
399 672
1 14 2
180 881
1 13 2
294 379
1 8 2
403 986
1 9 2
939 970
1 13 2
990 263
1 3 2
117 222
1 8 2
13 654
1 9 2
255 429
1 14 2
692 447
1 7 2
437 175
1 5 2
333 836
1 12 2
753 763
1 14 2
605 954
1 14 2
659 350
1 2 2
33 861
1 14 2
572 708
1 6 2
917 121
1 10 2
578 234
1 4 2
12 869
1 4 2
270 538
1 13 2
344 987
1 6 2
780 511
1 10 2
930 632
1 8 2
499 890
1 2 2
372 721
1 6 2
346 915
1 10 2
608 205
1 10 2
315 294
1 4 2
441 867
1 7 2
176 804
1 4 2
248 881
1 8 2
681 815
1 3 2
150 967
1 10 2
594 105
1 2 2
448 753
1 8 2
578 834
1 12 2
909 342
1 12 2
104 391
1 2 2
334 811
1 7 2
312 33
1 8 2
642 870
1 8 2
670 543
1 13 2
174 524
1 13 2
31 39
1 13 2
673 466
1 7 2
123 927
1 6 2
812 891
1 2 2
271 254
1 6 2
722 94
1 9 2
421 465
1 15 2
69 413
1 11 2
301 968
1 3 2
379 928
1 5 2
176 630
1 7 2
632 155
1 12 2
762 356
1 15 2
225 919
1 4 2
923 636
1 9 2
634 546
1 8 2
961 822
1 5 2
943 370
1 10 2
312 596
1 3 2
96 129
1 15 2
22 59
1 5 2
608 573
1 2 2
815 868
1 10 2
294 596
1 13 2
710 579
1 6 2
574 467
1 12 2
106 812
1 9 2
650 513
1 11 2
407 400
1 3 2
928 517
1 7 2
369 526
1 13 2
877 585
1 7 2
206 487
1 10 2
933 496
1 10 2
973 130
1 8 2
387 93
1 3 2
671 66
1 12 2
25 397
1 4 2
675 862
1 4 2
466 554
1 11 2
806 384
1 9 2
832 238
1 14 2
7 730
1 5 2
34 930
1 7 2
499 973
1 13 2
731 487
1 2 2
662 30
1 12 2
956 263
1 9 2
887 930
1 2 2
699 319
1 13 2
985 734
1 10 2
963 63
1 13 2
580 781
1 6 2
514 469
1 10 2
387 955
1 14 2
715 262
1 3 2
264 764
1 6 2
2 929
1 10 2
604 301
1 14 2
310 315
1 12 2
936 48
1 5 2
560 994
1 5 2
113 414
1 15 2
467 875
1 10 2
782 169
1 8 2
35 520
1 8 2
364 481
1 3 2
262 406
1 7 2
953 259
1 15 2
139 405
1 13 2
370 719
1 12 2
270 906
1 8 2
359 474
1 12 2
23 516
1 12 2
401 159
1 11 2
990 809
1 8 2
582 440
1 8 2
162 276
1 9 2
237 941
1 13 2
775 184
1 7 2
920 376
1 4 2
409 225
1 10 2
59 736
1 7 2
292 865
1 6 2
857 280
1 13 2
108 67
1 14 2
536 154
1 4 2
97 206
1 14 2
258 89
1 4 2
697 297
1 10 2
490 426
1 3 2
744 804
1 15 2
585 102
1 9 2
927 881
1 4 2
408 628
1 9 2
929 709
1 7 2
808 935
1 3 2
577 569
1 9 2
507 131
1 11 2
848 35
1 11 2
310 846
1 6 2
140 658
1 10 2
357 104
1 5 2
532 902
1 15 2
474 20
1 8 2
434 735
1 15 2
259 342
1 3 2
426 837
1 14 2
370 617
1 4 2
3 104
1 4 2
521 932
1 7 2
537 353
1 15 2
676 196
1 13 2
970 182
1 2 2
703 716
1 13 2
35 474
1 9 2
281 621
1 7 2
7 80
1 12 2
383 448
1 2 2
222 133
1 4 2
561 617
1 9 2
298 488
1 15 2
442 824
1 7 2
135 434
1 14 2
745 966
1 4 2
834 647
1 11 2
889 374
1 3 2
834 260
1 7 2
594 547
1 14 2
342 726
1 11 2
247 687
1 12 2
156 888
1 10 2
497 216
1 8 2
974 166
1 7 2
704 687
1 6 2
362 752
1 13 2
284 444
1 9 2
291 959
1 14 2
358 883
1 6 2
573 665
1 2 2
670 421
1 4 2
252 92
1 2 2
120 661
1 8 2
749 818
1 7 2
214 64
1 4 2
144 425
1 13 2
751 663
1 3 2
282 108
1 10 2
469 684
1 4 2
359 812
1 8 2
937 377
1 15 2
512 656
1 13 2
832 340
1 7 2
929 858
1 3 2
2 623
1 15 2
905 133
1 5 2
949 484
1 5 2
447 139
1 7 2
768 253
1 4 2
439 575
1 12 2
589 338
1 10 2
190 530
1 2 2
82 570
1 15 2
711 296
1 13 2
824 160
1 6 2
593 105
1 2 2
625 277
1 14 2
134 542
1 15 2
746 372
1 15 2
503 83
1 13 2
601 750
1 2 2
918 400
1 5 2
953 236
1 5 2
918 783
1 9 2
446 780
1 9 2
296 967
1 11 2
311 860
1 14 2
487 489
1 4 2
468 89
1 7 2
323 67
1 14 2
890 571
1 5 2
405 519
1 3 2
139 841
1 3 2
978 381
1 6 2
248 676
1 10 2
372 783
1 8 2
909 357
1 6 2
817 52
1 15 2
126 768
1 12 2
708 942
1 10 2
199 488
1 7 2
231 469
1 12 2
777 826
1 6 2
788 858
1 13 2
771 542
1 3 2
989 971
1 8 2
463 18
1 14 2
669 486
1 7 2
868 423
1 15 2
227 421
1 5 2
385 145
1 12 2
693 308
1 4 2
558 669
1 10 2
483 570
1 2 2
768 780
1 15 2
516 631
1 9 2
858 199
1 6 2
909 685
1 11 2
74 821
1 10 2
994 864
1 15 2
78 376
1 4 2
712 727
1 9 2
22 357
1 14 2
780 762
1 12 2
158 983
1 9 2
373 718
1 12 2
977 481
1 7 2
709 983
1 15 2
150 728
1 12 2
785 501
1 12 2
607 618
1 4 2
765 666
1 9 2
584 666
1 6 2
800 850
1 5 2
982 317
1 12 2
245 346
1 6 2
572 432
1 7 2
471 886
1 15 2
216 584
1 5 2
155 722
1 9 2
677 443
1 6 2
753 697
1 14 2
937 124
1 10 2
372 956
1 4 2
18 484
1 11 2
44 289
1 4 2
982 167
1 5 2
962 338
1 2 2
433 264
1 5 2
13 570
1 9 2
701 231
1 12 2
31 458
1 2 2
418 464
1 6 2
734 137
1 12 2
292 581
1 2 2
958 193
1 8 2
12 291
1 3 2
827 444
1 5 2
557 876
1 14 2
654 266
1 7 2
581 434
1 6 2
78 442
1 5 2
260 983
1 6 2
863 964
1 4 2
414 941
1 3 2
781 115
1 5 2
854 87
1 13 2
767 986
1 8 2
359 240
1 2 2
804 551
1 9 2
607 673
1 10 2
361 857
1 3 2
546 114
1 15 2
401 79
1 3 2
241 790
1 14 2
530 522
1 9 2
902 450
1 5 2
210 591
1 14 2
640 774
1 10 2
578 860
1 2 2
567 635
1 6 2
323 528
1 14 2
427 103
1 13 2
2 949
1 9 2
663 540
1 2 2
207 916
1 10 2
739 22
1 14 2
184 789
1 2 2
674 821
1 5 2
273 870
1 12 2
795 960
1 7 2
770 991
1 4 2
721 271
1 15 2
486 359
1 6 2
495 164
1 15 2
603 857
1 7 2
707 244
1 4 2
629 28
1 13 2
102 380
1 9 2
481 132
1 11 2
147 421
1 10 2
713 60
1 15 2
39 619
1 7 2
859 335
1 8 2
382 746
1 6 2
923 240
1 15 2
837 258
1 2 2
523 744
1 7 2
297 693
1 7 2
895 127
1 4 2
946 728
1 6 2
54 877
1 5 2
648 10
1 10 2
711 888
1 2 2
287 705
1 5 2
54 537
1 9 2
469 170
1 11 2
145 154
1 8 2
447 782
1 7 2
78 320
1 12 2
351 95
1 9 2
699 512
1 10 2
840 146
1 7 2
290 865
1 4 2
725 306
1 2 2
81 134
1 7 2
416 641
1 8 2
840 794
1 15 2
949 551
1 2 2
787 969
1 5 2
366 216
1 12 2
514 939
1 11 2
982 146
1 11 2
342 964
1 5 2
66 435
1 15 2
443 649
1 13 2
374 129
1 14 2
690 617
1 12 2
641 617
1 3 2
294 969
1 6 2
910 683
1 7 2
754 499
1 14 2
347 591
1 10 2
189 174
1 13 2
109 635
1 2 2
360 429
1 12 2
516 705
1 11 2
706 781
1 3 2
623 60
1 9 2
275 163
1 3 2
32 731
1 8 2
847 990
1 8 2
488 622
1 10 2
213 682
1 5 2
921 595
1 6 2
839 75
1 5 2
999 389
1 6 2
769 730
1 9 2
388 351
1 15 2
980 589
1 3 2
232 962
1 2 2
538 128
1 11 2
701 798
1 6 2
112 838
1 6 2
510 271
1 10 2
752 720
1 7 2
210 720
1 11 2
981 809
1 12 2
73 728
1 11 2
746 854
1 3 2
199 112
1 3 2
749 888
1 5 2
935 496
1 15 2
602 752
1 6 2
174 384
1 10 2
367 348
1 12 2
401 286
1 15 2
586 693
1 2 2
126 213
1 15 2
24 834
1 15 2
683 23
1 5 2
386 730
1 7 2
874 607
1 7 2
56 786
1 6 2
433 493
1 5 2
985 206
1 15 2
501 107
1 15 2
681 499
1 13 2
843 647
1 9 2
299 1
1 11 2
53 370
1 11 2
727 96
1 2 2
264 724
1 13 2
673 757
1 8 2
463 613
1 6 2
437 60
1 10 2
573 703
1 8 2
253 648
1 7 2
710 683
1 2 2
518 359
1 13 2
100 464
1 2 2
390 102
1 12 2
75 899
1 5 2
525 448
1 3 2
337 47
1 9 2
438 216
1 2 2
509 968
1 8 2
387 122
1 4 2
8 238
1 7 2
315 165
1 2 2
141 713
1 6 2
355 14
1 6 2
886 826
1 10 2
592 164
1 4 2
642 950
1 15 2
762 200
1 3 2
371 791
1 3 2
269 88
1 5 2
431 854
1 14 2
767 388
1 15 2
56 973
1 3 2
839 743
1 10 2
417 27
1 7 2
967 210
1 3 2
448 109
1 8 2
615 471
1 12 2
192 498
1 10 2
259 813
1 4 2
847 214
1 3 2
160 413
1 4 2
517 522
1 13 2
321 951
1 2 2
239 467
1 8 2
752 706
1 6 2
791 739
1 5 2
68 584
1 3 2
947 172
1 3 2
775 555
1 15 2
265 913
1 11 2
989 77
1 6 2
266 687
1 2 2
844 522
1 6 2
97 744
1 7 2
826 754
1 2 2
121 192
1 10 2
94 570
1 3 2
358 56
1 12 2
480 407
1 11 2
894 784
1 2 2
610 154
1 8 2
718 497
1 8 2
225 929
1 15 2
547 654
1 2 2
938 672
1 14 2
770 556
1 9 2
943 273
1 14 2
493 440
1 9 2
164 422
1 13 2
856 540
1 12 2
636 400
1 7 2
662 821
1 3 2
313 566
1 8 2
239 713
1 3 2
624 732
1 2 2
394 259
1 8 2
512 949
1 3 2
49 206
1 10 2
374 150
1 14 2
750 808
1 4 2
125 682
1 14 2
415 993
1 10 2
536 908
1 3 2
49 877
1 3 2
627 264
1 8 2
53 510
1 13 2
30 862
1 13 2
451 315
1 9 2
482 817
1 2 2
621 455
1 15 2
941 236
1 14 2
174 804
1 11 2
628 938
1 14 2
249 475
1 4 2
600 314
1 13 2
0 24
1 6 2
704 21
1 11 2
509 175
1 7 2
339 965
1 12 2
801 32
1 8 2
572 888
1 5 2
413 859
1 10 2
848 593
1 3 2
274 28
1 5 2
424 207
1 2 2
80 250
1 12 2
503 858
1 6 2
649 213
1 10 2
832 69
1 4 2
305 478
1 12 2
137 618
1 15 2
103 785
1 6 2
976 292
1 5 2
203 393
1 7 2
757 820
1 2 2
891 590
1 13 2
791 616
1 6 2
884 926
1 6 2
837 624
1 6 2
457 611
1 10 2
677 174
1 9 2
209 39
1 11 2
543 437
1 10 2
278 78
1 9 2
920 478
1 5 2
361 619
1 8 2
725 691
1 11 2
450 947
1 7 2
467 829
1 13 2
672 118
1 12 2
131 259
1 12 2
196 467
1 13 2
803 616
1 11 2
29 617
1 12 2
612 447
1 4 2
771 418
1 5 2
847 529
1 5 2
348 888
1 14 2
356 439
1 5 2
143 240
1 12 2
311 583
1 15 2
815 370
1 9 2
700 500
1 11 2
190 627
1 8 2
341 849
1 14 2
380 95
1 12 2
556 959
1 14 2
606 698
1 7 2
101 54
1 12 2
125 355
1 13 2
515 396
1 8 2
269 295
1 11 2
850 605
1 2 2
602 218
1 15 2
636 484
1 3 2
761 610
1 11 2
409 514
1 15 2
388 970
1 6 2
368 698
1 5 2
246 642
1 9 2
804 524
1 6 2
574 29
1 3 2
348 900
1 2 2
53 68
1 3 2
134 816
1 15 2
486 41
1 13 2
605 710
1 8 2
668 73
1 9 2
241 943
1 13 2
110 787
1 13 2
701 322
1 12 2
234 626
1 9 2
111 168
1 3 2
858 708
1 4 2
436 879
1 10 2
196 205
1 14 2
511 630
1 5 2
155 923
1 13 2
884 86
1 9 2
595 43
1 9 2
751 631
1 4 2
162 105
1 10 2
55 571
1 7 2
343 248
1 4 2
643 525
1 8 2
768 738
1 3 2
570 52
1 10 2
2 485
1 6 2
762 139
1 14 2
340 124
1 13 2
197 608
1 14 2
317 161
1 5 2
67 688
1 6 2
712 273
1 11 2
745 186
1 7 2
766 373
1 12 2
84 368
1 2 2
985 848
1 15 2
700 993
1 7 2
933 134
1 6 2
431 29
1 14 2
989 86
1 15 2
997 550
1 9 2
464 128
1 8 2
579 996
1 7 2
495 572
1 15 2
964 74
1 11 2
695 513
1 3 2
705 347
1 2 2
433 820
1 15 2
674 394
1 13 2
67 370
1 9 2
750 594
1 6 2
842 802
1 15 2
166 124
1 10 2
580 405
1 8 2
691 118
1 8 2
468 18
1 5 2
58 606
1 9 2
791 905
1 8 2
618 351
1 2 2
394 280
1 11 2
389 466
1 2 2
990 871
1 6 2
38 471
1 8 2
939 840
1 14 2
306 275
1 3 2
352 273
1 3 2
589 704
1 15 2
674 751
1 6 2
926 500
1 15 2
351 966
1 3 2
174 417
1 8 2
260 539
1 10 2
588 426
1 10 2
234 386
1 15 2
318 607
1 5 2
45 571
1 3 2
875 617
1 2 2
933 521
1 14 2
565 16
1 5 2
819 152
1 9 2
2 753
1 9 2
623 563
1 5 2
193 578
1 13 2
451 86
1 6 2
186 234
1 15 2
403 862
1 3 2
497 438
1 13 2
153 288
1 7 2
5 610
1 12 2
905 145
1 15 2
337 401
1 11 2
694 543
1 3 2
925 303
1 13 2
943 446
1 10 2
616 222
1 4 2
723 912
1 7 2
794 426
1 14 2
723 292
1 10 2
3 638
1 3 2
389 468
1 10 2
33 646
1 5 2
105 927
1 13 2
406 182
1 3 2
177 650
1 6 2
313 29
1 6 2
145 757
1 15 2
100 324
1 12 2
850 607
1 15 2
179 751
1 4 2
669 410
1 9 2
40 842
1 6 2
455 149
1 15 2
915 395
1 8 2
80 486
1 7 2
970 612
1 7 2
186 759
1 14 2
824 42
1 14 2
747 107
1 7 2
450 76
1 3 2
487 254
1 4 2
945 350
1 12 2
649 506
1 7 2
290 255
1 2 2
680 946
1 10 2
722 856
1 5 2
132 344
1 11 2
576 816
1 8 2
456 452
1 13 2
896 265
1 3 2
901 945
1 2 2
341 4
1 4 2
388 929
1 10 2
107 210
1 3 2
88 424
1 5 2
774 578
1 15 2
337 742
1 4 2
243 573
1 2 2
409 917
1 13 2
20 911
1 6 2
582 965
1 14 2
577 848
1 8 2
541 224
1 14 2
629 345
1 14 2
766 876
1 12 2
913 910
1 11 2
513 926
1 8 2
793 991
1 8 2
405 188
1 12 2
340 634
1 4 2
953 691
1 9 2
559 458
1 6 2
998 162
1 2 2
670 776
1 11 2
249 976
1 10 2
716 22
1 10 2
341 289
1 12 2
640 761
1 5 2
566 380
1 6 2
934 495
1 4 2
23 974
1 11 2
224 712
1 11 2
304 246
1 6 2
87 416
1 8 2
843 864
1 4 2
871 137
1 10 2
930 447
1 11 2
719 253
1 14 2
313 935
1 5 2
179 329
1 5 2
447 155
1 9 2
242 333
1 10 2
374 892
1 3 2
669 430
1 15 2
175 398
1 13 2
425 641
1 10 2
13 756
1 7 2
916 904
1 10 2
205 163
1 11 2
668 54
1 3 2
198 324
1 11 2
7 569
1 3 2
260 882
1 2 2
865 711
1 10 2
241 811
1 10 2
544 406
1 2 2
603 134
1 10 2
131 928
1 6 2
562 331
1 11 2
942 423
1 4 2
810 61
1 11 2
756 735
1 6 2
542 887
1 2 2
631 747
1 13 2
717 140
1 9 2
575 529
1 5 2
197 998
1 7 2
474 984
1 14 2
542 334
1 5 2
346 464
1 9 2
608 776
1 12 2
107 250
1 12 2
147 805
1 14 2
599 559
1 3 2
786 240
1 14 2
598 500
1 11 2
76 802
1 15 2
719 296
1 13 2
958 589
1 14 2
806 490
1 2 2
280 528
1 4 2
255 564
1 12 2
203 178
1 7 2
729 4
1 7 2
401 359
1 9 2
925 901
1 6 2
312 501
1 4 2
682 226
1 7 2
37 187
1 5 2
931 121
1 7 2
435 226
1 4 2
717 753
1 6 2
16 582
1 10 2
905 982
1 10 2
484 460
1 15 2
246 891
1 9 2
441 691
1 12 2
461 731
1 11 2
856 639
1 4 2
788 199
1 13 2
146 631
1 14 2
829 474
1 3 2
12 687
1 3 2
996 783
1 13 2
688 895
1 11 2
890 499
1 3 2
21 803
1 9 2
846 492
1 7 2
400 737
1 13 2
537 799
1 6 2
628 929
1 13 2
453 115
1 5 2
855 40
1 2 2
156 958
1 9 2
738 687
1 3 2
140 30
1 7 2
376 783
1 15 2
418 865
1 2 2
101 924
1 8 2
36 312
1 12 2
581 583
1 8 2
565 663
1 12 2
19 642
1 4 2
620 807
1 5 2
540 720
1 7 2
567 814
1 8 2
163 975
1 15 2
63 395
1 5 2
391 340
1 4 2
432 775
1 10 2
796 338
1 10 2
620 826
1 8 2
257 19
1 3 2
871 708
1 13 2
781 560
1 15 2
876 614
1 3 2
10 617
1 4 2
192 892
1 2 2
500 81
1 8 2
472 763
1 9 2
409 341
1 11 2
865 97
1 5 2
731 791
1 9 2
367 158
1 10 2
643 311
1 6 2
466 144
1 9 2
412 714
1 12 2
14 807
1 9 2
935 936
1 10 2
724 536
1 11 2
627 629
1 5 2
388 132
1 6 2
903 117
1 11 2
37 77
1 11 2
781 212
1 4 2
570 679
1 14 2
696 445
1 5 2
993 670
1 15 2
732 900
1 6 2
748 715
1 11 2
957 687
1 3 2
356 960
1 11 2
372 247
1 11 2
687 559
1 9 2
854 569
1 12 2
245 112
1 11 2
714 955
1 2 2
631 69
1 15 2
281 828
1 6 2
990 876
1 10 2
439 456
1 2 2
20 957
1 5 2
428 854
1 6 2
158 368
1 5 2
878 820
1 9 2
31 743
1 2 2
247 886
1 11 2
819 832
1 14 2
991 906
1 3 2
120 56
1 9 2
98 12
1 8 2
976 630
1 2 2
438 158
1 13 2
751 355
1 5 2
249 177
1 12 2
99 895
1 7 2
271 635
1 7 2
309 59
1 12 2
900 619
1 6 2
45 469
1 10 2
548 67
1 14 2
88 515
1 14 2
726 779
1 8 2
829 575
1 3 2
817 309
1 11 2
272 465
1 14 2
134 658
1 11 2
830 489
1 8 2
860 662
1 14 2
976 404
1 6 2
821 540
1 14 2
498 15
1 13 2
184 464
1 14 2
743 572
1 15 2
753 379
1 9 2
710 923
1 15 2
367 309
1 11 2
106 460
1 5 2
905 394
1 11 2
536 995
1 13 2
275 465
1 6 2
840 350
1 2 2
231 905
1 12 2
908 528
1 10 2
508 835
1 10 2
918 420
1 8 2
93 847
1 10 2
899 898
1 4 2
277 928
1 3 2
663 219
1 8 2
567 164
1 13 2
158 110
1 3 2
310 598
1 14 2
162 986
1 3 2
158 81
1 9 2
300 957
1 7 2
346 206
1 12 2
58 13
1 15 2
310 287
1 5 2
290 67
1 13 2
382 813
1 15 2
324 614
1 5 2
64 59
1 3 2
255 141
1 7 2
174 514
1 15 2
162 116
1 12 2
826 873
1 5 2
447 931
1 12 2
4 787
1 11 2
529 455
1 11 2
264 21
1 15 2
240 881
1 3 2
555 321
1 13 2
954 238
1 2 2
501 956
1 3 2
814 389
1 4 2
200 168
1 5 2
932 730
1 8 2
209 4
1 6 2
703 160
1 2 2
100 139
1 12 2
737 475
1 9 2
399 388
1 12 2
337 392
1 7 2
794 556
1 8 2
475 556
1 4 2
653 968
1 5 2
862 613
1 13 2
969 58
1 13 2
493 11
1 11 2
219 382
1 9 2
503 567
1 15 2
289 31
1 2 2
329 634
1 11 2
481 875
1 15 2
538 243
1 4 2
272 934
1 4 2
424 237
1 5 2
465 33
1 2 2
604 817
1 5 2
832 414
1 10 2
565 658
1 5 2
949 999
1 15 2
269 496
1 6 2
826 575
1 2 2
57 409
1 7 2
798 97
1 2 2
194 515
1 2 2
753 72
1 6 2
4 607
1 2 2
682 629
1 4 2
678 158
1 7 2
904 758
1 5 2
613 390
1 5 2
937 15
1 9 2
336 972
1 3 2
802 787
1 13 2
490 710
1 10 2
405 784
1 7 2
851 536
1 11 2
400 809
1 12 2
956 317
1 5 2
90 119
1 3 2
668 896
1 15 2
781 587
1 13 2
763 200
1 8 2
566 743
1 7 2
828 86
1 10 2
975 98
1 5 2
888 707
1 12 2
564 866
1 3 2
891 160
1 14 2
871 424
1 4 2
332 385
1 14 2
40 273
1 6 2
627 21
1 8 2
126 481
1 4 2
354 824
1 7 2
558 674
1 10 2
901 315
1 15 2
759 117
1 8 2
524 598
1 15 2
910 414
1 15 2
526 286
1 6 2
356 493
1 8 2
985 546
1 5 2
469 644
1 7 2
50 227
1 10 2
904 213
1 6 2
18 901
1 5 2
402 31
1 14 2
646 917
1 8 2
657 625
1 5 2
219 840
1 11 2
489 581
1 2 2
731 188
1 6 2
304 225
1 4 2
837 33
1 8 2
762 65
1 3 2
687 87
1 3 2
793 136
1 9 2
596 872
1 5 2
758 631
1 15 2
765 782
1 6 2
637 199
1 14 2
577 774
1 5 2
209 701
1 13 2
303 195
1 5 2
25 511
1 14 2
513 240
1 5 2
575 763
1 14 2
387 138
1 4 2
911 670
1 9 2
118 771
1 14 2
988 333
1 7 2
551 111
1 5 2
910 792
1 11 2
964 966
1 9 2
180 694
1 10 2
465 413
1 9 2
388 845
1 7 2
71 473
1 11 2
52 749
1 15 2
79 564
1 5 2
709 308
1 5 2
40 648
1 5 2
389 380
1 12 2
47 321
1 15 2
235 879
1 12 2
109 897
1 12 2
646 253
1 9 2
863 271
1 5 2
655 894
1 3 2
699 560
1 10 2
75 691
1 15 2
857 944
1 6 2
798 987
1 9 2
307 650
1 12 2
672 206
1 5 2
721 65
1 10 2
686 697
1 3 2
749 34
1 3 2
361 726
1 2 2
834 219
1 15 2
948 866
1 15 2
81 519
1 13 2
274 859
1 15 2
832 141
1 10 2
324 646
1 15 2
75 805
1 14 2
505 996
1 7 2
773 480
1 9 2
239 453
1 4 2
326 956
1 5 2
5 217
1 12 2
623 55
1 4 2
997 435
1 13 2
248 220
1 9 2
376 106
1 14 2
791 224
1 3 2
643 460
1 6 2
120 163
1 7 2
64 509
1 6 2
496 999
1 3 2
783 208
1 8 2
739 6
1 5 2
609 602
1 13 2
331 289
1 8 2
998 558
1 15 2
799 38
1 3 2
920 833
1 4 2
575 705
1 2 2
174 638
1 2 2
974 900
1 5 2
842 376
1 4 2
149 565
1 14 2
904 474
1 15 2
933 39
1 5 2
296 117
1 3 2
548 845
1 7 2
828 743
1 7 2
683 547
1 3 2
761 327
1 13 2
432 545
1 12 2
620 50
1 12 2
250 104
1 15 2
153 334
1 14 2
587 887
1 8 2
25 724
1 8 2
383 355
1 3 2
508 257
1 7 2
256 311
1 3 2
980 15
1 13 2
119 329
1 3 2
910 336
1 13 2
976 717
1 12 2
903 578
1 10 2
44 274
1 12 2
924 514
1 11 2
31 574
1 4 2
253 340
1 5 2
220 265
1 6 2
520 514
1 14 2
716 791
1 2 2
428 39
1 3 2
901 229
1 8 2
948 711
1 8 2
360 725
1 11 2
435 770
1 12 2
369 741
1 8 2
144 146
1 13 2
617 636
1 12 2
730 989
1 15 2
221 465
1 3 2
190 161
1 14 2
16 196
1 14 2
829 495
1 11 2
996 455
1 5 2
502 80
1 9 2
524 90
1 12 2
328 485
1 5 2
722 510
1 9 2
340 690
1 11 2
610 83
1 7 2
433 671
1 8 2
146 328
1 14 2
943 874
1 10 2
371 420
1 5 2
780 642
1 13 2
853 156
1 12 2
617 233
1 2 2
719 131
1 15 2
921 482
1 12 2
254 373
1 11 2
372 902
1 14 2
332 292
1 12 2
587 385
1 13 2
274 309
1 7 2
211 125
1 7 2
549 927
1 12 2
170 706
1 12 2
688 883
1 5 2
102 994
1 5 2
413 2
1 10 2
131 37
1 10 2
191 96
1 2 2
24 649
1 3 2
556 644
1 4 2
657 294
1 15 2
228 179
1 2 2
645 778
1 13 2
482 49
1 15 2
654 59
1 10 2
333 146
1 14 2
892 666
1 12 2
508 897
1 9 2
348 402
1 6 2
265 288
1 15 2
811 447
1 13 2
583 605
1 13 2
89 57
1 14 2
0 538
1 14 2
557 348
1 13 2
955 71
1 12 2
923 356
1 15 2
791 370
1 11 2
537 598
1 4 2
42 86
1 7 2
262 895
1 14 2
690 856
1 5 2
973 682
1 15 2
460 538
1 2 2
212 969
1 8 2
650 823
1 10 2
237 652
1 8 2
201 467
1 11 2
125 597
1 3 2
681 231
1 12 2
613 186
1 6 2
347 302
1 8 2
717 425
1 11 2
235 301
1 13 2
335 471
1 15 2
62 990
1 4 2
276 444
1 14 2
854 187
1 4 2
937 265
1 12 2
339 894
1 12 2
999 17
1 13 2
774 568
1 8 2
14 481
1 7 2
786 402
1 15 2
722 70
1 11 2
231 686
1 13 2
968 673
1 9 2
382 756
1 15 2
759 669
1 2 2
617 906
1 4 2
882 881
1 14 2
986 642
1 5 2
712 773
1 13 2
191 629
1 8 2
37 925
1 12 2
591 764
1 15 2
563 735
1 14 2
488 949
1 15 2
112 996
1 3 2
799 763
1 12 2
825 694
1 7 2
870 306
1 3 2
754 337
1 4 2
673 343
1 9 2
132 445
1 15 2
936 408
1 6 2
189 864
1 11 2
511 76
1 13 2
633 988
1 5 2
618 909
1 12 2
15 925
1 13 2
218 275
1 6 2
661 753
1 4 2
933 654
1 5 2
248 711
1 5 2
252 155
1 12 2
119 432
1 12 2
499 155
1 12 2
171 756
1 8 2
777 224
1 7 2
974 978
1 6 2
373 395
1 7 2
986 777
1 4 2
964 364
1 5 2
401 867
1 8 2
875 782
1 14 2
241 901
1 12 2
504 96
1 11 2
760 394
1 6 2
548 889
1 13 2
380 118
1 12 2
9 586
1 13 2
758 418
1 4 2
806 600
1 12 2
227 979
1 6 2
477 851
1 15 2
524 19
1 8 2
720 822
1 8 2
73 810
1 10 2
386 711
1 6 2
714 512
1 7 2
810 648
1 9 2
26 307
1 10 2
261 660
1 13 2
182 428
1 12 2
668 724
1 7 2
409 561
1 11 2
894 65
1 10 2
358 5
1 11 2
35 81
1 6 2
896 994
1 11 2
557 569
1 3 2
972 39
1 12 2
122 928
1 15 2
285 149
1 14 2
305 902
1 7 2
274 126
1 7 2
379 857
1 9 2
236 275
1 10 2
635 831
1 3 2
529 441
1 9 2
136 771
1 3 2
930 538
1 13 2
907 375
1 8 2
874 945
1 6 2
824 290
1 2 2
912 512
1 6 2
445 33
1 9 2
529 571
1 11 2
74 641
1 13 2
86 133
1 8 2
838 168
1 11 2
243 793
1 10 2
680 749
1 14 2
747 523
1 9 2
521 974
1 6 2
16 774
1 9 2
848 361
1 15 2
503 813
1 7 2
708 454
1 13 2
863 743
1 10 2
216 470
1 4 2
165 612
1 15 2
807 656
1 10 2
61 732
1 7 2
635 204
1 9 2
471 621
1 14 2
677 830
1 8 2
640 678
1 13 2
789 722
1 8 2
212 790
1 2 2
307 121
1 14 2
561 4
1 9 2
782 904
1 14 2
936 365
1 2 2
705 620
1 11 2
928 294
1 9 2
993 278
1 3 2
439 860
1 8 2
260 236
1 3 2
966 238
1 12 2
598 297
1 8 2
73 305
1 14 2
379 63
1 12 2
821 157
1 13 2
27 36
1 15 2
299 490
1 11 2
229 134
1 15 2
203 391
1 3 2
105 143
1 2 2
211 294
1 5 2
408 341
1 9 2
94 877
1 2 2
113 23
1 6 2
789 752
1 12 2
635 737
1 12 2
495 156
1 12 2
819 132
1 9 2
641 776
1 14 2
361 126
1 8 2
602 379
1 7 2
85 95
1 3 2
831 51
1 3 2
555 579
1 13 2
727 986
1 15 2
43 178
1 7 2
335 780
1 10 2
483 286
1 9 2
949 495
1 5 2
431 473
1 7 2
280 142
1 9 2
538 808
1 12 2
959 951
1 13 2
358 307
1 12 2
290 949
1 7 2
157 922
1 5 2
914 196
1 2 2
804 396
1 4 2
611 696
1 14 2
583 882
1 14 2
265 966
1 4 2
660 145
1 8 2
897 405
1 8 2
556 905
1 3 2
732 182
1 11 2
525 231
1 15 2
678 91
1 2 2
411 958
1 14 2
431 439
1 14 2
332 853
1 15 2
386 868
1 11 2
223 474
1 6 2
764 14
1 8 2
115 900
1 3 2
311 837
1 3 2
868 101
1 14 2
807 311
1 3 2
372 848
1 5 2
416 423
1 11 2
109 795
1 6 2
834 371
1 6 2
288 938
1 14 2
548 605
1 14 2
680 759
1 10 2
784 867
1 12 2
316 360
1 8 2
824 211
1 7 2
119 260
1 13 2
918 866
1 15 2
920 57
1 5 2
31 320
1 15 2
689 235
1 5 2
361 254
1 14 2
740 585
1 12 2
631 916
1 8 2
491 948
1 12 2
154 333
1 2 2
757 596
1 3 2
774 550
1 14 2
938 10
1 9 2
269 875
1 6 2
311 16
1 6 2
370 918
1 2 2
9 163
1 2 2
387 425
1 3 2
153 380
1 9 2
96 312
1 8 2
339 182
1 7 2
587 997
1 2 2
774 291
1 15 2
760 853
1 2 2
493 165
1 3 2
893 101
1 10 2
362 715
1 4 2
820 993
1 9 2
789 41
1 14 2
384 988
1 5 2
173 846
1 8 2
808 109
1 8 2
843 207
1 5 2
692 941
1 4 2
707 231
1 9 2
532 910
1 2 2
109 380
1 9 2
716 522
1 12 2
953 609
1 8 2
222 696
1 8 2
86 188
1 11 2
755 680
1 5 2
445 69
1 8 2
448 494
1 7 2
370 373
1 7 2
68 50
1 3 2
952 118
1 8 2
811 771
1 7 2
133 977
1 2 2
705 340
1 10 2
437 536
1 4 2
371 292
1 7 2
271 284
1 7 2
501 250
1 9 2
407 405
1 10 2
816 332
1 5 2
920 9
1 3 2
749 981
1 12 2
285 809
1 2 2
117 909
1 7 2
327 887
1 12 2
326 739
1 11 2
130 215
1 6 2
396 757
1 10 2
162 672
1 9 2
788 447
1 10 2
423 136
1 7 2
41 64
1 10 2
359 147
1 13 2
402 212
1 5 2
250 443
1 13 2
393 927
1 12 2
895 90
1 9 2
183 137
1 11 2
40 119
1 7 2
504 542
1 9 2
954 442
1 13 2
263 65
1 8 2
206 444
1 7 2
375 975
1 9 2
737 256
1 14 2
700 719
1 8 2
285 54
1 5 2
249 879
1 15 2
567 228
1 7 2
413 813
1 10 2
139 18
1 14 2
401 682
1 3 2
972 41
1 4 2
951 180
1 15 2
945 354
1 6 2
663 184
1 14 2
763 201
1 15 2
493 306
1 2 2
262 603
1 5 2
784 598
1 4 2
834 963
1 6 2
284 120
1 14 2
445 928
1 9 2
794 566
1 9 2
262 31
1 9 2
149 889
1 2 2
842 164
1 10 2
879 315
1 6 2
305 175
1 14 2
189 477
1 9 2
36 593
1 4 2
185 759
1 3 2
5 178
1 3 2
371 180
1 4 2
104 520
1 5 2
250 491
1 6 2
985 703
1 14 2
708 286
1 2 2
743 880
1 9 2
692 336
1 10 2
831 752
1 14 2
527 802
1 4 2
350 472
1 15 2
454 803
1 5 2
814 959
1 4 2
806 901
1 15 2
528 709
1 14 2
221 720
1 4 2
312 454
1 9 2
785 588
1 10 2
713 503
1 13 2
365 138
1 7 2
16 477
1 9 2
638 139
1 14 2
791 665
1 5 2
597 95
1 15 2
391 372
1 5 2
638 777
1 9 2
690 505
1 8 2
642 397
1 11 2
967 505
1 3 2
315 537
1 11 2
917 292
1 10 2
767 349
1 13 2
844 311
1 4 2
975 817
1 10 2
502 983
1 3 2
379 207
1 5 2
103 238
1 12 2
500 458
1 9 2
356 699
1 5 2
816 916
1 8 2
744 890
1 13 2
886 990
1 5 2
565 457
1 2 2
305 326
1 7 2
383 511
1 10 2
335 150
1 8 2
969 427
1 15 2
578 537
1 15 2
429 267
1 12 2
103 95
1 3 2
70 876
1 14 2
182 698
1 10 2
847 545
1 8 2
289 922
1 15 2
46 464
1 5 2
447 391
1 11 2
877 498
1 8 2
598 993
1 7 2
772 842
1 14 2
269 238
1 2 2
290 975
1 15 2
266 716
1 2 2
134 899
1 11 2
296 379
1 5 2
929 573
1 7 2
905 217
1 8 2
609 909
1 8 2
673 696
1 12 2
205 340
1 2 2
313 451
1 11 2
27 644
1 14 2
748 569
1 6 2
873 934
1 13 2
855 618
1 5 2
141 259
1 12 2
205 905
1 4 2
188 127
1 11 2
904 883
1 5 2
308 221
1 7 2
579 668
1 8 2
486 819
1 2 2
329 827
1 3 2
119 486
1 14 2
57 634
1 15 2
142 87
1 10 2
18 965
1 13 2
90 457
1 12 2
774 677
1 15 2
754 769
1 8 2
53 883
1 12 2
834 23
1 9 2
503 240
1 2 2
113 851
1 11 2
264 266
1 5 2
522 698
1 13 2
989 925
1 11 2
48 897
1 13 2
107 691
1 9 2
761 770
1 15 2
392 998
1 7 2
419 792
1 3 2
293 399
1 3 2
593 850
1 9 2
742 579
1 9 2
502 133
1 13 2
53 7
1 7 2
348 545
1 3 2
977 304
1 15 2
214 595
1 6 2
941 227
1 14 2
269 611
1 10 2
590 703
1 15 2
6 546
1 6 2
125 135
1 13 2
37 93
1 15 2
816 549
1 3 2
777 81
1 7 2
88 705
1 14 2
797 154
1 5 2
522 297
1 13 2
404 78
1 11 2
6 399
1 8 2
503 115
1 6 2
839 245
1 14 2
771 460
1 2 2
703 608
1 6 2
743 899
1 3 2
351 655
1 15 2
980 81
1 9 2
125 307
1 2 2
600 256
1 2 2
972 974
1 9 2
72 953
1 5 2
196 551
1 2 2
608 132
1 2 2
877 896
1 10 2
718 842
1 13 2
946 809
1 8 2
239 302
1 5 2
831 914
1 12 2
298 296
1 4 2
907 320
1 3 2
36 237
1 12 2
378 771
1 9 2
375 887
1 2 2
418 965
1 14 2
263 608
1 10 2
230 528
1 10 2
644 11
1 14 2
253 554
1 12 2
582 48
1 4 2
525 38
1 4 2
14 634
1 13 2
806 681
1 14 2
605 95
1 13 2
286 680
1 14 2
454 754
1 11 2
316 737
1 15 2
124 794
1 15 2
462 82
1 8 2
939 994
1 3 2
234 83
1 8 2
631 22
1 9 2
256 384
1 13 2
50 33
1 7 2
915 7
1 8 2
263 270
1 13 2
523 446
1 15 2
347 894
1 12 2
499 932
1 8 2
958 806
1 9 2
97 519
1 7 2
141 786
1 14 2
629 62
1 15 2
585 114
1 11 2
234 895
1 13 2
207 561
1 2 2
767 189
1 11 2
421 955
1 2 2
472 386
1 12 2
938 983
1 12 2
196 642
1 10 2
476 969
1 4 2
480 665
1 14 2
11 224
1 9 2
264 757
1 8 2
462 979
1 14 2
889 448
1 9 2
711 652
1 5 2
497 945
1 12 2
861 627
1 15 2
665 969
1 14 2
754 473
1 14 2
920 178
1 11 2
928 474
1 8 2
205 616
1 6 2
872 267
1 14 2
348 302
1 8 2
799 852
1 15 2
361 144
1 15 2
53 676
1 7 2
781 554
1 5 2
458 349
1 10 2
174 715
1 2 2
931 792
1 12 2
510 537
1 15 2
106 525
1 2 2
100 121
1 14 2
685 467
1 13 2
718 637
1 15 2
294 551
1 7 2
498 242
1 13 2
695 83
1 11 2
576 759
1 3 2
921 197
1 9 2
86 219
1 15 2
229 159
1 12 2
226 259
1 5 2
882 65
1 12 2
170 139
1 4 2
8 729
1 14 2
206 492
1 3 2
307 178
1 4 2
319 665
1 15 2
601 825
1 7 2
306 824
1 7 2
712 168
1 2 2
392 112
1 5 2
42 787
1 6 2
721 591
1 2 2
208 688
1 4 2
940 63
1 7 2
6 351
1 10 2
913 980
1 7 2
997 650
1 7 2
534 85
1 14 2
215 915
1 6 2
82 322
1 3 2
141 45
1 2 2
138 56
1 3 2
261 632
1 2 2
385 989
1 13 2
444 916
1 13 2
687 937
1 3 2
362 629
1 6 2
129 940
1 11 2
68 665
1 8 2
15 561
1 9 2
573 919
1 9 2
459 412
1 2 2
143 988
1 8 2
727 482
1 2 2
190 301
1 13 2
608 796
1 7 2
766 989
1 2 2
387 795
1 13 2
346 73
1 10 2
638 650
1 14 2
232 738
1 2 2
953 160
1 8 2
808 201
1 4 2
84 357
1 5 2
734 649
1 14 2
938 127
1 12 2
724 630
1 3 2
473 602
1 6 2
520 998
1 8 2
658 695
1 14 2
577 176
1 10 2
847 447
1 14 2
71 651
1 15 2
782 685
1 2 2
725 236
1 7 2
599 767
1 9 2
964 373
1 4 2
841 887
1 15 2
343 162
1 8 2
460 853
1 15 2
889 483
1 12 2
589 699
1 3 2
623 764
1 14 2
500 228
1 10 2
51 869
1 12 2
444 794
1 2 2
498 718
1 12 2
108 54
1 2 2
719 741
1 5 2
54 186
1 15 2
762 319
1 10 2
994 680
1 4 2
371 435
1 10 2
222 602
1 9 2
957 615
1 11 2
607 331
1 2 2
373 652
1 13 2
771 349
1 2 2
691 784
1 8 2
753 580
1 8 2
521 322
1 5 2
69 279
1 8 2
731 959
1 5 2
156 203
1 9 2
702 82
1 8 2
643 28
1 14 2
212 391
1 2 2
953 621
1 3 2
918 430
1 10 2
598 666
1 4 2
462 696
1 8 2
118 851
1 3 2
588 935
1 2 2
651 699
1 9 2
245 624
1 11 2
364 745
1 7 2
612 805
1 11 2
918 586
1 3 2
244 424
1 11 2
605 792
1 14 2
698 948
1 15 2
6 796
1 3 2
107 514
1 4 2
64 624
1 12 2
832 712
1 14 2
957 700
1 4 2
73 26
1 14 2
632 700
1 8 2
640 160
1 8 2
761 460
1 4 2
133 755
1 4 2
92 106
1 6 2
759 166
1 8 2
270 553
1 6 2
476 324
1 11 2
995 795
1 7 2
10 38
1 5 2
652 243
1 2 2
278 81
1 14 2
197 229
1 4 2
354 658
1 15 2
760 800
1 15 2
394 165
1 4 2
688 192
1 4 2
925 863
1 2 2
551 603
1 12 2
98 210
1 14 2
464 597
1 13 2
880 301
1 11 2
609 618
1 4 2
700 426
1 14 2
794 339
1 13 2
496 271
1 14 2
903 323
1 2 2
168 426
1 9 2
456 45
1 12 2
987 550
1 12 2
496 503
1 2 2
197 345
1 15 2
183 668
1 7 2
717 533
1 14 2
600 397
1 3 2
201 508
1 15 2
368 442
1 11 2
799 428
1 5 2
594 753
1 5 2
606 340
1 10 2
377 299
1 13 2
876 924
1 8 2
213 98
1 7 2
667 806
1 15 2
404 944
1 9 2
422 98
1 3 2
606 852
1 15 2
463 624
1 4 2
510 541
1 5 2
880 444
1 8 2
687 597
1 8 2
916 94
1 15 2
556 715
1 12 2
888 350
1 5 2
634 311
1 7 2
527 202
1 6 2
270 811
1 8 2
290 15
1 8 2
362 730
1 13 2
645 828
1 14 2
342 285
1 5 2
9 995
1 6 2
825 237
1 12 2
344 33
1 2 2
850 93
1 2 2
386 286
1 6 2
907 833
1 15 2
305 966
1 11 2
845 256
1 2 2
354 93
1 14 2
88 850
1 10 2
529 249
1 11 2
882 863
1 12 2
515 835
1 7 2
538 382
1 7 2
566 348
1 8 2
847 742
1 14 2
218 35
1 8 2
643 166
1 6 2
425 454
1 10 2
362 271
1 3 2
973 929
1 10 2
679 564
1 2 2
350 606
1 6 2
183 930
1 9 2
701 164
1 8 2
117 248
1 8 2
61 373
1 2 2
396 595
1 2 2
536 344
1 6 2
150 616
1 12 2
162 419
1 15 2
186 318
1 6 2
967 935
1 8 2
749 37
1 12 2
900 635
1 3 2
639 301
1 8 2
758 455
1 8 2
190 618
1 7 2
700 590
1 7 2
879 772
1 12 2
356 255
1 12 2
573 75
1 4 2
878 677
1 12 2
212 541
1 8 2
891 985
1 3 2
683 961
1 13 2
772 797
1 9 2
915 482
1 4 2
698 545
1 15 2
542 593
1 12 2
642 820
1 13 2
700 592
1 9 2
612 620
1 9 2
307 507
1 7 2
141 431
1 7 2
78 909
1 15 2
247 39
1 14 2
932 872
1 7 2
625 120
1 8 2
424 214
1 3 2
559 96
1 15 2
312 827
1 5 2
937 226
1 3 2
426 922
1 6 2
332 870
1 14 2
686 453
1 14 2
506 681
1 15 2
251 804
1 12 2
966 297
1 7 2
286 712
1 5 2
460 529
1 7 2
306 464
1 9 2
970 249
1 11 2
79 569
1 3 2
84 49
1 11 2
748 627
1 11 2
285 212
1 5 2
102 735
1 13 2
717 484
1 7 2
291 937
1 2 2
815 59
1 11 2
701 577
1 11 2
998 756
1 8 2
708 765
1 3 2
49 439
1 5 2
522 108
1 11 2
983 288
1 9 2
558 965
1 10 2
424 587
1 14 2
355 147
1 7 2
947 841
1 5 2
830 473
1 6 2
915 131
1 13 2
441 571
1 13 2
332 344
1 6 2
685 358
1 2 2
8 510
1 4 2
789 474
1 3 2
291 144
1 4 2
619 494
1 15 2
981 24
1 8 2
686 832
1 5 2
323 433
1 12 2
288 269
1 8 2
931 635
1 4 2
770 559
1 6 2
985 502
1 10 2
8 545
1 13 2
905 296
1 11 2
565 351
1 5 2
804 422
1 7 2
269 471
1 15 2
584 489
1 15 2
710 647
1 4 2
830 329
1 6 2
868 719
1 6 2
479 297
1 4 2
830 531
1 11 2
666 669
1 12 2
268 4
1 7 2
223 162
1 13 2
727 225
1 10 2
698 508
1 12 2
197 828
1 6 2
480 563
1 7 2
324 727
1 11 2
720 695
1 12 2
837 768
1 7 2
969 370
1 6 2
107 290
1 8 2
593 322
1 3 2
294 893
1 15 2
830 146
1 2 2
792 885
1 15 2
245 829
1 5 2
499 394
1 9 2
490 697
1 4 2
360 657
1 13 2
350 153
1 9 2
58 826
1 15 2
386 521
1 8 2
317 289
1 8 2
327 323
1 11 2
456 750
1 3 2
893 185
1 2 2
159 807
1 8 2
981 364
1 10 2
321 667
1 8 2
368 32
1 14 2
703 779
1 15 2
803 91
1 5 2
973 71
1 2 2
834 209
1 4 2
608 947
1 3 2
216 965
1 14 2
804 112
1 6 2
851 991
1 12 2
493 540
1 7 2
387 632
1 7 2
15 816
1 13 2
32 240
1 11 2
429 436
1 2 2
492 787
1 10 2
587 975
1 6 2
29 13
1 8 2
844 911
1 11 2
380 939
1 14 2
605 67
1 5 2
169 22
1 8 2
33 977
1 4 2
325 731
1 12 2
825 124
1 8 2
858 908
1 2 2
895 375
1 5 2
402 362
1 12 2
582 100
1 13 2
330 186
1 9 2
361 314
1 14 2
156 50
1 6 2
26 301
1 8 2
36 815
1 2 2
858 323
1 5 2
7 945
1 2 2
17 980
1 14 2
278 317
1 10 2
723 125
1 13 2
743 809
1 5 2
25 893
1 13 2
923 402
1 6 2
930 691
1 7 2
786 518
1 3 2
776 795
1 8 2
238 378
1 7 2
998 503
1 9 2
95 861
1 12 2
860 730
1 5 2
529 80
1 15 2
339 352
1 15 2
667 883
1 9 2
958 524
1 5 2
727 558
1 9 2
50 471
1 10 2
871 269
1 3 2
834 75
1 9 2
665 388
1 4 2
528 623
1 14 2
70 841
1 4 2
908 197
1 14 2
923 507
1 3 2
241 729
1 11 2
936 450
1 6 2
126 943
1 11 2
637 547
1 8 2
734 241
1 5 2
706 180
1 5 2
768 422
1 9 2
317 660
1 3 2
371 428
1 15 2
600 814
1 12 2
199 263
1 9 2
715 145
1 2 2
545 65
1 14 2
798 901
1 12 2
825 465
1 14 2
664 766
1 6 2
756 238
1 15 2
688 604
1 2 2
37 552
1 12 2
656 627
1 10 2
146 893
1 8 2
21 137
1 6 2
457 618
1 3 2
847 123
1 11 2
983 258
1 5 2
493 660
1 13 2
949 801
1 15 2
587 35
1 12 2
609 315
1 5 2
20 716
1 12 2
512 635
1 7 2
295 66
1 10 2
601 606
1 12 2
722 934
1 11 2
446 825
1 14 2
770 130
1 12 2
282 244
1 15 2
163 867
1 4 2
66 959
1 8 2
620 976
1 7 2
794 358
1 11 2
872 271
1 13 2
709 566
1 8 2
97 700
1 12 2
318 525
1 14 2
790 695
1 12 2
722 97
1 4 2
124 942
1 2 2
143 895
1 13 2
410 14
1 11 2
904 73
1 3 2
271 929
1 9 2
866 519
1 4 2
636 376
1 5 2
920 28
1 10 2
188 156
1 6 2
317 634
1 7 2
78 527
1 2 2
145 543
1 9 2
501 230
1 7 2
118 468
1 4 2
348 721
1 7 2
908 870
1 14 2
987 147
1 9 2
993 411
1 4 2
156 962
1 13 2
331 837
1 9 2
176 634
1 8 2
772 574
1 14 2
657 674
1 9 2
158 284
1 12 2
563 379
1 2 2
683 815
1 15 2
163 597
1 15 2
404 534
1 15 2
929 387
1 10 2
587 269
1 15 2
435 26
1 12 2
130 855
1 6 2
869 47
1 10 2
815 791
1 10 2
594 179
1 4 2
882 10
1 12 2
141 572
1 8 2
267 680
1 14 2
234 143
1 15 2
163 20
1 4 2
136 232
1 11 2
564 437
1 8 2
459 385
1 8 2
117 357
1 12 2
967 143
1 3 2
974 562
1 4 2
970 952
1 3 2
744 328
1 15 2
927 595
1 12 2
471 203
1 12 2
999 816
1 3 2
60 541
1 8 2
162 355
1 7 2
969 510
1 3 2
249 733
1 11 2
19 592
1 13 2
714 87
1 5 2
872 693
1 2 2
715 380
1 11 2
423 722
1 14 2
24 883
1 5 2
433 853
1 13 2
996 181
1 2 2
717 713
1 5 2
920 169
1 9 2
137 523
1 7 2
461 323
1 14 2
825 659
1 14 2
973 453
1 15 2
617 277
1 14 2
525 673
1 13 2
317 581
1 14 2
226 269
1 6 2
686 846
1 9 2
132 215
1 12 2
795 4
1 2 2
582 210
1 7 2
200 576
1 6 2
88 173
1 13 2
382 598
1 9 2
689 654
1 7 2
295 846
1 6 2
164 476
1 6 2
248 700
1 2 2
767 184
1 3 2
475 51
1 6 2
724 515
1 15 2
35 749
1 6 2
914 601
1 5 2
261 768
1 3 2
422 632
1 2 2
794 578
1 12 2
997 633
1 4 2
858 555
1 4 2
36 172
1 14 2
309 795
1 11 2
733 809
1 15 2
101 907
1 7 2
882 349
1 12 2
563 579
1 8 2
315 949
1 3 2
537 812
1 8 2
180 65
1 6 2
640 399
1 13 2
156 621
1 6 2
15 722
1 15 2
818 773
1 8 2
199 660
1 5 2
880 485
1 3 2
132 328
1 15 2
757 356
1 4 2
641 998
1 10 2
227 758
1 15 2
404 541
1 8 2
606 597
1 7 2
299 136
1 12 2
990 345
1 8 2
410 34
1 8 2
954 190
1 2 2
67 216
1 12 2
801 663
1 10 2
167 654
1 12 2
665 221
1 12 2
79 957
1 4 2
953 210
1 8 2
542 296
1 4 2
191 696
1 2 2
10 45
1 10 2
412 912
1 4 2
646 672
1 8 2
437 488
1 3 2
201 539
1 14 2
550 641
1 7 2
239 482
1 12 2
717 473
1 9 2
176 884
1 10 2
209 654
1 13 2
928 688
1 11 2
658 494
1 15 2
227 614
1 11 2
331 737
1 6 2
473 982
1 5 2
354 898
1 15 2
360 789
1 4 2
733 602
1 5 2
44 782
1 7 2
289 180
1 8 2
367 531
1 9 2
221 398
1 2 2
397 817
1 2 2
668 715
1 12 2
318 804
1 4 2
958 948
1 8 2
169 670
1 9 2
728 445
1 13 2
439 47
1 6 2
785 876
1 7 2
3 317
1 4 2
945 189
1 9 2
17 730
1 9 2
592 5
1 13 2
106 386
1 12 2
9 187
1 13 2
263 699
1 7 2
614 745
1 6 2
362 854
1 5 2
418 903
1 7 2
434 410
1 9 2
165 247
1 3 2
316 257
1 4 2
347 814
1 7 2
948 506
1 10 2
902 512
1 14 2
441 96
1 9 2
517 5
1 5 2
152 246
1 3 2
515 158
1 10 2
808 132
1 8 2
726 425
1 4 2
618 726
1 14 2
416 346
1 4 2
708 609
1 8 2
513 549
1 7 2
530 91
1 9 2
37 198
1 8 2
942 974
1 15 2
4 121
1 3 2
248 422
1 15 2
694 798
1 10 2
386 443
1 2 2
344 989
1 13 2
757 427
1 13 2
160 313
1 12 2
627 984
1 8 2
661 924
1 2 2
869 572
1 13 2
17 679
1 12 2
839 474
1 5 2
661 380
1 13 2
155 854
1 7 2
315 585
1 4 2
413 221
1 8 2
981 263
1 14 2
930 811
1 9 2
758 310
1 13 2
276 31
1 13 2
240 173
1 8 2
684 926
1 8 2
244 115
1 2 2
663 58
1 8 2
983 112
1 9 2
993 249
1 15 2
294 463
1 14 2
15 902
1 14 2
123 641
1 12 2
649 551
1 3 2
296 144
1 10 2
343 982
1 15 2
697 136
1 15 2
925 855
1 8 2
456 736
1 6 2
404 102
1 8 2
283 361
1 4 2
462 611
1 4 2
924 561
1 9 2
81 790
1 13 2
727 662
1 7 2
955 275
1 3 2
608 150
1 4 2
324 504
1 13 2
733 272
1 15 2
921 918
1 15 2
728 461
1 10 2
94 99
1 5 2
921 230
1 13 2
94 607
1 2 2
528 343
1 13 2
625 420
1 6 2
176 463
1 6 2
18 629
1 6 2
965 684
1 14 2
932 659
1 7 2
961 657
1 4 2
971 248
1 10 2
247 207
1 15 2
220 600
1 11 2
747 87
1 5 2
627 461
1 11 2
497 548
1 5 2
175 974
1 14 2
639 122
1 15 2
970 725
1 5 2
767 350
1 7 2
184 921
1 6 2
261 863
1 12 2
894 314
1 14 2
722 244
1 4 2
139 955
1 5 2
197 522
1 4 2
854 600
1 4 2
201 68
1 9 2
958 21
1 5 2
233 934
1 6 2
285 52
1 9 2
352 355
1 14 2
370 892
1 3 2
146 314
1 10 2
247 495
1 3 2
474 607
1 12 2
933 284
1 13 2
302 763
1 14 2
906 918
1 11 2
189 16
1 6 2
398 693
1 15 2
81 493
1 8 2
114 676
1 14 2
591 992
1 6 2
11 380
1 11 2
600 636
1 6 2
937 824
1 13 2
294 333
1 15 2
824 344
1 4 2
614 259
1 11 2
892 473
1 2 2
50 365
1 7 2
704 496
1 8 2
878 7
1 6 2
717 74
1 6 2
773 998
1 2 2
329 364
1 10 2
608 738
1 12 2
219 558
1 7 2
926 10
1 14 2
403 786
1 4 2
821 888
1 11 2
809 613
1 9 2
931 511
1 7 2
191 205
1 12 2
970 241
1 10 2
804 536
1 7 2
583 151
1 9 2
380 137
1 14 2
634 184
1 5 2
671 119
1 11 2
639 819
1 5 2
931 101
1 9 2
854 596
1 2 2
686 390
1 5 2
799 87
1 10 2
147 109
1 12 2
843 428
1 7 2
411 454
1 8 2
86 985
1 8 2
487 760
1 12 2
3 733
1 15 2
191 771
1 14 2
749 267
1 2 2
92 560
1 13 2
614 252
1 7 2
970 417
1 7 2
372 562
1 13 2
373 617
1 9 2
449 54
1 3 2
618 377
1 5 2
945 872
1 2 2
409 220
1 5 2
882 285
1 2 2
995 366
1 13 2
18 739
1 6 2
396 959
1 7 2
141 640
1 10 2
404 135
1 6 2
259 352
1 4 2
656 107
1 15 2
776 601
1 15 2
952 231
1 2 2
694 148
1 15 2
163 76
1 8 2
173 146
1 10 2
516 112
1 9 2
298 360
1 12 2
816 143
1 13 2
741 33
1 15 2
185 857
1 3 2
351 573
1 15 2
845 29
1 6 2
769 647
1 13 2
766 611
1 14 2
763 327
1 10 2
528 659
1 14 2
510 142
1 5 2
473 689
1 5 2
84 46
1 11 2
94 328
1 11 2
939 705
1 9 2
159 162
1 13 2
62 509
1 8 2
341 528
1 11 2
266 438
1 10 2
937 595
1 11 2
670 700
1 2 2
389 54
1 10 2
743 119
1 3 2
667 92
1 14 2
559 931
1 11 2
294 277
1 14 2
14 644
1 9 2
132 92
1 12 2
386 240
1 3 2
51 10
1 14 2
828 259
1 3 2
850 107
1 4 2
545 609
1 12 2
71 687
1 2 2
612 984
1 14 2
752 864
1 13 2
224 389
1 11 2
255 6
1 2 2
529 254
1 12 2
976 751
1 6 2
958 934
1 11 2
216 35
1 4 2
91 854
1 6 2
129 863
1 13 2
297 422
1 13 2
452 449
1 13 2
699 957
1 11 2
766 368
1 12 2
807 635
1 14 2
308 79
1 6 2
686 492
1 15 2
295 913
1 8 2
526 298
1 13 2
827 325
1 3 2
615 770
1 8 2
202 681
1 10 2
876 811
1 4 2
236 345
1 10 2
651 245
1 6 2
636 816
1 11 2
563 975
1 12 2
729 269
1 15 2
663 505
1 13 2
82 958
1 2 2
603 48
1 8 2
702 307
1 9 2
817 419
1 10 2
200 102
1 3 2
47 314
1 8 2
830 989
1 11 2
940 570
1 4 2
525 73
1 13 2
482 117
1 14 2
674 133
1 11 2
932 879
1 9 2
601 59
1 14 2
407 761
1 6 2
162 53
1 3 2
34 970
1 10 2
404 837
1 12 2
994 855
1 12 2
359 793
1 5 2
49 156
1 6 2
115 77
1 10 2
917 600
1 6 2
525 513
1 9 2
404 966
1 5 2
539 959
1 15 2
345 703
1 13 2
817 827
1 14 2
177 198
1 14 2
364 383
1 6 2
187 811
1 6 2
774 271
1 14 2
963 607
1 12 2
998 240
1 11 2
905 377
1 8 2
816 399
1 10 2
207 954
1 5 2
604 689
1 30 2
63 893
1 12 2
590 97
1 24 2
265 548
1 10 2
835 202
1 12 2
472 795
1 28 2
760 546
1 8 2
543 495
1 30 2
280 179
1 22 2
470 912
1 28 2
155 712
1 26 2
684 688
1 14 2
260 674
1 26 2
195 257
1 24 2
669 491
1 12 2
169 63
1 12 2
738 812
1 28 2
712 379
1 8 2
729 615
1 24 2
399 976
1 24 2
109 358
