1000 5983 3000
9 17 16 12 22 15 5 8 23 5 13 13 22 10 22 14 7 11 23 16 11 24 18 17 5 23 23 16 17 25 13 10 11 8 17 18 24 12 16 21 6 16 6 11 20 25 16 8 6 24 12 7 8 19 23 25 20 13 23 20 11 18 16 25 25 18 10 25 22 5 22 21 19 25 18 16 6 24 6 13 21 13 13 14 13 16 8 7 6 12 23 17 18 18 14 10 21 24 24 22 16 17 13 11 25 23 12 8 17 25 10 14 10 5 12 5 7 17 19 12 18 20 21 11 25 13 19 14 13 5 12 25 20 8 13 11 22 8 5 16 5 16 22 9 12 15 24 11 6 25 17 9 21 8 8 24 20 14 10 19 17 10 24 22 16 23 7 18 15 7 22 23 13 19 21 23 11 16 8 9 18 6 14 16 13 24 7 11 25 9 7 16 6 11 5 20 21 18 18 12 10 12 12 22 15 9 7 20 10 12 8 21 6 9 5 23 21 20 14 19 15 17 10 13 24 15 15 12 11 15 19 24 23 6 16 25 6 5 6 19 13 15 14 7 23 5 8 21 22 15 22 22 17 6 14 18 14 25 25 14 13 22 21 14 18 12 18 21 8 18 16 13 17 18 23 6 8 16 19 17 12 9 21 25 20 15 18 22 25 22 17 7 13 20 10 11 8 5 21 8 10 21 11 12 11 9 22 12 25 13 25 16 24 11 25 7 12 12 6 8 20 6 11 5 6 5 16 7 11 6 16 25 21 14 23 14 18 17 19 16 7 7 6 13 8 14 15 24 19 22 9 12 7 20 11 22 12 18 15 5 19 11 24 16 15 10 22 12 22 22 13 11 17 19 24 13 11 21 17 23 7 5 5 22 13 22 22 5 16 20 25 21 22 10 25 11 8 23 22 13 18 19 9 11 24 18 12 7 16 10 15 12 24 25 23 23 17 5 16 11 25 24 16 11 25 7 10 5 11 10 25 8 7 17 19 6 16 12 24 11 18 23 6 19 17 12 10 24 12 22 9 19 24 7 5 9 21 20 23 15 10 17 24 23 6 9 23 24 17 23 15 14 8 21 14 18 13 22 23 17 16 6 12 12 11 12 6 16 21 15 18 11 13 17 5 5 5 19 10 20 23 18 21 16 21 23 17 23 18 15 21 19 17 6 16 22 16 11 7 15 14 20 19 8 24 17 24 19 22 22 16 20 12 21 18 19 11 18 24 12 10 9 17 25 5 18 10 13 23 12 23 14 5 14 19 18 15 6 25 23 5 5 11 13 24 20 19 22 18 22 14 14 14 7 19 13 10 12 21 8 8 11 12 9 11 13 24 11 25 17 8 13 18 10 23 6 11 11 15 24 8 22 12 20 21 11 24 11 10 24 10 12 7 7 18 6 24 8 18 24 15 17 12 15 7 24 25 21 24 24 5 9 17 17 14 7 16 23 13 21 12 17 21 13 17 16 9 21 14 8 10 21 10 22 25 8 25 10 10 8 15 5 20 17 8 25 11 16 18 13 15 17 23 12 16 7 24 10 5 24 11 22 21 16 20 11 11 14 20 6 17 25 15 14 23 23 18 16 18 15 21 23 21 9 9 18 13 8 20 12 16 15 11 9 19 9 17 24 20 15 25 23 24 23 11 5 8 11 20 24 13 15 10 6 15 9 5 23 25 16 19 12 15 20 7 25 6 13 11 25 23 18 14 25 15 19 7 14 6 15 11 25 15 12 10 15 23 10 5 18 12 10 9 22 6 17 19 17 15 6 24 23 8 8 12 22 24 12 9 7 7 22 13 22 12 17 20 20 15 15 21 25 23 15 20 11 25 12 6 17 5 21 14 20 14 10 25 14 6 20 12 9 17 19 20 16 10 17 9 7 11 5 21 12 24 10 10 25 18 7 24 5 10 6 6 7 21 25 21 11 12 13 11 7 22 16 6 22 9 19 8 22 15 7 10 21 13 18 6 17 13 13 25 12 22 20 14 25 8 25 8 6 10 10 20 14 11 7 7 11 25 19 6 6 15 5 9 24 11 11 8 7 14 17 21 21 23 18 14 14 14 22 24 13 7 19 19 25 5 10 14 21 5 23 8 7 6 21 9 8 22 15 7 25 23 9 20 8 11 10 10 19 21 5 11 6 23 21 12 7 13 14 13 21 24 21 7 10 19 11 15 24 16 25 14 15 13 10 12 6 21 8 11 23 12 6 11 18 19 5 13 7 14 19 20 6 20 9 15 12 22 9 17 20 23 14 8 5 22 9
3 9 13 13 7 18 16 18 3 4 5 8 14 5 3 3 4 16 19 4 15 5 15 13 13 12 16 14 15 3 10 9 3 18 3 7 8 16 18 7 12 20 18 12 6 17 14 10 15 15 19 3 13 13 18 13 15 8 10 5 5 6 19 11 3 16 20 10 7 15 19 18 11 17 5 6 20 19 12 19 5 16 16 15 4 20 9 7 12 17 7 7 14 16 11 4 5 3 12 4 11 13 16 10 5 3 15 3 17 19 16 19 3 14 9 11 10 5 10 9 5 16 4 4 10 7 15 8 9 11 12 14 3 12 9 12 8 11 18 20 16 18 7 5 3 6 4 18 7 4 4 6 12 5 4 7 9 11 15 11 15 12 17 13 10 4 20 13 12 9 10 19 8 20 11 7 16 20 17 13 14 11 8 19 12 18 17 14 18 5 13 3 11 12 7 8 20 13 13 16 5 16 9 6 8 10 17 18 14 10 15 11 11 19 17 19 5 10 6 10 20 8 6 14 20 6 16 10 13 10 15 15 10 20 7 9 14 13 13 11 16 14 12 5 16 17 14 17 12 11 13 9 10 10 18 9 14 10 20 8 17 12 15 6 7 4 5 8 9 11 5 15 7 7 15 6 18 16 4 5 12 11 16 18 11 9 13 13 5 12 13 19 12 17 8 17 4 19 3 4 15 10 15 11 3 13 13 17 9 9 9 9 7 3 5 18 9 13 11 11 19 5 18 8 13 19 5 10 15 15 8 10 17 18 4 17 10 18 4 4 17 17 12 18 16 5 5 17 8 10 6 15 12 13 14 5 7 7 9 10 20 7 15 6 8 15 7 10 15 15 15 17 7 11 4 12 18 8 3 4 6 5 3 19 5 11 10 8 9 11 9 12 16 4 10 17 4 13 19 10 7 16 11 19 5 4 5 19 9 13 6 14 11 6 12 19 8 17 17 6 8 6 13 18 18 19 8 19 3 12 4 6 18 14 6 11 13 4 5 5 6 16 5 15 18 3 6 6 11 11 19 7 10 5 13 18 14 17 14 5 9 20 19 4 19 8 6 18 3 13 7 12 9 4 15 13 7 19 4 16 4 6 18 11 11 18 8 19 19 20 18 11 4 10 16 20 5 6 14 5 5 16 14 13 6 3 14 9 9 10 13 3 9 4 9 9 3 15 17 14 16 14 14 4 18 12 4 11 9 9 6 15 13 14 8 18 11 14 20 7 15 9 6 19 20 12 8 18 18 15 17 7 5 12 11 11 10 20 5 16 17 16 13 14 17 19 14 19 17 14 14 20 8 8 7 13 9 15 15 15 19 15 11 8 13 4 3 14 4 13 18 5 19 3 17 15 3 11 17 20 5 13 3 11 8 3 5 4 4 16 20 6 12 7 20 8 12 14 18 17 3 15 12 7 3 7 3 16 18 18 6 10 4 7 18 18 8 4 11 16 12 18 20 13 19 15 19 5 19 12 15 15 14 15 10 4 13 9 14 10 12 6 20 14 10 6 14 17 13 4 11 5 3 16 16 20 19 16 15 8 20 8 13 14 4 10 10 17 3 4 7 18 14 8 5 14 19 3 11 8 8 11 18 18 11 19 9 5 8 8 3 10 17 11 10 16 15 14 16 8 13 18 10 5 10 15 19 13 12 20 5 8 8 13 18 5 14 6 20 13 10 5 19 7 18 9 4 8 8 6 20 10 17 12 10 18 9 7 20 11 19 7 4 3 16 8 8 3 20 4 17 5 9 11 10 19 7 3 16 10 20 19 12 4 4 9 15 14 13 13 14 3 3 8 5 18 12 5 5 13 3 18 6 16 10 3 10 7 5 3 13 5 6 17 17 14 20 16 11 8 3 6 6 4 17 18 17 14 15 9 18 14 7 7 11 12 14 19 16 9 20 20 4 16 19 7 7 3 19 5 3 8 15 17 9 3 8 12 8 4 13 4 12 18 10 9 18 14 7 16 9 14 17 18 13 18 4 17 6 19 20 16 20 17 12 13 13 20 20 17 9 7 18 12 14 14 9 13 14 13 8 14 12 9 9 12 14 17 8 11 3 15 20 12 20 13 20 18 4 14 6 20 5 19 7 5 4 10 4 14 12 16 8 10 11 16 16 17 17 20 10 8 5 9 16 11 5 6 11 19 6 11 9 9 6 20 10 10 20 4 20 16 9 5 20 7 13 20 11 11 3 5 4 5 15 4 14 16 17 8 14 20 6 8 13 16 3 9 3 18 16 6 4 19 12 18 20 5 18 7
1 6 2
452 879
1 13 2
665 496
1 2 2
426 854
1 10 2
221 542
1 13 2
372 779
1 10 2
479 589
1 10 2
35 123
1 5 2
818 874
1 4 2
742 279
1 4 2
937 126
1 15 2
696 824
1 2 2
639 900
1 11 2
862 370
1 9 2
834 69
1 7 2
895 324
1 12 2
721 385
1 15 2
790 573
1 11 2
499 179
1 11 2
103 662
1 2 2
891 929
1 3 2
773 475
1 11 2
835 885
1 14 2
312 196
1 3 2
938 841
1 5 2
932 983
1 10 2
232 862
1 15 2
277 184
1 4 2
648 471
1 12 2
168 447
1 7 2
204 814
1 9 2
1 123
1 15 2
581 501
1 11 2
400 619
1 14 2
977 973
1 14 2
456 229
1 3 2
591 61
1 6 2
452 31
1 4 2
585 651
1 8 2
848 610
1 4 2
15 368
1 10 2
408 655
1 8 2
725 157
1 4 2
632 457
1 9 2
841 517
1 15 2
596 541
1 2 2
13 842
1 15 2
292 887
1 3 2
465 29
1 5 2
219 56
1 10 2
520 67
1 15 2
156 965
1 9 2
525 758
1 14 2
320 544
1 7 2
890 256
1 10 2
454 630
1 11 2
590 128
1 3 2
877 579
1 8 2
687 933
1 2 2
851 987
1 5 2
847 395
1 7 2
736 267
1 12 2
124 590
1 4 2
24 120
1 2 2
725 587
1 15 2
545 914
1 3 2
905 107
1 11 2
537 432
1 9 2
925 46
1 13 2
251 31
1 14 2
868 281
1 8 2
670 565
1 6 2
513 10
1 7 2
998 298
1 15 2
724 488
1 13 2
486 396
1 11 2
836 752
1 8 2
403 745
1 5 2
404 985
1 10 2
380 27
1 8 2
218 576
1 8 2
703 722
1 10 2
623 102
1 5 2
974 254
1 2 2
277 697
1 4 2
210 815
1 13 2
758 578
1 14 2
487 604
1 11 2
856 997
1 10 2
959 441
1 4 2
117 707
1 8 2
328 93
1 14 2
412 917
1 15 2
937 914
1 3 2
479 767
1 11 2
329 622
1 12 2
983 968
1 9 2
236 657
1 14 2
996 645
1 5 2
77 328
1 9 2
220 7
1 12 2
760 432
1 12 2
515 244
1 5 2
408 305
1 7 2
418 245
1 8 2
314 118
1 8 2
436 260
1 2 2
722 861
1 4 2
138 328
1 9 2
466 989
1 5 2
72 116
1 8 2
495 338
1 7 2
926 884
1 12 2
787 151
1 9 2
506 170
1 3 2
266 833
1 6 2
799 470
1 6 2
916 547
1 5 2
367 499
1 14 2
174 795
1 14 2
867 683
1 14 2
202 216
1 15 2
838 589
1 14 2
18 239
1 4 2
191 507
1 2 2
478 625
1 4 2
827 780
1 15 2
19 594
1 5 2
228 677
1 9 2
606 77
1 15 2
374 350
1 7 2
813 642
1 5 2
115 931
1 6 2
867 580
1 10 2
320 566
1 5 2
282 121
1 3 2
331 335
1 6 2
863 515
1 7 2
540 639
1 6 2
50 737
1 8 2
760 66
1 15 2
670 740
1 9 2
580 367
1 10 2
945 546
1 10 2
225 409
1 5 2
319 492
1 8 2
3 386
1 4 2
372 350
1 13 2
607 261
1 13 2
189 968
1 6 2
517 444
1 11 2
267 555
1 7 2
965 570
1 10 2
936 98
1 6 2
821 766
1 3 2
622 380
1 5 2
101 321
1 4 2
606 614
1 10 2
297 87
1 11 2
621 145
1 6 2
551 590
1 2 2
631 306
1 7 2
168 330
1 5 2
746 687
1 10 2
59 256
1 6 2
7 754
1 15 2
256 686
1 15 2
254 4
1 6 2
564 352
1 4 2
930 733
1 11 2
324 569
1 2 2
556 17
1 4 2
329 703
1 7 2
550 146
1 4 2
244 335
1 6 2
843 746
1 3 2
591 709
1 11 2
369 798
1 8 2
85 232
1 13 2
246 177
1 9 2
116 634
1 8 2
650 574
1 6 2
933 156
1 11 2
90 994
1 6 2
256 162
1 15 2
22 647
1 12 2
514 741
1 13 2
987 816
1 2 2
867 960
1 9 2
630 700
1 13 2
501 80
1 9 2
125 77
1 6 2
845 32
1 7 2
589 969
1 9 2
91 634
1 4 2
711 511
1 15 2
353 978
1 10 2
711 343
1 3 2
410 116
1 14 2
637 861
1 10 2
159 572
1 9 2
658 195
1 5 2
570 249
1 15 2
867 814
1 11 2
994 621
1 7 2
373 778
1 6 2
822 746
1 3 2
267 899
1 14 2
282 103
1 2 2
365 356
1 13 2
332 424
1 4 2
331 759
1 15 2
618 223
1 4 2
28 851
1 9 2
391 574
1 5 2
170 565
1 15 2
537 641
1 4 2
858 720
1 5 2
983 611
1 7 2
519 609
1 14 2
268 279
1 2 2
716 113
1 15 2
835 821
1 8 2
87 636
1 9 2
714 877
1 14 2
188 718
1 12 2
705 138
1 14 2
23 913
1 12 2
50 154
1 8 2
627 644
1 2 2
281 856
1 9 2
60 967
1 14 2
663 833
1 14 2
352 989
1 2 2
187 955
1 12 2
40 690
1 6 2
896 76
1 11 2
223 890
1 15 2
107 170
1 3 2
757 94
1 6 2
654 256
1 7 2
745 976
1 11 2
954 263
1 12 2
101 319
1 7 2
648 250
1 10 2
922 149
1 10 2
965 945
1 4 2
482 946
1 12 2
923 111
1 3 2
182 606
1 6 2
262 755
1 6 2
278 513
1 2 2
514 920
1 5 2
364 623
1 13 2
703 197
1 6 2
165 320
1 11 2
849 13
1 13 2
932 863
1 7 2
745 208
1 15 2
965 797
1 2 2
519 224
1 13 2
197 126
1 13 2
490 754
1 11 2
454 217
1 6 2
562 8
1 9 2
975 259
1 5 2
863 353
1 13 2
706 939
1 11 2
859 328
1 12 2
626 960
1 10 2
467 110
1 3 2
732 526
1 7 2
233 558
1 5 2
250 663
1 12 2
654 16
1 3 2
816 73
1 15 2
970 83
1 14 2
165 649
1 11 2
117 800
1 2 2
886 569
1 13 2
783 892
1 10 2
847 29
1 3 2
592 786
1 15 2
981 951
1 12 2
419 995
1 11 2
929 27
1 7 2
107 731
1 13 2
384 995
1 12 2
929 349
1 10 2
999 23
1 15 2
568 56
1 3 2
877 147
1 7 2
733 909
1 12 2
554 658
1 3 2
972 103
1 4 2
941 962
1 3 2
370 53
1 10 2
130 327
1 15 2
193 361
1 5 2
383 242
1 3 2
867 473
1 12 2
138 386
1 9 2
721 533
1 2 2
188 173
1 4 2
794 715
1 3 2
144 467
1 3 2
134 589
1 14 2
251 404
1 5 2
15 822
1 5 2
447 940
1 10 2
182 714
1 12 2
614 60
1 5 2
45 5
1 15 2
697 34
1 15 2
481 21
1 4 2
505 358
1 11 2
761 928
1 11 2
371 712
1 6 2
953 695
1 15 2
145 516
1 15 2
718 427
1 4 2
398 151
1 9 2
916 457
1 3 2
716 893
1 7 2
473 856
1 7 2
757 342
1 11 2
333 158
1 12 2
405 860
1 11 2
805 869
1 5 2
475 986
1 9 2
550 96
1 2 2
390 173
1 12 2
991 960
1 9 2
866 549
1 15 2
744 617
1 3 2
454 646
1 10 2
201 263
1 5 2
307 357
1 15 2
851 395
1 10 2
17 602
1 5 2
986 914
1 11 2
834 87
1 6 2
743 889
1 15 2
294 869
1 12 2
232 563
1 9 2
149 398
1 2 2
779 288
1 3 2
334 598
1 2 2
958 85
1 11 2
200 121
1 2 2
475 466
1 9 2
187 302
1 9 2
342 536
1 15 2
203 145
1 4 2
670 718
1 4 2
714 612
1 4 2
478 433
1 4 2
230 424
1 11 2
912 210
1 9 2
707 212
1 8 2
725 891
1 13 2
662 739
1 11 2
276 996
1 9 2
350 543
1 14 2
213 777
1 15 2
99 238
1 12 2
765 191
1 14 2
15 756
1 6 2
979 133
1 2 2
709 10
1 6 2
520 531
1 9 2
926 342
1 15 2
646 58
1 2 2
794 785
1 14 2
34 670
1 12 2
820 835
1 15 2
433 914
1 9 2
587 716
1 2 2
643 482
1 14 2
4 990
1 10 2
834 13
1 9 2
398 369
1 4 2
99 815
1 13 2
711 384
1 5 2
102 549
1 7 2
620 710
1 6 2
111 532
1 6 2
770 264
1 4 2
695 134
1 5 2
786 578
1 5 2
962 207
1 3 2
102 729
1 9 2
187 570
1 14 2
684 70
1 13 2
71 822
1 3 2
311 369
1 9 2
96 776
1 11 2
514 449
1 3 2
91 268
1 11 2
122 57
1 13 2
437 650
1 6 2
460 752
1 13 2
63 979
1 15 2
569 329
1 12 2
564 119
1 4 2
473 499
1 14 2
329 547
1 15 2
846 201
1 4 2
3 782
1 9 2
718 207
1 8 2
422 776
1 10 2
787 17
1 6 2
443 659
1 4 2
663 862
1 12 2
408 979
1 5 2
500 186
1 14 2
948 311
1 6 2
596 752
1 11 2
63 247
1 6 2
853 386
1 5 2
413 523
1 2 2
289 229
1 3 2
904 759
1 5 2
45 739
1 11 2
102 585
1 5 2
63 828
1 9 2
488 879
1 5 2
447 833
1 12 2
596 427
1 11 2
355 839
1 5 2
397 456
1 6 2
795 726
1 13 2
441 594
1 2 2
48 468
1 11 2
620 682
1 2 2
101 944
1 12 2
574 887
1 6 2
267 49
1 11 2
159 616
1 8 2
892 118
1 3 2
812 509
1 2 2
768 744
1 7 2
103 667
1 9 2
566 315
1 8 2
508 954
1 4 2
24 761
1 13 2
422 879
1 7 2
682 194
1 11 2
726 904
1 11 2
218 701
1 13 2
604 406
1 9 2
267 520
1 15 2
964 275
1 15 2
722 758
1 7 2
680 582
1 4 2
580 940
1 4 2
86 879
1 11 2
26 391
1 6 2
76 977
1 14 2
876 676
1 7 2
650 729
1 9 2
555 62
1 14 2
816 80
1 6 2
145 59
1 15 2
321 80
1 12 2
677 29
1 8 2
99 579
1 11 2
112 201
1 11 2
229 244
1 12 2
733 721
1 8 2
513 769
1 13 2
602 470
1 13 2
135 965
1 4 2
752 236
1 3 2
838 762
1 7 2
856 243
1 11 2
545 449
1 7 2
589 149
1 5 2
767 2
1 13 2
821 475
1 5 2
679 810
1 4 2
209 154
1 8 2
67 493
1 4 2
593 371
1 12 2
622 543
1 12 2
953 161
1 5 2
829 23
1 11 2
204 801
1 2 2
730 629
1 4 2
809 59
1 12 2
445 815
1 12 2
422 998
1 11 2
67 508
1 10 2
948 795
1 5 2
956 522
1 8 2
459 186
1 2 2
529 209
1 6 2
43 877
1 5 2
30 623
1 3 2
710 869
1 7 2
807 885
1 8 2
617 57
1 14 2
835 848
1 11 2
547 841
1 11 2
567 473
1 11 2
676 467
1 13 2
365 60
1 10 2
78 66
1 8 2
523 663
1 3 2
866 121
1 15 2
867 140
1 9 2
48 689
1 15 2
273 936
1 14 2
875 900
1 14 2
622 272
1 3 2
177 628
1 11 2
944 472
1 9 2
513 625
1 6 2
80 631
1 3 2
615 878
1 11 2
877 271
1 7 2
942 811
1 14 2
161 700
1 11 2
922 582
1 4 2
731 736
1 13 2
886 645
1 2 2
413 928
1 4 2
375 685
1 5 2
604 351
1 12 2
933 379
1 15 2
65 33
1 4 2
512 221
1 14 2
562 416
1 15 2
757 155
1 9 2
484 880
1 4 2
729 46
1 7 2
560 180
1 12 2
568 980
1 15 2
481 852
1 2 2
116 944
1 6 2
145 399
1 3 2
415 817
1 6 2
939 253
1 5 2
677 821
1 12 2
880 620
1 7 2
42 189
1 5 2
8 180
1 4 2
888 157
1 6 2
0 317
1 7 2
493 390
1 12 2
710 162
1 14 2
158 718
1 2 2
331 189
1 6 2
70 406
1 13 2
67 588
1 15 2
369 715
1 7 2
202 178
1 14 2
96 970
1 4 2
397 834
1 2 2
80 414
1 9 2
77 212
1 5 2
912 427
1 8 2
948 371
1 15 2
781 343
1 6 2
443 270
1 4 2
112 474
1 2 2
961 420
1 13 2
144 883
1 11 2
487 976
1 6 2
297 543
1 3 2
703 434
1 11 2
654 766
1 2 2
644 224
1 9 2
962 600
1 5 2
249 880
1 8 2
525 829
1 6 2
855 912
1 14 2
27 928
1 5 2
907 653
1 10 2
392 46
1 6 2
338 386
1 13 2
798 265
1 15 2
846 24
1 7 2
718 609
1 4 2
430 768
1 12 2
321 855
1 10 2
597 387
1 8 2
424 902
1 14 2
172 564
1 10 2
495 58
1 11 2
504 4
1 4 2
117 20
1 14 2
31 611
1 2 2
729 257
1 9 2
259 654
1 5 2
942 668
1 13 2
358 193
1 5 2
690 732
1 8 2
682 448
1 6 2
162 159
1 10 2
789 794
1 10 2
895 566
1 11 2
502 477
1 9 2
714 671
1 8 2
796 460
1 13 2
505 67
1 7 2
840 170
1 11 2
911 44
1 7 2
725 293
1 7 2
124 117
1 8 2
961 254
1 3 2
910 682
1 3 2
184 133
1 7 2
429 422
1 9 2
176 216
1 8 2
600 801
1 10 2
651 383
1 6 2
957 287
1 7 2
432 171
1 10 2
991 283
1 5 2
867 306
1 10 2
51 28
1 10 2
214 510
1 7 2
86 400
1 10 2
106 799
1 7 2
774 981
1 12 2
201 70
1 7 2
866 198
1 9 2
623 11
1 10 2
844 222
1 2 2
290 11
1 11 2
293 101
1 13 2
178 19
1 14 2
414 337
1 9 2
425 210
1 13 2
198 426
1 15 2
489 200
1 4 2
794 571
1 8 2
450 215
1 5 2
806 823
1 8 2
883 762
1 2 2
241 455
1 10 2
854 873
1 2 2
935 396
1 15 2
13 553
1 7 2
508 664
1 10 2
269 765
1 11 2
946 858
1 8 2
197 494
1 15 2
994 285
1 8 2
26 177
1 10 2
940 829
1 15 2
99 498
1 12 2
202 313
1 7 2
604 526
1 7 2
674 344
1 14 2
869 121
1 6 2
599 301
1 2 2
481 592
1 14 2
710 573
1 13 2
881 375
1 12 2
861 588
1 10 2
428 180
1 14 2
172 978
1 4 2
634 30
1 10 2
424 164
1 11 2
42 923
1 3 2
591 880
1 7 2
751 243
1 9 2
880 754
1 14 2
460 542
1 3 2
290 170
1 11 2
551 371
1 4 2
589 730
1 6 2
327 348
1 7 2
451 818
1 2 2
222 233
1 3 2
428 765
1 12 2
645 925
1 15 2
920 865
1 11 2
782 462
1 6 2
654 825
1 5 2
415 25
1 8 2
938 948
1 10 2
799 783
1 13 2
471 964
1 11 2
72 944
1 7 2
104 56
1 7 2
747 146
1 7 2
497 112
1 2 2
261 964
1 15 2
73 971
1 12 2
736 422
1 14 2
185 703
1 12 2
752 606
1 4 2
422 352
1 8 2
355 100
1 11 2
758 865
1 3 2
321 527
1 3 2
545 560
1 6 2
272 99
1 4 2
44 398
1 13 2
181 634
1 15 2
449 307
1 13 2
622 200
1 10 2
183 540
1 8 2
915 851
1 14 2
722 221
1 2 2
455 525
1 12 2
567 480
1 2 2
589 334
1 4 2
853 808
1 11 2
440 538
1 7 2
437 46
1 13 2
630 316
1 2 2
549 852
1 6 2
520 639
1 14 2
884 741
1 14 2
292 978
1 14 2
85 577
1 12 2
154 846
1 5 2
582 415
1 15 2
856 628
1 10 2
852 291
1 6 2
29 229
1 6 2
409 36
1 15 2
36 181
1 9 2
306 719
1 13 2
562 183
1 4 2
580 565
1 8 2
910 430
1 11 2
164 160
1 3 2
63 611
1 9 2
105 346
1 14 2
466 38
1 2 2
767 941
1 10 2
989 722
1 8 2
602 644
1 11 2
82 515
1 10 2
196 268
1 9 2
701 279
1 8 2
566 690
1 4 2
120 397
1 3 2
823 219
1 7 2
39 990
1 3 2
679 916
1 13 2
997 26
1 9 2
819 767
1 13 2
346 146
1 13 2
145 939
1 8 2
121 231
1 7 2
501 600
1 10 2
839 145
1 13 2
799 260
1 3 2
422 977
1 14 2
543 203
1 3 2
926 322
1 6 2
603 70
1 2 2
364 201
1 15 2
781 621
1 15 2
465 501
1 7 2
63 715
1 12 2
855 274
1 10 2
101 824
1 9 2
152 9
1 10 2
252 331
1 7 2
720 418
1 9 2
319 95
1 3 2
66 474
1 9 2
438 415
1 15 2
443 787
1 9 2
328 905
1 5 2
322 53
1 2 2
696 200
1 6 2
991 390
1 13 2
763 464
1 9 2
159 718
1 15 2
886 962
1 15 2
244 787
1 15 2
43 365
1 6 2
791 896
1 4 2
702 58
1 10 2
892 320
1 3 2
524 294
1 3 2
575 879
1 13 2
395 16
1 14 2
249 391
1 5 2
825 354
1 13 2
843 665
1 13 2
478 195
1 10 2
7 995
1 2 2
587 772
1 10 2
734 493
1 13 2
857 476
1 5 2
722 550
1 14 2
571 221
1 5 2
907 736
1 5 2
216 287
1 14 2
26 79
1 12 2
120 134
1 14 2
36 433
1 8 2
875 48
1 10 2
235 990
1 8 2
903 883
1 8 2
623 769
1 5 2
411 485
1 12 2
864 722
1 7 2
929 722
1 9 2
608 416
1 5 2
597 13
1 3 2
109 509
1 13 2
189 216
1 8 2
652 424
1 12 2
953 59
1 2 2
28 860
1 11 2
158 175
1 14 2
83 100
1 11 2
393 562
1 15 2
742 706
1 10 2
924 373
1 15 2
959 881
1 9 2
499 538
1 6 2
836 159
1 14 2
755 460
1 14 2
512 793
1 14 2
2 940
1 3 2
78 300
1 13 2
484 351
1 3 2
56 47
1 8 2
250 620
1 5 2
172 950
1 4 2
180 874
1 7 2
60 573
1 3 2
762 268
1 15 2
207 381
1 15 2
855 704
1 5 2
183 75
1 6 2
973 957
1 13 2
709 340
1 2 2
687 308
1 8 2
649 419
1 6 2
505 587
1 15 2
119 559
1 6 2
265 241
1 6 2
263 819
1 12 2
720 894
1 14 2
44 921
1 13 2
296 610
1 10 2
950 476
1 4 2
759 825
1 2 2
311 91
1 13 2
92 449
1 12 2
623 330
1 11 2
827 345
1 15 2
261 776
1 9 2
190 174
1 13 2
104 43
1 4 2
257 675
1 6 2
707 693
1 12 2
858 770
1 11 2
182 696
1 9 2
997 748
1 6 2
392 740
1 4 2
58 13
1 5 2
948 632
1 6 2
135 12
1 6 2
755 887
1 9 2
701 739
1 14 2
847 224
1 3 2
329 722
1 9 2
65 640
1 3 2
899 623
1 5 2
729 427
1 6 2
686 460
1 7 2
484 11
1 5 2
101 139
1 2 2
615 422
1 8 2
754 169
1 6 2
14 497
1 13 2
856 259
1 12 2
57 284
1 3 2
815 249
1 10 2
281 637
1 12 2
557 396
1 9 2
716 437
1 6 2
11 827
1 5 2
218 346
1 4 2
31 623
1 5 2
473 681
1 4 2
821 526
1 12 2
923 120
1 12 2
411 833
1 12 2
562 69
1 7 2
817 876
1 14 2
540 400
1 2 2
54 557
1 15 2
738 807
1 12 2
236 412
1 13 2
638 133
1 2 2
635 721
1 12 2
127 675
1 14 2
196 471
1 6 2
623 237
1 9 2
550 298
1 6 2
502 580
1 6 2
487 851
1 4 2
849 160
1 4 2
675 442
1 9 2
736 968
1 11 2
590 227
1 12 2
131 97
1 15 2
958 357
1 11 2
665 603
1 14 2
374 391
1 13 2
181 74
1 9 2
970 281
1 6 2
504 511
1 3 2
230 750
1 3 2
340 402
1 10 2
851 178
1 13 2
494 123
1 15 2
319 367
1 2 2
767 242
1 10 2
688 256
1 15 2
55 612
1 9 2
699 808
1 7 2
995 24
1 3 2
31 269
1 14 2
529 975
1 2 2
133 439
1 13 2
776 799
1 4 2
937 507
1 12 2
608 332
1 8 2
603 895
1 13 2
345 978
1 2 2
368 331
1 8 2
346 128
1 4 2
972 903
1 3 2
784 911
1 3 2
404 559
1 8 2
181 578
1 7 2
952 1
1 12 2
315 696
1 7 2
675 375
1 5 2
650 184
1 5 2
955 885
1 4 2
782 556
1 4 2
256 402
1 15 2
863 1
1 4 2
76 750
1 9 2
53 860
1 12 2
611 139
1 7 2
95 553
1 6 2
61 311
1 4 2
390 368
1 8 2
156 123
1 11 2
410 142
1 10 2
356 757
1 10 2
21 930
1 13 2
63 224
1 14 2
303 385
1 8 2
753 543
1 7 2
67 88
1 4 2
283 580
1 14 2
848 172
1 10 2
978 418
1 2 2
891 394
1 3 2
676 585
1 13 2
987 822
1 8 2
310 628
1 13 2
448 130
1 12 2
266 850
1 15 2
657 620
1 15 2
962 298
1 9 2
456 168
1 12 2
371 374
1 12 2
460 273
1 12 2
163 470
1 13 2
876 744
1 5 2
878 201
1 3 2
10 818
1 8 2
29 127
1 14 2
787 190
1 13 2
290 735
1 11 2
459 544
1 7 2
542 246
1 11 2
487 797
1 13 2
955 149
1 12 2
988 897
1 8 2
520 333
1 3 2
516 413
1 13 2
884 384
1 4 2
390 538
1 2 2
833 108
1 15 2
537 174
1 13 2
448 248
1 6 2
276 601
1 10 2
932 385
1 14 2
7 36
1 6 2
545 436
1 8 2
369 729
1 3 2
312 470
1 12 2
857 826
1 5 2
242 955
1 2 2
540 298
1 9 2
438 891
1 2 2
916 382
1 13 2
30 687
1 12 2
480 332
1 12 2
484 786
1 6 2
842 532
1 10 2
816 252
1 6 2
250 159
1 8 2
206 35
1 15 2
117 438
1 12 2
984 938
1 11 2
570 119
1 15 2
315 209
1 10 2
352 428
1 11 2
481 448
1 12 2
814 696
1 3 2
198 817
1 5 2
842 69
1 4 2
975 163
1 8 2
868 153
1 11 2
418 611
1 12 2
967 463
1 7 2
828 753
1 2 2
227 455
1 3 2
433 824
1 7 2
28 832
1 10 2
786 148
1 9 2
136 587
1 8 2
491 363
1 5 2
541 937
1 14 2
341 679
1 10 2
275 855
1 2 2
850 249
1 11 2
870 274
1 9 2
125 713
1 11 2
42 62
1 14 2
583 5
1 7 2
751 147
1 5 2
851 475
1 13 2
941 790
1 4 2
90 264
1 4 2
898 736
1 7 2
241 403
1 7 2
58 559
1 11 2
522 936
1 11 2
227 468
1 15 2
943 663
1 4 2
289 862
1 11 2
733 955
1 8 2
505 429
1 15 2
134 609
1 14 2
255 241
1 7 2
613 640
1 11 2
110 339
1 5 2
218 954
1 12 2
932 898
1 14 2
983 657
1 5 2
18 13
1 9 2
764 384
1 11 2
702 850
1 10 2
851 625
1 12 2
574 312
1 8 2
454 532
1 7 2
629 286
1 5 2
768 28
1 5 2
90 73
1 9 2
927 154
1 7 2
443 873
1 10 2
580 33
1 7 2
93 259
1 4 2
390 113
1 9 2
730 490
1 8 2
39 746
1 8 2
565 910
1 7 2
626 715
1 7 2
9 674
1 3 2
247 855
1 6 2
820 678
1 7 2
613 455
1 13 2
687 708
1 11 2
781 321
1 8 2
997 291
1 15 2
69 178
1 2 2
390 198
1 14 2
405 155
1 12 2
373 223
1 2 2
654 949
1 4 2
771 464
1 8 2
878 947
1 10 2
89 892
1 14 2
889 187
1 4 2
414 126
1 9 2
106 633
1 15 2
987 287
1 2 2
615 476
1 4 2
165 521
1 13 2
274 4
1 11 2
577 275
1 8 2
918 685
1 7 2
908 552
1 12 2
480 934
1 4 2
215 306
1 10 2
843 721
1 15 2
522 531
1 13 2
920 100
1 7 2
147 95
1 11 2
842 353
1 5 2
696 181
1 9 2
919 70
1 12 2
318 477
1 5 2
729 66
1 11 2
442 288
1 2 2
891 291
1 3 2
238 999
1 5 2
53 674
1 2 2
672 261
1 5 2
436 969
1 8 2
200 686
1 10 2
744 999
1 3 2
898 210
1 3 2
955 731
1 14 2
102 923
1 3 2
703 450
1 12 2
479 668
1 7 2
911 159
1 7 2
238 316
1 9 2
336 420
1 6 2
379 44
1 3 2
507 948
1 12 2
99 89
1 12 2
136 219
1 8 2
243 959
1 8 2
853 825
1 3 2
74 347
1 11 2
818 305
1 13 2
230 959
1 6 2
748 217
1 2 2
899 740
1 14 2
177 28
1 12 2
367 348
1 5 2
910 271
1 14 2
742 684
1 11 2
216 970
1 9 2
73 492
1 13 2
405 502
1 4 2
776 549
1 7 2
789 408
1 3 2
987 659
1 4 2
665 889
1 4 2
924 110
1 15 2
335 804
1 11 2
848 516
1 3 2
278 813
1 10 2
958 780
1 13 2
181 604
1 8 2
29 737
1 4 2
72 964
1 9 2
602 3
1 13 2
667 364
1 3 2
399 934
1 6 2
203 362
1 10 2
351 397
1 5 2
506 801
1 9 2
669 568
1 7 2
534 879
1 11 2
961 743
1 6 2
159 724
1 15 2
21 345
1 15 2
646 535
1 8 2
703 758
1 13 2
706 352
1 14 2
111 144
1 11 2
391 318
1 4 2
641 743
1 9 2
492 462
1 5 2
600 240
1 3 2
805 297
1 10 2
396 618
1 7 2
604 280
1 15 2
972 709
1 12 2
952 143
1 4 2
335 875
1 14 2
473 431
1 6 2
482 319
1 9 2
229 720
1 10 2
314 718
1 10 2
0 520
1 8 2
258 448
1 7 2
259 828
1 12 2
500 515
1 5 2
707 850
1 15 2
58 549
1 11 2
236 800
1 4 2
738 159
1 6 2
352 484
1 9 2
139 911
1 4 2
561 86
1 14 2
164 600
1 4 2
311 322
1 8 2
762 174
1 12 2
420 48
1 9 2
809 635
1 15 2
308 232
1 7 2
454 953
1 8 2
52 712
1 10 2
69 896
1 6 2
277 907
1 13 2
232 183
1 15 2
90 808
1 7 2
612 18
1 2 2
402 813
1 9 2
378 718
1 9 2
459 342
1 11 2
98 834
1 6 2
291 424
1 8 2
800 215
1 13 2
487 956
1 4 2
433 947
1 12 2
519 836
1 13 2
281 103
1 2 2
464 949
1 13 2
687 294
1 8 2
663 740
1 9 2
104 239
1 10 2
46 123
1 9 2
246 130
1 13 2
220 108
1 15 2
708 978
1 7 2
126 75
1 8 2
213 524
1 12 2
598 230
1 5 2
571 234
1 12 2
830 731
1 8 2
500 187
1 5 2
683 736
1 13 2
878 917
1 14 2
340 294
1 13 2
190 92
1 13 2
782 39
1 15 2
820 801
1 14 2
145 645
1 8 2
636 455
1 14 2
535 880
1 11 2
555 226
1 11 2
121 898
1 14 2
35 998
1 12 2
825 387
1 12 2
987 908
1 14 2
873 905
1 10 2
530 492
1 6 2
948 55
1 3 2
771 90
1 3 2
604 607
1 13 2
875 47
1 15 2
991 791
1 13 2
280 431
1 13 2
31 81
1 11 2
215 829
1 5 2
69 79
1 14 2
846 785
1 5 2
843 765
1 11 2
890 495
1 3 2
994 875
1 12 2
193 955
1 11 2
470 253
1 4 2
870 609
1 6 2
652 624
1 10 2
984 431
1 12 2
758 339
1 10 2
294 434
1 2 2
664 1
1 15 2
243 384
1 5 2
594 647
1 9 2
741 336
1 4 2
222 124
1 4 2
281 511
1 14 2
855 156
1 12 2
293 50
1 6 2
36 602
1 2 2
566 442
1 11 2
255 932
1 2 2
934 354
1 9 2
930 128
1 4 2
541 377
1 13 2
191 874
1 4 2
136 56
1 7 2
577 785
1 4 2
350 335
1 11 2
78 513
1 2 2
584 583
1 12 2
485 646
1 9 2
972 165
1 10 2
391 852
1 6 2
857 866
1 14 2
806 727
1 7 2
144 645
1 14 2
965 633
1 10 2
919 130
1 13 2
403 250
1 6 2
181 279
1 10 2
223 203
1 2 2
298 330
1 13 2
434 20
1 15 2
317 660
1 10 2
362 752
1 12 2
475 338
1 5 2
597 630
1 7 2
659 482
1 11 2
916 266
1 9 2
171 176
1 3 2
205 555
1 2 2
481 255
1 13 2
813 639
1 9 2
136 473
1 15 2
539 165
1 14 2
109 713
1 13 2
456 396
1 2 2
0 337
1 11 2
781 937
1 7 2
529 634
1 7 2
67 865
1 14 2
538 457
1 4 2
875 129
1 3 2
261 801
1 9 2
758 168
1 4 2
374 457
1 6 2
849 279
1 10 2
568 818
1 12 2
151 30
1 7 2
963 357
1 14 2
495 182
1 7 2
696 298
1 8 2
646 642
1 2 2
11 230
1 6 2
89 427
1 4 2
785 757
1 4 2
538 784
1 10 2
17 984
1 13 2
491 968
1 15 2
230 943
1 12 2
612 335
1 13 2
11 836
1 14 2
556 570
1 10 2
143 587
1 4 2
20 44
1 4 2
712 500
1 10 2
222 705
1 3 2
341 676
1 13 2
748 488
1 2 2
553 427
1 15 2
584 513
1 4 2
50 637
1 13 2
671 510
1 8 2
9 427
1 9 2
487 703
1 15 2
541 436
1 11 2
167 345
1 10 2
814 722
1 14 2
193 10
1 7 2
830 552
1 11 2
967 653
1 2 2
624 129
1 3 2
36 219
1 10 2
878 263
1 3 2
18 120
1 12 2
104 140
1 12 2
750 860
1 12 2
132 816
1 12 2
495 284
1 10 2
124 997
1 3 2
954 225
1 12 2
195 112
1 14 2
603 7
1 4 2
154 292
1 9 2
275 202
1 10 2
796 954
1 15 2
397 688
1 9 2
158 581
1 7 2
921 901
1 9 2
90 569
1 10 2
751 726
1 6 2
25 349
1 4 2
653 652
1 15 2
771 857
1 13 2
406 100
1 6 2
735 110
1 2 2
526 224
1 3 2
624 349
1 2 2
640 453
1 6 2
950 401
1 10 2
10 142
1 10 2
357 309
1 10 2
156 376
1 4 2
282 375
1 11 2
199 468
1 12 2
788 375
1 4 2
833 89
1 13 2
751 290
1 2 2
546 876
1 15 2
63 180
1 14 2
340 61
1 2 2
867 688
1 13 2
882 785
1 6 2
434 462
1 3 2
822 952
1 11 2
748 220
1 4 2
977 536
1 14 2
159 138
1 13 2
165 715
1 7 2
816 954
1 4 2
686 867
1 4 2
315 951
1 7 2
215 860
1 10 2
753 135
1 5 2
842 885
1 7 2
142 826
1 11 2
745 997
1 12 2
322 985
1 4 2
836 66
1 2 2
231 692
1 8 2
28 380
1 12 2
499 741
1 11 2
290 292
1 5 2
256 574
1 6 2
73 26
1 3 2
673 295
1 15 2
818 30
1 11 2
72 680
1 8 2
655 664
1 5 2
301 545
1 15 2
739 96
1 6 2
805 168
1 3 2
821 60
1 14 2
805 267
1 14 2
857 495
1 4 2
253 239
1 9 2
680 539
1 15 2
553 578
1 8 2
903 288
1 11 2
71 541
1 5 2
951 184
1 10 2
945 65
1 13 2
201 110
1 7 2
459 138
1 6 2
602 563
1 5 2
793 744
1 3 2
681 683
1 7 2
28 812
1 13 2
861 144
1 8 2
954 656
1 11 2
281 355
1 5 2
893 53
1 9 2
925 881
1 12 2
487 474
1 9 2
799 51
1 4 2
510 959
1 15 2
6 986
1 5 2
960 913
1 6 2
262 194
1 11 2
330 245
1 11 2
935 851
1 11 2
720 932
1 8 2
686 164
1 9 2
588 572
1 3 2
191 664
1 9 2
628 882
1 5 2
336 140
1 2 2
294 454
1 3 2
177 869
1 10 2
721 32
1 9 2
879 276
1 13 2
818 692
1 14 2
453 867
1 11 2
821 208
1 10 2
274 648
1 12 2
359 793
1 7 2
277 896
1 5 2
789 902
1 10 2
826 343
1 13 2
4 320
1 2 2
768 840
1 14 2
726 133
1 5 2
174 903
1 8 2
267 998
1 10 2
388 688
1 2 2
78 526
1 14 2
643 274
1 2 2
613 713
1 5 2
229 871
1 6 2
931 1
1 12 2
205 324
1 5 2
221 687
1 10 2
651 688
1 9 2
722 395
1 14 2
735 254
1 2 2
456 39
1 15 2
567 890
1 9 2
981 330
1 10 2
659 434
1 9 2
579 649
1 13 2
521 611
1 12 2
891 850
1 3 2
403 138
1 12 2
187 175
1 5 2
653 221
1 8 2
64 637
1 9 2
954 683
1 7 2
680 403
1 13 2
513 165
1 5 2
149 819
1 2 2
478 7
1 3 2
787 0
1 2 2
116 681
1 12 2
897 963
1 5 2
458 164
1 12 2
820 848
1 14 2
163 718
1 15 2
532 658
1 6 2
220 58
1 12 2
692 823
1 5 2
759 54
1 12 2
91 728
1 3 2
712 720
1 15 2
840 463
1 12 2
592 898
1 3 2
798 66
1 15 2
626 864
1 8 2
422 108
1 8 2
92 382
1 4 2
536 804
1 2 2
301 917
1 6 2
109 759
1 6 2
174 183
1 6 2
79 438
1 11 2
629 895
1 15 2
548 395
1 5 2
721 179
1 4 2
250 455
1 11 2
852 252
1 10 2
50 690
1 13 2
550 742
1 14 2
282 717
1 7 2
305 932
1 15 2
369 543
1 8 2
255 92
1 11 2
570 476
1 8 2
610 241
1 4 2
927 593
1 5 2
646 774
1 13 2
921 430
1 14 2
171 408
1 15 2
754 457
1 14 2
635 357
1 6 2
779 304
1 9 2
692 164
1 9 2
274 240
1 12 2
375 542
1 14 2
908 728
1 11 2
507 833
1 5 2
212 690
1 5 2
514 708
1 3 2
270 674
1 4 2
927 896
1 10 2
506 369
1 5 2
179 484
1 7 2
29 559
1 15 2
411 218
1 3 2
91 207
1 9 2
287 508
1 15 2
432 99
1 14 2
276 260
1 11 2
115 111
1 12 2
610 507
1 15 2
578 402
1 11 2
790 763
1 11 2
358 164
1 6 2
295 54
1 6 2
336 753
1 3 2
596 91
1 11 2
324 379
1 11 2
927 316
1 15 2
819 426
1 6 2
570 557
1 13 2
296 769
1 9 2
580 900
1 10 2
60 103
1 2 2
799 788
1 3 2
26 834
1 13 2
325 139
1 6 2
165 916
1 2 2
989 902
1 10 2
827 402
1 12 2
416 212
1 12 2
147 140
1 3 2
181 427
1 15 2
21 79
1 14 2
848 712
1 3 2
731 351
1 15 2
149 905
1 10 2
894 911
1 5 2
551 161
1 2 2
99 573
1 12 2
139 1
1 13 2
332 200
1 11 2
924 905
1 11 2
992 942
1 12 2
544 941
1 5 2
885 245
1 8 2
948 439
1 13 2
452 8
1 5 2
762 143
1 10 2
679 179
1 12 2
744 396
1 13 2
164 350
1 14 2
707 219
1 15 2
548 441
1 15 2
397 960
1 5 2
769 757
1 10 2
219 799
1 6 2
544 667
1 14 2
33 370
1 12 2
85 954
1 4 2
192 261
1 3 2
591 203
1 13 2
135 257
1 10 2
190 793
1 5 2
295 639
1 4 2
468 978
1 13 2
886 72
1 4 2
166 506
1 7 2
946 404
1 3 2
326 620
1 10 2
88 965
1 4 2
138 663
1 7 2
976 155
1 5 2
636 548
1 10 2
799 617
1 3 2
913 459
1 12 2
881 436
1 13 2
259 322
1 10 2
301 711
1 4 2
309 701
1 12 2
711 217
1 12 2
881 13
1 15 2
371 200
1 4 2
333 800
1 10 2
921 425
1 14 2
648 223
1 8 2
989 782
1 10 2
458 390
1 13 2
273 405
1 11 2
363 864
1 7 2
827 396
1 2 2
796 178
1 13 2
643 990
1 7 2
104 323
1 6 2
230 423
1 7 2
999 128
1 3 2
707 787
1 9 2
249 624
1 13 2
963 488
1 11 2
205 857
1 10 2
258 449
1 6 2
842 316
1 7 2
10 834
1 15 2
972 414
1 10 2
337 254
1 8 2
359 518
1 10 2
738 660
1 7 2
700 725
1 7 2
904 139
1 9 2
743 473
1 11 2
307 965
1 6 2
702 923
1 14 2
372 849
1 10 2
255 637
1 5 2
440 137
1 2 2
191 948
1 3 2
315 164
1 8 2
341 528
1 9 2
790 982
1 14 2
949 271
1 9 2
742 845
1 5 2
513 225
1 3 2
969 980
1 2 2
195 795
1 5 2
667 426
1 6 2
685 604
1 9 2
116 494
1 3 2
87 462
1 13 2
585 546
1 6 2
306 241
1 7 2
524 908
1 14 2
148 153
1 5 2
497 921
1 2 2
206 788
1 14 2
183 702
1 4 2
723 364
1 6 2
489 446
1 2 2
746 569
1 6 2
491 684
1 8 2
717 826
1 7 2
330 910
1 15 2
525 142
1 4 2
916 473
1 7 2
476 879
1 4 2
290 306
1 5 2
916 346
1 11 2
594 95
1 13 2
464 196
1 8 2
848 476
1 9 2
41 79
1 6 2
694 916
1 3 2
14 345
1 6 2
932 100
1 9 2
77 311
1 10 2
742 103
1 8 2
651 589
1 14 2
8 981
1 13 2
979 338
1 12 2
551 361
1 13 2
441 801
1 15 2
898 982
1 10 2
855 830
1 15 2
43 13
1 3 2
591 579
1 3 2
77 101
1 9 2
514 985
1 3 2
324 972
1 7 2
692 389
1 4 2
299 257
1 8 2
969 172
1 12 2
455 530
1 14 2
91 654
1 7 2
171 328
1 12 2
48 805
1 12 2
897 79
1 6 2
334 190
1 11 2
425 174
1 7 2
723 522
1 9 2
213 375
1 3 2
402 738
1 9 2
616 394
1 12 2
280 355
1 6 2
856 793
1 7 2
728 488
1 10 2
270 11
1 5 2
260 701
1 9 2
746 50
1 12 2
45 757
1 15 2
826 362
1 12 2
327 474
1 5 2
115 512
1 10 2
443 313
1 2 2
343 763
1 6 2
708 630
1 5 2
417 601
1 4 2
90 862
1 14 2
999 696
1 9 2
811 437
1 9 2
457 994
1 5 2
683 726
1 5 2
177 648
1 5 2
176 461
1 5 2
423 284
1 8 2
584 470
1 7 2
671 23
1 7 2
970 565
1 15 2
775 658
1 6 2
398 608
1 11 2
253 995
1 15 2
322 999
1 14 2
962 946
1 11 2
139 567
1 5 2
581 66
1 14 2
301 403
1 14 2
694 248
1 14 2
492 918
1 7 2
417 871
1 5 2
641 249
1 5 2
731 159
1 13 2
747 18
1 3 2
686 960
1 2 2
251 3
1 2 2
159 845
1 15 2
205 397
1 2 2
315 321
1 4 2
90 573
1 8 2
513 221
1 4 2
797 748
1 9 2
57 599
1 10 2
464 427
1 11 2
215 534
1 2 2
303 396
1 3 2
106 73
1 11 2
475 494
1 7 2
376 243
1 6 2
477 439
1 15 2
536 585
1 12 2
956 601
1 8 2
299 581
1 10 2
775 355
1 7 2
773 531
1 13 2
792 702
1 11 2
70 876
1 10 2
330 374
1 9 2
825 103
1 14 2
211 148
1 11 2
293 164
1 15 2
953 372
1 12 2
322 538
1 2 2
128 355
1 14 2
232 413
1 13 2
949 298
1 10 2
119 335
1 13 2
64 905
1 9 2
497 685
1 6 2
383 976
1 11 2
930 357
1 10 2
268 131
1 8 2
446 349
1 6 2
251 27
1 15 2
340 707
1 6 2
790 387
1 15 2
385 370
1 4 2
22 944
1 10 2
653 7
1 13 2
257 822
1 7 2
596 655
1 2 2
820 54
1 8 2
999 284
1 15 2
947 489
1 5 2
610 372
1 8 2
827 868
1 6 2
530 32
1 11 2
182 376
1 3 2
989 403
1 6 2
741 928
1 3 2
979 603
1 4 2
536 965
1 5 2
532 821
1 3 2
392 723
1 3 2
461 894
1 11 2
263 195
1 5 2
94 698
1 9 2
989 461
1 11 2
515 251
1 3 2
652 655
1 11 2
84 685
1 12 2
620 716
1 11 2
90 276
1 15 2
512 403
1 2 2
912 574
1 6 2
350 401
1 3 2
364 868
1 9 2
1 532
1 6 2
188 995
1 6 2
379 142
1 5 2
802 915
1 9 2
471 900
1 15 2
914 220
1 14 2
341 364
1 13 2
174 430
1 3 2
819 50
1 13 2
559 411
1 14 2
852 174
1 8 2
180 109
1 4 2
855 800
1 3 2
580 145
1 3 2
431 778
1 9 2
905 229
1 13 2
632 82
1 11 2
884 639
1 5 2
897 636
1 2 2
452 72
1 14 2
336 386
1 7 2
450 410
1 13 2
182 934
1 8 2
154 578
1 4 2
404 932
1 5 2
679 63
1 6 2
343 443
1 7 2
865 163
1 2 2
177 560
1 6 2
878 473
1 9 2
896 445
1 13 2
53 503
1 12 2
11 317
1 6 2
296 817
1 3 2
529 499
1 11 2
286 239
1 15 2
384 270
1 6 2
212 33
1 2 2
659 414
1 10 2
764 998
1 5 2
717 740
1 3 2
689 948
1 10 2
724 186
1 12 2
721 889
1 15 2
178 496
1 9 2
321 561
1 2 2
613 261
1 10 2
608 572
1 6 2
578 258
1 5 2
16 692
1 6 2
580 36
1 11 2
396 316
1 3 2
153 886
1 9 2
153 483
1 2 2
784 875
1 11 2
447 115
1 9 2
274 565
1 14 2
594 80
1 14 2
7 789
1 2 2
439 954
1 7 2
650 35
1 9 2
819 569
1 3 2
781 774
1 4 2
372 752
1 3 2
800 552
1 14 2
757 303
1 14 2
247 55
1 7 2
124 787
1 2 2
816 476
1 14 2
474 927
1 2 2
340 523
1 14 2
69 443
1 8 2
297 49
1 7 2
148 610
1 3 2
442 338
1 14 2
296 198
1 6 2
617 470
1 7 2
363 746
1 10 2
119 472
1 13 2
611 949
1 6 2
296 652
1 13 2
146 976
1 15 2
55 934
1 7 2
448 583
1 10 2
947 330
1 8 2
976 123
1 12 2
986 840
1 2 2
538 899
1 9 2
194 426
1 5 2
215 340
1 12 2
781 628
1 15 2
627 497
1 9 2
588 607
1 9 2
479 241
1 8 2
590 204
1 12 2
690 249
1 10 2
957 528
1 12 2
736 927
1 14 2
685 535
1 12 2
602 561
1 14 2
331 834
1 15 2
925 207
1 15 2
871 271
1 3 2
981 925
1 11 2
770 961
1 8 2
431 638
1 10 2
779 713
1 5 2
607 649
1 4 2
806 695
1 9 2
22 503
1 7 2
497 194
1 3 2
980 509
1 2 2
408 839
1 15 2
445 373
1 13 2
226 24
1 10 2
317 828
1 15 2
595 573
1 2 2
61 7
1 7 2
174 201
1 2 2
390 22
1 9 2
26 563
1 4 2
421 785
1 8 2
324 677
1 3 2
685 379
1 8 2
799 86
1 15 2
93 403
1 14 2
347 885
1 8 2
484 501
1 13 2
993 941
1 15 2
724 869
1 8 2
652 101
1 9 2
274 126
1 9 2
774 265
1 8 2
156 555
1 13 2
999 822
1 5 2
115 417
1 15 2
536 837
1 5 2
229 230
1 12 2
330 629
1 9 2
190 889
1 8 2
3 244
1 5 2
995 338
1 10 2
802 743
1 3 2
45 234
1 10 2
52 310
1 6 2
775 246
1 9 2
592 401
1 8 2
373 750
1 15 2
430 408
1 13 2
570 511
1 14 2
843 972
1 12 2
421 257
1 9 2
982 301
1 3 2
415 810
1 3 2
160 202
1 5 2
129 128
1 10 2
845 57
1 14 2
260 222
1 11 2
839 659
1 8 2
991 957
1 6 2
60 638
1 12 2
163 435
1 12 2
74 790
1 9 2
119 268
1 12 2
925 171
1 10 2
100 291
1 5 2
678 732
1 5 2
644 775
1 3 2
300 528
1 3 2
544 709
1 9 2
397 655
1 6 2
259 653
1 3 2
477 5
1 3 2
647 709
1 15 2
339 929
1 5 2
249 789
1 2 2
590 598
1 3 2
791 914
1 8 2
677 820
1 4 2
349 261
1 8 2
502 804
1 12 2
887 108
1 14 2
629 494
1 13 2
343 595
1 2 2
673 354
1 9 2
630 645
1 10 2
179 477
1 15 2
837 422
1 8 2
511 315
1 13 2
490 496
1 3 2
993 380
1 6 2
425 477
1 9 2
913 930
1 8 2
70 766
1 11 2
570 267
1 8 2
698 463
1 10 2
670 995
1 8 2
111 507
1 14 2
888 820
1 6 2
251 650
1 12 2
71 64
1 14 2
171 66
1 14 2
563 684
1 7 2
763 831
1 9 2
209 766
1 4 2
423 113
1 12 2
529 849
1 3 2
667 187
1 8 2
574 737
1 11 2
477 675
1 13 2
43 988
1 11 2
263 259
1 6 2
669 285
1 13 2
836 816
1 4 2
14 837
1 15 2
294 648
1 8 2
312 365
1 15 2
401 398
1 4 2
404 200
1 14 2
933 139
1 3 2
778 217
1 6 2
911 530
1 12 2
924 182
1 12 2
516 913
1 12 2
979 25
1 12 2
456 788
1 2 2
170 210
1 8 2
823 535
1 5 2
682 609
1 13 2
137 888
1 6 2
923 906
1 8 2
102 919
1 15 2
474 36
1 10 2
185 785
1 10 2
858 295
1 8 2
940 488
1 12 2
738 10
1 13 2
304 936
1 6 2
803 869
1 3 2
291 689
1 12 2
297 437
1 5 2
41 530
1 9 2
691 210
1 9 2
988 161
1 4 2
228 288
1 14 2
106 620
1 8 2
508 28
1 12 2
663 700
1 8 2
791 38
1 2 2
348 85
1 12 2
738 995
1 3 2
845 345
1 10 2
180 555
1 2 2
11 961
1 11 2
26 125
1 3 2
598 443
1 7 2
190 299
1 5 2
392 995
1 4 2
735 459
1 14 2
754 727
1 10 2
405 703
1 2 2
389 374
1 10 2
82 636
1 11 2
852 381
1 2 2
959 487
1 13 2
405 159
1 4 2
368 129
1 11 2
822 703
1 4 2
37 785
1 4 2
393 781
1 5 2
444 252
1 12 2
752 16
1 11 2
726 299
1 9 2
885 841
1 3 2
38 892
1 14 2
383 826
1 14 2
849 107
1 15 2
682 570
1 14 2
833 247
1 7 2
187 529
1 5 2
114 262
1 3 2
26 767
1 9 2
587 137
1 8 2
959 818
1 12 2
711 750
1 13 2
910 959
1 4 2
338 980
1 13 2
368 390
1 9 2
509 736
1 12 2
743 897
1 15 2
913 299
1 3 2
305 919
1 9 2
879 913
1 6 2
235 963
1 4 2
813 678
1 7 2
784 122
1 14 2
454 545
1 8 2
317 423
1 9 2
671 187
1 12 2
483 470
1 9 2
537 263
1 9 2
27 379
1 11 2
281 425
1 9 2
154 433
1 6 2
929 244
1 12 2
839 389
1 13 2
664 885
1 10 2
163 643
1 4 2
623 962
1 4 2
551 636
1 4 2
901 328
1 14 2
155 839
1 6 2
22 65
1 5 2
832 359
1 7 2
755 393
1 9 2
275 429
1 5 2
712 236
1 4 2
148 394
1 11 2
897 852
1 9 2
346 475
1 14 2
126 26
1 4 2
555 373
1 8 2
509 898
1 7 2
369 233
1 2 2
827 995
1 14 2
515 563
1 3 2
762 246
1 9 2
105 195
1 15 2
225 713
1 4 2
388 400
1 14 2
338 351
1 12 2
635 128
1 8 2
532 813
1 2 2
63 312
1 10 2
677 407
1 9 2
472 532
1 9 2
165 246
1 11 2
540 190
1 11 2
418 83
1 10 2
869 311
1 5 2
714 330
1 2 2
236 882
1 4 2
849 274
1 15 2
559 510
1 11 2
614 912
1 15 2
757 258
1 12 2
395 895
1 8 2
310 290
1 15 2
42 689
1 5 2
716 71
1 11 2
180 889
1 9 2
818 398
1 5 2
193 990
1 11 2
814 682
1 6 2
686 280
1 2 2
335 915
1 4 2
190 168
1 13 2
252 80
1 15 2
139 575
1 12 2
359 905
1 2 2
435 464
1 9 2
807 209
1 10 2
791 252
1 7 2
314 5
1 14 2
585 601
1 14 2
450 72
1 10 2
762 904
1 2 2
76 343
1 2 2
948 820
1 6 2
28 96
1 9 2
278 808
1 7 2
419 149
1 8 2
594 383
1 15 2
873 660
1 11 2
655 23
1 5 2
872 100
1 4 2
823 447
1 9 2
326 938
1 6 2
592 110
1 11 2
208 896
1 6 2
603 283
1 6 2
593 893
1 3 2
843 738
1 14 2
901 288
1 14 2
269 560
1 7 2
380 291
1 3 2
354 165
1 13 2
159 87
1 8 2
852 12
1 9 2
706 350
1 15 2
756 892
1 4 2
211 900
1 12 2
467 162
1 12 2
339 649
1 15 2
439 880
1 3 2
883 623
1 4 2
259 580
1 3 2
989 538
1 15 2
839 444
1 10 2
713 850
1 15 2
521 383
1 3 2
518 366
1 15 2
650 590
1 4 2
551 515
1 3 2
269 431
1 7 2
99 479
1 14 2
353 38
1 12 2
183 159
1 14 2
621 224
1 4 2
528 529
1 7 2
895 284
1 4 2
659 110
1 6 2
579 123
1 15 2
189 217
1 12 2
258 316
1 5 2
907 64
1 12 2
540 950
1 2 2
384 418
1 3 2
972 242
1 3 2
706 310
1 9 2
599 216
1 3 2
732 235
1 4 2
824 70
1 14 2
970 668
1 2 2
699 937
1 8 2
257 274
1 2 2
942 461
1 5 2
244 348
1 7 2
216 139
1 13 2
876 435
1 13 2
120 773
1 6 2
538 723
1 5 2
436 91
1 2 2
638 295
1 2 2
353 496
1 11 2
392 644
1 11 2
24 698
1 13 2
2 490
1 10 2
240 391
1 8 2
661 326
1 4 2
408 975
1 8 2
764 767
1 4 2
44 807
1 10 2
536 600
1 10 2
85 199
1 13 2
685 421
1 15 2
346 749
1 4 2
866 600
1 10 2
160 887
1 7 2
506 248
1 3 2
903 577
1 8 2
832 826
1 13 2
714 290
1 9 2
207 359
1 2 2
720 927
1 2 2
537 384
1 5 2
435 105
1 5 2
903 75
1 2 2
641 353
1 8 2
382 642
1 3 2
904 517
1 7 2
371 784
1 5 2
311 768
1 7 2
275 216
1 11 2
815 317
1 2 2
376 299
1 4 2
866 631
1 15 2
290 151
1 4 2
413 630
1 6 2
469 165
1 10 2
8 744
1 4 2
395 371
1 6 2
922 805
1 11 2
808 999
1 14 2
332 471
1 2 2
501 253
1 5 2
718 220
1 14 2
552 792
1 14 2
638 811
1 9 2
933 705
1 7 2
676 582
1 3 2
509 493
1 2 2
448 816
1 8 2
373 354
1 14 2
44 977
1 14 2
711 102
1 9 2
650 657
1 9 2
368 359
1 10 2
111 590
1 4 2
52 546
1 15 2
742 820
1 14 2
444 541
1 8 2
539 450
1 14 2
46 683
1 5 2
621 491
1 2 2
723 665
1 11 2
884 603
1 6 2
804 427
1 14 2
165 122
1 15 2
750 568
1 11 2
824 212
1 8 2
904 4
1 12 2
353 817
1 2 2
513 629
1 4 2
960 504
1 4 2
591 981
1 11 2
409 544
1 15 2
624 48
1 4 2
965 377
1 2 2
922 799
1 10 2
622 367
1 3 2
635 710
1 6 2
68 797
1 9 2
508 405
1 12 2
744 591
1 2 2
958 156
1 7 2
465 244
1 13 2
113 990
1 13 2
556 520
1 8 2
415 544
1 11 2
266 475
1 10 2
665 523
1 13 2
691 938
1 5 2
567 72
1 10 2
140 908
1 8 2
233 834
1 8 2
784 302
1 15 2
333 615
1 10 2
774 982
1 2 2
151 518
1 8 2
817 406
1 5 2
685 555
1 8 2
260 281
1 15 2
685 964
1 11 2
551 886
1 3 2
388 29
1 13 2
867 590
1 8 2
194 501
1 13 2
455 899
1 11 2
473 620
1 4 2
913 833
1 2 2
597 919
1 5 2
662 799
1 13 2
211 968
1 3 2
961 56
1 11 2
601 57
1 9 2
90 877
1 9 2
358 836
1 8 2
551 587
1 3 2
515 385
1 2 2
288 759
1 15 2
936 887
1 5 2
929 10
1 4 2
819 456
1 14 2
533 537
1 13 2
15 134
1 7 2
562 33
1 2 2
1 970
1 11 2
344 374
1 15 2
685 652
1 11 2
649 750
1 2 2
892 184
1 14 2
909 929
1 12 2
431 950
1 2 2
211 220
1 4 2
780 972
1 3 2
251 652
1 10 2
65 2
1 6 2
103 168
1 8 2
847 724
1 2 2
200 699
1 2 2
851 365
1 7 2
366 361
1 10 2
808 123
1 8 2
334 634
1 8 2
460 340
1 11 2
834 354
1 11 2
640 440
1 7 2
114 293
1 10 2
467 218
1 5 2
141 392
1 12 2
63 410
1 8 2
86 580
1 2 2
151 152
1 5 2
946 307
1 6 2
777 155
1 4 2
468 573
1 9 2
214 224
1 13 2
396 534
1 3 2
101 508
1 5 2
358 488
1 4 2
121 196
1 9 2
574 794
1 10 2
912 746
1 13 2
258 810
1 6 2
64 615
1 13 2
910 999
1 4 2
717 23
1 8 2
283 698
1 14 2
464 915
1 3 2
652 40
1 11 2
553 829
1 10 2
518 875
1 9 2
229 253
1 3 2
61 206
1 6 2
329 485
1 14 2
501 42
1 15 2
921 883
1 3 2
826 737
1 15 2
440 871
1 8 2
135 564
1 13 2
44 838
1 11 2
60 738
1 15 2
781 83
1 2 2
481 662
1 5 2
5 39
1 7 2
422 673
1 3 2
40 30
1 3 2
873 783
1 3 2
792 253
1 7 2
783 530
1 7 2
357 935
1 10 2
193 307
1 7 2
526 262
1 15 2
193 526
1 13 2
478 817
1 8 2
764 583
1 14 2
718 600
1 13 2
282 475
1 7 2
231 936
1 9 2
84 728
1 2 2
551 622
1 6 2
193 74
1 3 2
125 707
1 5 2
107 452
1 12 2
561 901
1 9 2
897 104
1 7 2
362 186
1 9 2
159 805
1 11 2
721 184
1 13 2
288 483
1 2 2
768 836
1 12 2
336 395
1 9 2
310 607
1 4 2
586 403
1 9 2
159 665
1 15 2
103 888
1 7 2
232 241
1 6 2
699 458
1 11 2
80 716
1 2 2
273 230
1 12 2
394 905
1 5 2
717 116
1 8 2
276 469
1 7 2
216 219
1 12 2
6 715
1 15 2
330 372
1 7 2
954 119
1 13 2
121 262
1 10 2
862 910
1 3 2
974 942
1 7 2
437 407
1 7 2
352 24
1 9 2
220 533
1 11 2
984 325
1 9 2
150 575
1 12 2
348 911
1 12 2
358 787
1 8 2
353 417
1 6 2
786 337
1 10 2
720 284
1 6 2
452 25
1 3 2
632 215
1 11 2
408 845
1 10 2
379 289
1 11 2
632 985
1 14 2
844 513
1 15 2
469 255
1 15 2
955 804
1 14 2
725 796
1 5 2
158 284
1 6 2
57 887
1 4 2
971 124
1 3 2
753 101
1 10 2
302 565
1 6 2
501 998
1 11 2
986 115
1 7 2
551 56
1 10 2
667 190
1 5 2
338 315
1 10 2
336 193
1 12 2
780 578
1 8 2
134 315
1 2 2
655 667
1 11 2
93 100
1 6 2
549 905
1 5 2
101 673
1 11 2
430 712
1 4 2
429 714
1 10 2
35 185
1 7 2
368 711
1 9 2
965 165
1 9 2
449 701
1 4 2
688 314
1 15 2
744 204
1 7 2
664 108
1 2 2
663 719
1 7 2
459 805
1 4 2
939 976
1 7 2
94 552
1 13 2
775 128
1 14 2
358 869
1 14 2
153 399
1 8 2
670 771
1 4 2
93 61
1 10 2
496 593
1 4 2
751 296
1 9 2
838 431
1 7 2
909 894
1 12 2
408 237
1 3 2
56 150
1 7 2
552 820
1 8 2
428 842
1 4 2
772 485
1 14 2
584 95
1 13 2
588 824
1 3 2
153 274
1 4 2
740 54
1 7 2
711 987
1 9 2
358 636
1 7 2
404 213
1 8 2
769 612
1 7 2
545 419
1 11 2
636 93
1 14 2
882 886
1 8 2
551 441
1 8 2
262 762
1 11 2
605 229
1 8 2
555 795
1 10 2
810 785
1 13 2
787 269
1 2 2
788 790
1 6 2
236 939
1 13 2
563 586
1 9 2
261 286
1 15 2
654 51
1 12 2
305 867
1 7 2
927 657
1 5 2
366 995
1 14 2
861 919
1 13 2
509 111
1 15 2
883 866
1 15 2
816 748
1 13 2
82 313
1 6 2
300 657
1 6 2
221 41
1 6 2
549 825
1 9 2
379 248
1 2 2
297 561
1 7 2
472 428
1 2 2
192 405
1 2 2
276 46
1 13 2
466 927
1 2 2
22 360
1 7 2
566 759
1 4 2
494 974
1 10 2
939 304
1 12 2
729 485
1 14 2
344 627
1 14 2
416 829
1 15 2
23 35
1 7 2
108 195
1 11 2
274 434
1 14 2
495 865
1 7 2
635 401
1 15 2
549 193
1 13 2
865 455
1 2 2
905 176
1 13 2
725 589
1 13 2
274 300
1 13 2
238 227
1 10 2
526 254
1 13 2
98 322
1 10 2
514 769
1 9 2
992 134
1 11 2
162 362
1 10 2
735 514
1 10 2
737 624
1 11 2
270 943
1 6 2
626 971
1 14 2
674 471
1 12 2
582 381
1 5 2
6 36
1 13 2
113 123
1 2 2
784 459
1 2 2
431 517
1 15 2
485 746
1 5 2
246 250
1 2 2
521 656
1 10 2
914 284
1 7 2
495 648
1 3 2
831 318
1 15 2
912 887
1 8 2
24 327
1 11 2
561 601
1 9 2
678 737
1 3 2
148 745
1 13 2
896 128
1 8 2
844 854
1 15 2
966 333
1 7 2
372 2
1 12 2
766 460
1 5 2
463 809
1 12 2
477 662
1 12 2
446 173
1 15 2
746 254
1 8 2
37 702
1 4 2
934 178
1 11 2
288 784
1 12 2
812 138
1 4 2
280 135
1 2 2
212 64
1 4 2
259 17
1 9 2
628 368
1 5 2
505 859
1 9 2
45 882
1 12 2
135 659
1 15 2
474 389
1 9 2
372 216
1 2 2
689 871
1 10 2
901 652
1 13 2
581 760
1 10 2
75 891
1 4 2
422 461
1 4 2
469 710
1 9 2
303 543
1 5 2
275 276
1 6 2
506 434
1 10 2
44 206
1 14 2
187 255
1 14 2
843 592
1 14 2
594 87
1 14 2
271 181
1 6 2
673 380
1 10 2
169 317
1 10 2
866 960
1 2 2
934 44
1 9 2
289 809
1 13 2
102 69
1 12 2
822 643
1 3 2
656 275
1 8 2
552 547
1 7 2
48 696
1 5 2
769 861
1 2 2
5 326
1 12 2
768 488
1 11 2
242 113
1 3 2
97 492
1 4 2
973 262
1 13 2
400 13
1 12 2
368 376
1 13 2
258 935
1 15 2
508 849
1 4 2
276 95
1 7 2
879 956
1 9 2
976 952
1 5 2
698 807
1 8 2
149 922
1 15 2
248 785
1 14 2
440 907
1 12 2
709 626
1 8 2
121 685
1 5 2
715 477
1 7 2
879 661
1 13 2
220 735
1 11 2
405 173
1 2 2
746 702
1 4 2
316 194
1 8 2
881 587
1 8 2
214 852
1 2 2
470 505
1 11 2
280 118
1 8 2
831 833
1 5 2
637 916
1 13 2
411 373
1 6 2
82 929
1 13 2
861 989
1 2 2
135 584
1 4 2
459 522
1 4 2
364 303
1 13 2
736 629
1 5 2
203 239
1 3 2
772 881
1 3 2
432 374
1 8 2
73 722
1 3 2
307 871
1 12 2
239 168
1 10 2
846 122
1 5 2
81 299
1 14 2
281 400
1 15 2
162 234
1 5 2
997 680
1 7 2
31 337
1 9 2
764 753
1 14 2
829 461
1 7 2
265 326
1 6 2
969 58
1 14 2
333 26
1 6 2
557 993
1 2 2
959 214
1 15 2
961 759
1 8 2
996 542
1 15 2
420 179
1 10 2
174 676
1 10 2
786 158
1 12 2
527 903
1 2 2
844 463
1 3 2
506 682
1 13 2
759 518
1 15 2
887 94
1 8 2
840 610
1 11 2
695 673
1 2 2
592 135
1 4 2
860 66
1 8 2
833 79
1 2 2
370 829
1 6 2
223 217
1 7 2
897 208
1 12 2
835 760
1 15 2
200 827
1 3 2
311 498
1 2 2
40 184
1 2 2
52 649
1 10 2
481 357
1 14 2
675 313
1 5 2
730 910
1 3 2
706 721
1 9 2
684 408
1 6 2
329 876
1 3 2
788 621
1 15 2
590 932
1 9 2
341 965
1 14 2
389 558
1 13 2
545 444
1 10 2
687 887
1 5 2
250 952
1 8 2
642 797
1 9 2
902 887
1 4 2
967 928
1 6 2
168 967
1 13 2
31 322
1 10 2
535 127
1 2 2
937 516
1 13 2
499 932
1 14 2
300 891
1 7 2
670 437
1 5 2
234 131
1 13 2
671 347
1 13 2
778 57
1 12 2
882 319
1 9 2
862 193
1 14 2
575 538
1 4 2
996 150
1 9 2
452 272
1 4 2
952 663
1 8 2
539 506
1 8 2
643 523
1 10 2
697 106
1 5 2
448 643
1 15 2
467 308
1 13 2
849 721
1 2 2
150 551
1 7 2
647 901
1 9 2
608 37
1 12 2
226 137
1 8 2
671 144
1 10 2
31 867
1 6 2
592 866
1 3 2
271 820
1 8 2
232 324
1 2 2
479 505
1 8 2
997 56
1 7 2
285 284
1 15 2
305 211
1 10 2
469 990
1 15 2
538 694
1 13 2
705 346
1 10 2
592 53
1 4 2
250 603
1 15 2
256 30
1 9 2
753 36
1 8 2
110 407
1 15 2
716 849
1 14 2
545 800
1 4 2
480 779
1 7 2
165 364
1 8 2
784 183
1 5 2
514 141
1 11 2
528 744
1 14 2
655 915
1 13 2
139 47
1 2 2
13 435
1 15 2
602 476
1 11 2
840 333
1 12 2
839 728
1 4 2
980 746
1 11 2
938 188
1 5 2
889 730
1 10 2
184 836
1 12 2
85 149
1 2 2
739 403
1 5 2
905 882
1 3 2
420 136
1 7 2
548 737
1 3 2
341 337
1 4 2
469 800
1 6 2
252 93
1 14 2
488 295
1 10 2
983 890
1 6 2
512 782
1 7 2
457 269
1 11 2
516 535
1 13 2
673 796
1 7 2
240 229
1 14 2
496 262
1 13 2
129 614
1 9 2
315 471
1 13 2
687 982
1 11 2
529 285
1 8 2
793 871
1 3 2
97 805
1 4 2
429 801
1 7 2
215 197
1 11 2
274 391
1 4 2
853 272
1 9 2
576 562
1 11 2
548 99
1 10 2
640 378
1 14 2
566 564
1 13 2
398 66
1 7 2
199 104
1 10 2
67 786
1 15 2
691 89
1 15 2
512 893
1 7 2
392 911
1 14 2
759 295
1 13 2
996 785
1 5 2
127 884
1 9 2
241 619
1 5 2
95 834
1 2 2
104 771
1 8 2
825 811
1 4 2
697 672
1 12 2
567 938
1 15 2
117 216
1 9 2
514 605
1 10 2
696 755
1 2 2
209 693
1 10 2
745 13
1 15 2
189 20
1 12 2
861 947
1 6 2
827 291
1 14 2
633 53
1 11 2
171 359
1 11 2
784 489
1 13 2
849 739
1 5 2
165 587
1 3 2
899 530
1 10 2
456 493
1 2 2
359 42
1 13 2
601 791
1 3 2
456 999
1 13 2
630 420
1 12 2
463 349
1 8 2
368 813
1 12 2
913 737
1 3 2
289 98
1 13 2
877 434
1 8 2
845 518
1 15 2
4 933
1 3 2
837 17
1 11 2
859 234
1 5 2
409 593
1 5 2
857 985
1 13 2
982 705
1 5 2
838 339
1 14 2
704 225
1 4 2
380 610
1 15 2
684 759
1 5 2
235 412
1 10 2
872 697
1 5 2
661 93
1 8 2
81 42
1 15 2
480 633
1 3 2
186 697
1 12 2
991 732
1 11 2
660 773
1 14 2
803 91
1 15 2
794 409
1 3 2
765 163
1 5 2
128 7
1 10 2
702 905
1 5 2
681 936
1 11 2
88 120
1 14 2
419 366
1 11 2
23 213
1 3 2
953 675
1 5 2
755 22
1 14 2
809 374
1 9 2
911 165
1 9 2
402 558
1 8 2
640 708
1 7 2
476 828
1 13 2
886 44
1 12 2
618 85
1 10 2
652 938
1 14 2
821 28
1 10 2
178 286
1 8 2
587 912
1 15 2
282 183
1 10 2
591 866
1 11 2
225 629
1 7 2
471 852
1 6 2
956 566
1 10 2
283 8
1 14 2
86 910
1 7 2
708 489
1 4 2
633 278
1 6 2
158 283
1 11 2
482 993
1 3 2
151 209
1 3 2
427 714
1 11 2
691 18
1 7 2
977 497
1 11 2
448 815
1 12 2
752 579
1 8 2
213 887
1 2 2
582 604
1 9 2
135 413
1 12 2
629 842
1 7 2
9 906
1 8 2
111 482
1 3 2
546 783
1 8 2
420 849
1 11 2
597 813
1 10 2
569 810
1 2 2
646 181
1 5 2
677 566
1 6 2
262 109
1 12 2
203 343
1 11 2
288 306
1 4 2
153 702
1 8 2
815 686
1 2 2
802 760
1 7 2
901 343
1 5 2
457 299
1 5 2
602 319
1 12 2
492 169
1 10 2
509 722
1 11 2
447 521
1 12 2
128 392
1 9 2
97 162
1 14 2
260 606
1 10 2
347 4
1 9 2
80 691
1 15 2
316 803
1 14 2
333 791
1 14 2
697 195
1 2 2
404 271
1 4 2
630 650
1 10 2
241 870
1 12 2
140 960
1 5 2
539 474
1 13 2
678 407
1 4 2
460 918
1 4 2
244 161
1 8 2
500 563
1 13 2
594 711
1 15 2
48 390
1 12 2
390 227
1 10 2
443 615
1 6 2
622 316
1 14 2
379 948
1 15 2
340 239
1 2 2
726 379
1 9 2
518 175
1 8 2
768 587
1 8 2
450 113
1 2 2
224 790
1 7 2
113 33
1 2 2
987 16
1 13 2
732 734
1 3 2
525 54
1 15 2
278 176
1 7 2
452 446
1 2 2
269 20
1 3 2
280 699
1 2 2
198 42
1 5 2
592 174
1 13 2
962 916
1 3 2
706 262
1 3 2
332 34
1 3 2
497 751
1 2 2
41 379
1 6 2
610 636
1 11 2
972 902
1 9 2
333 284
1 3 2
746 196
1 13 2
135 94
1 13 2
131 423
1 2 2
792 939
1 9 2
183 637
1 8 2
659 830
1 8 2
526 36
1 11 2
343 463
1 6 2
395 38
1 15 2
402 746
1 4 2
893 232
1 9 2
438 852
1 8 2
277 972
1 5 2
800 187
1 4 2
520 789
1 2 2
708 101
1 4 2
658 266
1 5 2
909 280
1 10 2
320 685
1 10 2
706 870
1 5 2
745 274
1 4 2
369 236
1 11 2
59 314
1 3 2
912 503
1 11 2
851 328
1 13 2
593 606
1 9 2
991 588
1 7 2
475 894
1 15 2
798 669
1 14 2
712 406
1 10 2
613 471
1 9 2
962 153
1 10 2
228 159
1 10 2
233 838
1 14 2
779 581
1 11 2
139 37
1 13 2
682 434
1 7 2
144 213
1 4 2
341 885
1 3 2
695 409
1 7 2
878 118
1 2 2
583 598
1 7 2
619 318
1 15 2
917 24
1 8 2
302 383
1 8 2
764 615
1 2 2
135 931
1 15 2
877 887
1 12 2
756 188
1 6 2
646 648
1 4 2
912 73
1 11 2
873 92
1 3 2
690 305
1 10 2
228 80
1 8 2
146 886
1 7 2
510 626
1 14 2
420 79
1 12 2
123 403
1 14 2
567 504
1 8 2
661 943
1 8 2
416 580
1 3 2
479 46
1 3 2
410 960
1 6 2
313 936
1 13 2
521 279
1 4 2
45 971
1 5 2
751 580
1 11 2
786 464
1 15 2
679 195
1 14 2
625 80
1 6 2
485 222
1 6 2
397 937
1 14 2
390 60
1 12 2
446 75
1 14 2
849 269
1 5 2
97 808
1 8 2
402 669
1 15 2
446 320
1 8 2
831 474
1 2 2
535 423
1 10 2
58 16
1 8 2
383 523
1 14 2
120 261
1 7 2
957 404
1 2 2
342 178
1 7 2
114 146
1 5 2
157 418
1 12 2
594 746
1 6 2
185 49
1 10 2
441 398
1 14 2
7 379
1 2 2
475 996
1 15 2
204 339
1 11 2
887 446
1 3 2
496 528
1 8 2
890 335
1 11 2
84 493
1 15 2
569 674
1 10 2
504 358
1 15 2
655 631
1 4 2
223 42
1 10 2
112 62
1 6 2
707 254
1 11 2
101 840
1 9 2
349 621
1 2 2
441 974
1 10 2
745 227
1 9 2
115 300
1 8 2
195 213
1 2 2
93 74
1 11 2
465 877
1 11 2
426 158
1 15 2
995 12
1 15 2
764 53
1 13 2
739 452
1 12 2
703 614
1 8 2
726 168
1 11 2
984 329
1 5 2
790 119
1 12 2
674 195
1 11 2
17 674
1 5 2
459 125
1 12 2
851 653
1 9 2
620 566
1 11 2
346 244
1 8 2
510 249
1 10 2
709 562
1 7 2
26 445
1 14 2
910 311
1 12 2
870 130
1 7 2
952 686
1 8 2
682 445
1 14 2
328 122
1 9 2
655 530
1 11 2
701 836
1 2 2
578 691
1 12 2
510 481
1 5 2
474 128
1 13 2
542 585
1 5 2
962 494
1 15 2
209 371
1 13 2
266 736
1 7 2
248 89
1 4 2
713 682
1 8 2
758 620
1 4 2
37 246
1 9 2
238 841
1 11 2
767 288
1 15 2
592 784
1 15 2
703 285
1 4 2
103 207
1 4 2
653 17
1 7 2
623 247
1 3 2
410 134
1 12 2
710 87
1 5 2
112 199
1 9 2
868 260
1 6 2
131 129
1 6 2
420 143
1 5 2
750 339
1 8 2
714 602
1 2 2
811 169
1 15 2
959 601
1 13 2
746 43
1 3 2
248 261
1 2 2
381 250
1 2 2
791 580
1 14 2
216 30
1 14 2
113 573
1 6 2
391 809
1 5 2
395 383
1 5 2
549 704
1 12 2
369 470
1 4 2
122 375
1 13 2
720 865
1 3 2
392 720
1 15 2
574 490
1 15 2
118 458
1 6 2
357 602
1 13 2
510 319
1 7 2
667 620
1 14 2
756 95
1 8 2
34 856
1 13 2
414 663
1 9 2
912 468
1 10 2
666 926
1 14 2
222 576
1 14 2
999 847
1 14 2
841 574
1 8 2
631 669
1 5 2
898 600
1 13 2
125 860
1 6 2
63 821
1 8 2
957 752
1 3 2
947 752
1 8 2
184 320
1 6 2
33 531
1 7 2
73 804
1 9 2
868 923
1 6 2
976 960
1 11 2
983 267
1 15 2
848 919
1 11 2
898 159
1 15 2
162 171
1 15 2
228 29
1 5 2
849 734
1 5 2
284 399
1 14 2
11 634
1 8 2
977 513
1 14 2
77 694
1 11 2
693 560
1 13 2
862 483
1 5 2
903 920
1 8 2
748 234
1 15 2
195 759
1 4 2
315 909
1 8 2
163 317
1 4 2
682 752
1 6 2
518 166
1 12 2
457 183
1 12 2
473 159
1 7 2
596 437
1 10 2
593 639
1 13 2
869 196
1 10 2
925 997
1 3 2
545 332
1 7 2
283 13
1 11 2
912 442
1 12 2
378 445
1 4 2
777 923
1 5 2
458 256
1 5 2
615 372
1 5 2
734 652
1 6 2
405 689
1 10 2
204 388
1 5 2
423 940
1 13 2
828 112
1 8 2
41 148
1 15 2
892 363
1 7 2
253 468
1 15 2
492 340
1 8 2
637 17
1 15 2
964 127
1 2 2
682 284
1 5 2
340 702
1 3 2
292 358
1 15 2
506 467
1 2 2
690 734
1 8 2
939 352
1 14 2
263 984
1 8 2
168 901
1 13 2
29 941
1 7 2
85 928
1 15 2
625 663
1 14 2
577 299
1 15 2
727 215
1 14 2
603 308
1 15 2
522 418
1 11 2
514 76
1 14 2
429 580
1 9 2
759 367
1 2 2
545 739
1 13 2
304 175
1 11 2
971 436
1 12 2
694 278
1 7 2
553 740
1 12 2
513 19
1 12 2
512 912
1 4 2
226 9
1 10 2
3 471
1 2 2
636 928
1 5 2
606 444
1 13 2
896 239
1 11 2
569 337
1 5 2
679 335
1 2 2
853 503
1 10 2
381 536
1 7 2
542 233
1 10 2
815 332
1 2 2
123 304
1 3 2
55 827
1 7 2
424 67
1 10 2
751 790
1 2 2
625 391
1 14 2
993 940
1 10 2
937 781
1 14 2
182 133
1 11 2
821 342
1 6 2
96 173
1 2 2
967 107
1 4 2
414 869
1 6 2
774 496
1 3 2
294 946
1 13 2
429 992
1 15 2
939 577
1 8 2
99 205
1 5 2
918 330
1 4 2
205 285
1 5 2
276 831
1 6 2
869 302
1 13 2
186 817
1 12 2
212 857
1 4 2
594 432
1 7 2
243 506
1 13 2
283 878
1 2 2
773 278
1 14 2
855 929
1 6 2
510 437
1 2 2
156 925
1 3 2
469 870
1 7 2
255 406
1 14 2
119 314
1 10 2
949 582
1 14 2
71 364
1 10 2
791 795
1 14 2
527 100
1 14 2
625 66
1 5 2
73 564
1 9 2
109 457
1 11 2
167 973
1 2 2
845 953
1 6 2
730 137
1 11 2
65 476
1 2 2
256 380
1 9 2
565 604
1 11 2
231 197
1 5 2
247 892
1 2 2
366 576
1 6 2
842 682
1 2 2
443 843
1 5 2
107 341
1 9 2
581 160
1 7 2
564 626
1 9 2
105 611
1 5 2
378 620
1 2 2
474 762
1 3 2
857 13
1 6 2
610 221
1 5 2
645 890
1 13 2
881 0
1 2 2
204 960
1 14 2
128 752
1 11 2
247 272
1 7 2
46 409
1 9 2
499 824
1 3 2
583 101
1 15 2
843 202
1 9 2
764 947
1 14 2
31 762
1 11 2
222 416
1 11 2
726 748
1 13 2
288 552
1 14 2
971 267
1 9 2
353 96
1 11 2
210 120
1 7 2
401 355
1 8 2
808 979
1 6 2
48 518
1 9 2
512 217
1 11 2
645 855
1 9 2
779 195
1 10 2
511 317
1 8 2
970 93
1 3 2
714 317
1 5 2
529 214
1 10 2
377 618
1 14 2
571 320
1 3 2
346 353
1 7 2
320 215
1 4 2
940 333
1 9 2
740 825
1 3 2
686 122
1 9 2
48 442
1 15 2
214 706
1 12 2
91 499
1 3 2
346 407
1 6 2
750 720
1 10 2
568 477
1 2 2
625 539
1 8 2
989 493
1 3 2
780 982
1 3 2
91 945
1 4 2
23 211
1 9 2
294 385
1 6 2
664 685
1 2 2
469 421
1 4 2
272 861
1 6 2
354 802
1 6 2
891 185
1 3 2
338 805
1 13 2
900 849
1 8 2
445 668
1 15 2
214 67
1 2 2
994 486
1 3 2
89 867
1 14 2
47 313
1 8 2
396 567
1 15 2
89 615
1 2 2
313 400
1 2 2
720 751
1 2 2
143 214
1 15 2
723 31
1 14 2
39 906
1 4 2
771 702
1 10 2
523 809
1 13 2
416 518
1 3 2
488 551
1 7 2
665 356
1 15 2
346 686
1 5 2
690 94
1 13 2
224 158
1 9 2
309 43
1 10 2
426 145
1 10 2
643 135
1 4 2
737 82
1 8 2
340 839
1 7 2
207 361
1 14 2
284 512
1 4 2
782 228
1 14 2
769 243
1 6 2
806 327
1 14 2
593 834
1 6 2
895 236
1 2 2
956 203
1 3 2
321 282
1 4 2
609 759
1 15 2
114 378
1 5 2
351 435
1 11 2
966 929
1 7 2
305 342
1 12 2
727 959
1 14 2
254 861
1 4 2
316 72
1 8 2
745 321
1 4 2
240 377
1 4 2
994 988
1 11 2
630 277
1 12 2
963 568
1 12 2
186 693
1 11 2
855 360
1 14 2
310 895
1 8 2
262 540
1 3 2
489 125
1 7 2
26 197
1 5 2
641 215
1 9 2
622 151
1 11 2
824 630
1 4 2
891 640
1 5 2
936 101
1 13 2
160 904
1 4 2
536 217
1 14 2
632 228
1 8 2
311 134
1 7 2
680 874
1 11 2
554 191
1 7 2
359 623
1 13 2
715 853
1 6 2
286 548
1 5 2
356 100
1 3 2
997 213
1 15 2
592 10
1 13 2
346 354
1 12 2
83 373
1 5 2
632 140
1 5 2
984 381
1 3 2
535 446
1 13 2
502 551
1 6 2
500 318
1 8 2
26 596
1 7 2
340 100
1 10 2
440 414
1 4 2
35 274
1 14 2
877 964
1 12 2
554 575
1 11 2
400 649
1 9 2
942 673
1 8 2
411 412
1 15 2
460 700
1 11 2
757 906
1 8 2
110 221
1 2 2
620 642
1 15 2
503 473
1 9 2
665 106
1 8 2
478 968
1 13 2
700 995
1 9 2
424 649
1 13 2
878 266
1 6 2
169 523
1 9 2
36 89
1 3 2
979 32
1 13 2
570 255
1 6 2
523 405
1 12 2
836 109
1 5 2
464 609
1 4 2
567 154
1 11 2
889 552
1 14 2
571 492
1 9 2
626 197
1 9 2
123 277
1 15 2
616 13
1 2 2
806 168
1 15 2
939 340
1 11 2
313 300
1 13 2
248 521
1 15 2
835 378
1 3 2
374 644
1 10 2
555 82
1 3 2
247 614
1 5 2
843 53
1 5 2
205 460
1 5 2
723 24
1 10 2
567 482
1 9 2
968 208
1 14 2
42 129
1 2 2
118 41
1 5 2
928 654
1 2 2
437 240
1 9 2
519 920
1 2 2
235 456
1 8 2
34 119
1 13 2
414 227
1 5 2
846 420
1 3 2
654 897
1 15 2
181 274
1 7 2
748 668
1 7 2
226 942
1 8 2
91 314
1 2 2
361 912
1 9 2
254 747
1 15 2
547 401
1 9 2
0 472
1 2 2
620 19
1 6 2
775 895
1 11 2
452 544
1 8 2
897 760
1 5 2
569 411
1 6 2
139 852
1 3 2
441 525
1 10 2
757 135
1 10 2
893 394
1 15 2
601 449
1 13 2
471 494
1 10 2
819 297
1 6 2
568 220
1 14 2
359 940
1 7 2
422 527
1 5 2
632 721
1 11 2
938 219
1 3 2
126 741
1 12 2
15 962
1 2 2
864 978
1 10 2
57 853
1 4 2
111 574
1 4 2
68 844
1 6 2
107 21
1 9 2
146 926
1 6 2
599 230
1 5 2
473 522
1 8 2
994 592
1 3 2
386 971
1 6 2
867 817
1 7 2
428 323
1 5 2
732 367
1 12 2
808 455
1 6 2
823 189
1 2 2
232 980
1 15 2
400 891
1 12 2
23 997
1 2 2
594 782
1 4 2
631 272
1 7 2
679 797
1 10 2
210 8
1 4 2
728 750
1 15 2
621 275
1 12 2
931 304
1 7 2
409 507
1 7 2
642 85
1 12 2
531 283
1 9 2
30 140
1 5 2
867 242
1 13 2
357 951
1 15 2
450 375
1 6 2
26 733
1 4 2
798 219
1 15 2
585 383
1 8 2
438 688
1 5 2
625 558
1 7 2
559 149
1 14 2
995 68
1 14 2
474 516
1 11 2
827 741
1 11 2
165 63
1 4 2
377 444
1 11 2
540 682
1 7 2
835 169
1 12 2
707 392
1 10 2
159 889
1 6 2
479 759
1 5 2
727 677
1 9 2
105 440
1 14 2
455 106
1 3 2
479 751
1 6 2
778 501
1 4 2
92 762
1 3 2
158 785
1 7 2
828 227
1 7 2
755 187
1 9 2
706 722
1 8 2
287 564
1 2 2
802 185
1 2 2
10 810
1 8 2
629 989
1 9 2
156 315
1 14 2
385 476
1 13 2
338 217
1 6 2
116 180
1 10 2
157 294
1 10 2
229 689
1 7 2
701 816
1 10 2
517 321
1 11 2
824 690
1 15 2
88 246
1 12 2
116 955
1 3 2
613 116
1 7 2
4 34
1 14 2
949 926
1 7 2
583 300
1 5 2
195 321
1 4 2
685 630
1 8 2
947 362
1 12 2
280 418
1 14 2
201 802
1 10 2
975 950
1 11 2
308 576
1 3 2
2 300
1 11 2
689 303
1 4 2
154 199
1 2 2
950 948
1 14 2
448 645
1 10 2
787 886
1 10 2
699 80
1 3 2
940 292
1 6 2
343 66
1 3 2
768 450
1 6 2
259 771
1 2 2
643 131
1 3 2
41 47
1 11 2
894 396
1 11 2
428 207
1 4 2
603 91
1 4 2
135 83
1 6 2
408 543
1 2 2
612 958
1 3 2
583 172
1 14 2
357 582
1 9 2
328 640
1 13 2
372 284
1 15 2
386 847
1 7 2
760 505
1 13 2
7 795
1 13 2
955 266
1 12 2
565 359
1 2 2
484 512
1 12 2
78 474
1 6 2
460 703
1 10 2
416 287
1 8 2
224 567
1 12 2
658 17
1 15 2
107 757
1 12 2
942 602
1 5 2
625 930
1 2 2
938 511
1 5 2
172 560
1 8 2
875 417
1 6 2
930 322
1 10 2
341 937
1 12 2
620 272
1 6 2
171 269
1 12 2
343 954
1 2 2
450 618
1 13 2
778 741
1 4 2
14 791
1 14 2
540 990
1 4 2
772 733
1 15 2
516 973
1 5 2
252 448
1 13 2
719 496
1 5 2
70 358
1 7 2
1 22
1 7 2
960 224
1 4 2
934 698
1 6 2
892 883
1 14 2
759 53
1 3 2
487 722
1 10 2
25 944
1 14 2
409 712
1 7 2
269 656
1 4 2
452 458
1 2 2
715 954
1 3 2
221 795
1 10 2
610 65
1 8 2
141 92
1 9 2
889 666
1 11 2
341 838
1 13 2
325 289
1 15 2
865 877
1 14 2
997 724
1 8 2
206 172
1 5 2
63 948
1 15 2
622 491
1 10 2
688 166
1 7 2
307 705
1 14 2
614 162
1 2 2
350 673
1 4 2
671 874
1 7 2
451 126
1 2 2
900 483
1 14 2
313 219
1 12 2
990 484
1 12 2
568 595
1 9 2
358 50
1 14 2
952 396
1 3 2
602 519
1 8 2
195 901
1 4 2
555 949
1 5 2
897 322
1 15 2
687 399
1 12 2
618 841
1 7 2
267 438
1 7 2
216 420
1 12 2
168 596
1 14 2
580 969
1 6 2
972 770
1 5 2
572 604
1 8 2
673 864
1 2 2
396 785
1 13 2
663 228
1 2 2
155 749
1 11 2
289 492
1 5 2
443 316
1 15 2
807 583
1 13 2
652 113
1 12 2
145 15
1 15 2
134 967
1 14 2
946 789
1 14 2
799 740
1 7 2
993 472
1 3 2
569 164
1 11 2
804 917
1 10 2
604 134
1 13 2
989 316
1 8 2
965 254
1 2 2
928 436
1 5 2
752 47
1 12 2
800 237
1 12 2
209 291
1 7 2
319 275
1 11 2
357 723
1 12 2
701 842
1 6 2
633 989
1 11 2
584 320
1 6 2
339 798
1 6 2
443 361
1 12 2
753 680
1 13 2
988 940
1 9 2
152 498
1 11 2
975 997
1 11 2
107 918
1 15 2
820 943
1 3 2
584 860
1 3 2
57 671
1 6 2
216 996
1 15 2
795 378
1 8 2
529 108
1 10 2
263 966
1 3 2
586 189
1 5 2
550 150
1 13 2
367 863
1 13 2
98 645
1 6 2
807 838
1 3 2
736 907
1 13 2
590 750
1 9 2
745 984
1 13 2
219 836
1 11 2
502 378
1 14 2
261 385
1 12 2
265 267
1 5 2
596 260
1 12 2
40 328
1 3 2
917 420
1 5 2
135 342
1 11 2
698 66
1 12 2
252 77
1 13 2
929 818
1 11 2
753 218
1 7 2
870 346
1 15 2
877 74
1 6 2
191 186
1 6 2
318 5
1 9 2
970 400
1 5 2
685 758
1 3 2
19 327
1 14 2
565 551
1 11 2
465 968
1 10 2
88 75
1 7 2
897 621
1 2 2
51 357
1 12 2
342 615
1 4 2
64 469
1 14 2
957 968
1 7 2
570 920
1 5 2
917 40
1 6 2
123 686
1 5 2
127 893
1 9 2
742 389
1 5 2
971 339
1 13 2
444 851
1 15 2
887 196
1 13 2
319 106
1 4 2
438 360
1 12 2
550 880
1 10 2
147 504
1 7 2
308 800
1 7 2
899 456
1 9 2
204 543
1 9 2
691 545
1 7 2
933 937
1 15 2
315 817
1 15 2
936 372
1 4 2
428 767
1 9 2
645 412
1 13 2
296 48
1 13 2
157 657
1 3 2
138 798
1 5 2
807 176
1 8 2
726 750
1 14 2
713 762
1 8 2
607 938
1 9 2
825 447
1 10 2
201 4
1 6 2
631 564
1 12 2
990 866
1 14 2
486 887
1 12 2
835 249
1 11 2
334 500
1 10 2
979 343
1 2 2
989 755
1 14 2
891 218
1 6 2
306 605
1 13 2
561 657
1 3 2
65 519
1 5 2
531 65
1 13 2
280 614
1 13 2
540 616
1 13 2
327 366
1 8 2
302 381
1 15 2
617 532
1 15 2
581 119
1 3 2
225 690
1 7 2
728 251
1 7 2
148 186
1 14 2
241 19
1 13 2
15 30
1 7 2
164 410
1 9 2
207 115
1 13 2
437 875
1 10 2
274 527
1 5 2
113 22
1 15 2
288 300
1 12 2
247 467
1 15 2
566 559
1 2 2
172 616
1 4 2
231 242
1 3 2
798 187
1 15 2
601 750
1 9 2
50 763
1 3 2
693 264
1 14 2
161 64
1 10 2
506 243
1 10 2
579 623
1 2 2
597 231
1 8 2
11 509
1 14 2
780 658
1 6 2
750 27
1 14 2
745 85
1 4 2
779 442
1 14 2
188 168
1 6 2
780 680
1 2 2
930 139
1 12 2
921 268
1 5 2
710 898
1 14 2
263 567
1 4 2
225 94
1 15 2
30 989
1 8 2
633 42
1 9 2
143 512
1 5 2
177 324
1 13 2
536 293
1 3 2
914 55
1 3 2
112 314
1 6 2
425 621
1 9 2
768 815
1 13 2
563 576
1 14 2
588 299
1 6 2
199 965
1 6 2
862 190
1 9 2
180 81
1 9 2
199 365
1 9 2
379 441
1 3 2
92 913
1 7 2
848 481
1 13 2
568 871
1 6 2
907 385
1 11 2
335 539
1 11 2
939 497
1 5 2
194 92
1 5 2
169 500
1 7 2
676 307
1 14 2
576 621
1 15 2
219 762
1 13 2
168 102
1 11 2
261 925
1 9 2
554 650
1 12 2
307 491
1 14 2
451 238
1 4 2
271 957
1 7 2
559 374
1 9 2
769 789
1 9 2
300 175
1 11 2
525 540
1 12 2
678 866
1 15 2
121 481
1 11 2
471 898
1 14 2
350 942
1 11 2
230 774
1 5 2
934 37
1 5 2
933 202
1 4 2
133 937
1 15 2
935 146
1 3 2
13 990
1 11 2
229 736
1 15 2
439 795
1 11 2
436 372
1 12 2
89 458
1 4 2
306 166
1 3 2
490 500
1 6 2
616 425
1 4 2
249 520
1 11 2
389 187
1 10 2
176 754
1 5 2
708 261
1 13 2
575 783
1 4 2
75 265
1 4 2
847 714
1 10 2
829 28
1 4 2
65 448
1 9 2
522 799
1 15 2
651 960
1 11 2
855 744
1 9 2
398 682
1 6 2
835 754
1 10 2
606 720
1 9 2
768 418
1 7 2
913 801
1 10 2
249 152
1 5 2
523 707
1 12 2
944 551
1 9 2
190 535
1 12 2
542 516
1 9 2
342 623
1 6 2
160 355
1 15 2
693 936
1 9 2
524 957
1 12 2
52 498
1 15 2
643 242
1 2 2
437 777
1 4 2
484 175
1 10 2
547 60
1 13 2
967 239
1 3 2
641 919
1 3 2
547 553
1 3 2
524 880
1 3 2
742 285
1 6 2
988 587
1 7 2
321 594
1 3 2
655 711
1 7 2
156 204
1 15 2
73 384
1 13 2
640 142
1 4 2
780 700
1 4 2
130 121
1 15 2
283 42
1 4 2
601 763
1 8 2
137 32
1 12 2
285 85
1 7 2
770 76
1 10 2
416 510
1 4 2
580 931
1 12 2
326 917
1 15 2
937 916
1 9 2
110 137
1 9 2
868 86
1 13 2
608 921
1 13 2
346 841
1 14 2
302 353
1 11 2
919 814
1 6 2
891 47
1 7 2
227 646
1 3 2
415 679
1 11 2
338 781
1 9 2
400 640
1 12 2
115 292
1 9 2
460 46
1 3 2
583 945
1 6 2
591 62
1 13 2
697 436
1 10 2
172 271
1 15 2
992 617
1 4 2
101 473
1 13 2
770 85
1 12 2
953 545
1 6 2
611 410
1 8 2
375 815
1 9 2
137 111
1 13 2
185 946
1 11 2
177 279
1 11 2
598 479
1 8 2
397 602
1 3 2
734 920
1 12 2
351 643
1 4 2
844 94
1 7 2
590 340
1 10 2
275 570
1 3 2
310 605
1 2 2
674 911
1 13 2
937 753
1 11 2
548 843
1 14 2
797 981
1 6 2
793 286
1 8 2
997 450
1 3 2
705 227
1 15 2
68 243
1 4 2
254 269
1 9 2
674 254
1 11 2
759 894
1 9 2
77 750
1 13 2
232 773
1 2 2
951 863
1 8 2
356 944
1 9 2
550 304
1 7 2
676 880
1 13 2
264 807
1 15 2
501 940
1 9 2
28 532
1 14 2
619 169
1 3 2
747 433
1 3 2
639 356
1 2 2
771 68
1 8 2
208 164
1 6 2
549 45
1 12 2
389 255
1 5 2
114 96
1 5 2
907 985
1 3 2
991 863
1 14 2
869 563
1 7 2
784 104
1 12 2
628 90
1 8 2
734 45
1 12 2
305 151
1 4 2
611 194
1 8 2
193 318
1 8 2
163 877
1 12 2
308 370
1 13 2
691 312
1 3 2
971 946
1 14 2
387 750
1 3 2
462 455
1 15 2
859 862
1 15 2
42 140
1 3 2
772 550
1 15 2
106 577
1 7 2
690 713
1 5 2
117 391
1 13 2
261 247
1 5 2
139 606
1 15 2
919 191
1 15 2
956 76
1 2 2
555 23
1 9 2
97 764
1 12 2
619 671
1 5 2
976 747
1 13 2
443 990
1 13 2
338 709
1 15 2
921 940
1 14 2
852 35
1 12 2
553 121
1 14 2
365 706
1 11 2
333 125
1 10 2
965 536
1 12 2
159 473
1 5 2
322 73
1 12 2
88 371
1 12 2
155 195
1 11 2
126 719
1 7 2
170 8
1 5 2
843 107
1 3 2
272 228
1 4 2
894 709
1 3 2
289 190
1 12 2
334 259
1 2 2
22 606
1 7 2
170 125
1 12 2
225 200
1 8 2
361 39
1 12 2
0 452
1 5 2
769 369
1 14 2
139 174
1 14 2
870 958
1 15 2
883 275
1 11 2
968 497
1 2 2
608 207
1 11 2
754 32
1 15 2
443 71
1 8 2
679 22
1 7 2
149 881
1 5 2
231 429
1 8 2
47 283
1 4 2
746 99
1 7 2
165 378
1 13 2
508 59
1 13 2
413 402
1 5 2
111 25
1 13 2
743 761
1 3 2
523 145
1 11 2
112 564
1 4 2
863 23
1 2 2
679 776
1 6 2
648 452
1 11 2
321 473
1 12 2
56 51
1 8 2
139 422
1 14 2
770 477
1 11 2
449 26
1 4 2
972 132
1 12 2
605 721
1 11 2
307 899
1 3 2
269 1
1 8 2
170 678
1 7 2
247 244
1 6 2
588 520
1 11 2
328 494
1 14 2
623 459
1 10 2
664 818
1 14 2
647 419
1 11 2
510 528
1 7 2
774 581
1 11 2
253 220
1 12 2
831 266
1 10 2
962 138
1 13 2
298 22
1 12 2
441 240
1 11 2
528 337
1 3 2
96 414
1 9 2
419 860
1 9 2
410 210
1 4 2
162 386
1 8 2
98 694
1 14 2
426 544
1 2 2
173 695
1 4 2
476 816
1 4 2
983 947
1 12 2
984 768
1 6 2
955 754
1 2 2
895 831
1 7 2
756 381
1 14 2
858 130
1 13 2
186 454
1 7 2
104 879
1 7 2
52 947
1 4 2
219 527
1 13 2
657 813
1 13 2
712 553
1 12 2
80 940
1 2 2
495 22
1 12 2
269 493
1 15 2
100 575
1 12 2
374 597
1 9 2
273 61
1 13 2
74 986
1 5 2
581 675
1 9 2
581 934
1 9 2
955 664
1 5 2
349 717
1 4 2
74 300
1 15 2
739 358
1 9 2
888 773
1 13 2
489 941
1 5 2
217 478
1 2 2
267 485
1 10 2
859 732
1 9 2
227 817
1 3 2
552 453
1 10 2
636 490
1 15 2
262 818
1 6 2
123 627
1 3 2
263 331
1 2 2
974 709
1 13 2
938 936
1 3 2
903 401
1 12 2
362 364
1 8 2
296 152
1 8 2
544 727
1 5 2
53 125
1 8 2
123 805
1 3 2
425 421
1 8 2
315 401
1 5 2
190 209
1 15 2
49 104
1 15 2
320 45
1 14 2
296 889
1 5 2
543 387
1 7 2
197 388
1 3 2
921 774
1 2 2
286 879
1 11 2
823 210
1 13 2
761 286
1 13 2
872 896
1 10 2
789 912
1 10 2
214 724
1 14 2
883 283
1 12 2
533 223
1 11 2
675 844
1 10 2
307 651
1 9 2
192 20
1 14 2
573 180
1 9 2
826 509
1 5 2
503 737
1 9 2
284 277
1 6 2
433 52
1 11 2
504 938
1 9 2
463 936
1 6 2
494 214
1 13 2
722 31
1 4 2
229 980
1 6 2
345 469
1 9 2
380 713
1 6 2
982 63
1 10 2
236 454
1 2 2
905 417
1 14 2
80 161
1 14 2
570 308
1 11 2
791 481
1 11 2
674 515
1 11 2
402 885
1 4 2
632 542
1 15 2
197 192
1 2 2
824 902
1 8 2
574 548
1 10 2
597 62
1 9 2
892 682
1 2 2
943 159
1 9 2
181 251
1 14 2
208 301
1 8 2
865 79
1 12 2
392 352
1 13 2
471 796
1 6 2
496 29
1 6 2
285 142
1 2 2
218 345
1 14 2
329 237
1 6 2
745 43
1 9 2
316 56
1 5 2
343 826
1 14 2
425 181
1 13 2
619 680
1 8 2
635 940
1 4 2
213 120
1 12 2
434 252
1 10 2
749 485
1 4 2
935 956
1 10 2
604 136
1 11 2
952 859
1 9 2
7 605
1 13 2
807 998
1 2 2
285 509
1 10 2
147 441
1 13 2
769 857
1 3 2
62 484
1 5 2
209 444
1 7 2
275 430
1 14 2
565 164
1 13 2
363 901
1 9 2
568 973
1 14 2
658 553
1 12 2
472 762
1 8 2
930 548
1 8 2
92 861
1 2 2
980 732
1 9 2
728 161
1 4 2
773 470
1 5 2
351 192
1 5 2
478 573
1 7 2
504 42
1 11 2
608 406
1 5 2
125 896
1 15 2
299 735
1 9 2
163 250
1 13 2
845 792
1 12 2
173 603
1 3 2
334 542
1 12 2
389 962
1 6 2
843 98
1 7 2
122 152
1 13 2
673 35
1 15 2
956 603
1 6 2
1 282
1 2 2
887 198
1 5 2
731 971
1 5 2
676 202
1 4 2
285 398
1 3 2
95 363
1 10 2
994 29
1 13 2
997 583
1 3 2
353 908
1 11 2
902 180
1 7 2
813 540
1 3 2
993 588
1 3 2
982 352
1 13 2
864 338
1 4 2
644 652
1 4 2
131 786
1 9 2
193 503
1 11 2
64 800
1 9 2
260 960
1 10 2
505 130
1 8 2
695 839
1 11 2
942 364
1 6 2
672 444
1 14 2
353 170
1 12 2
626 55
1 2 2
14 661
1 9 2
823 951
1 8 2
72 583
1 7 2
231 803
1 4 2
14 141
1 4 2
911 655
1 4 2
541 993
1 7 2
233 973
1 5 2
875 457
1 3 2
615 28
1 11 2
641 825
1 15 2
450 553
1 9 2
857 793
1 10 2
369 294
1 8 2
542 422
1 3 2
576 465
1 10 2
89 593
1 14 2
567 23
1 5 2
325 620
1 15 2
792 57
1 11 2
749 636
1 13 2
680 226
1 4 2
33 494
1 4 2
147 306
1 11 2
718 993
1 4 2
888 980
1 11 2
817 626
1 14 2
352 265
1 14 2
914 875
1 5 2
263 433
1 12 2
827 905
1 7 2
591 728
1 14 2
946 552
1 15 2
470 945
1 3 2
304 854
1 9 2
57 547
1 2 2
134 633
1 4 2
657 398
1 3 2
549 286
1 12 2
838 264
1 9 2
86 791
1 15 2
850 966
1 10 2
173 937
1 4 2
943 156
1 12 2
119 885
1 9 2
573 483
1 15 2
380 280
1 4 2
745 198
1 8 2
769 83
1 2 2
109 709
1 7 2
551 151
1 14 2
347 509
1 15 2
717 460
1 15 2
717 198
1 9 2
603 391
1 3 2
746 308
1 2 2
551 310
1 8 2
223 670
1 8 2
898 298
1 10 2
846 271
1 2 2
649 677
1 3 2
468 964
1 5 2
139 971
1 12 2
844 173
1 15 2
84 814
1 12 2
438 136
1 10 2
604 637
1 10 2
432 67
1 10 2
926 210
1 6 2
306 933
1 11 2
261 384
1 13 2
584 173
1 14 2
642 734
1 5 2
125 93
1 14 2
712 857
1 12 2
949 424
1 4 2
96 964
1 7 2
302 427
1 10 2
956 932
1 5 2
747 549
1 10 2
107 864
1 2 2
966 448
1 2 2
544 21
1 5 2
609 883
1 12 2
670 964
1 5 2
831 483
1 10 2
114 154
1 8 2
594 48
1 11 2
597 979
1 2 2
303 579
1 11 2
501 365
1 15 2
592 767
1 5 2
582 532
1 6 2
196 769
1 15 2
339 724
1 12 2
228 465
1 13 2
690 600
1 4 2
139 533
1 11 2
721 689
1 8 2
821 430
1 5 2
431 263
1 11 2
826 687
1 12 2
778 367
1 4 2
238 44
1 7 2
300 206
1 9 2
617 85
1 5 2
142 738
1 9 2
672 853
1 12 2
96 955
1 9 2
662 53
1 6 2
755 910
1 11 2
657 421
1 15 2
888 634
1 8 2
930 539
1 9 2
74 406
1 15 2
823 879
1 15 2
116 156
1 10 2
876 218
1 12 2
244 788
1 13 2
94 258
1 15 2
133 330
1 11 2
921 931
1 14 2
176 634
1 14 2
190 625
1 11 2
574 74
1 6 2
791 286
1 5 2
644 97
1 8 2
458 662
1 9 2
53 667
1 8 2
820 977
1 3 2
757 442
1 3 2
776 265
1 7 2
32 381
1 8 2
259 756
1 13 2
704 269
1 9 2
0 863
1 3 2
693 356
1 13 2
479 133
1 11 2
850 453
1 6 2
504 757
1 8 2
242 593
1 15 2
706 916
1 4 2
221 114
1 12 2
714 528
1 4 2
269 724
1 9 2
175 348
1 5 2
638 861
1 7 2
51 117
1 15 2
8 185
1 10 2
460 538
1 6 2
575 342
1 6 2
399 688
1 11 2
69 497
1 2 2
978 789
1 5 2
113 999
1 15 2
487 19
1 15 2
975 357
1 15 2
331 276
1 7 2
19 551
1 12 2
754 372
1 15 2
900 913
1 13 2
684 925
1 8 2
479 117
1 15 2
132 89
1 7 2
281 826
1 10 2
985 834
1 15 2
553 251
1 7 2
344 723
1 5 2
862 409
1 3 2
710 541
1 8 2
383 845
1 2 2
188 648
1 15 2
732 836
1 12 2
918 56
1 9 2
882 208
1 15 2
410 686
1 4 2
838 343
1 13 2
455 579
1 13 2
463 976
1 9 2
444 251
1 3 2
259 258
1 13 2
129 879
1 14 2
805 558
1 15 2
63 829
1 9 2
757 728
1 10 2
675 872
1 11 2
345 584
1 8 2
568 305
1 15 2
152 999
1 7 2
708 307
1 2 2
75 428
1 6 2
577 722
1 9 2
385 290
1 2 2
393 891
1 4 2
710 605
1 2 2
193 123
1 3 2
425 225
1 11 2
262 454
1 2 2
467 658
1 7 2
840 784
1 5 2
790 914
1 2 2
681 258
1 12 2
916 31
1 6 2
238 591
1 4 2
974 931
1 3 2
662 442
1 3 2
413 692
1 4 2
562 105
1 10 2
270 441
1 3 2
670 224
1 14 2
971 106
1 12 2
404 184
1 14 2
160 529
1 14 2
137 229
1 8 2
172 897
1 5 2
523 485
1 14 2
886 305
1 12 2
637 331
1 8 2
540 765
1 6 2
18 308
1 9 2
355 241
1 7 2
280 564
1 15 2
717 842
1 14 2
462 46
1 13 2
225 474
1 4 2
990 72
1 14 2
488 471
1 14 2
888 769
1 4 2
325 871
1 6 2
419 92
1 7 2
838 358
1 8 2
676 139
1 14 2
563 119
1 6 2
382 761
1 8 2
40 397
1 13 2
312 10
1 6 2
488 771
1 5 2
648 129
1 7 2
688 303
1 14 2
541 545
1 11 2
910 996
1 8 2
760 751
1 15 2
400 157
1 9 2
381 545
1 15 2
586 734
1 13 2
492 468
1 13 2
406 12
1 8 2
158 619
1 12 2
207 417
1 9 2
920 185
1 7 2
456 587
1 8 2
206 485
1 7 2
768 465
1 10 2
439 673
1 13 2
134 196
1 14 2
536 958
1 4 2
586 431
1 11 2
540 767
1 11 2
401 184
1 6 2
905 438
1 6 2
0 137
1 12 2
617 728
1 6 2
852 669
1 10 2
960 609
1 13 2
237 110
1 12 2
385 260
1 12 2
183 305
1 11 2
445 280
1 13 2
76 46
1 8 2
579 262
1 12 2
552 383
1 5 2
837 381
1 15 2
219 820
1 9 2
971 190
1 10 2
952 91
1 2 2
232 595
1 5 2
33 204
1 13 2
508 30
1 12 2
72 161
1 15 2
65 913
1 8 2
389 143
1 10 2
838 477
1 4 2
151 797
1 12 2
405 516
1 4 2
622 893
1 7 2
438 146
1 7 2
601 440
1 9 2
879 151
1 13 2
50 126
1 10 2
271 901
1 15 2
768 440
1 4 2
553 825
1 14 2
257 659
1 8 2
989 62
1 8 2
939 35
1 4 2
227 715
1 8 2
287 304
1 2 2
308 161
1 4 2
57 823
1 15 2
410 213
1 7 2
615 172
1 4 2
789 489
1 11 2
741 621
1 13 2
751 893
1 13 2
461 532
1 10 2
746 304
1 5 2
633 586
1 10 2
815 824
1 5 2
774 21
1 11 2
102 603
1 2 2
319 454
1 12 2
774 873
1 4 2
40 214
1 13 2
843 936
1 8 2
360 485
1 5 2
688 538
1 3 2
89 79
1 10 2
711 862
1 12 2
996 521
1 13 2
268 255
1 11 2
676 660
1 7 2
840 706
1 4 2
893 16
1 4 2
458 268
1 10 2
914 9
1 3 2
868 552
1 2 2
865 391
1 5 2
487 818
1 13 2
97 729
1 13 2
594 632
1 2 2
27 264
1 7 2
637 382
1 6 2
295 368
1 7 2
89 880
1 6 2
850 65
1 11 2
449 724
1 5 2
527 678
1 5 2
834 272
1 8 2
100 675
1 2 2
297 0
1 15 2
526 859
1 6 2
797 800
1 15 2
355 700
1 6 2
765 880
1 10 2
258 308
1 13 2
5 17
1 9 2
389 597
1 6 2
337 348
1 14 2
448 566
1 12 2
886 280
1 4 2
379 470
1 2 2
475 799
1 6 2
194 830
1 2 2
326 726
1 2 2
579 283
1 3 2
277 539
1 14 2
968 565
1 5 2
895 827
1 6 2
740 44
1 6 2
175 54
1 3 2
813 800
1 13 2
40 549
1 12 2
118 722
1 13 2
668 305
1 8 2
119 703
1 9 2
710 556
1 9 2
361 158
1 13 2
407 136
1 14 2
735 217
1 8 2
947 257
1 2 2
728 213
1 2 2
844 984
1 6 2
165 513
1 5 2
259 745
1 12 2
890 494
1 13 2
469 781
1 10 2
933 172
1 4 2
243 363
1 6 2
132 324
1 10 2
237 10
1 14 2
950 222
1 3 2
693 637
1 2 2
227 29
1 4 2
10 121
1 6 2
565 956
1 15 2
517 687
1 5 2
695 185
1 9 2
50 376
1 13 2
443 326
1 2 2
734 121
1 3 2
247 523
1 6 2
386 731
1 15 2
276 744
1 13 2
934 601
1 2 2
685 48
1 5 2
111 18
1 14 2
84 889
1 13 2
145 966
1 14 2
840 390
1 12 2
383 311
1 14 2
70 647
1 14 2
789 963
1 4 2
226 357
1 10 2
543 207
1 8 2
344 363
1 7 2
13 906
1 6 2
208 698
1 6 2
451 321
1 7 2
400 396
1 12 2
535 786
1 14 2
105 116
1 10 2
987 955
1 13 2
201 887
1 3 2
778 717
1 3 2
79 680
1 14 2
227 500
1 9 2
660 840
1 12 2
629 638
1 12 2
297 247
1 9 2
509 5
1 10 2
20 916
1 13 2
640 765
1 5 2
154 466
1 4 2
714 780
1 8 2
623 578
1 3 2
239 184
1 13 2
803 4
1 10 2
602 28
1 14 2
504 360
1 12 2
861 373
1 4 2
229 416
1 9 2
656 897
1 8 2
525 802
1 12 2
90 812
1 8 2
708 13
1 14 2
628 689
1 8 2
136 927
1 5 2
641 794
1 15 2
876 141
1 3 2
137 204
1 9 2
805 799
1 13 2
537 265
1 14 2
649 460
1 2 2
238 625
1 11 2
760 755
1 9 2
886 51
1 4 2
532 108
1 3 2
869 166
1 8 2
415 523
1 9 2
853 705
1 3 2
400 366
1 14 2
917 950
1 5 2
329 985
1 10 2
661 966
1 10 2
918 230
1 8 2
422 739
1 9 2
247 651
1 15 2
843 568
1 6 2
870 856
1 7 2
412 324
1 9 2
541 239
1 6 2
969 243
1 13 2
875 713
1 7 2
712 60
1 6 2
849 338
1 7 2
91 937
1 8 2
781 814
1 14 2
296 764
1 6 2
50 484
1 3 2
148 593
1 15 2
256 14
1 6 2
981 606
1 4 2
870 654
1 9 2
850 367
1 15 2
816 780
1 4 2
323 149
1 8 2
851 527
1 10 2
22 887
1 7 2
771 115
1 14 2
239 397
1 5 2
187 738
1 14 2
943 799
1 7 2
334 948
1 3 2
317 154
1 13 2
881 331
1 13 2
565 302
1 6 2
825 937
1 13 2
185 770
1 5 2
660 126
1 7 2
709 529
1 3 2
346 550
1 13 2
538 732
1 5 2
422 845
1 5 2
251 415
1 10 2
760 694
1 3 2
789 457
1 6 2
200 6
1 11 2
532 806
1 2 2
622 93
1 5 2
784 650
1 5 2
634 729
1 5 2
936 621
1 9 2
492 120
1 15 2
20 578
1 14 2
385 118
1 2 2
19 370
1 7 2
264 441
1 8 2
150 583
1 8 2
757 397
1 8 2
8 959
1 11 2
641 96
1 10 2
758 679
1 6 2
279 207
1 9 2
4 384
1 13 2
910 748
1 7 2
15 412
1 11 2
171 373
1 4 2
3 502
1 5 2
633 679
1 13 2
533 310
1 12 2
656 94
1 7 2
224 295
1 8 2
225 64
1 12 2
411 701
1 15 2
539 783
1 4 2
137 909
1 4 2
666 262
1 12 2
352 981
1 7 2
942 334
1 15 2
297 413
1 10 2
485 269
1 3 2
192 857
1 13 2
4 986
1 9 2
232 202
1 8 2
23 756
1 7 2
26 284
1 9 2
491 233
1 4 2
771 236
1 14 2
765 551
1 8 2
525 315
1 2 2
775 605
1 4 2
209 823
1 4 2
518 470
1 5 2
440 797
1 15 2
898 662
1 13 2
308 227
1 6 2
157 10
1 11 2
199 355
1 13 2
542 914
1 14 2
637 491
1 7 2
347 458
1 8 2
203 905
1 2 2
228 346
1 14 2
887 441
1 9 2
265 86
1 13 2
185 707
1 4 2
114 776
1 9 2
906 227
1 7 2
730 349
1 15 2
813 694
1 6 2
86 749
1 7 2
382 818
1 5 2
421 981
1 8 2
37 932
1 3 2
178 6
1 3 2
145 844
1 4 2
835 548
1 6 2
907 692
1 9 2
739 692
1 5 2
457 194
1 14 2
539 649
1 3 2
180 451
1 15 2
721 329
1 7 2
72 592
1 15 2
111 211
1 11 2
653 410
1 3 2
152 622
1 10 2
789 684
1 11 2
4 630
1 13 2
638 517
1 11 2
35 505
1 12 2
647 573
1 5 2
204 278
1 12 2
940 131
1 10 2
608 724
1 15 2
846 243
1 4 2
806 63
1 14 2
121 739
1 6 2
156 244
1 10 2
137 501
1 8 2
975 580
1 14 2
785 545
1 12 2
110 626
1 3 2
313 688
1 7 2
257 739
1 10 2
134 995
1 3 2
22 162
1 9 2
4 913
1 5 2
354 782
1 8 2
790 141
1 10 2
637 327
1 6 2
179 296
1 11 2
303 48
1 12 2
646 458
1 15 2
755 743
1 2 2
371 797
1 9 2
138 871
1 13 2
416 192
1 4 2
4 323
1 7 2
198 616
1 3 2
580 256
1 2 2
687 986
1 5 2
168 897
1 8 2
449 619
1 7 2
849 19
1 13 2
659 664
1 3 2
675 718
1 3 2
292 503
1 9 2
506 464
1 8 2
448 374
1 12 2
645 60
1 2 2
298 500
1 2 2
945 857
1 7 2
186 337
1 14 2
575 224
1 9 2
421 428
1 14 2
0 497
1 12 2
99 557
1 12 2
620 614
1 15 2
524 654
1 9 2
441 569
1 3 2
901 620
1 5 2
542 859
1 14 2
779 773
1 11 2
897 88
1 9 2
625 970
1 12 2
998 347
1 2 2
343 806
1 4 2
160 38
1 3 2
278 365
1 14 2
427 364
1 11 2
817 130
1 3 2
676 180
1 9 2
841 351
1 12 2
63 183
1 5 2
628 508
1 2 2
520 30
1 12 2
509 160
1 10 2
183 499
1 12 2
924 398
1 5 2
138 914
1 12 2
303 373
1 8 2
640 483
1 6 2
356 642
1 5 2
633 0
1 13 2
867 111
1 5 2
959 993
1 2 2
878 614
1 5 2
941 291
1 7 2
898 551
1 14 2
719 749
1 15 2
976 820
1 7 2
124 161
1 7 2
801 25
1 13 2
869 560
1 4 2
156 656
1 2 2
706 266
1 13 2
929 944
1 6 2
326 392
1 3 2
699 313
1 14 2
416 403
1 9 2
610 71
1 9 2
202 356
1 5 2
914 633
1 11 2
342 183
1 12 2
696 947
1 7 2
102 363
1 6 2
491 245
1 14 2
642 430
1 2 2
319 639
1 5 2
456 73
1 10 2
132 304
1 10 2
11 794
1 4 2
586 486
1 11 2
459 551
1 14 2
293 668
1 13 2
414 502
1 9 2
756 782
1 9 2
856 741
1 3 2
205 252
1 5 2
119 262
1 8 2
958 79
1 13 2
556 991
1 9 2
129 148
1 9 2
747 120
1 10 2
644 453
1 5 2
172 4
1 2 2
18 657
1 13 2
737 640
1 14 2
821 762
1 3 2
882 474
1 15 2
269 991
1 10 2
792 321
1 5 2
748 138
1 8 2
376 91
1 9 2
634 892
1 10 2
159 458
1 15 2
283 90
1 14 2
986 976
1 6 2
404 836
1 8 2
925 427
1 5 2
455 336
1 8 2
127 217
1 15 2
831 973
1 5 2
766 699
1 3 2
579 804
1 3 2
377 626
1 9 2
822 560
1 8 2
528 714
1 5 2
226 998
1 5 2
142 657
1 15 2
378 480
1 14 2
993 634
1 4 2
173 901
1 13 2
179 426
1 10 2
424 454
1 13 2
67 521
1 10 2
764 246
1 2 2
118 550
1 13 2
784 941
1 6 2
278 590
1 13 2
953 790
1 11 2
170 401
1 11 2
715 723
1 6 2
304 208
1 10 2
969 325
1 15 2
423 15
1 11 2
30 788
1 15 2
823 102
1 15 2
953 936
1 9 2
388 700
1 13 2
544 150
1 4 2
606 776
1 13 2
911 351
1 5 2
953 482
1 8 2
166 387
1 2 2
991 428
1 9 2
663 955
1 15 2
557 121
1 3 2
639 781
1 10 2
670 520
1 9 2
449 245
1 5 2
175 444
1 8 2
808 706
1 13 2
29 47
1 3 2
102 556
1 11 2
780 831
1 5 2
828 510
1 6 2
797 34
1 6 2
814 576
1 8 2
470 592
1 14 2
944 461
1 10 2
319 854
1 5 2
315 447
1 14 2
764 95
1 10 2
818 258
1 8 2
713 276
1 7 2
953 181
1 11 2
80 974
1 8 2
34 629
1 7 2
162 120
1 15 2
258 171
1 3 2
98 921
1 2 2
610 310
1 8 2
563 188
1 15 2
838 360
1 9 2
19 36
1 3 2
953 799
1 4 2
485 33
1 6 2
143 99
1 8 2
396 610
1 14 2
752 627
1 13 2
244 975
1 12 2
517 241
1 9 2
211 605
1 3 2
356 64
1 13 2
779 948
1 9 2
115 399
1 2 2
893 674
1 2 2
382 49
1 4 2
475 666
1 15 2
14 340
1 5 2
656 395
1 7 2
654 633
1 11 2
630 199
1 10 2
165 847
1 15 2
156 415
1 9 2
613 664
1 3 2
369 579
1 8 2
826 282
1 15 2
910 984
1 2 2
123 748
1 5 2
744 787
1 13 2
677 21
1 3 2
828 797
1 2 2
318 430
1 6 2
426 787
1 2 2
628 911
1 10 2
29 218
1 12 2
698 13
1 3 2
967 122
1 10 2
193 516
1 13 2
54 431
1 12 2
847 21
1 10 2
900 524
1 13 2
56 934
1 4 2
283 359
1 9 2
36 639
1 12 2
55 79
1 10 2
377 798
1 5 2
320 470
1 12 2
22 454
1 15 2
623 301
1 15 2
432 462
1 15 2
263 394
1 3 2
288 481
1 3 2
430 584
1 4 2
272 30
1 2 2
181 773
1 13 2
957 684
1 14 2
811 127
1 12 2
880 398
1 5 2
178 714
1 11 2
20 724
1 12 2
806 763
1 6 2
201 944
1 13 2
922 942
1 9 2
341 908
1 5 2
572 852
1 5 2
672 619
1 11 2
773 646
1 15 2
931 160
1 2 2
553 662
1 14 2
468 911
1 12 2
131 662
1 15 2
502 295
1 5 2
686 298
1 6 2
782 839
1 14 2
839 155
1 6 2
908 788
1 8 2
225 655
1 7 2
647 869
1 11 2
416 209
1 5 2
948 540
1 13 2
669 15
1 11 2
831 604
1 11 2
8 673
1 5 2
606 651
1 12 2
23 992
1 5 2
291 997
1 2 2
614 998
1 9 2
590 3
1 7 2
841 411
1 9 2
560 895
1 4 2
690 649
1 14 2
421 464
1 13 2
176 146
1 6 2
414 231
1 11 2
251 491
1 5 2
625 443
1 10 2
890 66
1 3 2
327 313
1 3 2
885 155
1 13 2
759 354
1 3 2
582 391
1 10 2
34 844
1 13 2
605 224
1 12 2
249 469
1 4 2
105 172
1 11 2
204 914
1 8 2
427 874
1 12 2
222 93
1 3 2
739 185
1 14 2
672 409
1 4 2
551 873
1 6 2
151 124
1 3 2
458 867
1 12 2
302 718
1 10 2
556 266
1 13 2
355 191
1 14 2
388 377
1 7 2
888 26
1 9 2
394 62
1 8 2
703 211
1 13 2
25 747
1 13 2
306 493
1 2 2
448 55
1 3 2
942 748
1 14 2
99 622
1 14 2
610 183
1 3 2
37 809
1 8 2
676 790
1 14 2
730 874
1 7 2
484 182
1 13 2
975 180
1 15 2
494 947
1 14 2
890 935
1 5 2
650 227
1 14 2
853 638
1 9 2
769 846
1 9 2
84 999
1 6 2
77 513
1 4 2
138 391
1 10 2
111 95
1 10 2
752 611
1 10 2
79 389
1 11 2
431 214
1 2 2
470 304
1 8 2
124 389
1 10 2
810 675
1 2 2
951 818
1 15 2
85 391
1 9 2
202 468
1 12 2
964 179
1 6 2
180 134
1 6 2
707 29
1 13 2
534 912
1 5 2
538 614
1 5 2
396 10
1 9 2
461 696
1 2 2
505 228
1 4 2
957 905
1 10 2
590 959
1 14 2
666 390
1 5 2
872 567
1 15 2
296 91
1 4 2
476 624
1 2 2
529 20
1 2 2
149 567
1 7 2
211 331
1 12 2
995 757
1 13 2
15 294
1 11 2
794 985
1 9 2
329 287
1 9 2
73 514
1 10 2
212 954
1 4 2
162 383
1 7 2
132 645
1 15 2
43 342
1 13 2
335 721
1 3 2
383 155
1 2 2
537 943
1 13 2
49 186
1 7 2
376 421
1 14 2
840 488
1 12 2
590 679
1 9 2
822 13
1 7 2
952 938
1 10 2
167 214
1 8 2
405 181
1 13 2
919 95
1 9 2
8 869
1 13 2
19 991
1 2 2
638 393
1 13 2
728 331
1 6 2
641 158
1 6 2
219 721
1 2 2
550 194
1 5 2
766 98
1 10 2
891 84
1 13 2
700 415
1 11 2
700 401
1 13 2
714 727
1 5 2
614 639
1 6 2
0 954
1 15 2
23 687
1 6 2
739 890
1 5 2
644 21
1 8 2
299 725
1 10 2
502 557
1 3 2
585 103
1 6 2
697 841
1 4 2
844 945
1 10 2
17 22
1 11 2
436 553
1 15 2
561 333
1 14 2
292 93
1 8 2
594 275
1 6 2
380 628
1 3 2
505 856
1 15 2
661 187
1 13 2
233 891
1 10 2
588 518
1 11 2
322 865
1 4 2
556 860
1 11 2
745 946
1 7 2
32 981
1 8 2
370 660
1 2 2
493 453
1 9 2
999 865
1 13 2
346 701
1 13 2
553 826
1 9 2
113 935
1 10 2
338 407
1 15 2
146 283
1 15 2
871 83
1 12 2
464 824
1 14 2
468 257
1 11 2
838 666
1 2 2
134 878
1 15 2
928 670
1 15 2
669 237
1 5 2
557 169
1 9 2
995 525
1 3 2
564 400
1 4 2
427 569
1 6 2
671 452
1 11 2
817 246
1 7 2
767 973
1 2 2
671 349
1 5 2
360 834
1 2 2
20 117
1 14 2
488 520
1 2 2
693 561
1 13 2
580 441
1 14 2
706 456
1 5 2
496 538
1 8 2
231 897
1 12 2
886 74
1 14 2
32 338
1 6 2
226 951
1 2 2
428 107
1 5 2
840 962
1 15 2
785 267
1 10 2
59 815
1 12 2
0 749
1 14 2
467 340
1 5 2
889 896
1 14 2
394 273
1 9 2
82 486
1 12 2
66 894
1 6 2
311 57
1 6 2
224 944
1 7 2
534 299
1 5 2
754 193
1 12 2
367 388
1 4 2
857 337
1 4 2
255 812
1 15 2
452 202
1 7 2
798 974
1 9 2
530 419
1 2 2
110 300
1 14 2
10 484
1 8 2
279 755
1 2 2
673 226
1 2 2
665 641
1 9 2
321 148
1 5 2
454 298
1 6 2
887 536
1 14 2
437 428
1 12 2
412 9
1 2 2
232 519
1 15 2
866 511
1 3 2
557 797
1 3 2
23 13
1 9 2
703 272
1 6 2
354 127
1 10 2
172 5
1 12 2
829 873
1 8 2
865 642
1 2 2
417 474
1 7 2
886 845
1 10 2
423 612
1 12 2
992 556
1 9 2
753 241
1 5 2
518 137
1 11 2
79 549
1 11 2
909 558
1 11 2
813 825
1 8 2
126 168
1 3 2
110 731
1 7 2
776 224
1 13 2
63 367
1 14 2
432 642
1 12 2
540 39
1 7 2
64 101
1 10 2
793 972
1 6 2
708 827
1 9 2
613 279
1 14 2
44 258
1 13 2
337 581
1 2 2
591 807
1 6 2
163 331
1 6 2
241 302
1 5 2
450 38
1 12 2
859 388
1 5 2
768 318
1 11 2
439 112
1 6 2
931 413
1 5 2
211 390
1 9 2
138 654
1 13 2
603 937
1 7 2
395 812
1 10 2
493 131
1 7 2
110 549
1 8 2
576 754
1 6 2
262 68
1 15 2
578 928
1 6 2
570 341
1 2 2
714 583
1 6 2
932 53
1 10 2
875 508
1 15 2
308 637
1 11 2
200 411
1 2 2
719 377
1 7 2
863 465
1 4 2
473 671
1 8 2
72 686
1 5 2
276 957
1 11 2
599 343
1 10 2
395 597
1 14 2
13 946
1 10 2
150 483
1 15 2
746 658
1 8 2
278 991
1 15 2
273 234
1 8 2
557 788
1 5 2
559 681
1 3 2
786 353
1 8 2
969 441
1 4 2
426 39
1 4 2
315 735
1 2 2
236 356
1 11 2
522 105
1 14 2
871 569
1 4 2
475 935
1 8 2
257 663
1 6 2
658 454
1 12 2
674 771
1 3 2
43 969
1 8 2
960 511
1 13 2
109 185
1 13 2
483 38
1 11 2
1 345
1 11 2
721 206
1 4 2
290 988
1 11 2
385 137
1 12 2
28 132
1 7 2
346 25
1 14 2
406 991
1 4 2
836 318
1 3 2
674 275
1 4 2
624 858
1 6 2
241 238
1 6 2
411 884
1 4 2
169 75
1 9 2
335 322
1 6 2
546 870
1 12 2
170 948
1 13 2
718 62
1 6 2
120 359
1 4 2
375 260
1 3 2
922 523
1 14 2
914 996
1 7 2
971 498
1 3 2
951 175
1 10 2
645 227
1 8 2
465 993
1 7 2
34 651
1 5 2
726 763
1 11 2
500 364
1 13 2
162 250
1 8 2
712 257
1 12 2
220 488
1 11 2
756 478
1 6 2
347 572
1 4 2
719 386
1 9 2
445 458
1 8 2
938 746
1 7 2
77 927
1 14 2
591 681
1 13 2
905 441
1 6 2
693 700
1 3 2
876 658
1 13 2
351 570
1 4 2
412 944
1 10 2
939 623
1 3 2
869 174
1 2 2
810 740
1 2 2
281 204
1 9 2
303 116
1 5 2
244 253
1 9 2
487 834
1 3 2
770 980
1 12 2
327 971
1 14 2
814 560
1 2 2
805 83
1 10 2
913 222
1 14 2
786 263
1 10 2
610 537
1 12 2
277 977
1 10 2
289 679
1 2 2
98 118
1 13 2
534 568
1 10 2
761 748
1 2 2
951 28
1 9 2
768 689
1 10 2
115 866
1 10 2
125 139
1 4 2
558 244
1 5 2
194 913
1 13 2
869 741
1 15 2
664 105
1 8 2
280 728
1 15 2
18 471
1 7 2
303 313
1 5 2
929 156
1 6 2
898 289
1 2 2
142 193
1 2 2
280 754
1 5 2
697 644
1 5 2
705 897
1 15 2
969 268
1 6 2
585 279
1 8 2
469 969
1 2 2
233 17
1 10 2
202 201
1 6 2
750 357
1 12 2
920 6
1 12 2
180 819
1 4 2
873 180
1 9 2
528 110
1 14 2
174 470
1 15 2
709 929
1 2 2
399 531
1 2 2
41 628
1 13 2
368 871
1 11 2
878 428
1 9 2
742 5
1 4 2
416 407
1 8 2
140 30
1 8 2
411 985
1 8 2
427 595
1 13 2
304 142
1 3 2
935 861
1 8 2
89 194
1 6 2
348 544
1 14 2
377 759
1 5 2
817 486
1 13 2
346 308
1 14 2
74 604
1 2 2
989 945
1 7 2
389 556
1 13 2
915 443
1 13 2
427 588
1 6 2
678 434
1 12 2
407 173
1 7 2
148 316
1 4 2
745 656
1 8 2
527 534
1 11 2
520 307
1 15 2
576 57
1 2 2
871 870
1 3 2
210 617
1 3 2
158 113
1 4 2
89 998
1 13 2
571 344
1 6 2
976 841
1 6 2
343 212
1 5 2
397 831
1 3 2
505 443
1 12 2
240 597
1 11 2
948 217
1 5 2
156 767
1 9 2
46 937
1 4 2
908 271
1 5 2
443 173
1 7 2
135 348
1 8 2
559 210
1 3 2
796 303
1 2 2
689 952
1 4 2
287 849
1 9 2
608 957
1 11 2
577 740
1 5 2
883 481
1 11 2
485 376
1 2 2
319 519
1 12 2
70 654
1 5 2
133 378
1 5 2
348 72
1 7 2
216 649
1 2 2
819 830
1 13 2
171 435
1 2 2
672 674
1 10 2
403 344
1 3 2
630 476
1 5 2
956 74
1 6 2
577 707
1 11 2
533 483
1 12 2
172 111
1 7 2
286 176
1 4 2
438 547
1 11 2
239 341
1 14 2
766 835
1 8 2
42 862
1 7 2
105 898
1 8 2
203 154
1 10 2
106 495
1 3 2
749 758
1 8 2
861 469
1 2 2
251 205
1 9 2
797 356
1 12 2
747 517
1 11 2
524 35
1 8 2
269 572
1 4 2
294 100
1 14 2
683 733
1 10 2
559 767
1 6 2
901 211
1 11 2
501 395
1 12 2
294 634
1 3 2
507 43
1 14 2
617 75
1 6 2
977 526
1 7 2
463 574
1 6 2
334 493
1 8 2
853 247
1 15 2
194 969
1 11 2
320 450
1 11 2
441 483
1 5 2
355 138
1 2 2
518 923
1 14 2
202 925
1 4 2
933 483
1 6 2
754 704
1 2 2
527 629
1 14 2
893 21
1 6 2
974 328
1 9 2
403 583
1 5 2
795 787
1 5 2
879 976
1 2 2
63 91
1 7 2
308 34
1 12 2
889 944
1 15 2
239 588
1 3 2
386 644
1 12 2
393 224
1 11 2
482 973
1 11 2
819 549
1 8 2
466 894
1 14 2
215 294
1 3 2
834 361
1 10 2
156 101
1 5 2
827 116
1 13 2
945 956
1 11 2
919 361
1 7 2
933 82
1 5 2
163 518
1 6 2
219 600
1 3 2
72 912
1 11 2
665 940
1 14 2
605 279
1 11 2
362 718
1 10 2
677 79
1 5 2
417 960
1 5 2
867 359
1 4 2
889 956
1 14 2
936 266
1 7 2
617 757
1 11 2
125 744
1 8 2
364 886
1 2 2
638 342
1 12 2
490 512
1 11 2
123 796
1 3 2
905 235
1 13 2
476 397
1 4 2
855 114
1 4 2
311 225
1 13 2
162 318
1 6 2
358 460
1 11 2
405 496
1 4 2
543 247
1 11 2
59 352
1 2 2
44 166
1 9 2
119 881
1 6 2
55 323
1 3 2
782 837
1 4 2
785 439
1 14 2
878 395
1 2 2
889 754
1 5 2
430 46
1 10 2
937 830
1 8 2
388 930
1 15 2
119 867
1 10 2
725 130
1 5 2
70 251
1 15 2
947 732
1 12 2
377 21
1 5 2
398 70
1 8 2
326 434
1 3 2
247 360
1 13 2
188 566
1 12 2
299 407
1 9 2
579 417
1 4 2
293 376
1 3 2
58 375
1 7 2
973 627
1 12 2
911 296
1 6 2
932 628
1 7 2
884 903
1 14 2
34 810
1 7 2
829 477
1 15 2
868 263
1 15 2
203 77
1 10 2
223 146
1 15 2
710 522
1 3 2
825 324
1 14 2
914 708
1 7 2
592 140
1 9 2
723 920
1 8 2
985 714
1 2 2
467 543
1 9 2
57 568
1 4 2
594 958
1 3 2
886 662
1 12 2
270 209
1 11 2
574 282
1 4 2
152 725
1 8 2
851 333
1 13 2
838 920
1 13 2
299 779
1 8 2
800 966
1 10 2
346 54
1 8 2
500 864
1 13 2
380 500
1 11 2
463 360
1 12 2
592 12
1 13 2
634 290
1 12 2
139 914
1 4 2
68 8
1 15 2
495 326
1 9 2
313 48
1 12 2
158 920
1 5 2
617 314
1 2 2
984 966
1 15 2
86 401
1 7 2
234 928
1 12 2
429 207
1 4 2
693 182
1 14 2
199 801
1 5 2
69 129
1 14 2
39 783
1 7 2
885 851
1 3 2
403 695
1 5 2
706 487
1 8 2
322 156
1 10 2
421 983
1 10 2
296 990
1 2 2
597 355
1 8 2
305 22
1 6 2
553 459
1 6 2
469 227
1 4 2
147 148
1 12 2
350 597
1 7 2
371 449
1 10 2
860 298
1 3 2
184 763
1 7 2
75 479
1 13 2
42 986
1 6 2
956 653
1 8 2
340 858
1 5 2
650 701
1 6 2
580 100
1 5 2
455 153
1 14 2
401 244
1 13 2
654 158
1 5 2
831 300
1 14 2
765 348
1 15 2
585 484
1 12 2
252 957
1 13 2
378 17
1 10 2
779 474
1 3 2
455 830
1 12 2
209 95
1 12 2
737 813
1 9 2
843 80
1 15 2
664 236
1 13 2
874 550
1 4 2
87 546
1 2 2
424 689
1 13 2
672 161
1 10 2
560 763
1 4 2
471 902
1 10 2
74 129
1 3 2
793 306
1 12 2
468 106
1 11 2
459 412
1 5 2
166 275
1 12 2
908 779
1 13 2
953 149
1 12 2
504 288
1 2 2
347 633
1 14 2
649 441
1 11 2
718 335
1 14 2
232 845
1 6 2
282 149
1 10 2
119 996
1 11 2
300 796
1 3 2
55 69
1 5 2
920 288
1 8 2
931 524
1 7 2
429 922
1 11 2
381 797
1 14 2
540 587
1 12 2
751 452
1 10 2
907 925
1 10 2
38 851
1 2 2
264 966
1 7 2
608 983
1 7 2
927 144
1 11 2
691 565
1 4 2
546 240
1 6 2
622 684
1 15 2
525 311
1 7 2
227 347
1 7 2
455 766
1 3 2
270 987
1 6 2
643 751
1 15 2
210 242
1 15 2
711 60
1 2 2
188 0
1 12 2
230 583
1 11 2
749 935
1 2 2
255 464
1 8 2
245 656
1 10 2
18 218
1 7 2
234 924
1 6 2
671 739
1 7 2
702 678
1 6 2
400 472
1 4 2
886 765
1 2 2
89 6
1 4 2
728 394
1 4 2
714 523
1 14 2
275 985
1 2 2
73 614
1 11 2
749 246
1 14 2
14 553
1 13 2
592 318
1 5 2
219 60
1 3 2
724 556
1 12 2
514 997
1 13 2
849 43
1 13 2
722 273
1 11 2
402 222
1 6 2
609 625
1 10 2
130 978
1 4 2
904 614
1 2 2
218 682
1 8 2
135 873
1 16 2
630 821
1 24 2
757 731
1 16 2
634 635
1 22 2
754 428
1 18 2
873 427
1 28 2
70 758
1 14 2
26 798
1 12 2
595 49
1 30 2
276 896
1 4 2
587 251
1 26 2
150 303
1 18 2
957 578
1 28 2
478 961
1 30 2
883 311
1 10 2
476 493
1 16 2
517 921
1 18 2
283 551
