1000 5978 3000
18 17 12 14 22 12 23 25 17 25 5 24 11 18 5 7 7 7 15 24 17 17 6 7 11 11 22 15 24 21 9 9 22 12 11 24 22 18 19 17 21 23 18 10 10 19 19 14 6 25 15 16 11 24 25 20 23 13 10 20 14 12 24 16 20 8 9 15 20 19 6 21 7 11 16 17 16 12 14 25 16 6 21 20 11 11 6 13 13 15 15 11 20 5 23 9 17 15 7 20 22 9 7 25 13 23 13 7 9 5 24 22 21 25 13 8 5 13 15 10 10 17 5 14 19 17 7 5 17 25 7 23 7 15 18 19 11 18 13 23 15 25 17 24 23 23 10 17 19 25 16 18 7 6 9 16 13 6 15 10 15 16 24 5 12 15 22 12 24 22 19 10 19 17 12 15 19 24 19 5 20 6 5 12 9 6 13 25 24 18 12 20 15 17 21 21 15 24 11 13 8 19 19 7 10 25 19 23 8 5 10 11 15 16 8 9 7 9 15 17 10 24 19 20 22 13 10 13 10 12 22 20 13 10 19 11 21 22 9 5 7 17 16 12 18 11 23 16 23 15 11 17 22 22 25 16 22 6 25 22 12 14 14 17 13 22 20 10 12 22 6 19 23 13 18 8 19 10 12 12 12 17 25 21 19 25 25 13 15 16 20 5 25 22 17 9 20 19 19 20 18 8 5 13 9 6 23 5 20 25 25 10 13 10 25 21 17 9 16 18 13 9 17 13 25 16 5 7 13 9 13 14 6 6 19 22 16 9 11 20 19 24 17 5 13 22 24 6 17 20 13 13 12 8 15 25 23 20 19 20 17 11 22 25 20 22 13 16 13 13 21 12 8 20 17 10 24 24 7 19 18 13 23 13 16 17 7 23 18 6 23 20 7 6 20 11 6 10 15 10 11 15 9 5 25 23 9 19 25 5 21 8 13 25 6 14 25 10 11 14 23 13 25 22 11 12 10 7 16 12 6 19 14 9 11 20 22 15 5 7 10 17 13 5 20 5 14 24 9 20 9 24 19 9 12 9 19 13 14 15 24 12 22 25 16 11 11 12 25 5 16 16 11 18 12 8 8 20 16 6 18 19 21 20 21 12 11 8 25 21 25 23 12 11 20 20 12 22 21 12 24 19 15 22 18 15 14 10 11 22 11 8 22 13 23 18 11 23 21 25 10 5 9 22 19 9 16 18 13 7 7 22 21 8 24 17 6 13 17 22 13 15 25 17 5 16 14 23 10 23 19 6 16 12 10 8 18 21 16 23 6 12 20 20 18 12 23 5 7 20 5 5 13 22 9 6 8 10 12 10 7 7 22 11 18 24 15 13 15 5 7 11 22 22 10 25 22 18 7 21 20 6 11 16 11 6 24 21 6 23 10 6 21 21 10 24 25 11 8 19 19 7 10 12 7 16 25 21 9 18 8 16 19 15 13 17 6 8 23 15 22 23 24 13 19 12 18 13 23 7 21 19 9 22 13 14 16 25 17 23 12 12 17 22 24 19 17 8 21 23 21 6 17 23 23 17 22 7 5 17 25 21 18 14 10 10 14 6 20 22 6 17 22 14 14 23 17 15 16 11 23 20 12 17 15 6 12 21 20 20 21 20 16 7 12 21 16 15 10 8 6 16 21 15 18 8 14 9 9 25 5 15 18 22 24 13 9 6 23 12 6 22 17 17 17 19 12 23 20 9 5 22 19 9 13 10 23 19 6 17 20 7 5 21 6 16 24 10 12 14 14 8 21 9 16 17 10 18 25 13 8 25 14 17 14 7 16 8 9 11 7 10 25 16 6 23 11 15 6 13 17 15 24 9 20 19 12 14 6 6 21 20 14 18 5 14 19 18 15 24 5 7 24 8 12 14 21 9 6 6 20 9 15 19 15 8 13 16 15 21 25 7 10 13 17 11 10 11 22 21 15 9 23 10 23 7 16 14 14 7 9 9 20 22 22 22 24 23 16 19 6 25 6 16 24 21 9 20 11 5 13 16 22 22 16 14 16 12 22 17 18 20 24 14 5 6 19 8 24 7 11 20 20 19 18 19 24 13 8 23 6 25 15 6 10 14 24 16 6 15 15 15 8 19 10 14 24 12 14 5 11 8 9 19 9 25 20 20 6 18 24 12 17 15 19 8 13 11 22 10 13 5 5 21 11 24 25 22 5 17 21 15 7 16 19 22 23 25 18 14 15 20 23 9 24 18 10 7 12 7 19 9 22 19 12 17 7 5 24 20 25 23 6 10 13 20 14 17 22 19
3 17 8 6 4 13 18 12 17 11 6 5 19 12 4 19 10 3 20 5 20 6 10 16 10 14 9 18 12 9 12 3 17 4 17 16 5 15 5 17 14 16 14 12 14 14 5 17 11 14 18 8 19 4 14 12 14 13 6 8 12 12 17 6 3 20 18 14 13 17 5 5 13 20 4 12 8 20 20 20 11 9 12 7 12 18 7 18 9 9 6 5 19 16 17 18 16 11 9 15 15 20 19 19 7 12 10 20 5 11 9 9 10 18 17 4 9 20 18 11 10 5 20 10 11 6 4 8 13 15 14 7 4 20 5 18 7 15 3 14 17 11 4 13 3 18 13 8 18 14 8 12 9 4 18 3 9 18 6 10 3 10 13 12 20 13 19 6 16 11 17 14 20 14 16 17 14 12 16 6 11 6 20 10 3 11 15 8 18 10 20 17 13 17 20 20 10 10 9 5 17 10 12 12 15 6 3 6 15 13 15 10 11 18 13 14 9 9 15 5 16 17 6 6 20 19 3 3 11 10 11 15 13 16 9 5 8 10 8 19 7 12 17 4 8 8 9 19 15 9 17 14 10 14 14 14 9 13 12 7 12 5 4 16 10 19 7 9 15 5 16 20 6 3 9 10 19 19 18 16 16 18 8 17 15 7 12 3 10 13 4 7 18 20 10 8 19 9 18 12 12 8 12 11 20 4 14 10 8 13 5 6 10 10 3 16 7 4 4 12 19 5 13 5 6 11 9 17 5 20 20 11 15 19 17 6 6 8 3 7 8 14 16 11 20 13 8 18 16 12 8 4 4 8 13 8 7 10 18 8 16 16 20 4 5 3 7 10 15 18 19 12 10 5 8 13 7 8 16 14 14 18 18 4 12 16 4 7 7 11 8 13 14 20 18 8 5 17 18 6 20 17 6 15 16 6 19 11 6 14 20 16 16 20 16 12 11 18 20 8 12 12 16 18 17 3 5 3 16 18 10 12 4 16 19 20 10 19 9 3 4 10 19 13 12 17 7 15 18 15 6 3 7 9 14 7 19 11 4 11 7 9 8 8 10 18 8 12 3 10 9 14 6 18 11 5 3 5 15 13 6 6 16 13 16 15 11 20 17 16 18 7 15 19 16 18 8 15 10 20 5 6 3 15 5 17 18 8 14 3 4 16 14 10 13 16 4 8 16 16 7 10 6 15 15 15 10 6 5 9 17 4 8 12 16 9 13 17 18 8 3 19 15 11 5 15 9 18 10 6 16 6 18 5 6 4 7 11 14 18 16 6 8 13 7 18 7 5 11 16 17 10 10 6 12 12 6 8 4 15 16 4 3 9 14 8 17 11 10 9 3 10 14 19 12 3 20 8 10 11 16 3 3 13 17 17 18 7 11 10 18 5 19 16 10 17 16 10 15 15 10 18 19 12 6 16 3 6 16 16 18 9 7 8 3 19 11 9 20 8 17 16 10 5 6 8 9 20 15 4 4 8 20 17 10 3 6 4 4 11 14 12 4 6 7 17 20 12 11 8 17 14 4 12 19 18 7 11 17 12 19 20 12 16 18 17 6 8 5 19 12 8 11 14 5 4 11 5 15 19 12 18 10 8 5 8 16 17 15 17 12 4 3 20 20 19 13 6 19 14 5 11 9 5 11 17 6 14 11 4 10 8 20 14 18 8 5 17 3 18 8 7 9 13 4 10 6 5 16 14 10 6 10 5 5 13 10 5 19 6 18 13 19 20 5 14 10 8 11 8 11 4 20 7 16 6 14 13 20 19 14 17 17 18 11 12 17 18 7 20 5 4 9 13 20 7 12 9 19 3 20 12 15 19 7 4 6 17 18 20 13 4 19 4 7 12 19 11 6 6 4 19 20 3 5 18 15 3 11 7 8 11 17 6 20 11 12 6 13 13 11 3 3 4 12 14 12 17 12 12 14 3 11 4 3 4 19 15 11 20 17 19 13 15 10 11 13 4 17 15 10 3 15 16 8 13 5 12 3 10 14 17 18 11 13 7 3 17 16 14 9 12 16 11 9 13 17 8 17 18 5 19 13 17 17 13 20 6 13 5 16 20 13 11 8 17 7 19 10 3 17 10 6 15 3 19 12 18 9 7 6 19 15 5 4 8 7 18 17 4 5 5 13 5 13 9 12 10 16 15 19 10 16 15 19 5 18 6 10 8 8 4 19 5 9 17 6 14 19 18 9 4 15 4 17 7 4 15 20 6 11 10 11 9 9 11 10 9 12 3 12 4 17 17 9 14 10 4 15 7
1 3 2
480 529
1 13 2
303 64
1 8 2
373 282
1 14 2
475 472
1 8 2
261 5
1 13 2
100 48
1 3 2
720 389
1 12 2
90 931
1 11 2
858 45
1 14 2
911 799
1 15 2
73 110
1 11 2
22 910
1 9 2
348 108
1 11 2
660 334
1 14 2
643 345
1 4 2
52 624
1 15 2
90 193
1 10 2
738 355
1 7 2
118 207
1 13 2
0 107
1 13 2
723 104
1 5 2
423 904
1 8 2
104 520
1 6 2
833 339
1 8 2
242 640
1 15 2
315 239
1 13 2
776 929
1 6 2
621 877
1 15 2
178 187
1 11 2
132 180
1 2 2
619 588
1 14 2
437 952
1 13 2
992 736
1 15 2
65 788
1 9 2
363 759
1 9 2
780 678
1 12 2
158 11
1 4 2
890 998
1 3 2
98 170
1 10 2
196 594
1 4 2
758 391
1 10 2
295 292
1 12 2
297 312
1 10 2
14 910
1 12 2
536 49
1 7 2
130 986
1 15 2
628 886
1 3 2
832 751
1 9 2
150 458
1 14 2
200 92
1 6 2
183 630
1 3 2
844 356
1 9 2
733 947
1 2 2
430 41
1 7 2
401 507
1 15 2
436 399
1 6 2
580 121
1 5 2
734 512
1 4 2
990 992
1 10 2
390 502
1 7 2
589 652
1 7 2
499 894
1 2 2
542 789
1 10 2
515 78
1 7 2
611 86
1 6 2
291 324
1 6 2
853 361
1 12 2
587 100
1 6 2
860 948
1 6 2
118 927
1 6 2
357 803
1 13 2
15 451
1 3 2
847 99
1 10 2
423 257
1 6 2
596 340
1 10 2
780 757
1 10 2
910 798
1 8 2
725 577
1 6 2
366 186
1 7 2
916 868
1 10 2
34 151
1 14 2
309 873
1 15 2
99 179
1 8 2
913 164
1 7 2
871 596
1 7 2
407 146
1 14 2
972 262
1 2 2
472 636
1 8 2
451 34
1 9 2
147 93
1 11 2
955 798
1 15 2
418 504
1 6 2
92 714
1 13 2
683 387
1 14 2
979 795
1 3 2
463 636
1 7 2
238 401
1 3 2
762 472
1 5 2
465 0
1 8 2
424 293
1 3 2
360 440
1 6 2
900 409
1 7 2
564 833
1 15 2
824 437
1 9 2
697 588
1 14 2
900 863
1 3 2
540 611
1 4 2
63 122
1 13 2
573 597
1 9 2
677 473
1 2 2
644 314
1 13 2
254 711
1 4 2
359 557
1 2 2
58 364
1 8 2
661 373
1 10 2
965 689
1 5 2
141 2
1 5 2
673 578
1 10 2
112 23
1 11 2
965 146
1 8 2
62 259
1 6 2
139 416
1 11 2
503 860
1 15 2
658 268
1 12 2
744 162
1 8 2
522 318
1 9 2
125 18
1 12 2
110 300
1 4 2
13 854
1 12 2
12 19
1 6 2
320 74
1 5 2
398 960
1 10 2
461 486
1 8 2
898 455
1 13 2
122 941
1 13 2
326 309
1 14 2
831 144
1 7 2
151 8
1 10 2
904 454
1 2 2
701 203
1 7 2
279 825
1 12 2
965 464
1 15 2
37 127
1 13 2
389 372
1 7 2
692 280
1 2 2
681 429
1 7 2
304 232
1 15 2
717 290
1 14 2
983 759
1 3 2
601 113
1 6 2
989 764
1 10 2
354 573
1 7 2
676 703
1 15 2
634 565
1 15 2
837 995
1 7 2
446 242
1 2 2
168 170
1 5 2
885 962
1 13 2
87 146
1 5 2
254 961
1 2 2
943 519
1 10 2
205 885
1 7 2
325 901
1 4 2
200 733
1 15 2
777 86
1 14 2
846 518
1 6 2
271 588
1 5 2
671 449
1 12 2
693 836
1 2 2
553 135
1 2 2
707 206
1 14 2
990 717
1 9 2
396 539
1 6 2
74 368
1 9 2
434 524
1 6 2
442 808
1 13 2
606 761
1 3 2
605 664
1 14 2
863 758
1 13 2
879 599
1 5 2
109 147
1 9 2
68 589
1 2 2
119 599
1 11 2
389 494
1 6 2
74 307
1 13 2
414 922
1 7 2
473 825
1 2 2
632 108
1 10 2
182 472
1 15 2
41 830
1 6 2
619 94
1 10 2
873 955
1 6 2
705 22
1 15 2
825 451
1 12 2
268 33
1 12 2
580 689
1 7 2
669 179
1 7 2
585 195
1 11 2
717 625
1 7 2
828 998
1 7 2
262 695
1 11 2
59 787
1 15 2
629 633
1 10 2
443 210
1 5 2
303 483
1 13 2
17 35
1 9 2
984 215
1 2 2
13 296
1 2 2
290 244
1 3 2
383 759
1 2 2
311 16
1 13 2
567 355
1 14 2
806 64
1 3 2
649 687
1 7 2
985 407
1 6 2
878 934
1 4 2
283 35
1 4 2
678 124
1 4 2
690 246
1 13 2
650 272
1 5 2
259 703
1 11 2
164 104
1 9 2
17 379
1 12 2
32 571
1 7 2
765 76
1 3 2
800 260
1 7 2
144 116
1 12 2
526 116
1 2 2
164 11
1 15 2
973 614
1 5 2
653 429
1 11 2
487 91
1 9 2
342 538
1 12 2
140 457
1 9 2
994 589
1 4 2
528 869
1 5 2
483 917
1 2 2
462 701
1 9 2
401 272
1 6 2
126 388
1 11 2
804 456
1 6 2
992 870
1 9 2
659 446
1 5 2
969 964
1 13 2
244 897
1 4 2
668 86
1 3 2
867 919
1 7 2
158 983
1 8 2
241 786
1 7 2
588 670
1 6 2
307 903
1 11 2
843 597
1 2 2
978 109
1 2 2
323 941
1 15 2
681 426
1 10 2
555 970
1 6 2
479 697
1 11 2
471 996
1 3 2
712 231
1 6 2
505 873
1 4 2
313 86
1 4 2
593 674
1 6 2
506 919
1 9 2
71 68
1 13 2
327 969
1 10 2
612 78
1 13 2
85 57
1 11 2
947 840
1 4 2
983 615
1 8 2
316 788
1 4 2
148 367
1 12 2
609 244
1 6 2
167 944
1 14 2
758 988
1 14 2
852 626
1 3 2
941 316
1 11 2
337 477
1 4 2
726 859
1 10 2
206 256
1 8 2
664 296
1 9 2
686 676
1 7 2
826 54
1 11 2
430 869
1 10 2
896 319
1 8 2
791 938
1 2 2
981 120
1 12 2
561 221
1 8 2
474 164
1 12 2
412 98
1 13 2
634 782
1 11 2
36 970
1 4 2
951 270
1 13 2
105 874
1 7 2
303 241
1 14 2
419 906
1 8 2
927 284
1 5 2
118 614
1 13 2
361 267
1 8 2
540 87
1 15 2
452 280
1 11 2
5 492
1 12 2
696 675
1 5 2
704 721
1 14 2
80 421
1 2 2
86 890
1 4 2
647 808
1 8 2
40 605
1 4 2
461 659
1 14 2
993 363
1 11 2
862 990
1 13 2
334 302
1 4 2
94 517
1 11 2
218 147
1 2 2
5 657
1 5 2
844 193
1 9 2
330 539
1 15 2
162 205
1 15 2
384 142
1 14 2
143 509
1 3 2
454 738
1 2 2
365 723
1 4 2
539 239
1 12 2
455 467
1 5 2
989 420
1 9 2
481 391
1 4 2
809 164
1 12 2
975 292
1 8 2
340 565
1 11 2
693 255
1 4 2
648 590
1 9 2
223 112
1 10 2
304 878
1 10 2
107 949
1 10 2
266 737
1 2 2
475 238
1 3 2
427 848
1 2 2
738 487
1 9 2
528 137
1 13 2
710 684
1 4 2
318 866
1 5 2
648 146
1 12 2
446 947
1 15 2
742 916
1 7 2
562 276
1 5 2
673 319
1 8 2
504 118
1 15 2
658 282
1 3 2
265 292
1 15 2
44 226
1 10 2
338 679
1 12 2
765 923
1 12 2
444 286
1 6 2
723 309
1 12 2
310 96
1 8 2
149 729
1 4 2
216 832
1 3 2
98 524
1 3 2
158 658
1 9 2
856 169
1 6 2
821 802
1 10 2
693 731
1 5 2
916 612
1 11 2
160 860
1 13 2
617 51
1 11 2
801 766
1 8 2
837 969
1 11 2
473 25
1 6 2
79 53
1 12 2
623 567
1 2 2
503 543
1 5 2
354 414
1 12 2
159 403
1 2 2
441 879
1 13 2
286 512
1 5 2
145 362
1 7 2
369 501
1 5 2
55 423
1 12 2
876 408
1 2 2
449 600
1 5 2
188 542
1 15 2
518 679
1 14 2
495 515
1 14 2
259 165
1 8 2
605 210
1 9 2
869 881
1 13 2
500 16
1 7 2
149 975
1 10 2
557 525
1 8 2
17 965
1 14 2
875 7
1 15 2
513 759
1 9 2
209 744
1 8 2
213 920
1 14 2
432 331
1 3 2
158 907
1 14 2
906 833
1 15 2
661 263
1 4 2
863 362
1 3 2
433 597
1 3 2
965 163
1 3 2
624 914
1 12 2
140 707
1 8 2
271 672
1 7 2
187 285
1 8 2
40 138
1 11 2
388 852
1 6 2
864 104
1 15 2
40 113
1 10 2
513 172
1 2 2
333 965
1 6 2
678 573
1 2 2
472 552
1 4 2
4 223
1 6 2
452 736
1 3 2
453 804
1 6 2
650 998
1 9 2
423 897
1 5 2
800 259
1 6 2
178 319
1 15 2
445 290
1 9 2
534 554
1 10 2
950 664
1 4 2
143 846
1 4 2
385 800
1 3 2
347 523
1 9 2
787 333
1 15 2
361 311
1 10 2
939 448
1 15 2
624 181
1 4 2
132 64
1 2 2
903 350
1 8 2
811 682
1 6 2
999 206
1 12 2
63 533
1 13 2
336 888
1 2 2
525 340
1 13 2
631 109
1 4 2
14 401
1 11 2
585 841
1 13 2
104 298
1 13 2
492 997
1 8 2
349 196
1 2 2
735 244
1 8 2
655 114
1 12 2
499 866
1 15 2
718 328
1 4 2
720 126
1 3 2
978 199
1 15 2
608 275
1 2 2
253 978
1 8 2
176 174
1 5 2
641 561
1 12 2
4 614
1 10 2
128 589
1 2 2
71 224
1 6 2
367 720
1 5 2
28 909
1 4 2
336 887
1 4 2
475 418
1 13 2
0 789
1 2 2
992 776
1 15 2
300 867
1 7 2
157 113
1 8 2
810 46
1 12 2
893 187
1 14 2
252 623
1 9 2
895 403
1 11 2
610 123
1 9 2
888 922
1 13 2
773 52
1 15 2
21 215
1 8 2
521 954
1 4 2
568 926
1 10 2
80 877
1 11 2
434 531
1 14 2
260 748
1 4 2
727 832
1 11 2
169 819
1 9 2
526 113
1 15 2
114 593
1 4 2
602 726
1 7 2
579 477
1 6 2
427 668
1 10 2
141 990
1 8 2
754 665
1 8 2
538 989
1 13 2
806 524
1 13 2
704 43
1 13 2
375 921
1 4 2
952 765
1 4 2
752 471
1 12 2
917 132
1 2 2
169 642
1 3 2
445 778
1 15 2
685 954
1 2 2
352 504
1 7 2
22 90
1 13 2
844 108
1 10 2
390 321
1 5 2
497 35
1 8 2
8 842
1 15 2
937 972
1 9 2
80 298
1 13 2
74 298
1 7 2
100 337
1 15 2
229 903
1 9 2
736 924
1 14 2
765 411
1 5 2
688 367
1 13 2
598 79
1 12 2
888 378
1 11 2
706 779
1 14 2
438 493
1 13 2
117 392
1 2 2
504 903
1 2 2
996 21
1 15 2
686 303
1 9 2
471 974
1 6 2
562 579
1 8 2
325 684
1 11 2
487 822
1 15 2
677 857
1 8 2
479 631
1 3 2
296 534
1 8 2
5 896
1 3 2
621 719
1 15 2
266 74
1 2 2
828 830
1 4 2
362 975
1 3 2
731 0
1 11 2
642 327
1 6 2
488 595
1 10 2
758 23
1 5 2
54 101
1 8 2
915 625
1 14 2
692 543
1 9 2
338 844
1 7 2
720 105
1 15 2
851 956
1 5 2
642 815
1 3 2
54 70
1 3 2
396 474
1 6 2
243 700
1 3 2
179 285
1 10 2
429 727
1 9 2
873 881
1 8 2
944 681
1 10 2
752 621
1 2 2
495 720
1 15 2
426 147
1 8 2
508 634
1 13 2
466 627
1 4 2
746 116
1 3 2
156 748
1 7 2
432 327
1 8 2
863 781
1 10 2
654 201
1 13 2
995 981
1 15 2
242 53
1 8 2
146 896
1 15 2
995 107
1 12 2
321 889
1 3 2
706 146
1 6 2
782 802
1 13 2
544 298
1 2 2
651 39
1 5 2
935 805
1 10 2
206 731
1 13 2
284 856
1 4 2
739 165
1 4 2
812 745
1 12 2
901 636
1 9 2
819 254
1 5 2
230 652
1 15 2
728 984
1 3 2
28 950
1 5 2
467 9
1 6 2
918 353
1 2 2
419 92
1 7 2
367 143
1 7 2
847 165
1 11 2
698 490
1 13 2
458 424
1 6 2
839 990
1 8 2
656 318
1 10 2
520 510
1 9 2
911 180
1 8 2
571 543
1 10 2
870 291
1 10 2
940 356
1 2 2
910 386
1 9 2
626 748
1 13 2
468 160
1 2 2
285 188
1 11 2
269 188
1 2 2
443 99
1 5 2
945 869
1 6 2
317 3
1 13 2
221 941
1 3 2
443 705
1 2 2
959 790
1 9 2
484 9
1 13 2
666 368
1 8 2
378 919
1 8 2
945 142
1 15 2
384 966
1 6 2
902 930
1 8 2
776 218
1 6 2
142 943
1 15 2
338 830
1 11 2
630 17
1 8 2
813 321
1 9 2
256 43
1 4 2
834 424
1 13 2
111 470
1 7 2
75 351
1 14 2
6 399
1 9 2
979 671
1 7 2
492 693
1 9 2
388 228
1 8 2
588 340
1 13 2
85 252
1 2 2
611 603
1 6 2
551 590
1 12 2
737 21
1 2 2
546 5
1 8 2
69 526
1 13 2
761 891
1 14 2
190 414
1 15 2
34 807
1 9 2
638 177
1 10 2
446 616
1 11 2
670 483
1 3 2
934 351
1 5 2
834 472
1 6 2
274 627
1 15 2
36 948
1 7 2
773 318
1 12 2
654 663
1 10 2
254 233
1 10 2
996 9
1 6 2
650 32
1 9 2
870 31
1 12 2
323 324
1 9 2
431 553
1 12 2
312 148
1 4 2
556 918
1 8 2
814 69
1 12 2
973 724
1 2 2
590 359
1 8 2
601 665
1 6 2
602 937
1 3 2
563 457
1 9 2
62 238
1 14 2
301 601
1 6 2
241 996
1 7 2
95 912
1 2 2
439 694
1 9 2
379 167
1 3 2
77 795
1 13 2
992 830
1 11 2
131 105
1 2 2
920 692
1 4 2
111 985
1 6 2
84 290
1 14 2
305 251
1 2 2
748 69
1 9 2
165 517
1 9 2
435 977
1 11 2
274 653
1 2 2
324 170
1 10 2
781 568
1 4 2
853 484
1 8 2
955 24
1 3 2
124 876
1 3 2
845 169
1 12 2
26 396
1 10 2
533 208
1 9 2
365 367
1 3 2
487 295
1 14 2
14 417
1 5 2
636 774
1 7 2
880 717
1 13 2
721 506
1 4 2
271 281
1 8 2
533 329
1 15 2
978 657
1 2 2
35 230
1 4 2
713 453
1 2 2
735 97
1 10 2
797 418
1 6 2
648 62
1 9 2
465 400
1 13 2
332 168
1 5 2
227 109
1 7 2
470 48
1 5 2
211 222
1 5 2
50 731
1 4 2
584 198
1 15 2
296 560
1 15 2
745 821
1 9 2
402 991
1 3 2
370 937
1 12 2
36 926
1 4 2
258 989
1 14 2
697 674
1 6 2
299 100
1 15 2
277 21
1 5 2
942 616
1 12 2
652 723
1 11 2
816 705
1 10 2
875 497
1 7 2
14 42
1 9 2
316 37
1 2 2
105 992
1 5 2
811 333
1 12 2
304 837
1 9 2
807 68
1 12 2
199 997
1 7 2
306 92
1 6 2
115 697
1 12 2
180 814
1 10 2
34 638
1 15 2
550 318
1 9 2
462 22
1 3 2
984 708
1 7 2
260 875
1 3 2
906 716
1 4 2
195 172
1 4 2
413 996
1 5 2
740 781
1 13 2
525 51
1 10 2
910 190
1 2 2
839 983
1 15 2
804 159
1 8 2
707 834
1 15 2
550 372
1 15 2
813 477
1 7 2
891 490
1 3 2
963 365
1 10 2
430 187
1 4 2
865 46
1 7 2
317 702
1 8 2
83 585
1 4 2
535 289
1 2 2
938 471
1 8 2
828 334
1 10 2
943 850
1 3 2
352 133
1 10 2
424 182
1 15 2
217 457
1 2 2
705 827
1 4 2
679 911
1 13 2
605 819
1 9 2
781 4
1 10 2
0 649
1 11 2
408 506
1 8 2
410 131
1 15 2
189 240
1 7 2
550 898
1 2 2
906 298
1 3 2
766 226
1 5 2
174 47
1 7 2
499 201
1 9 2
589 906
1 13 2
705 629
1 4 2
398 311
1 13 2
75 713
1 7 2
769 962
1 12 2
218 874
1 8 2
705 847
1 9 2
367 328
1 2 2
521 683
1 9 2
813 315
1 2 2
39 122
1 5 2
449 198
1 5 2
629 129
1 12 2
503 984
1 8 2
347 343
1 12 2
852 319
1 8 2
91 934
1 7 2
279 552
1 12 2
196 881
1 13 2
135 177
1 8 2
35 969
1 13 2
502 769
1 3 2
401 855
1 10 2
310 940
1 6 2
192 239
1 13 2
358 900
1 8 2
757 684
1 5 2
268 946
1 5 2
224 560
1 12 2
694 986
1 4 2
294 510
1 15 2
425 365
1 12 2
524 551
1 6 2
208 660
1 15 2
691 652
1 11 2
859 795
1 9 2
58 328
1 11 2
586 966
1 15 2
154 183
1 7 2
278 831
1 13 2
236 40
1 10 2
751 657
1 2 2
446 184
1 5 2
273 895
1 12 2
804 158
1 11 2
505 584
1 9 2
829 618
1 2 2
289 526
1 10 2
432 316
1 11 2
273 236
1 2 2
400 55
1 8 2
710 273
1 13 2
429 796
1 3 2
877 497
1 3 2
346 947
1 13 2
601 906
1 5 2
452 966
1 5 2
560 58
1 3 2
247 164
1 13 2
968 813
1 10 2
794 135
1 15 2
476 230
1 2 2
827 894
1 8 2
897 998
1 2 2
876 347
1 15 2
254 810
1 3 2
845 791
1 7 2
797 348
1 12 2
447 765
1 12 2
514 112
1 8 2
910 452
1 3 2
445 932
1 10 2
763 53
1 3 2
635 529
1 5 2
217 284
1 4 2
146 60
1 10 2
90 40
1 14 2
565 86
1 14 2
333 442
1 15 2
315 383
1 11 2
133 827
1 11 2
291 587
1 14 2
276 970
1 8 2
152 809
1 6 2
127 893
1 4 2
791 98
1 9 2
35 418
1 5 2
310 705
1 2 2
932 89
1 9 2
170 137
1 13 2
853 956
1 15 2
294 203
1 12 2
229 171
1 14 2
655 36
1 4 2
198 624
1 14 2
807 116
1 15 2
216 133
1 10 2
79 115
1 2 2
206 392
1 11 2
280 4
1 10 2
521 870
1 5 2
507 276
1 11 2
953 474
1 13 2
76 570
1 9 2
256 977
1 9 2
654 766
1 2 2
928 855
1 3 2
280 996
1 3 2
396 269
1 6 2
964 760
1 3 2
938 984
1 11 2
795 128
1 10 2
289 852
1 15 2
953 650
1 4 2
395 162
1 5 2
288 191
1 13 2
100 536
1 5 2
973 362
1 7 2
102 624
1 8 2
605 307
1 12 2
71 99
1 11 2
869 461
1 7 2
384 295
1 5 2
975 231
1 15 2
292 902
1 4 2
252 629
1 2 2
8 547
1 5 2
314 96
1 10 2
726 347
1 3 2
393 454
1 10 2
435 48
1 14 2
955 508
1 13 2
74 973
1 4 2
766 57
1 2 2
215 263
1 2 2
748 753
1 10 2
281 746
1 5 2
333 952
1 10 2
560 306
1 3 2
521 457
1 13 2
663 392
1 13 2
38 9
1 2 2
25 89
1 6 2
60 143
1 3 2
230 363
1 15 2
560 331
1 12 2
83 359
1 2 2
888 355
1 14 2
521 314
1 13 2
602 738
1 5 2
834 856
1 14 2
536 797
1 3 2
406 334
1 5 2
285 861
1 7 2
852 11
1 4 2
318 271
1 13 2
824 356
1 13 2
610 79
1 5 2
541 320
1 6 2
265 182
1 14 2
726 238
1 5 2
851 161
1 12 2
424 449
1 11 2
269 981
1 8 2
45 250
1 7 2
585 357
1 7 2
630 672
1 10 2
545 906
1 12 2
819 790
1 2 2
277 453
1 11 2
704 209
1 5 2
381 888
1 9 2
337 208
1 7 2
798 585
1 8 2
374 869
1 7 2
277 943
1 10 2
312 531
1 9 2
438 452
1 4 2
368 712
1 9 2
350 646
1 3 2
49 316
1 7 2
898 97
1 9 2
258 694
1 14 2
701 375
1 13 2
464 915
1 10 2
512 141
1 5 2
817 313
1 6 2
973 220
1 6 2
45 643
1 11 2
693 357
1 9 2
488 179
1 10 2
721 516
1 10 2
472 243
1 14 2
666 852
1 7 2
684 719
1 3 2
953 628
1 5 2
593 507
1 6 2
361 623
1 5 2
525 686
1 12 2
281 488
1 4 2
607 885
1 14 2
405 765
1 12 2
767 701
1 6 2
176 478
1 6 2
518 603
1 9 2
996 966
1 2 2
151 552
1 11 2
283 351
1 2 2
279 618
1 15 2
359 495
1 5 2
66 706
1 15 2
392 821
1 12 2
638 378
1 15 2
301 356
1 2 2
482 662
1 14 2
93 247
1 12 2
385 94
1 9 2
376 515
1 11 2
73 781
1 6 2
476 448
1 5 2
44 164
1 14 2
20 811
1 4 2
293 0
1 9 2
331 646
1 14 2
80 125
1 3 2
587 31
1 11 2
325 257
1 4 2
976 959
1 2 2
690 507
1 4 2
753 554
1 15 2
79 748
1 13 2
76 840
1 2 2
18 138
1 5 2
971 540
1 3 2
834 206
1 12 2
108 739
1 5 2
492 212
1 4 2
580 158
1 5 2
123 605
1 5 2
758 252
1 11 2
79 444
1 3 2
193 590
1 6 2
645 415
1 8 2
397 51
1 5 2
126 827
1 3 2
310 782
1 4 2
584 718
1 12 2
630 871
1 13 2
379 441
1 4 2
800 913
1 5 2
166 728
1 3 2
894 290
1 4 2
42 527
1 13 2
873 849
1 9 2
762 442
1 10 2
28 864
1 4 2
641 357
1 13 2
408 617
1 12 2
488 895
1 13 2
617 356
1 7 2
703 371
1 7 2
821 433
1 2 2
500 194
1 2 2
583 78
1 9 2
227 597
1 4 2
513 913
1 14 2
346 529
1 11 2
33 790
1 9 2
132 789
1 6 2
647 802
1 11 2
721 958
1 15 2
583 371
1 8 2
704 508
1 4 2
229 447
1 3 2
89 96
1 13 2
84 735
1 7 2
363 557
1 13 2
529 891
1 15 2
416 2
1 5 2
543 272
1 14 2
597 309
1 5 2
320 288
1 13 2
529 565
1 7 2
100 180
1 11 2
665 84
1 14 2
853 773
1 13 2
599 689
1 7 2
884 65
1 3 2
47 270
1 13 2
69 244
1 9 2
63 769
1 14 2
206 932
1 15 2
477 839
1 9 2
520 614
1 6 2
192 822
1 3 2
290 385
1 12 2
56 732
1 9 2
538 765
1 14 2
351 389
1 8 2
752 572
1 8 2
462 333
1 3 2
524 119
1 12 2
22 779
1 5 2
183 465
1 14 2
261 304
1 15 2
95 239
1 15 2
626 923
1 12 2
187 717
1 6 2
779 114
1 5 2
966 153
1 8 2
649 295
1 8 2
812 728
1 2 2
9 272
1 4 2
781 537
1 5 2
538 161
1 4 2
172 915
1 9 2
499 430
1 7 2
58 992
1 14 2
229 660
1 9 2
561 640
1 8 2
782 57
1 3 2
537 0
1 2 2
798 925
1 14 2
351 317
1 15 2
539 546
1 6 2
881 247
1 5 2
280 746
1 2 2
179 769
1 11 2
639 31
1 5 2
22 598
1 2 2
726 45
1 6 2
331 244
1 15 2
822 770
1 15 2
803 294
1 8 2
520 806
1 3 2
168 945
1 6 2
497 775
1 11 2
788 984
1 9 2
541 635
1 9 2
171 947
1 7 2
792 569
1 5 2
417 674
1 10 2
966 954
1 14 2
832 148
1 9 2
297 104
1 10 2
801 931
1 9 2
701 912
1 15 2
116 871
1 12 2
385 355
1 13 2
600 66
1 14 2
572 677
1 3 2
549 810
1 5 2
985 369
1 12 2
25 239
1 6 2
327 325
1 11 2
712 668
1 11 2
813 772
1 10 2
888 763
1 11 2
469 900
1 10 2
847 397
1 8 2
411 553
1 14 2
602 101
1 11 2
843 648
1 6 2
251 859
1 13 2
503 449
1 3 2
422 822
1 4 2
950 303
1 11 2
791 64
1 2 2
822 68
1 14 2
524 835
1 11 2
709 309
1 5 2
437 561
1 11 2
499 517
1 2 2
58 40
1 5 2
681 598
1 12 2
53 965
1 15 2
511 202
1 12 2
586 749
1 8 2
422 157
1 8 2
812 584
1 5 2
354 405
1 13 2
941 153
1 3 2
11 273
1 10 2
617 316
1 14 2
343 32
1 4 2
905 652
1 5 2
14 949
1 2 2
262 519
1 10 2
582 561
1 5 2
580 673
1 12 2
455 935
1 7 2
39 927
1 4 2
56 746
1 4 2
299 825
1 6 2
319 398
1 2 2
81 251
1 15 2
363 753
1 4 2
997 559
1 10 2
609 144
1 7 2
457 572
1 13 2
338 697
1 5 2
744 769
1 2 2
485 456
1 8 2
228 168
1 5 2
773 946
1 5 2
666 114
1 15 2
606 168
1 15 2
959 71
1 11 2
361 532
1 2 2
500 322
1 9 2
655 286
1 9 2
385 596
1 5 2
993 153
1 15 2
565 22
1 15 2
211 102
1 8 2
418 483
1 14 2
486 455
1 4 2
951 575
1 2 2
399 707
1 10 2
398 747
1 4 2
86 354
1 13 2
749 484
1 7 2
649 603
1 6 2
438 534
1 12 2
278 754
1 13 2
676 434
1 3 2
582 38
1 10 2
772 827
1 4 2
539 610
1 9 2
425 329
1 13 2
0 84
1 6 2
758 915
1 5 2
812 813
1 11 2
942 674
1 15 2
733 666
1 9 2
893 7
1 15 2
439 291
1 15 2
312 46
1 2 2
610 460
1 14 2
207 583
1 3 2
218 879
1 4 2
897 373
1 2 2
111 749
1 2 2
669 558
1 11 2
360 442
1 2 2
341 298
1 7 2
859 977
1 10 2
637 144
1 9 2
596 105
1 9 2
885 835
1 8 2
444 71
1 14 2
161 294
1 3 2
298 613
1 14 2
800 963
1 3 2
903 585
1 5 2
544 732
1 7 2
714 574
1 12 2
200 671
1 3 2
960 463
1 9 2
368 932
1 12 2
526 399
1 13 2
992 373
1 10 2
160 807
1 2 2
31 96
1 11 2
950 914
1 10 2
7 509
1 7 2
46 917
1 11 2
121 262
1 5 2
155 24
1 9 2
477 222
1 2 2
909 747
1 8 2
267 887
1 10 2
416 61
1 8 2
826 83
1 9 2
694 879
1 11 2
895 69
1 14 2
968 190
1 7 2
740 440
1 2 2
313 382
1 12 2
470 949
1 12 2
909 88
1 4 2
863 534
1 7 2
75 676
1 2 2
233 262
1 12 2
919 422
1 6 2
89 207
1 9 2
161 962
1 5 2
884 431
1 5 2
908 447
1 5 2
433 285
1 10 2
987 882
1 4 2
218 710
1 9 2
593 926
1 6 2
972 36
1 13 2
399 524
1 10 2
816 151
1 9 2
301 768
1 15 2
198 592
1 3 2
462 494
1 14 2
183 594
1 11 2
412 430
1 12 2
137 898
1 11 2
23 264
1 2 2
776 633
1 8 2
90 965
1 15 2
67 507
1 9 2
876 604
1 15 2
528 663
1 8 2
677 433
1 5 2
428 747
1 3 2
680 370
1 14 2
787 46
1 8 2
837 984
1 6 2
10 460
1 11 2
525 774
1 6 2
400 555
1 5 2
296 310
1 15 2
189 487
1 4 2
886 804
1 3 2
507 92
1 7 2
830 83
1 6 2
446 991
1 11 2
255 901
1 5 2
447 925
1 6 2
619 672
1 9 2
303 290
1 8 2
845 822
1 9 2
679 167
1 9 2
951 637
1 15 2
78 583
1 2 2
411 906
1 2 2
457 605
1 12 2
700 946
1 9 2
39 369
1 11 2
851 842
1 5 2
531 909
1 11 2
735 131
1 2 2
641 399
1 8 2
73 24
1 14 2
600 897
1 13 2
332 80
1 13 2
268 327
1 3 2
85 768
1 14 2
604 474
1 11 2
901 201
1 14 2
163 494
1 12 2
404 176
1 13 2
200 834
1 15 2
907 570
1 3 2
575 63
1 2 2
787 702
1 15 2
811 888
1 6 2
46 558
1 14 2
581 171
1 13 2
733 213
1 14 2
855 998
1 5 2
466 525
1 9 2
509 966
1 3 2
526 404
1 9 2
850 475
1 5 2
132 58
1 4 2
985 29
1 10 2
311 898
1 14 2
911 44
1 7 2
798 803
1 13 2
214 53
1 13 2
735 784
1 9 2
942 14
1 13 2
255 758
1 15 2
470 178
1 5 2
717 64
1 15 2
325 366
1 5 2
886 150
1 9 2
257 393
1 13 2
332 588
1 6 2
881 182
1 3 2
705 225
1 6 2
451 718
1 6 2
170 226
1 12 2
166 275
1 4 2
541 37
1 14 2
59 844
1 2 2
408 91
1 8 2
457 548
1 13 2
388 138
1 9 2
530 191
1 11 2
144 590
1 3 2
593 61
1 5 2
159 241
1 7 2
386 21
1 4 2
576 847
1 4 2
972 908
1 3 2
538 973
1 12 2
205 523
1 13 2
29 879
1 2 2
288 586
1 4 2
946 144
1 4 2
589 866
1 14 2
749 409
1 5 2
543 998
1 3 2
911 237
1 7 2
557 50
1 4 2
591 512
1 14 2
690 97
1 13 2
435 166
1 5 2
750 327
1 7 2
475 239
1 12 2
294 267
1 5 2
386 71
1 7 2
509 60
1 14 2
500 901
1 14 2
234 457
1 12 2
699 899
1 5 2
728 366
1 2 2
585 901
1 8 2
721 915
1 13 2
212 883
1 13 2
44 13
1 2 2
334 299
1 15 2
657 504
1 8 2
933 978
1 8 2
693 708
1 4 2
771 600
1 15 2
559 540
1 3 2
727 759
1 12 2
314 55
1 5 2
380 493
1 10 2
606 256
1 9 2
12 17
1 10 2
871 6
1 15 2
536 387
1 9 2
191 120
1 8 2
559 870
1 3 2
575 37
1 5 2
301 698
1 15 2
428 745
1 5 2
949 70
1 5 2
18 891
1 3 2
972 868
1 3 2
847 227
1 3 2
357 687
1 2 2
421 981
1 12 2
794 482
1 5 2
755 616
1 9 2
765 710
1 9 2
911 425
1 4 2
719 335
1 5 2
857 677
1 9 2
720 21
1 6 2
594 230
1 15 2
90 632
1 6 2
249 444
1 6 2
687 50
1 4 2
605 147
1 8 2
32 309
1 5 2
718 327
1 5 2
185 865
1 9 2
109 640
1 4 2
324 787
1 11 2
174 59
1 12 2
959 957
1 4 2
763 948
1 3 2
348 474
1 6 2
357 26
1 11 2
413 132
1 13 2
893 34
1 15 2
156 92
1 5 2
301 434
1 11 2
294 917
1 13 2
574 628
1 15 2
965 192
1 6 2
791 440
1 8 2
461 753
1 12 2
132 101
1 12 2
523 664
1 7 2
668 792
1 5 2
392 582
1 11 2
843 240
1 8 2
853 240
1 15 2
440 627
1 15 2
104 692
1 12 2
252 813
1 3 2
784 957
1 6 2
778 377
1 9 2
581 649
1 10 2
40 873
1 12 2
645 641
1 9 2
718 223
1 13 2
745 490
1 5 2
976 651
1 10 2
157 374
1 8 2
369 234
1 7 2
152 320
1 7 2
295 634
1 11 2
497 389
1 3 2
133 787
1 11 2
633 832
1 6 2
505 445
1 2 2
457 327
1 2 2
714 447
1 14 2
532 260
1 12 2
746 513
1 3 2
230 636
1 5 2
574 282
1 11 2
72 353
1 9 2
945 868
1 7 2
831 868
1 3 2
934 824
1 15 2
189 418
1 2 2
843 171
1 13 2
572 52
1 10 2
844 299
1 7 2
708 87
1 3 2
953 426
1 12 2
649 588
1 5 2
379 876
1 15 2
860 114
1 12 2
783 215
1 2 2
568 467
1 4 2
204 197
1 5 2
548 313
1 9 2
21 271
1 14 2
977 306
1 9 2
581 909
1 5 2
86 891
1 11 2
319 406
1 11 2
1 119
1 13 2
869 810
1 7 2
428 839
1 4 2
338 553
1 5 2
687 478
1 8 2
166 543
1 7 2
727 74
1 7 2
100 618
1 7 2
78 938
1 3 2
921 433
1 13 2
926 387
1 3 2
586 79
1 8 2
875 758
1 15 2
427 834
1 5 2
893 876
1 15 2
851 323
1 14 2
887 527
1 9 2
143 572
1 9 2
325 957
1 2 2
39 890
1 14 2
967 126
1 10 2
180 259
1 4 2
873 410
1 4 2
759 689
1 2 2
20 111
1 9 2
423 633
1 3 2
810 319
1 8 2
615 797
1 7 2
867 917
1 13 2
858 709
1 9 2
987 919
1 7 2
385 74
1 4 2
88 482
1 14 2
528 669
1 6 2
157 90
1 5 2
105 845
1 11 2
22 344
1 5 2
387 333
1 4 2
849 177
1 3 2
574 900
1 6 2
66 463
1 7 2
946 425
1 12 2
576 37
1 6 2
859 577
1 6 2
140 781
1 10 2
920 899
1 7 2
884 199
1 8 2
289 675
1 12 2
352 26
1 14 2
111 373
1 6 2
204 227
1 7 2
363 124
1 8 2
301 160
1 9 2
26 665
1 11 2
545 943
1 10 2
256 543
1 7 2
710 292
1 3 2
142 502
1 8 2
274 94
1 13 2
463 352
1 7 2
926 590
1 2 2
153 147
1 3 2
580 150
1 4 2
219 361
1 7 2
696 601
1 10 2
873 819
1 5 2
730 40
1 4 2
732 381
1 13 2
961 604
1 12 2
53 303
1 3 2
566 937
1 5 2
480 397
1 3 2
339 397
1 8 2
614 92
1 4 2
303 732
1 14 2
42 680
1 11 2
697 489
1 9 2
791 925
1 4 2
947 515
1 8 2
988 72
1 12 2
228 479
1 14 2
70 281
1 14 2
439 581
1 2 2
80 417
1 3 2
714 548
1 7 2
946 731
1 4 2
494 258
1 10 2
730 740
1 10 2
215 733
1 14 2
528 54
1 2 2
91 651
1 2 2
482 969
1 9 2
456 81
1 5 2
525 339
1 12 2
463 453
1 11 2
879 231
1 15 2
565 728
1 6 2
571 118
1 11 2
679 703
1 10 2
408 211
1 4 2
684 613
1 12 2
20 763
1 11 2
404 457
1 15 2
96 562
1 2 2
105 520
1 2 2
510 268
1 6 2
993 829
1 6 2
545 223
1 9 2
665 347
1 2 2
19 807
1 6 2
404 71
1 5 2
530 32
1 6 2
91 92
1 14 2
613 46
1 8 2
902 263
1 2 2
576 179
1 13 2
251 989
1 4 2
878 766
1 5 2
724 995
1 4 2
417 582
1 12 2
748 133
1 11 2
157 517
1 2 2
944 520
1 4 2
746 688
1 8 2
908 193
1 9 2
231 735
1 7 2
40 68
1 3 2
344 191
1 10 2
109 217
1 5 2
281 63
1 7 2
633 966
1 10 2
44 865
1 10 2
795 906
1 4 2
254 326
1 14 2
972 46
1 12 2
935 342
1 11 2
417 725
1 6 2
54 847
1 7 2
397 266
1 4 2
831 91
1 7 2
578 244
1 5 2
880 212
1 2 2
74 845
1 15 2
327 74
1 11 2
970 891
1 11 2
713 548
1 5 2
784 659
1 11 2
192 177
1 13 2
202 76
1 9 2
509 581
1 8 2
934 826
1 8 2
159 254
1 9 2
209 413
1 7 2
640 643
1 8 2
768 403
1 7 2
132 686
1 2 2
782 110
1 8 2
660 931
1 11 2
902 428
1 4 2
546 290
1 10 2
317 22
1 2 2
240 134
1 5 2
470 888
1 6 2
726 264
1 10 2
399 60
1 3 2
181 811
1 7 2
32 615
1 13 2
29 728
1 11 2
980 908
1 11 2
573 887
1 3 2
278 771
1 8 2
974 819
1 12 2
209 773
1 3 2
497 942
1 11 2
807 730
1 15 2
702 34
1 9 2
649 755
1 2 2
607 643
1 10 2
996 874
1 9 2
322 813
1 8 2
347 680
1 11 2
154 288
1 3 2
969 943
1 6 2
979 614
1 15 2
937 573
1 4 2
525 718
1 9 2
78 55
1 9 2
402 921
1 10 2
175 154
1 7 2
934 226
1 12 2
91 406
1 13 2
153 811
1 12 2
865 193
1 6 2
859 628
1 12 2
996 77
1 15 2
936 56
1 13 2
650 777
1 4 2
937 288
1 7 2
213 467
1 13 2
253 943
1 11 2
287 444
1 10 2
528 991
1 12 2
259 323
1 12 2
455 828
1 7 2
405 140
1 15 2
747 476
1 15 2
783 713
1 4 2
789 480
1 9 2
127 200
1 6 2
700 823
1 7 2
942 80
1 3 2
57 894
1 12 2
25 204
1 3 2
620 825
1 12 2
527 322
1 14 2
415 571
1 4 2
977 87
1 6 2
999 310
1 7 2
334 641
1 15 2
669 250
1 15 2
122 777
1 7 2
493 371
1 14 2
774 271
1 13 2
303 886
1 10 2
866 322
1 8 2
976 491
1 11 2
53 433
1 12 2
64 44
1 9 2
988 523
1 7 2
666 133
1 5 2
258 512
1 4 2
983 955
1 9 2
49 235
1 8 2
546 945
1 13 2
439 772
1 2 2
52 677
1 9 2
275 405
1 3 2
189 799
1 5 2
846 179
1 15 2
80 918
1 8 2
807 651
1 12 2
782 496
1 9 2
708 824
1 13 2
614 150
1 8 2
433 258
1 9 2
389 407
1 12 2
566 70
1 9 2
728 436
1 12 2
560 169
1 8 2
676 529
1 8 2
936 909
1 10 2
466 122
1 11 2
981 986
1 8 2
532 882
1 2 2
501 991
1 2 2
53 491
1 5 2
117 502
1 14 2
929 151
1 3 2
364 78
1 5 2
360 969
1 3 2
643 263
1 8 2
596 147
1 6 2
359 132
1 9 2
414 727
1 10 2
655 458
1 9 2
381 348
1 10 2
354 34
1 12 2
142 352
1 14 2
926 104
1 10 2
792 977
1 13 2
906 709
1 11 2
44 241
1 15 2
897 111
1 5 2
325 876
1 11 2
123 763
1 15 2
421 480
1 3 2
310 520
1 9 2
512 565
1 4 2
650 477
1 5 2
61 209
1 6 2
921 181
1 12 2
153 417
1 13 2
801 889
1 15 2
217 544
1 12 2
179 868
1 14 2
919 172
1 9 2
303 364
1 9 2
260 275
1 9 2
556 464
1 6 2
30 927
1 2 2
773 681
1 15 2
231 179
1 8 2
402 449
1 7 2
947 101
1 3 2
868 502
1 9 2
590 366
1 10 2
812 131
1 9 2
335 849
1 9 2
75 403
1 11 2
481 571
1 14 2
35 176
1 11 2
390 286
1 11 2
533 777
1 14 2
21 244
1 7 2
197 351
1 14 2
841 703
1 12 2
130 257
1 14 2
907 323
1 3 2
972 948
1 15 2
221 832
1 3 2
435 830
1 5 2
84 733
1 12 2
533 221
1 10 2
197 375
1 3 2
182 417
1 4 2
882 679
1 5 2
219 371
1 5 2
167 620
1 3 2
152 189
1 9 2
707 17
1 4 2
583 246
1 14 2
593 650
1 7 2
694 516
1 5 2
185 10
1 9 2
598 582
1 5 2
969 15
1 13 2
505 607
1 8 2
350 310
1 13 2
429 475
1 14 2
659 786
1 10 2
967 996
1 4 2
563 12
1 3 2
902 601
1 7 2
689 548
1 7 2
367 20
1 13 2
680 784
1 2 2
138 496
1 11 2
221 143
1 3 2
608 8
1 15 2
968 736
1 2 2
676 226
1 4 2
370 810
1 3 2
269 813
1 6 2
157 932
1 2 2
115 332
1 15 2
367 920
1 6 2
542 198
1 11 2
657 32
1 11 2
888 221
1 13 2
909 490
1 13 2
768 614
1 14 2
995 750
1 11 2
154 827
1 3 2
117 283
1 13 2
3 700
1 6 2
202 420
1 7 2
126 839
1 12 2
45 92
1 4 2
940 110
1 2 2
457 234
1 9 2
594 919
1 8 2
134 115
1 7 2
429 655
1 12 2
329 247
1 7 2
429 670
1 14 2
933 668
1 9 2
743 948
1 14 2
26 850
1 2 2
891 701
1 4 2
981 56
1 6 2
614 514
1 5 2
329 224
1 11 2
592 780
1 7 2
116 715
1 10 2
980 709
1 7 2
852 486
1 3 2
350 791
1 15 2
648 729
1 15 2
800 30
1 2 2
764 375
1 11 2
757 825
1 14 2
342 339
1 5 2
466 26
1 12 2
447 203
1 5 2
483 735
1 7 2
639 500
1 13 2
444 562
1 7 2
666 558
1 7 2
72 737
1 10 2
379 431
1 7 2
154 364
1 7 2
788 276
1 4 2
363 28
1 13 2
223 47
1 6 2
687 520
1 13 2
277 112
1 8 2
843 443
1 8 2
952 826
1 8 2
504 400
1 13 2
146 759
1 9 2
30 570
1 2 2
986 923
1 5 2
539 162
1 4 2
346 182
1 11 2
626 535
1 8 2
40 311
1 4 2
155 37
1 2 2
394 605
1 14 2
833 522
1 14 2
794 553
1 4 2
667 983
1 3 2
810 202
1 4 2
313 721
1 5 2
791 599
1 12 2
238 562
1 14 2
842 891
1 8 2
237 524
1 11 2
887 587
1 15 2
839 887
1 9 2
686 7
1 8 2
815 750
1 3 2
94 563
1 9 2
345 283
1 11 2
71 745
1 6 2
971 164
1 13 2
572 689
1 15 2
940 165
1 15 2
41 957
1 4 2
773 450
1 13 2
991 185
1 11 2
201 93
1 15 2
185 570
1 11 2
485 949
1 13 2
52 108
1 10 2
714 898
1 2 2
254 728
1 5 2
156 288
1 4 2
189 293
1 6 2
755 433
1 15 2
550 578
1 14 2
799 993
1 4 2
583 120
1 2 2
11 30
1 9 2
69 833
1 5 2
833 554
1 15 2
445 348
1 15 2
943 227
1 14 2
811 952
1 4 2
715 274
1 8 2
954 484
1 6 2
395 234
1 3 2
425 801
1 6 2
269 625
1 11 2
319 230
1 9 2
480 363
1 4 2
984 706
1 9 2
710 190
1 3 2
744 234
1 14 2
532 305
1 13 2
9 947
1 9 2
661 736
1 10 2
467 77
1 8 2
396 901
1 6 2
437 321
1 6 2
312 435
1 14 2
138 542
1 10 2
619 294
1 11 2
149 153
1 4 2
101 687
1 2 2
272 585
1 15 2
798 867
1 15 2
363 967
1 8 2
196 396
1 15 2
257 19
1 5 2
729 491
1 4 2
533 205
1 13 2
320 423
1 3 2
781 630
1 12 2
375 456
1 4 2
78 60
1 11 2
113 667
1 12 2
409 906
1 10 2
853 697
1 5 2
116 799
1 10 2
438 968
1 10 2
401 761
1 10 2
976 523
1 5 2
411 860
1 3 2
155 185
1 10 2
867 780
1 5 2
46 764
1 11 2
721 920
1 15 2
744 145
1 15 2
446 844
1 9 2
581 799
1 11 2
671 362
1 15 2
786 532
1 13 2
757 6
1 10 2
516 929
1 5 2
467 259
1 14 2
609 852
1 3 2
381 190
1 11 2
341 629
1 8 2
952 991
1 2 2
128 779
1 12 2
196 832
1 7 2
129 390
1 4 2
886 639
1 9 2
858 970
1 6 2
101 743
1 12 2
579 689
1 10 2
121 759
1 14 2
439 425
1 11 2
608 876
1 7 2
66 989
1 8 2
538 559
1 3 2
127 277
1 3 2
586 819
1 14 2
909 638
1 10 2
55 266
1 6 2
238 544
1 5 2
911 482
1 2 2
600 23
1 10 2
454 393
1 2 2
862 155
1 5 2
776 48
1 10 2
971 425
1 8 2
917 238
1 8 2
231 669
1 7 2
635 444
1 14 2
643 121
1 10 2
546 797
1 12 2
692 845
1 12 2
835 748
1 12 2
528 103
1 6 2
684 763
1 2 2
779 650
1 13 2
113 787
1 2 2
621 14
1 9 2
727 287
1 6 2
422 522
1 5 2
605 170
1 13 2
74 847
1 11 2
589 664
1 7 2
409 544
1 14 2
979 419
1 10 2
250 768
1 9 2
747 274
1 11 2
781 366
1 5 2
260 561
1 13 2
507 339
1 3 2
672 819
1 2 2
286 611
1 4 2
548 543
1 8 2
757 639
1 12 2
17 794
1 10 2
969 86
1 14 2
162 562
1 13 2
428 686
1 12 2
902 642
1 5 2
376 403
1 11 2
138 227
1 6 2
216 138
1 6 2
516 416
1 11 2
759 727
1 6 2
74 201
1 11 2
583 16
1 11 2
233 770
1 2 2
34 626
1 14 2
934 76
1 6 2
562 109
1 7 2
94 504
1 8 2
761 261
1 5 2
957 542
1 5 2
162 281
1 7 2
916 857
1 7 2
0 50
1 11 2
177 174
1 12 2
89 14
1 3 2
646 281
1 14 2
258 508
1 6 2
999 339
1 7 2
898 458
1 9 2
22 996
1 7 2
99 190
1 10 2
842 73
1 15 2
734 860
1 9 2
914 744
1 12 2
902 456
1 3 2
384 748
1 15 2
387 338
1 3 2
901 511
1 13 2
389 92
1 5 2
46 459
1 10 2
600 867
1 9 2
957 747
1 2 2
853 406
1 10 2
140 449
1 9 2
131 758
1 7 2
406 453
1 7 2
56 865
1 2 2
44 43
1 6 2
150 166
1 13 2
164 147
1 5 2
116 679
1 10 2
577 167
1 8 2
848 279
1 11 2
808 235
1 4 2
523 771
1 4 2
513 351
1 14 2
423 773
1 14 2
120 418
1 15 2
132 99
1 12 2
837 242
1 8 2
540 910
1 7 2
932 122
1 2 2
17 198
1 3 2
367 943
1 9 2
376 732
1 7 2
854 79
1 9 2
139 582
1 15 2
13 10
1 14 2
649 543
1 12 2
661 370
1 6 2
409 815
1 14 2
773 633
1 7 2
41 398
1 13 2
136 752
1 12 2
442 189
1 14 2
309 385
1 4 2
344 564
1 11 2
288 912
1 12 2
257 489
1 5 2
816 406
1 2 2
479 88
1 14 2
571 480
1 9 2
819 614
1 13 2
445 728
1 15 2
166 984
1 14 2
18 653
1 12 2
65 681
1 15 2
495 547
1 2 2
79 544
1 15 2
567 815
1 7 2
497 823
1 5 2
920 533
1 7 2
915 538
1 8 2
626 315
1 9 2
13 574
1 9 2
926 708
1 14 2
428 411
1 10 2
1 180
1 10 2
400 528
1 4 2
932 340
1 2 2
156 402
1 9 2
589 308
1 3 2
571 996
1 6 2
106 92
1 11 2
891 0
1 6 2
890 671
1 14 2
171 828
1 7 2
753 576
1 14 2
266 471
1 14 2
245 209
1 5 2
358 301
1 6 2
843 440
1 6 2
901 798
1 6 2
912 764
1 15 2
588 919
1 4 2
316 773
1 9 2
186 501
1 5 2
475 400
1 3 2
127 81
1 12 2
738 152
1 2 2
70 952
1 11 2
709 254
1 12 2
191 829
1 6 2
104 398
1 5 2
341 416
1 7 2
259 651
1 6 2
255 84
1 14 2
213 886
1 13 2
465 603
1 14 2
165 254
1 5 2
202 295
1 4 2
520 716
1 12 2
65 436
1 11 2
452 344
1 15 2
956 159
1 4 2
19 850
1 11 2
170 956
1 14 2
223 903
1 10 2
434 911
1 12 2
107 63
1 7 2
579 644
1 7 2
120 978
1 2 2
870 92
1 7 2
754 39
1 13 2
838 262
1 15 2
435 647
1 6 2
62 993
1 13 2
886 274
1 15 2
214 470
1 2 2
743 74
1 15 2
316 341
1 11 2
189 216
1 15 2
116 120
1 14 2
649 221
1 12 2
51 349
1 9 2
201 0
1 14 2
741 466
1 5 2
321 935
1 9 2
654 699
1 6 2
9 178
1 5 2
216 410
1 12 2
819 992
1 8 2
912 510
1 6 2
73 102
1 9 2
575 587
1 6 2
844 258
1 4 2
645 812
1 15 2
315 662
1 6 2
803 907
1 13 2
962 566
1 9 2
387 388
1 2 2
374 303
1 5 2
425 972
1 5 2
255 639
1 9 2
648 393
1 7 2
572 23
1 13 2
735 598
1 4 2
61 455
1 4 2
600 2
1 10 2
36 730
1 13 2
554 81
1 14 2
848 321
1 12 2
454 279
1 8 2
254 86
1 6 2
7 599
1 13 2
920 571
1 6 2
521 719
1 4 2
872 146
1 8 2
493 307
1 2 2
863 650
1 6 2
332 753
1 15 2
407 350
1 2 2
483 481
1 6 2
358 234
1 13 2
652 763
1 7 2
455 933
1 5 2
195 633
1 15 2
279 145
1 8 2
881 205
1 11 2
903 446
1 9 2
27 400
1 13 2
536 379
1 15 2
845 290
1 2 2
333 745
1 7 2
656 303
1 12 2
247 478
1 5 2
470 753
1 9 2
728 95
1 5 2
370 229
1 3 2
976 811
1 7 2
464 67
1 11 2
850 982
1 11 2
19 96
1 15 2
431 566
1 11 2
0 283
1 11 2
312 900
1 3 2
317 820
1 9 2
152 384
1 11 2
397 921
1 6 2
808 117
1 10 2
7 676
1 12 2
780 831
1 4 2
775 57
1 3 2
188 261
1 8 2
472 473
1 2 2
836 810
1 13 2
587 260
1 12 2
642 585
1 11 2
690 556
1 13 2
127 99
1 11 2
33 845
1 14 2
45 986
1 11 2
586 796
1 7 2
835 262
1 10 2
673 786
1 14 2
132 886
1 13 2
1 621
1 12 2
88 266
1 7 2
660 554
1 15 2
324 240
1 7 2
888 622
1 14 2
138 232
1 4 2
221 590
1 8 2
557 383
1 9 2
288 913
1 10 2
74 87
1 13 2
592 531
1 2 2
892 188
1 2 2
333 247
1 10 2
274 56
1 15 2
720 697
1 3 2
768 491
1 15 2
798 994
1 3 2
498 550
1 14 2
492 136
1 13 2
4 512
1 15 2
938 952
1 9 2
868 564
1 13 2
978 31
1 2 2
209 621
1 5 2
415 129
1 7 2
853 305
1 15 2
556 776
1 13 2
982 58
1 12 2
502 610
1 9 2
134 239
1 14 2
892 932
1 12 2
954 894
1 5 2
890 439
1 15 2
652 94
1 2 2
988 465
1 10 2
576 861
1 13 2
602 773
1 13 2
297 524
1 5 2
709 168
1 4 2
100 64
1 6 2
754 526
1 12 2
299 140
1 6 2
867 866
1 7 2
570 603
1 8 2
512 703
1 14 2
843 929
1 5 2
859 572
1 9 2
459 321
1 4 2
177 378
1 7 2
829 416
1 6 2
882 253
1 4 2
175 62
1 12 2
171 400
1 10 2
783 897
1 3 2
249 626
1 10 2
840 71
1 4 2
773 335
1 10 2
33 689
1 6 2
408 743
1 3 2
548 325
1 4 2
743 800
1 10 2
30 244
1 2 2
144 31
1 15 2
21 946
1 9 2
164 735
1 12 2
195 52
1 5 2
143 206
1 2 2
713 186
1 13 2
962 303
1 6 2
903 700
1 3 2
302 425
1 4 2
952 446
1 2 2
598 34
1 8 2
786 897
1 14 2
76 243
1 7 2
641 5
1 12 2
413 41
1 15 2
280 784
1 15 2
940 556
1 2 2
676 869
1 14 2
301 83
1 15 2
918 181
1 12 2
526 810
1 7 2
557 418
1 11 2
355 632
1 9 2
958 535
1 7 2
871 753
1 13 2
348 312
1 8 2
130 708
1 14 2
520 582
1 10 2
940 444
1 5 2
769 272
1 8 2
901 772
1 11 2
131 149
1 3 2
196 896
1 4 2
870 862
1 15 2
58 274
1 4 2
86 438
1 13 2
524 862
1 6 2
223 669
1 15 2
293 475
1 7 2
71 944
1 4 2
529 477
1 8 2
460 489
1 14 2
290 34
1 15 2
222 502
1 12 2
855 299
1 8 2
361 151
1 8 2
629 870
1 14 2
112 992
1 5 2
522 975
1 12 2
663 512
1 3 2
177 257
1 4 2
216 13
1 3 2
744 898
1 11 2
830 341
1 13 2
336 994
1 2 2
54 8
1 13 2
917 51
1 5 2
529 803
1 11 2
15 970
1 12 2
347 480
1 8 2
148 604
1 8 2
670 921
1 5 2
974 855
1 7 2
933 798
1 15 2
766 678
1 14 2
797 37
1 13 2
853 646
1 9 2
886 745
1 4 2
180 358
1 12 2
906 731
1 11 2
480 833
1 13 2
533 154
1 13 2
575 951
1 6 2
61 667
1 13 2
854 436
1 2 2
684 526
1 10 2
794 701
1 13 2
861 326
1 5 2
980 954
1 2 2
505 753
1 2 2
227 188
1 15 2
860 11
1 11 2
883 725
1 15 2
572 622
1 9 2
0 721
1 7 2
826 7
1 11 2
360 544
1 7 2
956 248
1 11 2
187 697
1 8 2
797 741
1 8 2
519 714
1 14 2
251 921
1 14 2
455 428
1 11 2
685 943
1 6 2
383 741
1 6 2
866 703
1 5 2
593 8
1 14 2
561 43
1 8 2
935 942
1 15 2
366 511
1 3 2
480 484
1 15 2
631 595
1 2 2
607 47
1 11 2
245 237
1 2 2
539 327
1 7 2
660 427
1 14 2
772 903
1 7 2
71 323
1 10 2
65 894
1 8 2
160 531
1 14 2
88 564
1 14 2
815 196
1 6 2
404 269
1 6 2
386 916
1 8 2
18 127
1 8 2
141 203
1 7 2
368 161
1 14 2
639 844
1 10 2
625 292
1 3 2
114 847
1 10 2
708 693
1 12 2
972 55
1 3 2
993 432
1 9 2
382 118
1 14 2
725 34
1 14 2
10 432
1 5 2
939 194
1 5 2
248 40
1 15 2
363 417
1 3 2
203 100
1 7 2
672 282
1 12 2
958 329
1 2 2
828 436
1 5 2
641 98
1 13 2
589 170
1 11 2
696 502
1 6 2
361 44
1 9 2
159 102
1 15 2
707 448
1 3 2
44 162
1 15 2
372 460
1 12 2
718 107
1 9 2
167 783
1 10 2
797 496
1 11 2
842 128
1 3 2
951 355
1 2 2
94 536
1 14 2
428 897
1 11 2
450 540
1 13 2
595 403
1 15 2
74 976
1 15 2
631 187
1 7 2
345 663
1 15 2
198 517
1 6 2
225 344
1 11 2
193 988
1 10 2
746 919
1 13 2
563 974
1 2 2
674 553
1 15 2
817 34
1 15 2
358 624
1 12 2
801 827
1 12 2
664 653
1 4 2
125 602
1 4 2
523 469
1 12 2
787 395
1 14 2
659 644
1 6 2
320 918
1 7 2
569 350
1 15 2
543 314
1 15 2
110 32
1 13 2
41 789
1 15 2
463 293
1 2 2
851 980
1 11 2
99 27
1 11 2
264 69
1 5 2
824 580
1 10 2
819 962
1 15 2
237 613
1 5 2
222 333
1 2 2
927 355
1 11 2
873 379
1 14 2
552 269
1 14 2
943 52
1 15 2
929 255
1 9 2
385 410
1 14 2
523 512
1 9 2
632 674
1 6 2
823 810
1 15 2
609 656
1 11 2
762 4
1 7 2
906 928
1 9 2
523 962
1 15 2
588 801
1 12 2
881 751
1 15 2
207 494
1 11 2
831 701
1 5 2
103 158
1 11 2
582 351
1 2 2
464 659
1 9 2
10 629
1 7 2
1 406
1 5 2
652 254
1 2 2
657 424
1 7 2
503 394
1 2 2
357 898
1 13 2
800 178
1 12 2
866 496
1 14 2
635 40
1 15 2
357 604
1 10 2
410 290
1 15 2
993 162
1 14 2
469 985
1 5 2
939 382
1 4 2
88 838
1 15 2
722 156
1 10 2
900 194
1 6 2
569 618
1 9 2
25 245
1 7 2
256 189
1 9 2
444 630
1 4 2
464 946
1 4 2
765 927
1 15 2
965 199
1 15 2
729 443
1 7 2
143 222
1 5 2
759 585
1 7 2
671 309
1 9 2
882 915
1 5 2
641 780
1 5 2
923 128
1 3 2
876 499
1 14 2
446 535
1 2 2
93 364
1 10 2
333 937
1 7 2
983 932
1 5 2
112 549
1 15 2
41 676
1 5 2
348 381
1 10 2
857 767
1 15 2
253 794
1 5 2
673 697
1 2 2
740 690
1 10 2
491 87
1 15 2
508 340
1 13 2
972 350
1 15 2
613 24
1 6 2
939 26
1 10 2
596 299
1 14 2
385 238
1 4 2
478 138
1 8 2
740 161
1 11 2
598 974
1 14 2
750 508
1 9 2
819 563
1 6 2
341 720
1 13 2
813 1
1 11 2
755 246
1 9 2
692 112
1 14 2
98 764
1 11 2
821 625
1 3 2
802 539
1 9 2
317 664
1 8 2
536 375
1 5 2
452 241
1 6 2
25 643
1 9 2
970 825
1 8 2
306 922
1 15 2
664 336
1 4 2
849 180
1 4 2
910 361
1 7 2
80 514
1 13 2
654 473
1 10 2
81 906
1 8 2
443 218
1 7 2
99 932
1 3 2
887 626
1 9 2
920 872
1 9 2
82 325
1 4 2
139 385
1 13 2
150 123
1 3 2
958 298
1 15 2
985 625
1 15 2
756 452
1 13 2
39 317
1 11 2
734 145
1 10 2
347 665
1 3 2
867 608
1 12 2
635 531
1 3 2
149 12
1 13 2
769 849
1 3 2
918 975
1 8 2
57 300
1 13 2
41 550
1 14 2
218 390
1 9 2
978 487
1 2 2
629 389
1 13 2
641 682
1 6 2
264 683
1 6 2
112 721
1 3 2
330 600
1 10 2
966 626
1 8 2
392 284
1 3 2
295 789
1 13 2
380 632
1 9 2
669 2
1 13 2
806 547
1 6 2
602 391
1 14 2
498 580
1 12 2
546 959
1 4 2
476 791
1 15 2
479 917
1 7 2
803 656
1 3 2
536 332
1 9 2
982 826
1 5 2
200 877
1 13 2
570 689
1 11 2
894 614
1 7 2
852 460
1 13 2
179 58
1 11 2
595 963
1 4 2
456 904
1 3 2
489 980
1 12 2
315 343
1 7 2
625 310
1 11 2
346 706
1 11 2
773 262
1 15 2
682 298
1 12 2
775 536
1 14 2
675 938
1 7 2
99 204
1 11 2
315 130
1 11 2
277 214
1 5 2
938 996
1 4 2
544 768
1 7 2
987 658
1 7 2
466 775
1 3 2
846 744
1 8 2
892 611
1 11 2
188 821
1 7 2
574 267
1 2 2
100 827
1 7 2
674 319
1 10 2
644 377
1 12 2
938 236
1 3 2
856 228
1 7 2
383 792
1 15 2
854 576
1 5 2
215 667
1 8 2
288 892
1 7 2
623 828
1 15 2
2 405
1 12 2
349 60
1 3 2
297 546
1 15 2
660 782
1 14 2
986 728
1 15 2
100 503
1 14 2
48 887
1 7 2
964 934
1 7 2
817 837
1 2 2
748 14
1 4 2
446 891
1 7 2
499 761
1 9 2
688 601
1 7 2
185 649
1 10 2
515 507
1 2 2
987 696
1 13 2
981 862
1 11 2
420 435
1 5 2
299 607
1 8 2
496 558
1 6 2
199 883
1 13 2
569 65
1 6 2
802 686
1 9 2
240 66
1 8 2
993 881
1 10 2
145 777
1 10 2
619 145
1 11 2
829 799
1 12 2
25 235
1 2 2
747 222
1 11 2
953 233
1 2 2
804 301
1 9 2
439 133
1 2 2
239 373
1 6 2
183 889
1 7 2
73 166
1 10 2
116 195
1 4 2
820 375
1 14 2
427 843
1 10 2
332 566
1 9 2
109 902
1 13 2
790 246
1 15 2
155 311
1 6 2
581 192
1 7 2
682 167
1 4 2
105 989
1 2 2
981 341
1 4 2
889 808
1 6 2
87 801
1 5 2
746 745
1 4 2
621 904
1 10 2
391 103
1 7 2
557 412
1 9 2
738 588
1 12 2
740 669
1 5 2
394 984
1 13 2
203 191
1 10 2
136 206
1 7 2
841 850
1 8 2
726 542
1 13 2
184 251
1 9 2
774 865
1 10 2
28 407
1 6 2
180 693
1 6 2
668 484
1 7 2
855 289
1 11 2
792 901
1 13 2
239 910
1 6 2
102 813
1 12 2
847 833
1 5 2
312 362
1 5 2
560 491
1 14 2
131 129
1 5 2
208 421
1 9 2
456 185
1 11 2
878 471
1 13 2
791 536
1 2 2
628 809
1 10 2
568 333
1 12 2
581 821
1 5 2
984 720
1 5 2
449 281
1 10 2
98 758
1 3 2
0 738
1 13 2
329 533
1 4 2
212 295
1 10 2
117 940
1 8 2
145 955
1 8 2
137 313
1 6 2
494 190
1 13 2
523 216
1 2 2
386 642
1 13 2
877 727
1 6 2
455 589
1 12 2
390 359
1 11 2
494 783
1 6 2
889 944
1 4 2
584 791
1 14 2
246 898
1 15 2
941 325
1 13 2
720 927
1 7 2
238 3
1 11 2
754 911
1 7 2
139 320
1 3 2
266 945
1 10 2
602 675
1 14 2
535 236
1 10 2
918 69
1 8 2
937 438
1 3 2
524 769
1 11 2
470 765
1 13 2
284 812
1 3 2
331 865
1 2 2
384 167
1 8 2
387 643
1 11 2
613 895
1 3 2
825 18
1 2 2
781 141
1 5 2
72 394
1 4 2
99 591
1 10 2
566 872
1 6 2
886 278
1 10 2
52 657
1 9 2
989 577
1 2 2
237 489
1 2 2
16 447
1 15 2
722 437
1 6 2
68 624
1 14 2
444 791
1 5 2
56 222
1 15 2
675 615
1 9 2
947 147
1 9 2
562 218
1 7 2
759 523
1 3 2
217 945
1 11 2
384 904
1 6 2
740 346
1 13 2
310 972
1 8 2
975 830
1 12 2
309 970
1 3 2
905 931
1 11 2
608 706
1 8 2
853 693
1 6 2
868 631
1 4 2
513 782
1 5 2
641 408
1 12 2
367 245
1 8 2
553 958
1 3 2
153 980
1 6 2
369 778
1 6 2
130 771
1 14 2
799 252
1 5 2
619 780
1 15 2
66 88
1 11 2
493 751
1 14 2
354 412
1 7 2
907 292
1 9 2
899 313
1 13 2
179 355
1 2 2
191 732
1 12 2
139 887
1 15 2
746 151
1 7 2
591 428
1 14 2
435 948
1 3 2
294 75
1 11 2
849 318
1 15 2
317 611
1 11 2
632 521
1 12 2
131 726
1 6 2
174 730
1 8 2
956 784
1 4 2
373 884
1 8 2
357 724
1 2 2
689 15
1 4 2
473 236
1 13 2
552 976
1 15 2
810 222
1 8 2
300 141
1 14 2
463 712
1 10 2
473 264
1 12 2
630 938
1 8 2
305 726
1 3 2
960 299
1 5 2
526 502
1 14 2
29 885
1 6 2
796 19
1 14 2
708 168
1 15 2
89 610
1 14 2
700 252
1 3 2
907 298
1 12 2
435 343
1 6 2
556 820
1 11 2
401 408
1 2 2
401 106
1 4 2
812 515
1 5 2
800 49
1 9 2
680 831
1 2 2
173 860
1 11 2
863 458
1 6 2
969 783
1 13 2
602 90
1 15 2
13 372
1 6 2
400 955
1 12 2
420 644
1 2 2
117 122
1 3 2
533 20
1 14 2
713 454
1 7 2
649 231
1 9 2
309 643
1 5 2
745 368
1 5 2
504 485
1 8 2
694 223
1 14 2
754 335
1 6 2
432 116
1 5 2
345 83
1 3 2
692 188
1 10 2
389 464
1 5 2
843 105
1 7 2
227 843
1 11 2
294 417
1 8 2
710 206
1 13 2
651 441
1 15 2
561 474
1 6 2
163 703
1 10 2
260 140
1 14 2
94 569
1 6 2
136 313
1 3 2
872 153
1 6 2
915 465
1 5 2
683 856
1 8 2
360 695
1 15 2
679 872
1 5 2
350 136
1 12 2
862 236
1 15 2
876 199
1 5 2
284 343
1 3 2
708 96
1 8 2
992 894
1 7 2
955 738
1 9 2
831 533
1 10 2
589 172
1 14 2
636 179
1 9 2
379 597
1 5 2
766 967
1 13 2
152 238
1 2 2
682 482
1 14 2
190 956
1 11 2
865 515
1 5 2
478 347
1 5 2
74 84
1 9 2
649 364
1 9 2
591 606
1 13 2
387 138
1 10 2
650 398
1 8 2
480 116
1 10 2
550 631
1 2 2
513 647
1 7 2
806 793
1 6 2
124 162
1 15 2
807 24
1 12 2
203 613
1 4 2
775 2
1 12 2
917 284
1 9 2
513 63
1 5 2
736 537
1 11 2
580 800
1 9 2
281 771
1 6 2
689 624
1 9 2
26 537
1 7 2
850 167
1 3 2
248 177
1 13 2
80 755
1 14 2
358 364
1 11 2
795 627
1 15 2
30 680
1 8 2
482 578
1 9 2
497 112
1 13 2
277 802
1 3 2
263 675
1 2 2
907 933
1 4 2
553 132
1 11 2
900 960
1 2 2
658 680
1 6 2
301 384
1 3 2
66 731
1 7 2
961 222
1 6 2
468 182
1 4 2
675 646
1 5 2
894 915
1 15 2
985 6
1 11 2
944 530
1 14 2
884 848
1 2 2
168 209
1 7 2
565 407
1 10 2
34 649
1 2 2
193 459
1 14 2
412 695
1 3 2
424 812
1 2 2
990 285
1 4 2
556 33
1 9 2
717 861
1 12 2
939 880
1 5 2
161 82
1 12 2
416 722
1 12 2
476 420
1 13 2
145 101
1 13 2
521 720
1 10 2
850 513
1 5 2
835 466
1 7 2
408 728
1 15 2
631 152
1 11 2
844 934
1 12 2
120 347
1 8 2
25 724
1 9 2
237 359
1 5 2
655 764
1 14 2
822 208
1 4 2
295 441
1 6 2
70 513
1 11 2
452 913
1 4 2
492 103
1 5 2
9 352
1 9 2
493 1
1 2 2
92 302
1 15 2
907 271
1 6 2
738 94
1 4 2
105 493
1 11 2
203 296
1 5 2
614 283
1 7 2
114 399
1 14 2
845 41
1 13 2
507 519
1 14 2
993 729
1 9 2
454 70
1 13 2
104 555
1 2 2
36 171
1 7 2
103 15
1 4 2
995 914
1 4 2
322 769
1 9 2
785 534
1 15 2
698 912
1 12 2
395 741
1 15 2
369 828
1 10 2
519 158
1 15 2
796 827
1 7 2
527 221
1 9 2
106 41
1 4 2
182 620
1 5 2
222 283
1 9 2
731 497
1 10 2
625 773
1 8 2
929 533
1 12 2
768 309
1 2 2
288 341
1 5 2
529 231
1 15 2
297 457
1 13 2
765 740
1 11 2
847 888
1 15 2
178 937
1 12 2
811 542
1 5 2
592 817
1 7 2
827 831
1 12 2
185 699
1 12 2
556 766
1 13 2
371 453
1 12 2
325 734
1 6 2
32 83
1 6 2
904 737
1 15 2
87 242
1 10 2
252 51
1 12 2
520 253
1 10 2
178 190
1 3 2
233 339
1 11 2
293 420
1 5 2
130 26
1 11 2
588 858
1 2 2
25 492
1 9 2
357 599
1 9 2
145 29
1 15 2
121 774
1 13 2
900 560
1 8 2
239 1
1 9 2
195 127
1 10 2
238 827
1 15 2
814 37
1 12 2
187 696
1 13 2
328 609
1 2 2
760 329
1 10 2
43 638
1 3 2
226 492
1 5 2
975 314
1 10 2
543 598
1 15 2
180 905
1 7 2
530 244
1 6 2
36 263
1 15 2
36 242
1 4 2
763 27
1 13 2
247 226
1 6 2
547 971
1 5 2
351 746
1 10 2
101 424
1 9 2
20 558
1 4 2
893 710
1 13 2
148 856
1 11 2
869 531
1 4 2
246 155
1 6 2
606 530
1 15 2
538 666
1 2 2
965 731
1 15 2
838 790
1 3 2
329 584
1 2 2
982 373
1 10 2
998 330
1 11 2
897 726
1 5 2
23 220
1 4 2
761 962
1 15 2
903 714
1 5 2
853 131
1 11 2
614 9
1 14 2
737 570
1 6 2
881 404
1 6 2
335 210
1 4 2
187 47
1 9 2
607 509
1 8 2
755 654
1 14 2
401 331
1 7 2
858 750
1 5 2
843 185
1 5 2
173 96
1 2 2
674 225
1 8 2
129 289
1 6 2
572 715
1 6 2
466 192
1 12 2
754 74
1 10 2
590 482
1 5 2
689 563
1 8 2
994 757
1 6 2
192 653
1 13 2
348 132
1 7 2
402 673
1 9 2
43 266
1 14 2
692 301
1 7 2
333 367
1 10 2
42 180
1 9 2
705 731
1 2 2
439 41
1 13 2
982 721
1 13 2
685 535
1 11 2
626 258
1 4 2
840 305
1 9 2
251 812
1 10 2
289 483
1 15 2
449 162
1 11 2
554 317
1 7 2
164 131
1 11 2
226 906
1 8 2
596 520
1 5 2
165 773
1 9 2
595 450
1 12 2
686 681
1 3 2
43 234
1 11 2
451 963
1 11 2
908 987
1 12 2
447 774
1 10 2
739 536
1 15 2
595 236
1 5 2
494 54
1 13 2
750 589
1 12 2
664 183
1 5 2
351 246
1 8 2
607 958
1 6 2
622 603
1 11 2
797 493
1 13 2
431 799
1 6 2
422 466
1 4 2
414 875
1 4 2
28 371
1 4 2
531 2
1 7 2
923 287
1 8 2
966 347
1 5 2
422 954
1 14 2
602 831
1 14 2
634 524
1 6 2
460 927
1 7 2
162 390
1 9 2
494 279
1 8 2
775 86
1 15 2
253 66
1 8 2
239 522
1 6 2
569 936
1 6 2
800 348
1 13 2
111 545
1 12 2
930 934
1 10 2
506 758
1 15 2
20 519
1 7 2
453 174
1 3 2
608 854
1 11 2
853 308
1 4 2
974 382
1 6 2
704 427
1 7 2
515 650
1 7 2
632 74
1 11 2
146 609
1 2 2
9 861
1 11 2
197 602
1 11 2
792 307
1 4 2
755 832
1 15 2
940 535
1 12 2
174 548
1 10 2
964 366
1 15 2
427 497
1 9 2
330 735
1 13 2
597 979
1 14 2
174 826
1 14 2
654 140
1 14 2
816 723
1 7 2
722 875
1 4 2
173 362
1 4 2
544 294
1 8 2
476 234
1 3 2
133 331
1 4 2
774 222
1 6 2
354 76
1 2 2
536 313
1 3 2
403 986
1 10 2
823 505
1 4 2
776 608
1 4 2
573 400
1 7 2
669 196
1 11 2
742 263
1 12 2
152 488
1 12 2
355 560
1 12 2
970 481
1 7 2
23 167
1 3 2
754 906
1 10 2
223 702
1 5 2
904 636
1 13 2
522 993
1 8 2
44 68
1 13 2
480 338
1 15 2
276 530
1 13 2
413 215
1 5 2
987 13
1 2 2
617 534
1 3 2
443 744
1 14 2
651 285
1 2 2
293 442
1 7 2
405 929
1 8 2
987 48
1 3 2
524 504
1 6 2
967 372
1 12 2
353 929
1 4 2
981 178
1 9 2
198 180
1 11 2
921 794
1 12 2
854 401
1 8 2
41 246
1 8 2
818 493
1 4 2
106 425
1 9 2
114 208
1 4 2
456 967
1 14 2
580 569
1 9 2
473 611
1 15 2
846 495
1 2 2
864 666
1 12 2
191 545
1 2 2
561 464
1 7 2
766 130
1 5 2
170 479
1 8 2
818 698
1 6 2
300 148
1 15 2
559 995
1 11 2
511 816
1 14 2
224 352
1 2 2
726 343
1 3 2
455 910
1 4 2
736 453
1 6 2
241 78
1 11 2
396 891
1 2 2
136 492
1 9 2
341 812
1 15 2
571 170
1 6 2
334 488
1 13 2
297 446
1 11 2
618 761
1 14 2
696 777
1 5 2
30 789
1 11 2
195 847
1 15 2
884 450
1 15 2
87 115
1 12 2
574 608
1 11 2
784 454
1 8 2
965 854
1 6 2
429 234
1 7 2
747 570
1 15 2
392 897
1 2 2
515 470
1 10 2
581 861
1 11 2
673 773
1 2 2
513 413
1 12 2
26 95
1 7 2
162 294
1 13 2
111 537
1 6 2
708 632
1 2 2
428 951
1 4 2
617 455
1 9 2
970 158
1 4 2
924 15
1 4 2
64 636
1 9 2
826 62
1 9 2
609 907
1 8 2
426 100
1 15 2
422 749
1 3 2
522 784
1 8 2
701 504
1 10 2
592 404
1 12 2
112 240
1 6 2
695 588
1 11 2
695 949
1 15 2
429 149
1 7 2
523 789
1 7 2
621 834
1 13 2
958 883
1 10 2
603 427
1 12 2
130 94
1 13 2
826 864
1 13 2
621 309
1 14 2
336 513
1 13 2
63 914
1 3 2
207 934
1 2 2
17 896
1 14 2
392 435
1 2 2
996 891
1 5 2
796 149
1 3 2
255 230
1 11 2
943 303
1 7 2
784 453
1 12 2
906 378
1 5 2
525 651
1 14 2
726 167
1 10 2
225 839
1 11 2
17 595
1 6 2
565 992
1 3 2
195 622
1 3 2
863 865
1 11 2
543 179
1 9 2
119 368
1 2 2
714 871
1 10 2
327 410
1 6 2
151 7
1 10 2
161 746
1 12 2
877 322
1 5 2
128 48
1 9 2
745 352
1 5 2
786 685
1 8 2
881 281
1 11 2
991 316
1 12 2
256 575
1 5 2
712 35
1 15 2
870 174
1 6 2
276 409
1 13 2
928 523
1 10 2
180 411
1 15 2
24 438
1 11 2
526 475
1 13 2
118 469
1 15 2
957 624
1 12 2
855 971
1 12 2
769 956
1 15 2
784 133
1 14 2
841 795
1 14 2
643 964
1 3 2
350 531
1 9 2
204 621
1 12 2
866 862
1 3 2
950 65
1 6 2
787 63
1 3 2
578 833
1 15 2
131 4
1 5 2
713 803
1 7 2
479 668
1 14 2
454 799
1 10 2
92 298
1 2 2
234 273
1 9 2
989 809
1 12 2
996 52
1 10 2
846 314
1 6 2
79 977
1 9 2
654 368
1 9 2
146 445
1 15 2
104 994
1 2 2
940 567
1 15 2
460 168
1 5 2
423 590
1 9 2
14 632
1 3 2
987 749
1 2 2
2 24
1 8 2
343 777
1 10 2
924 130
1 10 2
755 704
1 12 2
82 571
1 10 2
918 649
1 4 2
52 174
1 11 2
130 360
1 11 2
780 209
1 13 2
990 301
1 7 2
141 174
1 5 2
584 859
1 3 2
539 43
1 10 2
593 207
1 11 2
174 660
1 6 2
701 412
1 14 2
919 602
1 7 2
514 431
1 13 2
416 451
1 12 2
823 57
1 15 2
323 296
1 11 2
890 483
1 14 2
531 345
1 8 2
747 971
1 2 2
978 721
1 15 2
136 157
1 14 2
217 736
1 8 2
868 560
1 3 2
555 115
1 4 2
454 185
1 2 2
942 684
1 12 2
83 980
1 10 2
604 981
1 12 2
310 908
1 12 2
301 792
1 12 2
831 676
1 8 2
257 311
1 6 2
884 570
1 6 2
162 806
1 6 2
784 841
1 14 2
369 427
1 8 2
700 767
1 7 2
501 638
1 5 2
83 107
1 8 2
992 488
1 2 2
198 44
1 14 2
105 922
1 12 2
666 573
1 2 2
131 784
1 3 2
931 746
1 8 2
475 220
1 3 2
112 74
1 15 2
381 839
1 14 2
764 298
1 10 2
523 439
1 5 2
207 613
1 5 2
429 854
1 8 2
746 137
1 15 2
73 748
1 7 2
510 940
1 5 2
211 400
1 9 2
676 850
1 13 2
84 561
1 5 2
606 498
1 15 2
372 341
1 15 2
600 200
1 13 2
700 876
1 15 2
330 625
1 14 2
598 78
1 8 2
57 80
1 11 2
349 746
1 6 2
553 817
1 12 2
418 474
1 5 2
386 919
1 14 2
408 410
1 10 2
714 344
1 12 2
275 521
1 12 2
866 598
1 14 2
179 106
1 7 2
0 148
1 11 2
560 636
1 15 2
367 584
1 12 2
965 907
1 2 2
193 338
1 3 2
520 400
1 8 2
755 715
1 15 2
74 42
1 13 2
727 217
1 5 2
840 242
1 7 2
79 161
1 8 2
972 996
1 13 2
715 778
1 2 2
325 445
1 15 2
222 935
1 8 2
993 533
1 9 2
747 211
1 11 2
167 226
1 9 2
279 196
1 15 2
252 709
1 5 2
987 754
1 9 2
227 962
1 7 2
747 740
1 12 2
537 340
1 15 2
337 435
1 14 2
28 822
1 9 2
329 118
1 14 2
434 95
1 11 2
732 642
1 9 2
633 535
1 11 2
148 4
1 14 2
293 628
1 2 2
161 839
1 11 2
721 237
1 10 2
716 326
1 6 2
406 13
1 3 2
235 397
1 9 2
632 486
1 13 2
202 352
1 3 2
429 77
1 9 2
54 831
1 15 2
112 873
1 4 2
53 955
1 3 2
966 792
1 5 2
194 910
1 4 2
286 401
1 4 2
25 309
1 8 2
278 972
1 14 2
669 245
1 15 2
928 49
1 12 2
634 998
1 12 2
828 986
1 2 2
210 400
1 8 2
21 567
1 13 2
391 518
1 14 2
585 252
1 8 2
923 330
1 10 2
136 438
1 15 2
297 183
1 10 2
671 897
1 15 2
866 222
1 9 2
147 567
1 4 2
901 759
1 6 2
847 546
1 10 2
253 58
1 14 2
697 622
1 8 2
637 684
1 15 2
586 329
1 5 2
674 526
1 4 2
356 971
1 5 2
418 463
1 13 2
100 756
1 15 2
577 352
1 10 2
879 283
1 8 2
974 627
1 9 2
372 257
1 13 2
978 506
1 15 2
442 304
1 6 2
326 300
1 15 2
461 178
1 15 2
133 391
1 2 2
757 666
1 6 2
326 662
1 12 2
554 359
1 9 2
54 387
1 15 2
938 595
1 5 2
633 473
1 3 2
447 328
1 8 2
460 565
1 9 2
129 729
1 2 2
81 972
1 12 2
487 905
1 3 2
17 845
1 7 2
232 601
1 4 2
823 114
1 11 2
902 737
1 8 2
873 90
1 8 2
576 666
1 4 2
542 401
1 2 2
989 972
1 3 2
536 88
1 8 2
361 629
1 10 2
201 396
1 5 2
305 742
1 6 2
400 823
1 13 2
317 633
1 9 2
396 69
1 12 2
748 805
1 12 2
411 768
1 5 2
58 948
1 10 2
622 912
1 7 2
313 806
1 12 2
536 426
1 12 2
581 640
1 8 2
167 740
1 5 2
737 481
1 4 2
774 895
1 3 2
187 32
1 6 2
676 688
1 10 2
609 548
1 6 2
954 483
1 3 2
426 299
1 4 2
950 190
1 3 2
698 786
1 12 2
888 573
1 8 2
981 140
1 4 2
80 294
1 13 2
429 701
1 11 2
13 0
1 7 2
768 976
1 15 2
627 800
1 4 2
301 928
1 14 2
474 216
1 6 2
990 360
1 7 2
122 367
1 8 2
891 568
1 5 2
957 112
1 5 2
774 282
1 15 2
868 547
1 9 2
34 440
1 2 2
33 77
1 8 2
206 10
1 6 2
386 226
1 3 2
387 747
1 2 2
306 896
1 5 2
958 242
1 8 2
446 364
1 6 2
443 291
1 13 2
123 845
1 10 2
720 967
1 4 2
601 69
1 14 2
408 613
1 9 2
500 717
1 7 2
287 308
1 11 2
479 615
1 14 2
444 344
1 4 2
52 947
1 11 2
994 641
1 12 2
54 426
1 9 2
533 482
1 3 2
157 39
1 2 2
538 739
1 6 2
831 358
1 6 2
260 197
1 6 2
841 86
1 10 2
967 258
1 4 2
751 306
1 10 2
43 613
1 11 2
959 982
1 8 2
416 326
1 4 2
879 431
1 8 2
908 416
1 12 2
108 570
1 6 2
864 979
1 6 2
431 272
1 12 2
42 407
1 10 2
396 442
1 9 2
517 269
1 12 2
801 153
1 14 2
926 159
1 6 2
101 648
1 9 2
446 302
1 6 2
435 475
1 13 2
222 795
1 11 2
489 495
1 11 2
944 176
1 3 2
992 224
1 14 2
871 97
1 8 2
804 285
1 14 2
415 423
1 11 2
832 503
1 12 2
97 213
1 12 2
271 246
1 14 2
405 735
1 13 2
785 778
1 4 2
14 441
1 13 2
118 595
1 3 2
559 717
1 9 2
440 416
1 3 2
484 506
1 8 2
138 973
1 2 2
633 334
1 12 2
985 440
1 14 2
274 876
1 10 2
937 713
1 12 2
219 730
1 14 2
105 659
1 4 2
121 14
1 12 2
717 39
1 15 2
103 737
1 8 2
475 128
1 15 2
933 506
1 9 2
846 691
1 5 2
792 133
1 7 2
791 752
1 4 2
989 753
1 3 2
533 863
1 12 2
565 140
1 10 2
367 640
1 6 2
600 362
1 10 2
960 197
1 13 2
385 931
1 5 2
504 233
1 14 2
807 44
1 11 2
390 406
1 3 2
837 239
1 8 2
594 943
1 15 2
441 864
1 4 2
842 378
1 2 2
267 851
1 14 2
58 454
1 13 2
702 537
1 12 2
56 518
1 6 2
881 392
1 12 2
764 62
1 7 2
352 512
1 3 2
552 287
1 13 2
148 42
1 3 2
345 543
1 15 2
212 309
1 13 2
816 663
1 8 2
582 539
1 2 2
221 862
1 11 2
313 652
1 12 2
989 985
1 11 2
653 212
1 12 2
602 301
1 3 2
585 857
1 11 2
281 597
1 7 2
588 990
1 13 2
448 645
1 10 2
381 290
1 2 2
927 695
1 7 2
338 290
1 14 2
821 737
1 9 2
811 940
1 13 2
659 482
1 14 2
445 125
1 11 2
327 378
1 13 2
802 24
1 6 2
76 152
1 15 2
595 958
1 14 2
918 257
1 13 2
17 385
1 11 2
45 763
1 8 2
162 372
1 11 2
538 286
1 11 2
953 346
1 9 2
218 767
1 2 2
178 795
1 2 2
98 836
1 15 2
222 656
1 12 2
760 393
1 7 2
918 958
1 14 2
646 344
1 11 2
860 119
1 8 2
272 791
1 9 2
511 13
1 5 2
488 40
1 7 2
832 854
1 9 2
393 137
1 9 2
172 774
1 13 2
861 805
1 13 2
817 696
1 9 2
885 441
1 12 2
163 476
1 4 2
47 409
1 8 2
735 423
1 13 2
797 47
1 10 2
210 870
1 12 2
870 887
1 12 2
327 446
1 2 2
452 212
1 6 2
568 373
1 5 2
198 773
1 2 2
8 100
1 4 2
654 933
1 13 2
841 31
1 14 2
407 758
1 11 2
672 851
1 8 2
229 688
1 9 2
370 435
1 3 2
422 134
1 2 2
506 321
1 2 2
184 134
1 15 2
535 186
1 14 2
348 565
1 2 2
195 388
1 10 2
366 697
1 11 2
259 787
1 4 2
409 682
1 14 2
820 37
1 6 2
569 68
1 5 2
96 73
1 14 2
518 17
1 4 2
383 739
1 8 2
607 73
1 13 2
288 932
1 2 2
821 794
1 6 2
859 625
1 10 2
207 249
1 9 2
188 965
1 14 2
379 558
1 11 2
709 944
1 13 2
477 931
1 14 2
921 183
1 10 2
624 78
1 12 2
867 170
1 5 2
326 659
1 11 2
817 809
1 10 2
693 509
1 4 2
216 911
1 5 2
348 60
1 5 2
963 609
1 3 2
936 541
1 2 2
630 65
1 5 2
525 55
1 14 2
528 406
1 7 2
288 972
1 11 2
209 543
1 13 2
814 561
1 2 2
403 498
1 15 2
229 832
1 9 2
297 43
1 6 2
623 300
1 15 2
284 406
1 2 2
666 614
1 5 2
266 799
1 2 2
260 591
1 3 2
579 561
1 5 2
259 603
1 5 2
33 456
1 8 2
331 768
1 5 2
929 802
1 4 2
310 146
1 5 2
161 191
1 2 2
490 409
1 11 2
420 427
1 4 2
34 779
1 2 2
248 871
1 12 2
239 8
1 2 2
646 629
1 9 2
541 712
1 9 2
681 559
1 10 2
560 621
1 13 2
139 91
1 8 2
918 197
1 4 2
293 648
1 12 2
14 169
1 11 2
719 709
1 2 2
765 839
1 13 2
875 81
1 7 2
653 416
1 12 2
834 493
1 9 2
452 244
1 6 2
542 972
1 5 2
273 889
1 9 2
553 5
1 5 2
306 393
1 13 2
355 294
1 3 2
931 436
1 15 2
303 79
1 5 2
943 541
1 6 2
721 570
1 4 2
494 959
1 7 2
248 396
1 10 2
530 203
1 10 2
899 189
1 3 2
219 966
1 8 2
623 976
1 13 2
475 139
1 12 2
767 796
1 15 2
797 618
1 9 2
684 333
1 8 2
86 381
1 10 2
932 215
1 6 2
328 982
1 11 2
521 299
1 8 2
729 514
1 3 2
290 602
1 3 2
930 309
1 5 2
252 907
1 6 2
522 884
1 15 2
708 897
1 15 2
657 146
1 4 2
687 242
1 15 2
947 639
1 11 2
506 61
1 5 2
730 923
1 2 2
867 671
1 7 2
497 738
1 2 2
361 905
1 2 2
427 370
1 6 2
308 145
1 15 2
59 743
1 11 2
133 271
1 2 2
77 552
1 14 2
888 797
1 11 2
449 333
1 6 2
479 923
1 12 2
884 804
1 15 2
421 681
1 8 2
887 794
1 15 2
296 84
1 8 2
230 129
1 15 2
359 415
1 4 2
436 27
1 5 2
580 549
1 2 2
225 511
1 3 2
138 234
1 14 2
744 871
1 4 2
292 940
1 7 2
489 464
1 2 2
882 563
1 5 2
653 186
1 5 2
476 445
1 12 2
275 468
1 2 2
32 121
1 7 2
469 697
1 7 2
558 587
1 10 2
197 398
1 13 2
681 106
1 12 2
681 721
1 13 2
220 239
1 4 2
543 481
1 15 2
7 122
1 10 2
36 603
1 6 2
498 516
1 15 2
22 312
1 2 2
973 808
1 4 2
384 971
1 6 2
536 846
1 5 2
193 562
1 8 2
798 406
1 3 2
450 770
1 12 2
876 332
1 14 2
42 929
1 5 2
814 11
1 15 2
50 157
1 7 2
472 853
1 12 2
425 390
1 6 2
675 42
1 10 2
565 641
1 14 2
933 526
1 15 2
902 784
1 9 2
826 811
1 4 2
587 704
1 4 2
643 412
1 8 2
910 924
1 4 2
145 523
1 14 2
123 632
1 12 2
381 757
1 4 2
884 169
1 15 2
327 235
1 15 2
152 956
1 11 2
172 589
1 8 2
864 862
1 10 2
998 633
1 14 2
717 866
1 11 2
346 398
1 13 2
998 393
1 15 2
275 587
1 9 2
638 17
1 6 2
192 347
1 7 2
901 806
1 7 2
971 267
1 10 2
510 17
1 13 2
369 794
1 8 2
648 639
1 4 2
524 573
1 6 2
893 886
1 7 2
160 194
1 5 2
269 433
1 3 2
218 267
1 5 2
244 532
1 12 2
410 260
1 2 2
79 459
1 8 2
306 373
1 7 2
225 847
1 2 2
710 253
1 9 2
691 512
1 13 2
884 615
1 7 2
145 685
1 5 2
502 755
1 6 2
357 529
1 11 2
554 229
1 13 2
531 189
1 2 2
646 580
1 2 2
968 225
1 3 2
647 992
1 4 2
84 584
1 15 2
24 742
1 11 2
159 515
1 3 2
478 240
1 10 2
54 461
1 13 2
211 217
1 3 2
759 50
1 5 2
976 949
1 10 2
600 818
1 11 2
170 745
1 13 2
538 692
1 10 2
183 108
1 11 2
861 810
1 12 2
400 668
1 7 2
675 334
1 4 2
8 105
1 11 2
720 188
1 8 2
715 502
1 4 2
465 782
1 9 2
809 324
1 11 2
936 543
1 3 2
504 620
1 14 2
64 442
1 3 2
339 37
1 14 2
482 369
1 13 2
413 14
1 10 2
434 498
1 12 2
128 397
1 10 2
872 32
1 3 2
857 581
1 9 2
239 427
1 11 2
385 942
1 14 2
751 712
1 13 2
114 202
1 9 2
320 776
1 5 2
353 477
1 6 2
35 262
1 11 2
297 553
1 10 2
18 371
1 12 2
207 607
1 13 2
546 271
1 8 2
780 729
1 11 2
567 402
1 8 2
767 566
1 3 2
284 835
1 12 2
718 944
1 15 2
884 3
1 9 2
276 941
1 15 2
459 163
1 7 2
808 822
1 15 2
90 260
1 9 2
456 804
1 9 2
84 527
1 2 2
198 917
1 10 2
316 990
1 6 2
919 104
1 5 2
250 20
1 15 2
719 468
1 12 2
432 76
1 7 2
862 235
1 9 2
444 5
1 13 2
244 798
1 4 2
303 780
1 15 2
287 706
1 14 2
886 210
1 11 2
312 113
1 14 2
805 932
1 3 2
579 991
1 4 2
196 933
1 12 2
882 356
1 6 2
375 835
1 5 2
969 687
1 4 2
797 960
1 5 2
927 133
1 14 2
547 10
1 10 2
949 757
1 14 2
148 957
1 11 2
110 263
1 12 2
513 862
1 8 2
302 381
1 2 2
377 879
1 13 2
95 380
1 15 2
635 943
1 9 2
648 59
1 3 2
943 598
1 6 2
322 541
1 11 2
473 772
1 8 2
852 665
1 5 2
864 563
1 6 2
63 246
1 15 2
413 944
1 8 2
485 474
1 4 2
615 28
1 9 2
572 724
1 8 2
171 332
1 15 2
212 767
1 9 2
652 346
1 3 2
118 568
1 3 2
437 629
1 12 2
325 853
1 9 2
565 136
1 5 2
206 858
1 3 2
659 612
1 5 2
417 814
1 5 2
849 419
1 12 2
466 373
1 8 2
367 355
1 11 2
215 11
1 7 2
56 106
1 14 2
287 517
1 4 2
59 126
1 15 2
543 834
1 9 2
561 431
1 13 2
254 952
1 14 2
840 751
1 11 2
698 936
1 11 2
971 386
1 12 2
247 409
1 4 2
76 320
1 8 2
738 423
1 15 2
682 547
1 2 2
952 647
1 15 2
846 868
1 13 2
795 850
1 3 2
473 842
1 8 2
36 813
1 10 2
390 376
1 9 2
768 467
1 3 2
93 968
1 5 2
67 533
1 5 2
474 35
1 11 2
914 209
1 5 2
457 504
1 14 2
52 244
1 2 2
150 27
1 7 2
572 927
1 11 2
632 660
1 5 2
350 177
1 2 2
550 1
1 13 2
858 57
1 14 2
427 605
1 8 2
382 649
1 4 2
423 813
1 14 2
872 464
1 5 2
989 677
1 7 2
988 383
1 12 2
924 877
1 4 2
416 797
1 3 2
704 998
1 14 2
674 129
1 5 2
319 904
1 14 2
218 73
1 4 2
447 656
1 13 2
535 85
1 3 2
183 922
1 9 2
757 28
1 6 2
285 23
1 7 2
215 316
1 2 2
226 335
1 13 2
343 201
1 8 2
735 659
1 3 2
202 379
1 4 2
531 620
1 11 2
122 69
1 5 2
371 880
1 7 2
974 725
1 4 2
708 737
1 15 2
312 744
1 8 2
840 944
1 3 2
958 393
1 10 2
928 142
1 2 2
264 538
1 9 2
697 498
1 4 2
242 979
1 9 2
527 373
1 14 2
362 112
1 2 2
103 937
1 3 2
449 455
1 10 2
394 980
1 12 2
11 116
1 9 2
655 111
1 6 2
462 762
1 12 2
615 299
1 7 2
905 47
1 13 2
903 832
1 8 2
632 538
1 13 2
537 187
1 9 2
954 389
1 13 2
209 576
1 5 2
958 218
1 3 2
91 458
1 2 2
172 785
1 11 2
739 677
1 14 2
419 693
1 12 2
235 221
1 14 2
103 254
1 9 2
570 566
1 14 2
884 589
1 6 2
619 464
1 7 2
83 938
1 11 2
726 808
1 13 2
663 251
1 12 2
74 916
1 7 2
431 225
1 5 2
300 513
1 11 2
111 873
1 13 2
927 470
1 5 2
645 421
1 9 2
525 976
1 11 2
99 961
1 13 2
200 79
1 12 2
385 855
1 9 2
879 935
1 10 2
182 499
1 4 2
479 882
1 2 2
96 147
1 14 2
992 624
1 7 2
337 254
1 2 2
856 709
1 9 2
360 569
1 9 2
636 706
1 3 2
532 744
1 12 2
207 335
1 5 2
859 620
1 4 2
626 850
1 11 2
584 201
1 14 2
705 742
1 10 2
590 216
1 15 2
993 384
1 2 2
73 19
1 4 2
674 627
1 2 2
61 338
1 2 2
959 14
1 7 2
796 206
1 4 2
240 771
1 4 2
27 336
1 4 2
630 370
1 5 2
419 277
1 15 2
423 650
1 13 2
289 402
1 12 2
291 886
1 15 2
388 854
1 8 2
437 108
1 11 2
782 896
1 13 2
367 746
1 4 2
70 168
1 12 2
263 179
1 9 2
690 43
1 3 2
980 473
1 2 2
468 189
1 8 2
692 497
1 15 2
243 890
1 3 2
597 711
1 13 2
571 700
1 11 2
339 833
1 10 2
361 476
1 12 2
167 451
1 9 2
19 558
1 13 2
334 789
1 15 2
455 472
1 11 2
149 311
1 12 2
653 99
1 7 2
1 373
1 15 2
309 618
1 14 2
742 542
1 11 2
34 5
1 13 2
215 12
1 3 2
345 399
1 13 2
756 721
1 10 2
838 923
1 5 2
530 260
1 15 2
303 704
1 14 2
90 609
1 15 2
54 379
1 13 2
856 985
1 4 2
393 735
1 2 2
274 237
1 7 2
691 997
1 13 2
344 540
1 11 2
694 26
1 10 2
67 24
1 3 2
348 615
1 12 2
518 650
1 13 2
875 154
1 13 2
236 66
1 10 2
890 757
1 13 2
227 78
1 3 2
160 212
1 11 2
955 232
1 4 2
274 255
1 9 2
557 30
1 3 2
143 194
1 11 2
599 766
1 15 2
12 952
1 9 2
326 62
1 8 2
491 483
1 8 2
311 462
1 3 2
336 88
1 4 2
229 394
1 15 2
509 886
1 14 2
819 348
1 3 2
397 897
1 14 2
426 549
1 8 2
342 689
1 5 2
276 568
1 13 2
514 793
1 5 2
905 795
1 4 2
256 102
1 12 2
248 128
1 4 2
602 820
1 2 2
304 260
1 9 2
289 941
1 13 2
617 416
1 3 2
221 970
1 12 2
301 536
1 13 2
61 765
1 9 2
925 534
1 12 2
183 528
1 11 2
197 892
1 9 2
316 641
1 5 2
812 429
1 7 2
956 290
1 11 2
939 995
1 10 2
317 6
1 8 2
997 518
1 15 2
212 311
1 6 2
777 671
1 14 2
106 185
1 15 2
415 482
1 15 2
856 713
1 11 2
729 265
1 6 2
510 519
1 5 2
877 226
1 12 2
553 409
1 5 2
796 11
1 3 2
662 595
1 9 2
839 560
1 15 2
824 8
1 6 2
872 749
1 15 2
997 140
1 2 2
208 759
1 14 2
639 928
1 15 2
844 886
1 9 2
57 563
1 2 2
183 215
1 10 2
166 917
1 7 2
469 482
1 3 2
575 897
1 9 2
461 808
1 12 2
967 875
1 5 2
647 156
1 15 2
386 629
1 8 2
384 853
1 2 2
888 433
1 14 2
480 864
1 6 2
320 310
1 14 2
328 835
1 13 2
596 821
1 9 2
649 271
1 9 2
167 636
1 3 2
945 242
1 3 2
900 40
1 2 2
265 773
1 5 2
264 428
1 14 2
841 829
1 11 2
15 932
1 5 2
708 719
1 14 2
194 91
1 9 2
505 151
1 8 2
657 808
1 10 2
376 810
1 10 2
22 572
1 5 2
892 287
1 2 2
595 673
1 10 2
909 837
1 8 2
577 390
1 11 2
112 142
1 5 2
989 897
1 8 2
797 158
1 15 2
746 602
1 10 2
260 815
1 13 2
74 513
1 2 2
100 782
1 11 2
847 345
1 11 2
359 555
1 10 2
585 382
1 4 2
143 949
1 11 2
681 836
1 7 2
717 826
1 2 2
845 689
1 10 2
18 902
1 8 2
454 178
1 6 2
54 635
1 15 2
665 98
1 9 2
828 180
1 4 2
288 367
1 10 2
139 528
1 11 2
518 109
1 13 2
994 18
1 10 2
915 732
1 13 2
394 292
1 6 2
525 918
1 10 2
7 769
1 2 2
30 864
1 6 2
768 938
1 6 2
563 698
1 8 2
900 467
1 13 2
314 793
1 10 2
324 480
1 5 2
786 689
1 9 2
546 429
1 11 2
575 362
1 11 2
984 763
1 14 2
403 80
1 8 2
184 265
1 2 2
70 332
1 15 2
979 388
1 2 2
72 974
1 14 2
74 876
1 9 2
52 367
1 4 2
716 495
1 10 2
776 385
1 5 2
547 457
1 4 2
317 51
1 15 2
925 819
1 4 2
907 917
1 3 2
747 182
1 6 2
197 945
1 6 2
606 953
1 2 2
635 584
1 3 2
58 780
1 2 2
530 674
1 5 2
889 45
1 15 2
626 901
1 5 2
79 859
1 13 2
56 4
1 11 2
788 813
1 8 2
341 765
1 11 2
373 789
1 6 2
550 575
1 3 2
920 60
1 13 2
471 244
1 13 2
907 730
1 14 2
567 249
1 6 2
144 540
1 14 2
668 684
1 3 2
229 898
1 10 2
659 743
1 9 2
319 699
1 6 2
608 859
1 12 2
519 84
1 7 2
85 236
1 10 2
254 512
1 3 2
790 982
1 15 2
342 486
1 13 2
815 538
1 3 2
216 950
1 10 2
242 181
1 8 2
235 984
1 10 2
11 39
1 8 2
821 99
1 9 2
97 845
1 2 2
888 911
1 8 2
199 946
1 7 2
220 194
1 13 2
533 864
1 8 2
523 983
1 14 2
368 857
1 6 2
412 634
1 14 2
774 135
1 9 2
926 181
1 14 2
715 825
1 4 2
163 925
1 9 2
712 611
1 7 2
420 708
1 7 2
739 787
1 14 2
579 633
1 14 2
279 302
1 3 2
859 187
1 10 2
269 727
1 9 2
27 173
1 9 2
439 321
1 9 2
10 473
1 9 2
391 595
1 7 2
458 660
1 5 2
40 545
1 14 2
488 99
1 13 2
961 402
1 9 2
450 534
1 14 2
711 911
1 2 2
29 113
1 2 2
911 475
1 8 2
189 441
1 3 2
445 813
1 15 2
716 478
1 9 2
832 811
1 10 2
883 227
1 7 2
879 901
1 12 2
879 330
1 8 2
511 920
1 13 2
132 777
1 7 2
97 810
1 7 2
551 192
1 12 2
294 469
1 10 2
991 896
1 2 2
727 947
1 10 2
109 736
1 7 2
546 269
1 12 2
550 522
1 11 2
253 311
1 8 2
43 133
1 6 2
177 61
1 3 2
62 327
1 10 2
210 286
1 11 2
105 501
1 10 2
505 570
1 14 2
6 131
1 14 2
166 641
1 10 2
855 481
1 14 2
165 883
1 3 2
556 856
1 9 2
750 975
1 6 2
989 705
1 11 2
976 97
1 13 2
662 9
1 7 2
421 723
1 6 2
214 194
1 6 2
297 3
1 11 2
786 571
1 4 2
245 820
1 3 2
686 512
1 3 2
493 464
1 11 2
160 256
1 13 2
636 727
1 2 2
805 450
1 12 2
838 866
1 11 2
491 623
1 6 2
290 420
1 10 2
806 72
1 5 2
178 652
1 6 2
736 527
1 10 2
279 83
1 3 2
306 479
1 9 2
268 658
1 14 2
575 31
1 8 2
684 794
1 9 2
992 327
1 8 2
458 419
1 6 2
932 658
1 11 2
606 759
1 5 2
839 259
1 12 2
986 169
1 8 2
201 630
1 12 2
971 279
1 10 2
228 320
1 7 2
611 163
1 5 2
723 344
1 5 2
8 728
1 6 2
390 648
1 5 2
766 85
1 15 2
507 399
1 2 2
339 919
1 8 2
318 476
1 4 2
116 492
1 14 2
246 108
1 15 2
597 326
1 15 2
667 569
1 13 2
668 928
1 4 2
238 838
1 10 2
834 762
1 7 2
999 981
1 12 2
397 457
1 4 2
554 658
1 7 2
403 914
1 3 2
130 730
1 8 2
140 611
1 3 2
497 668
1 7 2
994 410
1 9 2
210 917
1 2 2
546 375
1 6 2
100 601
1 4 2
29 143
1 3 2
582 155
1 12 2
128 807
1 9 2
143 69
1 8 2
954 299
1 5 2
802 731
1 6 2
999 27
1 10 2
694 683
1 8 2
773 672
1 5 2
70 266
1 11 2
912 2
1 11 2
4 305
1 14 2
376 786
1 6 2
294 104
1 12 2
733 874
1 4 2
400 856
1 4 2
447 13
1 10 2
299 491
1 2 2
554 989
1 2 2
427 772
1 10 2
616 862
1 11 2
534 10
1 6 2
162 638
1 12 2
625 94
1 8 2
794 674
1 7 2
384 359
1 2 2
265 286
1 5 2
950 496
1 12 2
185 462
1 9 2
768 333
1 9 2
24 530
1 6 2
29 522
1 9 2
569 406
1 14 2
57 759
1 3 2
173 651
1 7 2
525 678
1 5 2
636 170
1 9 2
12 715
1 14 2
852 865
1 9 2
390 488
1 10 2
894 961
1 4 2
696 348
1 7 2
490 824
1 5 2
845 291
1 6 2
729 974
1 9 2
727 126
1 12 2
319 777
1 8 2
582 766
1 12 2
620 537
1 3 2
444 843
1 5 2
871 611
1 10 2
41 654
1 8 2
418 389
1 9 2
988 811
1 10 2
350 132
1 12 2
609 888
1 14 2
713 104
1 2 2
331 247
1 14 2
495 18
1 13 2
73 367
1 13 2
25 510
1 5 2
850 841
1 10 2
439 330
1 13 2
306 366
1 4 2
574 457
1 3 2
837 776
1 14 2
809 572
1 9 2
952 941
1 8 2
314 255
1 13 2
190 598
1 14 2
531 881
1 5 2
474 435
1 3 2
645 827
1 12 2
508 950
1 7 2
164 22
1 5 2
444 567
1 9 2
642 74
1 3 2
5 628
1 2 2
293 330
1 4 2
960 314
1 6 2
599 838
1 3 2
918 299
1 3 2
481 547
1 11 2
582 90
1 15 2
882 411
1 5 2
748 150
1 6 2
441 129
1 8 2
400 18
1 2 2
538 94
1 13 2
899 237
1 13 2
94 804
1 12 2
812 729
1 14 2
433 609
1 6 2
279 20
1 10 2
249 903
1 11 2
481 814
1 2 2
587 331
1 14 2
319 315
1 2 2
703 427
1 8 2
774 229
1 9 2
514 692
1 12 2
569 12
1 8 2
625 677
1 12 2
79 265
1 14 2
692 31
1 11 2
940 279
1 11 2
39 270
1 4 2
940 117
1 14 2
723 911
1 11 2
145 278
1 2 2
353 468
1 6 2
202 576
1 3 2
584 941
1 8 2
511 426
1 13 2
340 626
1 3 2
9 717
1 15 2
462 723
1 6 2
102 11
1 13 2
491 688
1 10 2
150 78
1 5 2
283 229
1 14 2
867 754
1 13 2
567 280
1 12 2
634 563
1 12 2
891 368
1 3 2
760 607
1 7 2
134 661
1 14 2
198 826
1 11 2
332 201
1 2 2
413 924
1 6 2
147 317
1 4 2
771 29
1 5 2
964 218
1 4 2
385 457
1 10 2
314 940
1 6 2
643 627
1 4 2
520 77
1 11 2
522 320
1 7 2
682 354
1 12 2
826 723
1 12 2
824 538
1 6 2
985 795
1 15 2
823 43
1 4 2
409 465
1 3 2
953 64
1 10 2
4 960
1 5 2
303 346
1 8 2
414 239
1 8 2
116 606
1 5 2
77 946
1 9 2
575 852
1 14 2
83 770
1 3 2
238 34
1 15 2
534 465
1 3 2
16 154
1 10 2
580 986
1 13 2
823 403
1 6 2
644 115
1 9 2
540 734
1 11 2
935 381
1 9 2
218 845
1 6 2
981 165
1 12 2
465 502
1 6 2
95 928
1 8 2
674 556
1 5 2
781 754
1 10 2
552 690
1 8 2
1 205
1 10 2
780 776
1 8 2
724 848
1 15 2
33 554
1 6 2
647 15
1 3 2
469 212
1 3 2
781 176
1 12 2
481 635
1 12 2
583 888
1 14 2
252 716
1 14 2
249 200
1 10 2
461 598
1 12 2
638 123
1 4 2
151 106
1 11 2
954 246
1 12 2
482 900
1 6 2
679 562
1 7 2
98 258
1 13 2
312 403
1 8 2
246 598
1 8 2
409 395
1 5 2
667 852
1 5 2
593 585
1 8 2
574 214
1 13 2
783 994
1 13 2
724 255
1 12 2
308 201
1 4 2
404 884
1 3 2
144 880
1 12 2
667 192
1 6 2
573 234
1 4 2
605 62
1 2 2
699 609
1 14 2
540 166
1 11 2
572 189
1 6 2
636 72
1 13 2
378 476
1 5 2
911 443
1 12 2
472 941
1 3 2
702 340
1 6 2
976 168
1 9 2
829 442
1 9 2
441 352
1 11 2
796 482
1 12 2
153 119
1 6 2
70 349
1 10 2
307 295
1 10 2
816 689
1 13 2
893 588
1 4 2
93 74
1 15 2
439 543
1 2 2
578 864
1 15 2
572 855
1 4 2
908 410
1 12 2
827 829
1 4 2
554 956
1 6 2
670 301
1 4 2
68 290
1 2 2
108 960
1 7 2
84 787
1 14 2
721 98
1 5 2
25 57
1 5 2
995 461
1 7 2
169 170
1 9 2
924 233
1 7 2
266 3
1 8 2
225 725
1 7 2
244 430
1 3 2
259 865
1 2 2
801 894
1 12 2
401 381
1 15 2
173 326
1 7 2
583 879
1 13 2
6 256
1 7 2
641 741
1 3 2
336 481
1 8 2
701 468
1 4 2
50 45
1 9 2
511 640
1 14 2
802 387
1 12 2
986 733
1 11 2
691 560
1 15 2
784 537
1 13 2
27 29
1 11 2
4 415
1 14 2
934 68
1 4 2
942 646
1 5 2
842 690
1 10 2
973 512
1 15 2
907 397
1 4 2
815 767
1 15 2
443 299
1 8 2
924 673
1 13 2
624 715
1 4 2
864 740
1 2 2
709 473
1 15 2
686 952
1 10 2
633 397
1 6 2
409 897
1 4 2
131 306
1 14 2
883 899
1 7 2
102 463
1 12 2
923 59
1 11 2
353 721
1 14 2
353 833
1 10 2
181 556
1 14 2
53 454
1 7 2
515 580
1 13 2
532 251
1 5 2
639 122
1 4 2
481 83
1 4 2
49 802
1 11 2
831 7
1 11 2
746 869
1 10 2
998 864
1 6 2
624 658
1 9 2
563 149
1 7 2
214 909
1 5 2
282 972
1 6 2
246 239
1 7 2
56 389
1 10 2
494 0
1 14 2
830 470
1 10 2
789 729
1 5 2
750 996
1 9 2
738 159
1 13 2
85 356
1 3 2
288 389
1 14 2
621 142
1 14 2
927 644
1 10 2
371 442
1 3 2
522 91
1 3 2
696 453
1 7 2
349 449
1 10 2
785 942
1 6 2
239 705
1 13 2
674 444
1 11 2
91 701
1 11 2
23 956
1 3 2
900 759
1 12 2
992 527
1 14 2
829 295
1 14 2
182 390
1 8 2
279 672
1 2 2
756 595
1 15 2
244 846
1 4 2
845 974
1 10 2
940 339
1 11 2
59 53
1 2 2
306 855
1 12 2
938 282
1 12 2
654 274
1 3 2
768 119
1 5 2
635 218
1 3 2
105 29
1 8 2
883 462
1 5 2
473 199
1 3 2
567 362
1 2 2
299 628
1 9 2
962 662
1 10 2
37 834
1 4 2
953 669
1 15 2
374 207
1 10 2
704 262
1 15 2
482 145
1 3 2
548 164
1 10 2
781 6
1 11 2
909 386
1 14 2
208 777
1 6 2
342 243
1 10 2
525 833
1 13 2
266 297
1 8 2
17 383
1 5 2
11 947
1 12 2
720 505
1 6 2
781 871
1 5 2
53 725
1 13 2
903 62
1 3 2
763 63
1 5 2
318 317
1 8 2
645 300
1 4 2
369 59
1 2 2
818 186
1 11 2
0 595
1 5 2
54 453
1 10 2
174 911
1 5 2
214 319
1 10 2
215 694
1 12 2
710 812
1 3 2
8 218
1 6 2
307 518
1 3 2
330 996
1 10 2
724 384
1 5 2
764 528
1 10 2
176 499
1 4 2
976 913
1 6 2
579 483
1 3 2
483 644
1 15 2
707 326
1 13 2
511 72
1 10 2
661 306
1 4 2
790 359
1 7 2
162 656
1 7 2
511 182
1 14 2
226 869
1 6 2
625 902
1 9 2
736 551
1 3 2
709 221
1 6 2
587 367
1 9 2
334 270
1 8 2
211 727
1 12 2
273 162
1 11 2
511 287
1 4 2
17 520
1 10 2
761 492
1 5 2
571 670
1 10 2
923 217
1 12 2
263 345
1 7 2
306 18
1 11 2
948 201
1 2 2
529 501
1 12 2
4 971
1 2 2
388 338
1 6 2
346 748
1 14 2
313 450
1 13 2
753 906
1 2 2
704 11
1 8 2
273 542
1 14 2
627 751
1 4 2
716 531
1 9 2
83 438
1 10 2
35 11
1 15 2
13 698
1 2 2
372 25
1 8 2
484 426
1 13 2
25 377
1 6 2
588 181
1 4 2
666 277
1 4 2
94 912
1 11 2
221 301
1 8 2
894 759
1 2 2
257 175
1 9 2
964 494
1 13 2
251 283
1 12 2
533 148
1 3 2
486 920
1 4 2
77 979
1 14 2
847 304
1 10 2
206 658
1 13 2
817 672
1 2 2
928 259
1 13 2
328 469
1 2 2
321 571
1 10 2
276 344
1 7 2
713 716
1 3 2
64 418
1 9 2
1 441
1 4 2
496 163
1 3 2
728 287
1 2 2
25 441
1 4 2
963 737
1 4 2
757 916
1 13 2
503 197
1 10 2
117 375
1 8 2
264 580
1 5 2
900 995
1 5 2
152 816
1 14 2
562 695
1 3 2
556 413
1 7 2
7 569
1 14 2
900 465
1 9 2
487 605
1 5 2
851 682
1 8 2
142 933
1 12 2
899 326
1 14 2
392 829
1 5 2
882 463
1 6 2
899 327
1 5 2
816 834
1 3 2
223 810
1 9 2
914 216
1 2 2
343 261
1 11 2
462 855
1 8 2
656 489
1 10 2
104 311
1 11 2
398 55
1 15 2
909 531
1 15 2
182 369
1 12 2
565 536
1 14 2
280 813
1 12 2
573 194
1 12 2
107 756
1 8 2
320 420
1 13 2
25 791
1 12 2
953 142
1 6 2
45 432
1 8 2
570 698
1 14 2
525 140
1 5 2
421 132
1 4 2
22 215
1 8 2
958 517
1 13 2
449 311
1 5 2
75 667
1 4 2
296 383
1 6 2
704 249
1 5 2
661 198
1 4 2
978 604
1 2 2
43 414
1 3 2
237 618
1 7 2
748 940
1 8 2
224 838
1 13 2
477 414
1 6 2
203 740
1 2 2
288 860
1 11 2
691 54
1 5 2
616 256
1 13 2
864 959
1 14 2
231 897
1 15 2
825 833
1 4 2
300 171
1 6 2
892 784
1 5 2
645 192
1 13 2
709 530
1 13 2
365 314
1 14 2
943 29
1 12 2
621 363
1 5 2
285 500
1 10 2
526 612
1 11 2
522 192
1 9 2
183 967
1 11 2
365 475
1 9 2
211 280
1 11 2
865 117
1 15 2
794 284
1 13 2
279 472
1 10 2
686 140
1 6 2
158 376
1 3 2
570 152
1 14 2
209 844
1 14 2
689 248
1 8 2
766 721
1 15 2
535 655
1 7 2
256 67
1 13 2
517 170
1 5 2
962 540
1 4 2
19 611
1 15 2
271 154
1 6 2
409 612
1 2 2
278 1
1 4 2
650 612
1 7 2
949 206
1 12 2
518 411
1 7 2
924 709
1 15 2
473 608
1 14 2
149 559
1 5 2
690 132
1 13 2
70 184
1 2 2
41 856
1 13 2
62 748
1 7 2
121 9
1 5 2
270 414
1 8 2
852 536
1 15 2
704 102
1 2 2
644 357
1 8 2
238 813
1 5 2
421 188
1 15 2
318 268
1 13 2
406 758
1 3 2
322 479
1 6 2
851 130
1 9 2
220 695
1 2 2
724 761
1 3 2
990 741
1 8 2
637 149
1 6 2
370 250
1 3 2
405 862
1 4 2
100 123
1 2 2
601 378
1 10 2
492 896
1 2 2
865 424
1 5 2
45 590
1 7 2
900 793
1 2 2
522 262
1 3 2
483 324
1 8 2
209 410
1 7 2
438 922
1 5 2
560 73
1 4 2
389 107
1 6 2
65 775
1 11 2
938 736
1 10 2
99 730
1 3 2
285 931
1 5 2
733 769
1 13 2
411 430
1 13 2
670 389
1 11 2
859 526
1 2 2
796 233
1 3 2
361 345
1 9 2
448 40
1 5 2
619 482
1 10 2
457 397
1 13 2
41 508
1 2 2
29 685
1 9 2
601 742
1 9 2
129 688
1 10 2
716 112
1 2 2
375 646
1 5 2
959 349
1 11 2
484 416
1 13 2
318 307
1 15 2
717 244
1 9 2
146 737
1 5 2
346 564
1 3 2
809 269
1 8 2
96 97
1 13 2
238 520
1 12 2
965 869
1 5 2
570 760
1 12 2
170 124
1 8 2
230 185
1 15 2
25 496
1 7 2
616 575
1 10 2
489 977
1 5 2
455 776
1 14 2
451 717
1 4 2
513 75
1 10 2
543 736
1 5 2
953 497
1 8 2
761 488
1 13 2
816 445
1 3 2
144 178
1 4 2
616 636
1 15 2
50 1
1 4 2
329 354
1 3 2
922 625
1 15 2
206 340
1 2 2
282 190
1 11 2
225 562
1 2 2
558 349
1 14 2
853 50
1 7 2
955 506
1 9 2
179 570
1 4 2
937 534
1 5 2
320 788
1 5 2
978 400
1 15 2
471 49
1 4 2
884 365
1 10 2
823 977
1 3 2
140 308
1 5 2
213 177
1 11 2
852 741
1 13 2
768 153
1 2 2
47 7
1 9 2
869 507
1 5 2
314 1
1 15 2
715 960
1 14 2
917 15
1 11 2
931 591
1 3 2
243 378
1 15 2
197 685
1 5 2
638 840
1 9 2
919 61
1 14 2
792 507
1 3 2
974 395
1 4 2
3 371
1 13 2
553 264
1 7 2
121 81
1 15 2
214 479
1 13 2
808 773
1 7 2
886 231
1 11 2
993 816
1 9 2
747 785
1 5 2
744 654
1 8 2
65 153
1 12 2
278 616
1 10 2
954 409
1 12 2
558 286
1 12 2
716 505
1 12 2
412 377
1 4 2
715 874
1 8 2
939 227
1 14 2
286 260
1 4 2
778 807
1 8 2
808 292
1 9 2
47 292
1 8 2
745 228
1 10 2
793 737
1 2 2
72 168
1 8 2
741 270
1 5 2
505 717
1 3 2
601 445
1 11 2
501 952
1 3 2
921 466
1 6 2
586 774
1 9 2
361 587
1 7 2
767 929
1 12 2
127 106
1 3 2
787 478
1 2 2
420 195
1 9 2
394 837
1 10 2
609 516
1 12 2
10 944
1 3 2
411 394
1 8 2
974 233
1 7 2
702 63
1 10 2
790 984
1 9 2
445 247
1 9 2
758 715
1 13 2
94 641
1 12 2
0 519
1 13 2
317 109
1 13 2
802 69
1 13 2
527 601
1 9 2
516 945
1 10 2
817 180
1 8 2
638 154
1 2 2
150 434
1 6 2
936 666
1 9 2
29 759
1 4 2
964 332
1 2 2
434 406
1 7 2
982 764
1 9 2
438 132
1 3 2
448 573
1 6 2
293 176
1 12 2
443 198
1 9 2
21 764
1 3 2
354 299
1 11 2
618 377
1 14 2
347 72
1 5 2
726 374
1 10 2
197 385
1 12 2
88 46
1 14 2
681 378
1 10 2
355 468
1 13 2
777 564
1 14 2
891 890
1 11 2
778 766
1 3 2
338 581
1 5 2
498 415
1 2 2
704 978
1 2 2
860 82
1 5 2
682 0
1 15 2
190 347
1 11 2
426 828
1 11 2
340 580
1 14 2
591 599
1 11 2
705 638
1 13 2
637 61
1 3 2
845 996
1 15 2
257 596
1 11 2
163 391
1 8 2
898 877
1 10 2
438 404
1 7 2
844 913
1 15 2
513 605
1 15 2
614 312
1 4 2
96 579
1 13 2
979 585
1 8 2
347 361
1 8 2
31 148
1 8 2
5 288
1 15 2
844 687
1 5 2
36 918
1 8 2
135 816
1 3 2
292 236
1 7 2
420 330
1 5 2
597 110
1 8 2
704 805
1 7 2
28 799
1 9 2
444 643
1 8 2
359 782
1 10 2
961 305
1 4 2
244 737
1 5 2
395 774
1 14 2
604 10
1 6 2
667 171
1 15 2
787 917
1 6 2
751 385
1 11 2
132 968
1 8 2
938 769
1 5 2
438 117
1 8 2
882 829
1 13 2
121 767
1 9 2
892 365
1 4 2
985 21
1 11 2
311 929
1 8 2
876 949
1 12 2
815 632
1 11 2
3 78
1 13 2
65 297
1 9 2
663 101
1 3 2
269 271
1 4 2
675 939
1 14 2
75 684
1 2 2
290 901
1 5 2
792 761
1 11 2
73 319
1 15 2
596 54
1 8 2
466 686
1 6 2
117 652
1 12 2
994 346
1 8 2
517 709
1 14 2
373 900
1 3 2
172 576
1 12 2
899 344
1 5 2
910 946
1 15 2
252 381
1 2 2
412 823
1 14 2
429 172
1 13 2
573 40
1 5 2
518 337
1 2 2
129 836
1 10 2
867 788
1 3 2
569 139
1 2 2
332 321
1 11 2
159 624
1 12 2
322 677
1 3 2
854 129
1 11 2
883 828
1 7 2
191 121
1 8 2
65 72
1 14 2
881 381
1 4 2
299 284
1 4 2
792 35
1 14 2
172 638
1 3 2
193 675
1 2 2
437 366
1 14 2
220 734
1 5 2
134 298
1 6 2
483 153
1 7 2
301 502
1 8 2
971 394
1 3 2
106 223
1 12 2
484 143
1 6 2
292 826
1 5 2
71 466
1 4 2
299 816
1 13 2
177 911
1 7 2
357 383
1 15 2
208 676
1 9 2
213 998
1 8 2
903 587
1 12 2
242 910
1 14 2
752 903
1 5 2
38 817
1 4 2
418 192
1 14 2
378 62
1 3 2
462 122
1 12 2
668 622
1 5 2
879 624
1 2 2
977 244
1 5 2
871 85
1 8 2
542 314
1 14 2
722 807
1 6 2
415 211
1 5 2
95 64
1 6 2
740 654
1 2 2
682 793
1 14 2
836 7
1 8 2
718 11
1 14 2
488 103
1 7 2
819 353
1 11 2
185 626
1 15 2
924 514
1 13 2
435 113
1 5 2
616 781
1 13 2
561 16
1 10 2
791 489
1 9 2
409 414
1 11 2
701 711
1 9 2
906 664
1 7 2
618 423
1 5 2
927 582
1 8 2
570 996
1 2 2
336 412
1 2 2
735 585
1 4 2
3 375
1 14 2
179 976
1 6 2
768 512
1 13 2
839 592
1 6 2
107 167
1 7 2
860 308
1 10 2
253 887
1 7 2
476 744
1 2 2
757 695
1 10 2
423 893
1 7 2
815 609
1 8 2
11 230
1 4 2
232 515
1 14 2
477 539
1 5 2
751 628
1 13 2
327 478
1 4 2
163 688
1 4 2
65 644
1 6 2
496 79
1 4 2
223 765
1 14 2
838 129
1 7 2
865 318
1 15 2
92 40
1 4 2
606 691
1 10 2
437 111
1 10 2
51 922
1 4 2
990 581
1 10 2
215 59
1 15 2
742 155
1 10 2
514 314
1 6 2
555 376
1 12 2
528 276
1 3 2
597 540
1 12 2
199 878
1 6 2
45 156
1 8 2
875 109
1 3 2
44 954
1 10 2
629 178
1 10 2
830 850
1 10 2
418 371
1 4 2
585 710
1 15 2
145 444
1 12 2
171 585
1 8 2
112 526
1 2 2
305 368
1 14 2
126 117
1 6 2
575 792
1 4 2
812 144
1 14 2
838 912
1 2 2
437 809
1 3 2
654 487
1 5 2
149 641
1 6 2
61 836
1 3 2
8 143
1 11 2
786 465
1 3 2
716 674
1 11 2
753 403
1 4 2
27 245
1 6 2
37 40
1 12 2
80 558
1 5 2
181 894
1 11 2
310 635
1 15 2
758 323
1 4 2
976 681
1 14 2
865 478
1 10 2
142 482
1 15 2
589 959
1 4 2
469 720
1 7 2
312 944
1 5 2
117 247
1 2 2
303 874
1 8 2
852 450
1 5 2
739 800
1 3 2
814 981
1 9 2
221 873
1 7 2
548 881
1 15 2
530 944
1 13 2
950 264
1 9 2
421 286
1 8 2
126 205
1 12 2
136 213
1 6 2
354 724
1 12 2
818 508
1 9 2
450 313
1 15 2
918 154
1 5 2
156 329
1 4 2
651 175
1 6 2
509 506
1 2 2
402 729
1 13 2
934 885
1 13 2
790 335
1 13 2
947 39
1 6 2
561 598
1 8 2
775 777
1 13 2
214 789
1 14 2
771 943
1 8 2
858 562
1 13 2
485 334
1 13 2
243 693
1 7 2
975 156
1 5 2
820 113
1 10 2
485 688
1 10 2
248 247
1 14 2
136 621
1 6 2
796 202
1 8 2
27 366
1 4 2
667 17
1 12 2
357 762
1 3 2
39 859
1 13 2
965 952
1 6 2
74 586
1 8 2
943 17
1 2 2
452 542
1 6 2
35 921
1 2 2
632 891
1 12 2
350 73
1 10 2
743 103
1 15 2
126 613
1 11 2
366 89
1 4 2
878 333
1 2 2
984 871
1 11 2
877 357
1 11 2
987 231
1 8 2
561 845
1 14 2
967 326
1 15 2
188 313
1 11 2
526 421
1 15 2
475 881
1 15 2
667 580
1 13 2
455 702
1 2 2
876 345
1 14 2
332 147
1 2 2
450 948
1 10 2
536 616
1 11 2
889 207
1 13 2
469 320
1 2 2
557 254
1 13 2
267 652
1 5 2
714 930
1 13 2
270 660
1 14 2
60 362
1 4 2
84 564
1 13 2
167 728
1 5 2
747 580
1 4 2
612 379
1 15 2
611 683
1 15 2
167 286
1 11 2
655 335
1 10 2
307 337
1 4 2
353 869
1 10 2
895 688
1 15 2
712 985
1 15 2
652 962
1 5 2
116 308
1 4 2
896 761
1 10 2
317 255
1 10 2
29 281
1 5 2
206 483
1 4 2
996 574
1 8 2
838 436
1 3 2
162 872
1 3 2
230 788
1 2 2
836 746
1 2 2
26 684
1 15 2
476 531
1 14 2
3 337
1 8 2
246 821
1 15 2
761 179
1 9 2
144 1
1 13 2
111 650
1 12 2
525 237
1 12 2
594 666
1 5 2
110 1
1 2 2
168 881
1 13 2
306 567
1 12 2
18 362
1 13 2
795 859
1 13 2
692 493
1 5 2
651 178
1 2 2
617 997
1 10 2
529 633
1 11 2
32 223
1 8 2
111 406
1 10 2
546 897
1 14 2
570 598
1 14 2
458 819
1 13 2
316 634
1 8 2
379 153
1 12 2
597 269
1 8 2
927 225
1 14 2
813 111
1 10 2
128 299
1 9 2
456 65
1 12 2
224 797
1 3 2
472 979
1 10 2
497 800
1 6 2
114 838
1 7 2
973 451
1 10 2
460 988
1 5 2
463 14
1 3 2
600 415
1 9 2
308 818
1 6 2
285 999
1 5 2
321 512
1 5 2
892 150
1 14 2
894 198
1 8 2
326 416
1 14 2
620 740
1 13 2
89 844
1 3 2
692 974
1 15 2
934 289
1 11 2
997 985
1 3 2
960 978
1 15 2
201 372
1 4 2
322 905
1 4 2
991 82
1 14 2
256 668
1 10 2
912 770
1 3 2
563 907
1 13 2
304 412
1 11 2
91 468
1 8 2
398 571
1 9 2
208 130
1 7 2
493 716
1 2 2
939 740
1 3 2
85 866
1 14 2
221 388
1 14 2
580 621
1 4 2
735 597
1 4 2
464 735
1 2 2
778 477
1 12 2
436 407
1 4 2
348 426
1 7 2
798 165
1 4 2
866 843
1 9 2
446 693
1 2 2
703 708
1 12 2
579 418
1 5 2
993 213
1 11 2
437 743
1 3 2
312 600
1 6 2
803 243
1 3 2
607 289
1 14 2
934 467
1 8 2
356 969
1 11 2
738 928
1 4 2
887 441
1 4 2
701 321
1 4 2
848 583
1 6 2
343 361
1 6 2
791 302
1 11 2
733 303
1 3 2
43 636
1 14 2
859 432
1 3 2
333 285
1 12 2
719 453
1 4 2
731 832
1 13 2
852 383
1 9 2
502 242
1 3 2
9 31
1 5 2
55 806
1 11 2
136 784
1 8 2
559 555
1 13 2
173 532
1 13 2
392 882
1 7 2
449 234
1 5 2
541 719
1 4 2
101 58
1 12 2
404 762
1 15 2
531 9
1 7 2
424 11
1 13 2
500 123
1 15 2
577 636
1 2 2
113 722
1 5 2
566 224
1 12 2
647 608
1 13 2
195 755
1 11 2
340 131
1 5 2
806 934
1 13 2
603 269
1 13 2
644 279
1 10 2
319 944
1 3 2
835 361
1 5 2
951 518
1 3 2
797 888
1 4 2
501 465
1 4 2
839 322
1 13 2
929 383
1 7 2
781 592
1 8 2
421 726
1 13 2
533 764
1 6 2
563 867
1 12 2
248 287
1 5 2
326 951
1 14 2
747 433
1 7 2
120 967
1 15 2
946 0
1 12 2
976 621
1 7 2
589 738
1 4 2
747 589
1 8 2
327 102
1 12 2
587 109
1 4 2
236 509
1 9 2
933 945
1 14 2
662 880
1 6 2
18 482
1 2 2
207 73
1 14 2
949 731
1 2 2
755 490
1 9 2
237 480
1 7 2
413 412
1 12 2
961 938
1 13 2
710 989
1 2 2
247 638
1 14 2
466 579
1 5 2
809 172
1 3 2
744 678
1 11 2
395 512
1 4 2
33 871
1 4 2
967 332
1 14 2
713 75
1 11 2
289 276
1 9 2
700 109
1 10 2
759 591
1 12 2
428 838
1 14 2
148 840
1 4 2
81 73
1 6 2
990 335
1 7 2
266 736
1 6 2
987 339
1 15 2
470 415
1 10 2
713 145
1 7 2
495 849
1 11 2
579 167
1 12 2
735 860
1 14 2
828 831
1 5 2
8 637
1 8 2
522 692
1 11 2
369 282
1 7 2
676 376
1 8 2
790 333
1 13 2
205 689
1 2 2
437 870
1 13 2
916 561
1 8 2
264 985
1 7 2
211 945
1 9 2
753 815
1 9 2
535 944
1 11 2
447 687
1 7 2
223 716
1 13 2
178 324
1 5 2
99 207
1 4 2
292 639
1 7 2
143 80
1 8 2
837 280
1 15 2
138 573
1 3 2
15 667
1 14 2
761 872
1 6 2
149 696
1 7 2
213 258
1 13 2
707 178
1 15 2
864 522
1 8 2
560 882
1 5 2
930 413
1 12 2
936 469
1 13 2
653 598
1 7 2
392 628
1 6 2
951 461
1 9 2
616 413
1 8 2
108 50
1 11 2
681 129
1 9 2
188 135
1 4 2
560 651
1 5 2
141 718
1 7 2
306 664
1 8 2
636 779
1 8 2
882 842
1 2 2
359 59
1 2 2
615 538
1 7 2
612 741
1 4 2
951 277
1 14 2
612 838
1 2 2
454 767
1 3 2
228 867
1 2 2
574 847
1 15 2
154 715
1 11 2
23 634
1 6 2
558 85
1 9 2
94 321
1 6 2
239 478
1 2 2
225 594
1 2 2
75 488
1 3 2
426 614
1 7 2
429 369
1 9 2
399 112
1 12 2
669 970
1 4 2
134 453
1 7 2
300 327
1 11 2
700 280
1 6 2
930 683
1 6 2
957 636
1 3 2
324 589
1 4 2
873 747
1 14 2
741 594
1 4 2
161 309
1 3 2
636 579
1 3 2
263 90
1 4 2
824 543
1 7 2
742 556
1 4 2
963 983
1 5 2
517 216
1 3 2
627 541
1 9 2
675 189
1 15 2
400 493
1 2 2
512 428
1 7 2
420 163
1 12 2
476 705
1 6 2
167 787
1 2 2
588 880
1 11 2
771 552
1 10 2
719 864
1 8 2
106 554
1 3 2
210 340
1 5 2
639 679
1 12 2
321 827
1 4 2
883 841
1 3 2
82 289
1 6 2
757 928
1 5 2
497 509
1 2 2
23 304
1 5 2
139 949
1 8 2
801 329
1 13 2
263 565
1 2 2
93 699
1 14 2
170 63
1 6 2
254 247
1 12 2
240 302
1 12 2
809 382
1 11 2
609 742
1 6 2
38 447
1 15 2
71 564
1 12 2
306 804
1 15 2
949 893
1 2 2
623 686
1 15 2
756 94
1 6 2
736 760
1 4 2
734 483
1 12 2
696 281
1 9 2
477 756
1 9 2
936 22
1 5 2
311 377
1 2 2
601 735
1 13 2
395 927
1 7 2
261 949
1 2 2
967 85
1 14 2
61 428
1 13 2
314 127
1 14 2
398 879
1 13 2
406 349
1 13 2
152 831
1 4 2
929 597
1 11 2
303 72
1 10 2
346 964
1 3 2
727 96
1 13 2
855 9
1 10 2
833 680
1 3 2
652 665
1 7 2
818 694
1 13 2
518 952
1 15 2
606 575
1 12 2
559 490
1 9 2
93 378
1 14 2
242 955
1 4 2
319 44
1 6 2
298 698
1 7 2
605 531
1 4 2
627 796
1 5 2
805 647
1 5 2
919 950
1 7 2
770 955
1 3 2
60 436
1 8 2
612 282
1 12 2
967 471
1 5 2
730 321
1 2 2
148 942
1 5 2
323 452
1 5 2
42 244
1 9 2
551 198
1 3 2
765 247
1 6 2
117 195
1 13 2
282 507
1 9 2
526 580
1 12 2
814 759
1 14 2
878 965
1 4 2
822 981
1 7 2
637 883
1 5 2
960 580
1 2 2
574 915
1 10 2
996 576
1 13 2
693 382
1 4 2
802 511
1 10 2
495 341
1 4 2
366 988
1 9 2
219 485
1 10 2
211 162
1 5 2
616 122
1 12 2
559 254
1 5 2
517 581
1 9 2
789 557
1 10 2
517 167
1 12 2
273 412
1 13 2
236 90
1 11 2
450 611
1 2 2
259 637
1 10 2
728 38
1 7 2
357 475
1 6 2
262 484
1 14 2
628 151
1 12 2
161 562
1 7 2
467 679
1 4 2
51 598
1 15 2
58 853
1 11 2
216 830
1 6 2
576 362
1 12 2
605 634
1 15 2
91 734
1 7 2
346 422
1 5 2
295 644
1 8 2
214 950
1 10 2
716 622
1 7 2
660 321
1 13 2
599 920
1 5 2
166 191
1 5 2
471 470
1 15 2
381 763
1 11 2
74 810
1 9 2
886 119
1 2 2
30 564
1 6 2
294 224
1 15 2
629 31
1 9 2
237 99
1 13 2
86 973
1 6 2
935 543
1 6 2
697 254
1 14 2
493 768
1 10 2
33 193
1 6 2
967 886
1 5 2
537 233
1 9 2
391 220
1 12 2
333 343
1 15 2
534 412
1 15 2
668 383
1 9 2
54 758
1 24 2
175 812
1 24 2
472 557
1 10 2
40 510
1 8 2
955 11
1 22 2
91 508
1 4 2
436 915
1 6 2
856 442
1 8 2
811 515
1 10 2
940 518
1 6 2
567 551
1 28 2
118 594
1 10 2
547 902
1 12 2
537 396
1 16 2
625 828
1 26 2
5 631
1 24 2
367 354
1 30 2
181 278
1 18 2
765 931
1 4 2
233 572
1 14 2
605 261
1 8 2
428 75
1 4 2
682 474
