1000 5987 3000
8 13 13 20 10 22 22 15 24 10 12 6 17 20 6 20 7 12 12 20 8 16 23 11 17 24 15 12 12 24 9 10 22 8 17 23 13 13 11 12 10 14 13 19 10 24 20 24 14 5 6 12 17 7 24 16 24 22 18 20 19 6 13 20 20 24 19 23 5 6 6 9 14 24 17 21 5 21 19 25 19 5 22 12 12 20 16 7 11 5 8 17 9 11 13 19 5 14 14 19 7 23 24 24 5 20 21 9 21 24 18 5 13 22 11 25 17 9 10 8 6 24 20 9 16 18 12 8 14 8 5 15 10 9 23 20 23 19 11 25 11 16 21 9 7 14 15 25 9 14 11 7 13 16 15 22 15 16 11 23 5 14 22 19 7 19 9 8 9 7 19 18 25 6 15 18 6 21 13 7 22 25 22 13 21 22 15 23 25 11 10 16 5 7 10 13 20 10 14 8 14 7 13 24 9 20 5 14 7 23 24 14 13 19 6 18 11 12 24 14 10 17 5 15 8 18 14 16 6 18 20 5 20 9 17 12 22 15 22 13 6 11 9 20 22 10 15 25 6 24 20 15 23 13 25 14 22 5 12 25 9 22 15 6 19 19 11 8 17 7 6 5 17 11 21 14 21 21 20 24 20 24 14 21 7 7 5 10 9 18 7 6 21 19 23 8 5 6 21 22 16 5 5 20 8 17 19 9 9 17 25 19 6 20 18 5 19 16 22 20 14 9 17 11 15 14 7 8 20 22 5 9 11 7 14 17 15 14 24 12 7 11 15 22 24 23 20 13 22 14 21 18 22 13 9 9 6 11 18 11 15 16 17 19 14 5 18 19 10 15 23 7 24 20 25 18 11 14 5 22 17 8 10 6 21 7 24 23 19 13 20 13 17 17 5 21 22 17 24 23 20 16 20 24 11 6 17 7 9 5 21 23 22 5 8 25 5 20 5 21 25 19 17 14 10 20 10 15 19 16 17 18 5 24 17 6 18 17 20 7 7 5 24 12 15 25 5 22 22 11 5 10 14 23 10 22 15 7 20 5 6 8 8 7 14 19 9 25 21 21 20 13 12 17 24 11 9 10 13 7 18 19 11 15 8 14 19 21 10 16 17 13 23 15 7 12 21 24 13 20 21 10 20 12 17 6 25 18 19 13 9 6 18 11 12 14 21 20 22 10 8 5 13 9 14 7 23 23 7 7 20 20 16 8 8 18 23 24 24 15 6 12 16 11 24 11 14 18 12 12 7 5 7 9 13 12 13 7 10 15 17 14 8 21 12 6 19 22 9 6 21 13 8 20 8 12 13 6 19 25 10 16 22 16 14 6 22 8 10 12 14 13 8 15 13 10 11 25 17 14 18 25 20 14 23 17 12 20 16 8 16 10 15 15 17 14 12 14 19 16 8 24 15 25 9 20 12 14 20 14 24 11 9 5 21 7 24 6 17 6 13 7 15 19 12 10 17 24 7 9 8 22 16 19 15 5 13 9 10 7 11 15 11 24 20 5 24 5 19 13 11 18 20 11 8 25 23 12 7 12 23 20 20 8 8 11 8 7 8 12 16 13 15 5 22 13 20 17 13 10 10 12 13 10 10 10 24 21 9 21 13 13 19 13 24 7 13 6 25 14 9 11 14 16 17 16 9 18 10 5 9 21 6 10 22 5 12 23 8 24 19 14 7 15 8 21 9 19 13 9 18 12 10 7 18 7 21 7 11 23 21 18 9 11 5 12 21 6 9 20 18 23 19 13 16 18 6 15 15 7 25 10 10 6 15 11 20 25 23 25 7 11 24 12 25 21 13 5 24 14 11 10 6 13 19 7 19 23 7 9 21 13 19 9 8 8 18 14 13 11 25 12 15 7 12 9 12 13 14 9 12 10 10 16 25 19 10 5 22 7 21 15 24 25 8 17 25 17 17 22 22 21 19 22 11 22 13 20 14 16 10 25 13 24 18 21 18 22 10 19 17 7 22 18 8 20 8 17 6 10 5 14 23 22 7 13 15 22 17 20 24 25 9 23 23 22 22 12 6 14 14 19 15 16 7 8 13 25 18 7 8 7 13 7 11 16 9 10 23 14 13 6 8 8 25 23 8 8 21 5 18 17 5 19 7 10 23 10 9 8 20 24 5 14 9 7 22 20 10 5 13 16 16 7 21 13 25 15 10 7 21 11 12 25 11 8 13 14 21 6 23 23 18 16 10 20 5 8 8 22 10 18 11 12 19 17 10 14 9 17 19 6 11 18 17 18 6 23 10 14
3 11 18 7 17 4 9 12 14 19 20 15 13 10 16 20 17 15 16 20 19 16 13 4 11 18 7 16 5 14 13 15 9 10 19 14 8 19 4 12 19 9 13 4 13 19 15 4 13 9 15 3 7 6 20 19 12 6 16 19 4 13 15 4 17 13 17 4 9 14 17 14 16 12 4 3 3 5 20 6 13 15 13 4 20 9 7 13 14 20 12 13 19 20 4 3 4 13 19 13 10 19 15 5 6 8 12 12 5 5 17 5 14 12 9 19 15 6 7 14 16 10 15 16 16 15 5 15 16 7 19 20 13 18 19 17 9 10 3 20 11 19 14 20 8 14 16 3 19 14 20 11 9 20 14 15 5 19 5 7 20 15 18 19 13 11 20 8 15 13 13 11 17 19 17 12 8 13 8 15 4 20 8 7 19 13 10 3 17 4 11 7 17 8 11 10 13 12 17 13 10 7 5 10 12 4 16 19 13 4 7 7 14 15 13 14 7 8 8 18 11 19 6 16 19 15 19 15 11 16 19 15 10 4 20 17 8 19 14 11 18 17 20 10 4 4 16 19 17 14 12 7 7 12 11 12 17 18 4 13 10 18 18 4 8 11 3 7 9 13 14 17 7 14 13 13 7 5 14 16 6 20 15 5 8 18 3 11 9 11 19 11 5 18 12 20 7 13 9 3 20 3 14 8 9 7 15 10 6 10 14 17 19 4 8 7 19 13 11 11 9 9 9 9 6 3 18 10 7 4 5 3 9 4 9 4 10 6 17 12 10 17 14 17 16 15 11 19 12 17 18 16 18 7 11 15 5 11 15 9 6 7 10 16 3 18 20 11 5 19 8 17 5 11 6 9 14 19 17 18 9 12 20 9 18 18 20 10 5 14 19 3 9 6 18 7 3 13 19 4 17 12 18 10 19 20 5 9 3 10 19 12 14 15 12 10 15 20 9 17 10 7 10 5 5 11 10 13 10 20 10 5 3 11 10 7 5 4 16 12 18 7 16 16 3 9 18 13 15 19 7 5 6 10 3 18 5 13 10 11 16 18 14 14 10 18 9 9 6 4 17 5 12 5 5 17 3 10 3 3 7 17 17 12 7 6 7 19 3 10 18 13 16 15 17 3 17 3 5 10 8 6 3 17 10 10 10 14 18 9 13 19 12 14 4 19 8 12 7 9 15 3 14 6 14 14 11 16 15 8 7 9 19 17 4 6 19 17 9 11 8 4 16 17 8 3 7 10 8 13 3 4 6 9 5 6 3 4 12 3 12 10 9 7 12 12 13 6 18 6 12 6 11 7 6 4 15 12 18 7 16 7 14 19 13 18 17 20 17 5 6 18 5 15 11 7 7 15 16 3 20 20 6 5 19 9 16 4 7 14 17 5 7 14 6 18 7 3 12 20 19 16 4 13 17 19 14 8 20 4 14 10 12 9 13 9 14 4 4 13 18 19 9 18 20 17 7 7 7 20 20 12 4 20 10 20 3 8 7 19 7 10 15 14 8 4 10 16 13 19 6 20 8 3 20 9 19 4 14 17 16 10 6 4 7 9 10 20 13 11 12 19 19 6 20 10 19 8 7 15 7 14 12 4 9 18 17 17 17 20 3 10 6 15 4 6 14 13 13 6 9 18 14 19 3 19 11 9 8 8 11 14 20 12 6 20 3 5 15 9 19 3 7 13 5 3 12 20 5 13 8 5 9 16 11 8 11 12 9 19 12 13 18 11 16 10 19 20 19 4 7 6 9 20 17 9 15 5 17 20 19 6 14 17 10 13 12 19 12 3 15 18 7 6 4 8 17 19 8 8 16 17 3 4 5 6 12 17 14 6 11 8 8 3 17 18 19 20 19 10 11 14 8 18 19 5 14 18 5 16 10 3 18 8 20 10 7 13 16 17 10 12 13 17 13 18 4 8 9 12 10 3 18 16 4 3 11 16 20 5 18 6 15 20 10 11 13 5 18 16 3 15 6 5 11 13 6 5 8 18 20 5 13 13 9 7 14 6 11 9 11 8 13 7 15 16 14 19 8 19 9 5 6 14 15 17 11 20 15 12 8 11 3 8 5 14 9 11 6 9 13 15 19 16 11 13 11 8 17 9 3 5 8 13 20 6 11 3 3 19 18 8 3 19 13 13 11 12 11 16 3 12 20 19 3 5 19 9 6 12 5 12 18 17 19 15 3 9 5 20 10 3 5 7 10 7 5 20 11 18 4 6 18 8 9 13 5 15 13 19 5 11 5 14 20 20 15 14 15 6
1 11 2
933 743
1 5 2
997 586
1 6 2
447 540
1 6 2
511 160
1 14 2
819 870
1 14 2
371 500
1 9 2
485 683
1 3 2
181 735
1 11 2
56 643
1 10 2
794 538
1 10 2
184 764
1 7 2
277 122
1 11 2
708 266
1 9 2
124 89
1 11 2
689 787
1 3 2
87 802
1 15 2
515 593
1 5 2
184 138
1 6 2
199 78
1 4 2
519 544
1 9 2
412 603
1 5 2
652 35
1 4 2
891 711
1 4 2
636 600
1 4 2
665 74
1 2 2
403 904
1 13 2
313 581
1 15 2
800 579
1 7 2
863 856
1 12 2
196 767
1 2 2
275 104
1 15 2
733 360
1 5 2
716 755
1 9 2
496 833
1 7 2
711 781
1 15 2
955 31
1 8 2
905 813
1 15 2
599 205
1 3 2
814 521
1 5 2
636 649
1 4 2
14 40
1 3 2
449 442
1 5 2
757 103
1 12 2
343 748
1 14 2
198 254
1 15 2
705 912
1 2 2
896 994
1 2 2
864 16
1 4 2
97 145
1 8 2
441 989
1 3 2
379 898
1 9 2
186 603
1 6 2
440 665
1 15 2
472 383
1 5 2
979 590
1 8 2
443 238
1 6 2
311 146
1 2 2
906 851
1 8 2
48 528
1 14 2
947 73
1 13 2
414 615
1 2 2
821 792
1 13 2
284 432
1 12 2
784 655
1 4 2
496 761
1 13 2
577 48
1 10 2
427 348
1 8 2
905 665
1 11 2
803 127
1 4 2
771 625
1 6 2
542 914
1 7 2
64 885
1 15 2
947 880
1 14 2
899 129
1 7 2
702 859
1 13 2
482 758
1 6 2
451 147
1 4 2
903 541
1 11 2
729 116
1 13 2
532 725
1 7 2
637 364
1 3 2
924 153
1 15 2
504 614
1 15 2
239 634
1 10 2
724 347
1 6 2
539 549
1 11 2
686 111
1 3 2
652 817
1 7 2
794 477
1 9 2
183 448
1 10 2
654 60
1 7 2
4 210
1 3 2
248 580
1 4 2
125 396
1 11 2
52 589
1 8 2
310 596
1 5 2
943 133
1 13 2
583 61
1 2 2
560 327
1 2 2
342 83
1 12 2
537 157
1 14 2
389 425
1 10 2
412 978
1 11 2
632 229
1 3 2
587 231
1 3 2
305 632
1 14 2
702 804
1 14 2
914 68
1 13 2
3 171
1 14 2
763 920
1 10 2
390 111
1 14 2
848 920
1 7 2
424 266
1 3 2
526 230
1 9 2
407 207
1 7 2
389 753
1 9 2
923 212
1 8 2
190 361
1 9 2
682 63
1 5 2
242 542
1 6 2
471 0
1 12 2
891 976
1 12 2
191 69
1 6 2
391 901
1 7 2
385 448
1 5 2
126 428
1 2 2
267 686
1 5 2
69 376
1 5 2
531 937
1 8 2
617 579
1 9 2
373 383
1 12 2
497 622
1 4 2
405 118
1 6 2
603 943
1 11 2
528 881
1 3 2
967 566
1 10 2
819 728
1 15 2
712 864
1 2 2
166 529
1 2 2
447 689
1 12 2
183 650
1 8 2
326 205
1 9 2
730 607
1 10 2
134 28
1 10 2
790 742
1 12 2
908 803
1 7 2
452 783
1 11 2
300 701
1 7 2
125 935
1 15 2
596 133
1 14 2
533 260
1 9 2
735 869
1 13 2
670 832
1 6 2
510 330
1 11 2
69 208
1 8 2
472 304
1 12 2
716 71
1 8 2
48 945
1 11 2
168 697
1 12 2
76 736
1 14 2
159 700
1 8 2
317 805
1 11 2
623 340
1 8 2
429 494
1 4 2
845 441
1 3 2
576 382
1 5 2
673 199
1 15 2
135 642
1 11 2
560 2
1 13 2
857 175
1 6 2
720 70
1 10 2
330 501
1 9 2
55 27
1 8 2
250 809
1 2 2
338 188
1 6 2
97 674
1 12 2
579 650
1 12 2
930 495
1 3 2
898 672
1 15 2
186 435
1 4 2
503 571
1 12 2
73 84
1 15 2
771 486
1 6 2
788 78
1 11 2
403 615
1 2 2
952 86
1 6 2
547 745
1 3 2
509 361
1 3 2
319 282
1 9 2
837 982
1 6 2
679 238
1 4 2
497 330
1 9 2
686 117
1 7 2
904 483
1 5 2
833 651
1 11 2
288 659
1 15 2
918 736
1 12 2
655 29
1 15 2
383 530
1 2 2
463 969
1 10 2
774 224
1 2 2
110 783
1 2 2
402 663
1 8 2
820 615
1 9 2
421 12
1 3 2
187 991
1 7 2
441 489
1 14 2
839 377
1 14 2
246 685
1 14 2
581 569
1 4 2
47 436
1 4 2
362 340
1 4 2
455 350
1 8 2
538 215
1 15 2
70 328
1 15 2
393 687
1 2 2
385 719
1 7 2
219 269
1 13 2
779 530
1 15 2
415 57
1 3 2
674 406
1 5 2
713 57
1 10 2
120 201
1 15 2
136 633
1 6 2
735 494
1 12 2
326 788
1 2 2
974 531
1 14 2
655 35
1 10 2
103 354
1 9 2
53 836
1 11 2
573 179
1 3 2
656 973
1 12 2
994 176
1 7 2
576 854
1 3 2
724 158
1 2 2
313 441
1 11 2
32 502
1 5 2
863 527
1 12 2
318 732
1 11 2
294 888
1 14 2
884 192
1 12 2
717 937
1 9 2
353 906
1 13 2
95 52
1 3 2
309 55
1 6 2
196 279
1 2 2
896 873
1 9 2
839 694
1 5 2
243 46
1 2 2
36 346
1 13 2
705 550
1 13 2
340 779
1 6 2
981 588
1 15 2
561 750
1 6 2
963 39
1 13 2
417 121
1 13 2
53 748
1 6 2
680 583
1 8 2
248 199
1 12 2
528 729
1 13 2
292 682
1 15 2
249 880
1 10 2
884 266
1 12 2
332 143
1 15 2
356 698
1 7 2
641 464
1 4 2
965 324
1 10 2
528 407
1 5 2
371 905
1 12 2
692 300
1 12 2
259 304
1 15 2
595 564
1 14 2
738 171
1 4 2
471 595
1 14 2
344 259
1 11 2
390 274
1 13 2
274 957
1 15 2
848 312
1 3 2
931 167
1 4 2
928 422
1 13 2
998 547
1 5 2
750 993
1 13 2
538 482
1 14 2
22 142
1 4 2
180 396
1 13 2
7 543
1 13 2
788 603
1 8 2
380 536
1 14 2
936 282
1 3 2
859 632
1 13 2
885 90
1 9 2
410 317
1 14 2
547 408
1 11 2
92 822
1 8 2
329 607
1 14 2
105 566
1 7 2
345 318
1 5 2
854 453
1 11 2
624 291
1 15 2
706 643
1 11 2
524 323
1 12 2
748 49
1 5 2
308 544
1 15 2
424 971
1 10 2
642 927
1 12 2
151 982
1 13 2
556 30
1 2 2
39 473
1 7 2
260 99
1 2 2
390 169
1 13 2
502 166
1 3 2
515 141
1 4 2
435 407
1 15 2
910 200
1 14 2
850 394
1 15 2
300 645
1 11 2
720 497
1 11 2
857 256
1 10 2
951 604
1 11 2
354 698
1 6 2
729 718
1 7 2
7 731
1 4 2
703 414
1 14 2
841 451
1 13 2
731 29
1 11 2
864 126
1 2 2
366 740
1 15 2
425 405
1 9 2
33 854
1 2 2
962 261
1 7 2
847 850
1 6 2
255 47
1 12 2
90 425
1 4 2
893 75
1 6 2
59 575
1 7 2
183 366
1 13 2
614 219
1 12 2
904 114
1 4 2
537 762
1 3 2
178 24
1 12 2
266 576
1 10 2
469 262
1 6 2
844 394
1 4 2
519 701
1 4 2
949 725
1 14 2
274 986
1 2 2
183 12
1 6 2
640 168
1 14 2
661 273
1 14 2
55 733
1 11 2
575 551
1 10 2
104 178
1 2 2
493 172
1 12 2
283 501
1 12 2
345 195
1 3 2
997 487
1 13 2
235 376
1 3 2
936 732
1 10 2
438 144
1 6 2
966 415
1 15 2
706 520
1 10 2
437 963
1 8 2
913 739
1 15 2
94 324
1 4 2
697 901
1 8 2
853 326
1 12 2
694 930
1 13 2
464 65
1 15 2
71 768
1 4 2
738 227
1 11 2
7 531
1 2 2
591 766
1 5 2
530 582
1 11 2
118 956
1 7 2
591 173
1 14 2
531 812
1 3 2
311 143
1 15 2
524 914
1 3 2
923 222
1 14 2
255 663
1 6 2
435 438
1 7 2
322 537
1 7 2
278 304
1 3 2
527 468
1 3 2
286 671
1 2 2
202 377
1 10 2
218 507
1 11 2
146 165
1 5 2
582 708
1 14 2
800 604
1 15 2
107 63
1 3 2
82 693
1 6 2
354 369
1 10 2
713 873
1 13 2
80 272
1 2 2
194 406
1 4 2
792 112
1 10 2
121 732
1 4 2
605 128
1 5 2
498 715
1 2 2
893 775
1 6 2
501 605
1 5 2
346 418
1 6 2
417 737
1 9 2
283 860
1 5 2
205 877
1 7 2
128 982
1 3 2
211 172
1 5 2
194 42
1 6 2
521 161
1 11 2
401 761
1 12 2
121 646
1 3 2
911 913
1 11 2
129 554
1 3 2
786 741
1 11 2
654 71
1 7 2
22 624
1 11 2
797 919
1 9 2
165 131
1 3 2
198 326
1 9 2
674 371
1 7 2
599 521
1 3 2
875 484
1 10 2
42 447
1 6 2
863 850
1 9 2
701 216
1 7 2
844 423
1 6 2
731 795
1 4 2
97 257
1 14 2
778 155
1 10 2
708 510
1 10 2
233 988
1 12 2
642 43
1 12 2
887 443
1 4 2
548 500
1 5 2
871 146
1 9 2
567 904
1 10 2
584 645
1 15 2
131 90
1 9 2
102 914
1 7 2
352 871
1 4 2
523 671
1 9 2
683 871
1 2 2
915 623
1 3 2
926 101
1 13 2
600 14
1 11 2
554 755
1 10 2
38 498
1 13 2
560 207
1 14 2
452 570
1 8 2
450 383
1 3 2
686 461
1 10 2
111 524
1 10 2
987 534
1 12 2
953 400
1 7 2
346 589
1 12 2
163 377
1 4 2
490 410
1 10 2
964 531
1 9 2
512 881
1 3 2
692 3
1 8 2
68 29
1 6 2
948 672
1 6 2
824 827
1 5 2
632 364
1 14 2
836 692
1 3 2
145 213
1 13 2
181 227
1 9 2
915 996
1 3 2
519 356
1 6 2
985 552
1 11 2
93 328
1 9 2
532 135
1 14 2
344 506
1 8 2
190 608
1 12 2
501 505
1 13 2
534 770
1 10 2
472 67
1 3 2
764 79
1 10 2
715 317
1 11 2
118 196
1 10 2
697 161
1 14 2
539 708
1 3 2
781 887
1 14 2
324 46
1 13 2
593 3
1 15 2
505 436
1 4 2
129 932
1 13 2
918 408
1 9 2
676 174
1 15 2
731 407
1 13 2
847 263
1 7 2
781 864
1 10 2
581 530
1 4 2
752 759
1 4 2
23 931
1 15 2
256 560
1 13 2
575 130
1 5 2
399 805
1 14 2
936 592
1 13 2
636 288
1 11 2
24 547
1 10 2
95 296
1 5 2
912 724
1 2 2
297 99
1 14 2
660 380
1 9 2
357 456
1 8 2
56 526
1 3 2
574 992
1 3 2
397 862
1 14 2
459 60
1 14 2
298 960
1 13 2
686 254
1 3 2
514 5
1 4 2
593 970
1 10 2
778 217
1 14 2
250 768
1 8 2
197 709
1 12 2
317 372
1 2 2
562 427
1 4 2
547 994
1 8 2
837 651
1 14 2
335 384
1 2 2
221 510
1 12 2
495 5
1 11 2
813 7
1 15 2
67 344
1 13 2
409 318
1 8 2
171 887
1 9 2
252 808
1 11 2
231 294
1 13 2
699 517
1 6 2
768 140
1 10 2
690 960
1 4 2
147 195
1 8 2
642 681
1 6 2
113 266
1 13 2
168 166
1 3 2
950 823
1 3 2
256 669
1 4 2
270 650
1 12 2
994 364
1 2 2
324 681
1 3 2
92 680
1 6 2
620 466
1 11 2
982 209
1 9 2
235 125
1 11 2
68 140
1 13 2
953 711
1 2 2
920 569
1 2 2
139 294
1 3 2
17 570
1 15 2
466 762
1 3 2
149 487
1 2 2
666 319
1 2 2
820 289
1 3 2
272 449
1 6 2
755 154
1 5 2
58 407
1 14 2
241 202
1 10 2
370 355
1 14 2
543 248
1 7 2
859 715
1 5 2
443 313
1 5 2
368 836
1 15 2
156 838
1 5 2
138 785
1 4 2
147 25
1 5 2
78 378
1 11 2
599 454
1 2 2
312 515
1 4 2
527 410
1 2 2
813 762
1 6 2
594 332
1 8 2
55 403
1 11 2
46 556
1 11 2
384 883
1 6 2
105 330
1 12 2
707 9
1 4 2
138 86
1 13 2
712 292
1 6 2
473 885
1 10 2
928 960
1 14 2
302 0
1 15 2
94 10
1 2 2
884 763
1 8 2
346 792
1 4 2
390 193
1 12 2
482 548
1 10 2
694 281
1 2 2
780 573
1 3 2
575 705
1 8 2
66 30
1 5 2
549 201
1 7 2
880 693
1 3 2
867 889
1 6 2
813 389
1 5 2
307 15
1 5 2
435 198
1 15 2
204 55
1 15 2
693 839
1 6 2
666 298
1 5 2
445 896
1 11 2
40 893
1 8 2
503 661
1 10 2
444 826
1 9 2
421 542
1 6 2
969 541
1 3 2
112 181
1 11 2
880 102
1 7 2
805 181
1 3 2
952 422
1 15 2
631 859
1 14 2
644 537
1 4 2
118 694
1 14 2
418 655
1 8 2
458 77
1 10 2
998 500
1 4 2
805 136
1 15 2
817 52
1 7 2
609 934
1 12 2
419 116
1 12 2
301 780
1 10 2
41 110
1 8 2
995 31
1 6 2
254 485
1 14 2
654 161
1 2 2
674 36
1 10 2
129 359
1 13 2
168 659
1 6 2
562 157
1 9 2
754 79
1 8 2
260 11
1 10 2
434 659
1 12 2
459 580
1 4 2
248 970
1 7 2
380 885
1 5 2
93 882
1 10 2
265 289
1 13 2
784 255
1 9 2
397 573
1 10 2
565 5
1 10 2
792 658
1 13 2
232 506
1 6 2
467 514
1 5 2
103 771
1 5 2
217 118
1 8 2
705 778
1 8 2
36 720
1 14 2
171 329
1 2 2
474 275
1 6 2
99 31
1 9 2
574 811
1 15 2
321 305
1 2 2
27 194
1 4 2
41 73
1 15 2
728 532
1 11 2
305 440
1 14 2
419 855
1 12 2
216 477
1 3 2
4 974
1 5 2
677 535
1 12 2
517 490
1 13 2
68 777
1 13 2
864 913
1 13 2
501 503
1 14 2
705 396
1 6 2
761 498
1 14 2
837 247
1 2 2
585 274
1 5 2
548 175
1 5 2
880 144
1 2 2
142 893
1 15 2
286 948
1 10 2
707 833
1 15 2
924 433
1 5 2
171 907
1 7 2
288 103
1 3 2
452 520
1 3 2
635 92
1 5 2
776 803
1 11 2
494 565
1 14 2
165 82
1 9 2
994 562
1 11 2
923 496
1 2 2
493 460
1 10 2
982 221
1 11 2
784 123
1 5 2
272 86
1 6 2
829 741
1 13 2
679 765
1 4 2
636 11
1 2 2
600 102
1 9 2
679 445
1 12 2
244 111
1 9 2
953 7
1 5 2
797 28
1 7 2
708 162
1 8 2
923 697
1 9 2
437 149
1 13 2
992 360
1 8 2
4 444
1 8 2
285 792
1 3 2
500 976
1 10 2
256 387
1 6 2
118 967
1 6 2
178 980
1 7 2
772 486
1 9 2
818 106
1 6 2
629 990
1 8 2
773 90
1 6 2
490 444
1 5 2
535 45
1 5 2
342 233
1 7 2
512 491
1 8 2
897 570
1 2 2
141 949
1 8 2
619 145
1 7 2
835 162
1 14 2
266 62
1 10 2
545 389
1 5 2
975 258
1 11 2
197 412
1 4 2
427 632
1 2 2
534 86
1 3 2
309 786
1 5 2
379 296
1 6 2
516 342
1 3 2
209 646
1 6 2
787 584
1 15 2
230 421
1 15 2
959 128
1 11 2
771 933
1 11 2
67 974
1 15 2
274 656
1 4 2
561 126
1 2 2
387 842
1 11 2
282 974
1 5 2
192 230
1 3 2
440 68
1 8 2
325 170
1 12 2
452 453
1 4 2
971 412
1 3 2
731 590
1 7 2
919 661
1 9 2
7 716
1 10 2
272 465
1 8 2
315 700
1 13 2
389 528
1 15 2
166 780
1 13 2
733 80
1 3 2
367 104
1 12 2
138 513
1 8 2
778 601
1 15 2
362 401
1 3 2
108 304
1 5 2
839 282
1 2 2
150 736
1 11 2
904 823
1 9 2
673 714
1 4 2
371 948
1 14 2
839 648
1 5 2
339 673
1 13 2
480 999
1 11 2
295 340
1 12 2
578 741
1 12 2
428 613
1 13 2
966 700
1 13 2
532 965
1 6 2
83 182
1 12 2
430 441
1 3 2
654 931
1 9 2
439 458
1 10 2
961 183
1 14 2
394 698
1 7 2
47 196
1 10 2
567 350
1 2 2
59 12
1 11 2
358 743
1 9 2
880 674
1 3 2
125 834
1 6 2
137 520
1 2 2
134 18
1 15 2
514 113
1 5 2
241 94
1 3 2
646 188
1 2 2
347 87
1 7 2
520 419
1 14 2
628 83
1 10 2
136 623
1 6 2
6 679
1 12 2
258 170
1 8 2
907 857
1 14 2
851 301
1 14 2
628 815
1 12 2
40 827
1 6 2
641 710
1 5 2
841 30
1 8 2
315 740
1 5 2
984 468
1 5 2
673 917
1 12 2
146 447
1 4 2
215 770
1 2 2
329 661
1 12 2
340 420
1 10 2
429 188
1 10 2
41 583
1 6 2
431 103
1 7 2
742 430
1 9 2
152 921
1 14 2
64 891
1 2 2
914 184
1 8 2
642 291
1 8 2
440 491
1 4 2
47 320
1 7 2
917 511
1 15 2
760 86
1 12 2
339 63
1 4 2
924 841
1 9 2
187 34
1 7 2
706 497
1 14 2
969 592
1 13 2
370 909
1 5 2
836 31
1 7 2
580 567
1 2 2
35 288
1 13 2
599 447
1 5 2
301 752
1 9 2
302 76
1 11 2
404 827
1 8 2
10 252
1 3 2
410 667
1 5 2
69 189
1 6 2
475 335
1 10 2
698 684
1 4 2
186 450
1 7 2
658 124
1 8 2
176 741
1 8 2
276 156
1 10 2
803 503
1 13 2
670 534
1 10 2
826 783
1 14 2
679 932
1 7 2
633 922
1 2 2
298 155
1 11 2
308 291
1 7 2
38 161
1 6 2
727 770
1 7 2
419 434
1 15 2
986 941
1 9 2
730 46
1 13 2
86 988
1 3 2
372 79
1 7 2
474 262
1 12 2
28 536
1 3 2
759 644
1 13 2
991 21
1 14 2
183 854
1 13 2
84 676
1 2 2
359 371
1 4 2
490 668
1 15 2
826 354
1 5 2
641 709
1 10 2
749 430
1 9 2
515 899
1 14 2
483 800
1 6 2
769 903
1 9 2
502 925
1 7 2
524 510
1 15 2
361 954
1 11 2
361 649
1 12 2
107 608
1 6 2
607 715
1 15 2
285 647
1 11 2
634 898
1 12 2
821 208
1 14 2
260 649
1 4 2
61 481
1 15 2
62 199
1 11 2
433 934
1 15 2
927 372
1 11 2
5 60
1 15 2
735 78
1 13 2
168 861
1 7 2
209 288
1 14 2
938 49
1 6 2
725 520
1 5 2
428 546
1 6 2
761 524
1 8 2
880 631
1 10 2
773 810
1 8 2
964 457
1 14 2
612 238
1 15 2
142 335
1 13 2
904 768
1 12 2
275 871
1 4 2
212 352
1 10 2
21 822
1 11 2
242 831
1 6 2
73 215
1 11 2
85 913
1 14 2
396 412
1 15 2
265 558
1 2 2
191 678
1 2 2
446 610
1 8 2
4 827
1 13 2
905 343
1 15 2
372 165
1 11 2
150 277
1 10 2
637 531
1 10 2
650 532
1 12 2
613 17
1 12 2
463 382
1 6 2
985 379
1 3 2
192 859
1 4 2
404 409
1 10 2
472 746
1 10 2
122 162
1 2 2
63 980
1 3 2
429 469
1 11 2
428 594
1 7 2
662 888
1 8 2
56 257
1 6 2
799 588
1 4 2
987 37
1 3 2
676 561
1 13 2
71 776
1 4 2
193 66
1 2 2
294 98
1 14 2
715 344
1 10 2
651 873
1 10 2
415 220
1 10 2
999 661
1 15 2
472 354
1 14 2
850 187
1 9 2
218 823
1 7 2
850 705
1 10 2
286 480
1 11 2
227 529
1 2 2
398 977
1 13 2
117 268
1 4 2
73 932
1 7 2
118 91
1 3 2
995 754
1 6 2
996 72
1 8 2
328 771
1 5 2
178 392
1 9 2
921 25
1 7 2
653 649
1 11 2
969 801
1 15 2
545 852
1 4 2
340 652
1 2 2
609 562
1 14 2
332 964
1 14 2
579 456
1 8 2
948 129
1 8 2
650 317
1 8 2
486 301
1 5 2
489 946
1 6 2
934 300
1 7 2
486 215
1 8 2
855 722
1 14 2
988 33
1 14 2
149 586
1 8 2
89 426
1 11 2
312 274
1 3 2
297 491
1 12 2
673 633
1 13 2
210 661
1 5 2
140 332
1 9 2
665 440
1 12 2
19 786
1 9 2
754 650
1 5 2
381 746
1 5 2
415 308
1 13 2
929 23
1 14 2
379 714
1 14 2
739 584
1 4 2
120 676
1 13 2
715 511
1 3 2
497 920
1 11 2
707 214
1 8 2
630 697
1 4 2
616 533
1 10 2
722 565
1 11 2
453 367
1 9 2
666 344
1 14 2
624 588
1 15 2
955 763
1 2 2
289 80
1 7 2
50 781
1 4 2
831 885
1 2 2
831 475
1 14 2
589 463
1 15 2
924 552
1 8 2
175 127
1 8 2
942 220
1 7 2
630 959
1 12 2
570 485
1 12 2
728 717
1 10 2
271 559
1 9 2
379 439
1 14 2
926 57
1 2 2
874 639
1 6 2
980 113
1 11 2
976 868
1 15 2
243 105
1 8 2
161 590
1 6 2
189 647
1 15 2
142 214
1 4 2
780 262
1 2 2
699 886
1 15 2
45 714
1 12 2
675 852
1 15 2
122 642
1 13 2
587 205
1 11 2
353 948
1 4 2
368 686
1 5 2
864 800
1 15 2
555 908
1 10 2
365 781
1 4 2
649 856
1 15 2
912 129
1 15 2
439 870
1 8 2
497 676
1 4 2
98 282
1 12 2
8 658
1 13 2
28 952
1 11 2
145 440
1 14 2
344 574
1 2 2
521 955
1 10 2
17 896
1 15 2
208 750
1 3 2
8 187
1 12 2
823 478
1 14 2
280 325
1 7 2
857 219
1 6 2
142 849
1 14 2
854 95
1 15 2
488 569
1 8 2
661 154
1 6 2
814 456
1 12 2
473 318
1 5 2
990 766
1 14 2
64 950
1 11 2
867 276
1 14 2
657 703
1 13 2
354 773
1 10 2
123 211
1 11 2
774 586
1 5 2
268 445
1 15 2
877 92
1 9 2
975 708
1 2 2
36 669
1 14 2
287 993
1 15 2
129 21
1 9 2
588 716
1 11 2
400 863
1 9 2
164 859
1 11 2
672 100
1 9 2
324 474
1 10 2
305 214
1 14 2
292 353
1 2 2
230 800
1 10 2
519 456
1 5 2
326 746
1 9 2
5 614
1 12 2
639 685
1 15 2
631 790
1 4 2
379 536
1 12 2
880 295
1 12 2
87 6
1 2 2
712 299
1 4 2
40 340
1 14 2
536 568
1 7 2
43 631
1 11 2
106 295
1 11 2
937 340
1 4 2
847 877
1 6 2
803 821
1 7 2
727 755
1 14 2
87 525
1 10 2
463 7
1 15 2
732 350
1 5 2
536 255
1 9 2
956 215
1 2 2
685 85
1 8 2
116 359
1 9 2
388 369
1 6 2
669 697
1 8 2
571 803
1 10 2
97 279
1 11 2
481 957
1 5 2
179 900
1 2 2
580 960
1 10 2
197 239
1 4 2
887 957
1 11 2
474 932
1 5 2
316 327
1 2 2
833 262
1 6 2
248 650
1 13 2
439 818
1 13 2
826 606
1 8 2
389 141
1 13 2
456 693
1 5 2
51 142
1 10 2
621 246
1 13 2
937 590
1 15 2
84 407
1 9 2
588 546
1 5 2
171 546
1 12 2
335 212
1 14 2
206 20
1 4 2
148 14
1 5 2
903 644
1 9 2
467 854
1 13 2
849 754
1 15 2
146 474
1 5 2
356 744
1 11 2
842 954
1 14 2
964 39
1 9 2
741 225
1 3 2
726 465
1 4 2
212 660
1 6 2
730 368
1 3 2
156 776
1 7 2
464 120
1 4 2
727 34
1 8 2
655 829
1 9 2
584 612
1 8 2
687 906
1 8 2
299 549
1 4 2
462 610
1 11 2
967 81
1 2 2
270 214
1 8 2
361 226
1 7 2
41 965
1 8 2
51 345
1 4 2
424 839
1 4 2
597 688
1 8 2
692 834
1 15 2
606 998
1 12 2
538 388
1 8 2
251 668
1 12 2
676 306
1 10 2
711 573
1 2 2
737 894
1 6 2
996 384
1 12 2
740 802
1 5 2
626 726
1 4 2
54 758
1 10 2
432 527
1 4 2
537 766
1 3 2
116 593
1 14 2
706 595
1 3 2
173 398
1 15 2
411 494
1 4 2
189 401
1 14 2
293 813
1 2 2
921 675
1 15 2
928 116
1 11 2
227 478
1 2 2
962 542
1 11 2
170 88
1 7 2
150 553
1 3 2
757 596
1 3 2
197 66
1 7 2
265 30
1 10 2
946 317
1 4 2
142 297
1 9 2
368 833
1 9 2
44 687
1 3 2
877 681
1 6 2
300 111
1 13 2
332 36
1 6 2
446 214
1 11 2
866 319
1 2 2
684 567
1 10 2
815 724
1 9 2
4 97
1 11 2
694 374
1 12 2
151 458
1 2 2
926 509
1 13 2
997 166
1 6 2
248 439
1 3 2
62 917
1 14 2
315 232
1 7 2
21 207
1 8 2
633 744
1 3 2
946 410
1 11 2
926 37
1 3 2
363 411
1 10 2
561 823
1 11 2
390 866
1 4 2
596 436
1 5 2
245 240
1 3 2
773 83
1 8 2
868 770
1 2 2
423 77
1 3 2
24 99
1 9 2
239 569
1 12 2
603 338
1 10 2
557 96
1 13 2
137 820
1 3 2
826 473
1 14 2
368 779
1 15 2
408 947
1 14 2
996 39
1 13 2
876 495
1 5 2
979 539
1 15 2
46 826
1 8 2
3 786
1 3 2
556 851
1 2 2
251 250
1 4 2
13 955
1 11 2
327 293
1 3 2
391 930
1 8 2
270 363
1 9 2
607 984
1 6 2
788 996
1 13 2
959 969
1 10 2
438 428
1 11 2
944 388
1 4 2
54 924
1 7 2
332 409
1 7 2
356 272
1 11 2
925 862
1 13 2
234 281
1 10 2
990 487
1 5 2
987 952
1 14 2
222 415
1 12 2
95 645
1 15 2
189 454
1 11 2
234 964
1 15 2
322 757
1 2 2
395 942
1 15 2
753 163
1 12 2
722 564
1 11 2
598 174
1 10 2
138 680
1 12 2
854 488
1 6 2
187 358
1 9 2
572 403
1 10 2
666 876
1 8 2
343 812
1 3 2
100 849
1 3 2
0 5
1 14 2
774 504
1 9 2
827 652
1 8 2
816 326
1 4 2
863 802
1 11 2
254 257
1 9 2
792 10
1 12 2
186 977
1 8 2
572 919
1 12 2
953 493
1 8 2
418 140
1 11 2
726 643
1 7 2
833 643
1 5 2
817 380
1 12 2
719 733
1 15 2
330 92
1 14 2
57 641
1 14 2
720 303
1 2 2
572 61
1 4 2
808 925
1 9 2
686 699
1 5 2
930 425
1 14 2
148 468
1 6 2
527 972
1 9 2
510 768
1 7 2
310 140
1 8 2
747 948
1 15 2
958 718
1 15 2
777 598
1 6 2
236 361
1 8 2
994 163
1 13 2
129 182
1 13 2
569 277
1 11 2
635 515
1 6 2
323 968
1 8 2
130 994
1 13 2
135 373
1 12 2
598 682
1 6 2
525 697
1 11 2
618 577
1 8 2
794 213
1 10 2
498 626
1 6 2
935 257
1 13 2
424 376
1 10 2
976 263
1 3 2
493 90
1 14 2
862 393
1 15 2
78 264
1 8 2
59 957
1 7 2
183 532
1 13 2
803 239
1 14 2
135 991
1 8 2
481 610
1 12 2
90 364
1 4 2
267 195
1 12 2
56 134
1 7 2
26 44
1 15 2
524 419
1 14 2
847 883
1 10 2
533 250
1 5 2
560 358
1 15 2
786 39
1 6 2
51 671
1 12 2
882 142
1 4 2
298 547
1 2 2
423 395
1 14 2
23 460
1 7 2
327 281
1 14 2
728 582
1 10 2
310 88
1 8 2
725 10
1 13 2
488 267
1 3 2
54 958
1 14 2
178 270
1 12 2
539 785
1 9 2
302 850
1 7 2
875 625
1 2 2
596 309
1 5 2
313 877
1 6 2
795 932
1 14 2
214 818
1 9 2
619 515
1 11 2
277 458
1 6 2
366 311
1 12 2
374 107
1 9 2
370 218
1 15 2
945 887
1 4 2
906 476
1 13 2
659 449
1 4 2
185 777
1 14 2
848 949
1 12 2
66 904
1 7 2
175 731
1 13 2
611 73
1 11 2
57 622
1 11 2
271 753
1 6 2
461 529
1 15 2
180 850
1 14 2
439 456
1 8 2
28 741
1 9 2
419 817
1 7 2
407 615
1 13 2
4 356
1 9 2
358 86
1 7 2
30 348
1 8 2
933 250
1 11 2
364 660
1 2 2
744 954
1 6 2
588 825
1 9 2
148 725
1 15 2
748 887
1 8 2
276 708
1 7 2
147 187
1 3 2
281 519
1 12 2
430 972
1 4 2
740 312
1 13 2
855 75
1 13 2
369 563
1 9 2
812 189
1 14 2
224 720
1 5 2
507 932
1 13 2
680 22
1 3 2
874 441
1 6 2
485 505
1 7 2
378 599
1 13 2
535 406
1 12 2
495 471
1 6 2
965 779
1 7 2
304 446
1 14 2
871 537
1 4 2
880 912
1 13 2
729 546
1 5 2
975 50
1 4 2
186 556
1 10 2
480 89
1 12 2
146 35
1 5 2
500 907
1 14 2
426 50
1 4 2
513 606
1 10 2
380 793
1 12 2
515 764
1 8 2
445 633
1 11 2
891 642
1 5 2
82 338
1 12 2
366 594
1 15 2
17 287
1 8 2
639 691
1 5 2
734 469
1 8 2
469 92
1 9 2
663 603
1 14 2
120 648
1 5 2
409 76
1 3 2
415 171
1 15 2
824 232
1 11 2
461 299
1 8 2
674 180
1 11 2
195 48
1 2 2
986 255
1 3 2
216 795
1 15 2
966 454
1 3 2
104 750
1 5 2
381 650
1 3 2
411 73
1 9 2
489 151
1 2 2
946 314
1 2 2
665 942
1 15 2
784 989
1 14 2
464 474
1 11 2
678 733
1 12 2
616 947
1 2 2
569 249
1 5 2
371 402
1 3 2
603 717
1 4 2
654 250
1 10 2
81 111
1 10 2
178 604
1 13 2
126 766
1 12 2
654 580
1 8 2
282 994
1 6 2
696 700
1 10 2
980 120
1 3 2
630 690
1 6 2
212 932
1 3 2
242 896
1 15 2
659 516
1 10 2
70 731
1 13 2
705 81
1 7 2
989 112
1 14 2
842 592
1 14 2
887 801
1 15 2
448 841
1 6 2
878 967
1 5 2
192 863
1 13 2
324 173
1 6 2
939 54
1 9 2
939 441
1 8 2
432 289
1 10 2
604 575
1 4 2
646 881
1 4 2
498 32
1 4 2
726 717
1 9 2
5 875
1 6 2
166 67
1 7 2
724 575
1 11 2
431 152
1 10 2
911 821
1 7 2
971 271
1 15 2
882 751
1 11 2
756 743
1 11 2
47 21
1 9 2
794 263
1 15 2
675 568
1 10 2
609 591
1 10 2
420 38
1 7 2
177 74
1 10 2
101 803
1 15 2
80 249
1 11 2
867 741
1 7 2
499 139
1 9 2
877 195
1 10 2
655 777
1 7 2
280 402
1 5 2
533 321
1 5 2
258 203
1 11 2
164 477
1 5 2
2 62
1 15 2
984 63
1 2 2
90 853
1 6 2
475 267
1 11 2
728 292
1 5 2
201 331
1 4 2
851 284
1 13 2
62 473
1 10 2
435 714
1 3 2
675 206
1 4 2
436 783
1 5 2
401 134
1 12 2
693 14
1 3 2
84 63
1 12 2
828 573
1 3 2
111 879
1 6 2
552 649
1 8 2
309 374
1 11 2
5 95
1 12 2
312 391
1 13 2
801 926
1 15 2
451 655
1 5 2
684 245
1 12 2
318 701
1 2 2
707 984
1 9 2
482 24
1 13 2
216 242
1 15 2
756 991
1 6 2
596 58
1 15 2
729 351
1 4 2
897 584
1 10 2
17 946
1 8 2
77 252
1 6 2
341 688
1 11 2
379 140
1 13 2
356 796
1 9 2
347 93
1 11 2
21 889
1 6 2
824 638
1 12 2
111 548
1 2 2
906 263
1 8 2
816 177
1 6 2
691 264
1 11 2
257 39
1 8 2
677 327
1 14 2
434 38
1 15 2
466 766
1 8 2
763 245
1 5 2
486 660
1 9 2
481 849
1 10 2
875 896
1 7 2
80 531
1 4 2
176 480
1 6 2
296 66
1 5 2
724 315
1 11 2
912 369
1 11 2
297 731
1 12 2
447 818
1 14 2
285 579
1 11 2
86 494
1 9 2
455 110
1 10 2
881 862
1 12 2
242 306
1 15 2
718 31
1 9 2
285 796
1 7 2
787 393
1 7 2
518 81
1 13 2
988 199
1 15 2
835 322
1 8 2
241 341
1 12 2
748 166
1 10 2
191 824
1 5 2
520 239
1 3 2
813 260
1 9 2
240 232
1 3 2
783 601
1 11 2
283 753
1 5 2
57 445
1 14 2
577 973
1 10 2
467 280
1 9 2
255 976
1 14 2
647 904
1 8 2
710 299
1 12 2
622 172
1 9 2
825 886
1 13 2
231 338
1 6 2
765 172
1 2 2
796 473
1 6 2
808 912
1 6 2
925 47
1 14 2
534 873
1 2 2
168 228
1 13 2
958 267
1 8 2
117 188
1 11 2
687 651
1 8 2
499 94
1 2 2
917 961
1 13 2
763 840
1 2 2
738 548
1 9 2
640 890
1 3 2
148 347
1 8 2
227 884
1 2 2
514 491
1 14 2
295 229
1 6 2
928 417
1 13 2
986 94
1 13 2
264 221
1 11 2
338 719
1 2 2
636 580
1 6 2
354 809
1 15 2
143 510
1 2 2
416 314
1 11 2
411 993
1 2 2
142 337
1 7 2
704 802
1 5 2
662 66
1 11 2
774 939
1 12 2
607 97
1 2 2
21 49
1 4 2
581 39
1 8 2
989 728
1 4 2
137 437
1 3 2
582 448
1 6 2
946 979
1 11 2
363 18
1 5 2
905 597
1 3 2
301 186
1 8 2
162 685
1 4 2
88 627
1 5 2
727 485
1 11 2
86 751
1 5 2
116 775
1 4 2
61 930
1 11 2
278 489
1 14 2
624 58
1 12 2
69 487
1 12 2
416 558
1 14 2
143 905
1 5 2
958 295
1 7 2
319 329
1 12 2
313 86
1 15 2
985 760
1 9 2
393 590
1 13 2
714 143
1 12 2
987 683
1 14 2
126 880
1 9 2
398 784
1 12 2
666 208
1 9 2
158 665
1 14 2
647 487
1 15 2
324 811
1 5 2
943 768
1 11 2
399 826
1 10 2
230 797
1 8 2
358 768
1 3 2
395 371
1 13 2
214 144
1 14 2
947 647
1 12 2
51 861
1 9 2
744 937
1 15 2
865 882
1 14 2
625 193
1 11 2
481 589
1 4 2
329 754
1 11 2
644 548
1 6 2
680 839
1 3 2
171 110
1 6 2
555 409
1 3 2
709 247
1 6 2
756 405
1 11 2
207 523
1 2 2
739 551
1 15 2
43 846
1 12 2
823 928
1 15 2
723 882
1 14 2
524 431
1 10 2
712 566
1 12 2
355 867
1 13 2
564 284
1 9 2
385 685
1 2 2
749 724
1 5 2
713 447
1 6 2
266 935
1 14 2
640 275
1 9 2
438 229
1 9 2
191 627
1 10 2
432 161
1 9 2
764 655
1 2 2
149 69
1 8 2
220 594
1 11 2
660 680
1 10 2
527 804
1 15 2
621 8
1 13 2
989 970
1 8 2
587 147
1 15 2
196 188
1 3 2
969 913
1 2 2
163 105
1 9 2
290 507
1 4 2
656 242
1 13 2
282 14
1 7 2
900 560
1 2 2
21 379
1 13 2
828 69
1 13 2
299 71
1 15 2
547 951
1 13 2
779 917
1 13 2
258 148
1 11 2
335 619
1 4 2
809 99
1 14 2
220 959
1 15 2
407 526
1 6 2
485 186
1 6 2
557 569
1 14 2
415 455
1 11 2
745 308
1 3 2
849 609
1 9 2
777 676
1 12 2
583 124
1 8 2
635 363
1 2 2
304 688
1 4 2
633 267
1 13 2
83 824
1 13 2
917 605
1 14 2
965 413
1 8 2
476 612
1 7 2
23 350
1 11 2
444 780
1 3 2
142 171
1 3 2
564 8
1 4 2
67 604
1 7 2
183 189
1 10 2
507 536
1 2 2
771 4
1 12 2
656 117
1 4 2
332 460
1 9 2
343 89
1 6 2
20 675
1 12 2
253 232
1 14 2
647 949
1 8 2
534 636
1 7 2
189 605
1 5 2
803 959
1 7 2
325 596
1 6 2
999 414
1 4 2
809 486
1 5 2
163 719
1 10 2
519 443
1 14 2
93 787
1 9 2
599 193
1 9 2
692 656
1 10 2
132 376
1 12 2
764 133
1 3 2
920 219
1 12 2
603 245
1 9 2
149 777
1 13 2
751 926
1 9 2
546 931
1 15 2
783 517
1 6 2
139 357
1 3 2
22 668
1 11 2
785 369
1 11 2
590 663
1 5 2
692 664
1 5 2
370 278
1 2 2
702 19
1 7 2
675 452
1 15 2
490 340
1 6 2
73 623
1 11 2
857 706
1 15 2
100 294
1 7 2
180 959
1 4 2
670 342
1 11 2
17 967
1 5 2
663 125
1 7 2
133 733
1 11 2
157 796
1 12 2
352 510
1 9 2
322 543
1 8 2
816 181
1 10 2
48 40
1 2 2
438 706
1 14 2
201 477
1 11 2
414 225
1 2 2
738 451
1 12 2
326 461
1 5 2
446 38
1 8 2
154 56
1 11 2
497 977
1 2 2
216 823
1 6 2
991 806
1 6 2
140 254
1 8 2
655 830
1 2 2
100 989
1 5 2
32 817
1 9 2
656 210
1 5 2
121 740
1 14 2
15 262
1 13 2
834 695
1 7 2
381 903
1 11 2
80 990
1 12 2
325 666
1 13 2
460 24
1 11 2
132 351
1 6 2
738 807
1 7 2
32 484
1 6 2
444 563
1 3 2
333 236
1 5 2
861 657
1 10 2
720 50
1 12 2
260 827
1 11 2
647 849
1 11 2
863 818
1 10 2
283 866
1 7 2
389 755
1 6 2
717 164
1 4 2
504 117
1 14 2
734 540
1 9 2
842 236
1 7 2
867 552
1 9 2
666 983
1 10 2
686 423
1 10 2
923 546
1 12 2
100 749
1 15 2
854 235
1 7 2
576 775
1 3 2
927 714
1 5 2
780 91
1 12 2
783 336
1 6 2
588 660
1 14 2
397 582
1 11 2
190 980
1 9 2
578 781
1 2 2
71 780
1 14 2
296 135
1 8 2
986 939
1 10 2
462 824
1 8 2
805 460
1 8 2
698 165
1 9 2
390 461
1 7 2
773 561
1 8 2
566 607
1 13 2
842 289
1 7 2
583 331
1 9 2
513 907
1 4 2
802 826
1 7 2
724 948
1 8 2
811 590
1 14 2
135 563
1 11 2
425 491
1 11 2
637 752
1 8 2
863 704
1 11 2
196 85
1 2 2
590 45
1 5 2
493 794
1 6 2
542 476
1 12 2
802 472
1 5 2
670 66
1 7 2
25 116
1 4 2
720 525
1 4 2
134 624
1 10 2
997 367
1 13 2
784 583
1 10 2
873 598
1 11 2
122 500
1 9 2
652 143
1 6 2
728 581
1 12 2
322 263
1 12 2
474 354
1 12 2
290 940
1 14 2
255 834
1 6 2
259 881
1 3 2
433 300
1 14 2
720 946
1 8 2
453 883
1 15 2
152 321
1 15 2
306 120
1 4 2
698 196
1 14 2
494 172
1 15 2
675 738
1 13 2
638 666
1 10 2
459 981
1 5 2
465 103
1 11 2
145 623
1 7 2
971 760
1 5 2
524 660
1 2 2
578 506
1 12 2
661 98
1 11 2
598 142
1 15 2
251 305
1 15 2
701 785
1 3 2
130 220
1 15 2
249 444
1 13 2
287 64
1 2 2
196 366
1 10 2
991 516
1 15 2
344 305
1 4 2
408 877
1 12 2
649 119
1 9 2
229 850
1 2 2
519 172
1 5 2
750 668
1 12 2
375 236
1 4 2
748 245
1 7 2
622 739
1 3 2
611 880
1 3 2
979 453
1 8 2
733 841
1 9 2
726 778
1 14 2
273 815
1 5 2
128 913
1 9 2
609 80
1 5 2
670 334
1 15 2
72 104
1 12 2
14 210
1 13 2
226 977
1 11 2
88 800
1 15 2
65 139
1 9 2
506 461
1 15 2
768 250
1 6 2
873 396
1 7 2
789 220
1 10 2
696 359
1 15 2
86 313
1 6 2
908 827
1 2 2
958 354
1 15 2
316 526
1 13 2
82 201
1 7 2
186 895
1 6 2
484 106
1 14 2
32 760
1 8 2
762 37
1 7 2
828 178
1 11 2
856 519
1 5 2
160 377
1 12 2
771 719
1 2 2
482 997
1 10 2
922 177
1 9 2
676 732
1 2 2
539 429
1 9 2
71 900
1 5 2
15 277
1 8 2
29 240
1 3 2
534 791
1 9 2
373 475
1 13 2
56 158
1 12 2
627 699
1 2 2
120 743
1 5 2
928 290
1 13 2
273 527
1 4 2
71 235
1 12 2
177 52
1 10 2
95 912
1 7 2
43 478
1 7 2
527 727
1 9 2
259 662
1 9 2
938 196
1 2 2
642 64
1 6 2
76 307
1 4 2
332 846
1 12 2
652 236
1 13 2
202 864
1 13 2
170 637
1 13 2
462 42
1 2 2
72 382
1 10 2
830 690
1 12 2
849 92
1 11 2
486 466
1 15 2
155 675
1 4 2
333 701
1 6 2
999 665
1 8 2
190 20
1 2 2
780 192
1 11 2
173 476
1 14 2
599 224
1 13 2
400 288
1 2 2
190 506
1 6 2
606 512
1 7 2
74 987
1 10 2
314 465
1 3 2
213 939
1 15 2
607 738
1 11 2
716 85
1 15 2
418 611
1 6 2
605 508
1 13 2
549 526
1 12 2
630 396
1 10 2
61 738
1 14 2
414 832
1 7 2
861 752
1 2 2
801 10
1 6 2
399 37
1 8 2
802 773
1 5 2
336 222
1 14 2
486 473
1 15 2
405 252
1 14 2
728 430
1 7 2
214 824
1 13 2
297 984
1 3 2
531 350
1 13 2
70 930
1 9 2
890 510
1 13 2
513 634
1 8 2
375 469
1 14 2
758 749
1 5 2
659 248
1 9 2
573 450
1 8 2
715 536
1 13 2
271 962
1 14 2
832 865
1 2 2
956 734
1 5 2
431 42
1 3 2
312 825
1 7 2
658 720
1 14 2
588 426
1 10 2
427 606
1 7 2
571 148
1 6 2
821 3
1 9 2
312 856
1 15 2
41 982
1 11 2
166 582
1 14 2
569 944
1 9 2
307 690
1 11 2
527 636
1 9 2
198 118
1 12 2
198 949
1 4 2
359 22
1 2 2
315 443
1 10 2
916 165
1 5 2
142 588
1 6 2
15 365
1 14 2
87 120
1 9 2
339 568
1 7 2
710 716
1 3 2
342 538
1 14 2
52 2
1 4 2
220 607
1 11 2
860 592
1 5 2
906 479
1 5 2
585 834
1 14 2
63 584
1 13 2
192 176
1 14 2
307 232
1 12 2
762 344
1 8 2
448 30
1 4 2
501 206
1 8 2
580 268
1 9 2
855 794
1 9 2
33 872
1 7 2
162 354
1 10 2
772 71
1 9 2
234 692
1 6 2
532 938
1 13 2
248 872
1 3 2
739 952
1 10 2
139 516
1 10 2
392 682
1 11 2
116 714
1 8 2
149 295
1 10 2
497 449
1 7 2
38 696
1 6 2
199 517
1 5 2
76 10
1 6 2
765 684
1 11 2
142 525
1 6 2
875 498
1 11 2
618 556
1 10 2
409 669
1 7 2
338 128
1 8 2
983 462
1 14 2
61 120
1 10 2
922 969
1 14 2
628 448
1 6 2
136 98
1 10 2
263 300
1 9 2
408 142
1 6 2
817 280
1 14 2
393 965
1 13 2
348 303
1 2 2
148 738
1 11 2
79 903
1 12 2
839 811
1 3 2
730 224
1 3 2
289 82
1 2 2
874 369
1 2 2
418 246
1 8 2
73 741
1 10 2
696 388
1 13 2
544 845
1 10 2
811 581
1 4 2
338 634
1 10 2
256 457
1 8 2
334 945
1 15 2
565 460
1 9 2
938 301
1 5 2
297 141
1 9 2
836 758
1 12 2
642 915
1 7 2
716 29
1 10 2
921 942
1 5 2
525 140
1 10 2
894 488
1 8 2
876 200
1 12 2
712 671
1 2 2
715 424
1 14 2
563 883
1 6 2
65 815
1 4 2
578 486
1 6 2
331 763
1 2 2
414 643
1 14 2
949 614
1 12 2
285 732
1 13 2
263 787
1 3 2
815 315
1 3 2
403 405
1 13 2
591 160
1 5 2
656 968
1 15 2
182 736
1 14 2
220 331
1 11 2
795 372
1 5 2
286 432
1 12 2
25 662
1 3 2
618 172
1 6 2
521 168
1 3 2
890 241
1 8 2
331 336
1 7 2
164 507
1 9 2
569 256
1 6 2
801 385
1 3 2
337 209
1 6 2
554 830
1 2 2
498 182
1 5 2
617 64
1 5 2
549 399
1 3 2
711 919
1 8 2
105 928
1 8 2
72 662
1 7 2
299 521
1 9 2
520 274
1 5 2
713 226
1 6 2
100 942
1 8 2
784 161
1 5 2
307 540
1 14 2
275 935
1 5 2
627 129
1 13 2
867 29
1 4 2
440 650
1 10 2
802 228
1 5 2
818 409
1 5 2
805 377
1 8 2
564 756
1 7 2
58 435
1 12 2
439 454
1 8 2
93 841
1 13 2
259 879
1 10 2
978 154
1 6 2
819 459
1 4 2
818 165
1 7 2
20 436
1 6 2
0 87
1 14 2
901 383
1 12 2
462 736
1 12 2
653 576
1 12 2
881 110
1 12 2
251 258
1 2 2
829 173
1 6 2
475 984
1 11 2
502 73
1 9 2
909 208
1 4 2
377 647
1 14 2
720 113
1 5 2
99 353
1 2 2
850 378
1 2 2
871 643
1 8 2
84 362
1 15 2
227 523
1 4 2
967 203
1 4 2
16 696
1 7 2
263 149
1 6 2
708 235
1 6 2
749 726
1 5 2
675 31
1 3 2
58 496
1 8 2
614 437
1 2 2
573 92
1 6 2
140 404
1 10 2
271 187
1 11 2
668 127
1 7 2
466 665
1 3 2
579 455
1 6 2
82 771
1 4 2
801 678
1 12 2
552 306
1 5 2
223 889
1 15 2
164 603
1 5 2
986 30
1 13 2
279 496
1 4 2
206 72
1 2 2
93 229
1 12 2
705 409
1 2 2
595 547
1 14 2
304 353
1 15 2
590 583
1 8 2
889 271
1 12 2
279 313
1 13 2
318 306
1 7 2
186 803
1 8 2
430 493
1 6 2
640 712
1 7 2
230 868
1 10 2
810 246
1 9 2
450 937
1 8 2
968 479
1 5 2
402 465
1 14 2
872 720
1 15 2
847 983
1 13 2
101 710
1 8 2
736 114
1 3 2
167 244
1 13 2
469 357
1 5 2
679 853
1 7 2
734 313
1 10 2
162 936
1 9 2
278 50
1 11 2
923 144
1 14 2
581 660
1 11 2
265 124
1 11 2
336 187
1 11 2
350 93
1 14 2
151 631
1 11 2
493 712
1 14 2
52 450
1 15 2
252 601
1 10 2
464 857
1 13 2
255 279
1 7 2
366 649
1 4 2
632 649
1 2 2
806 819
1 7 2
709 58
1 10 2
604 408
1 11 2
921 453
1 6 2
904 880
1 14 2
312 244
1 5 2
317 452
1 5 2
913 81
1 2 2
705 189
1 2 2
434 415
1 15 2
394 869
1 2 2
868 378
1 14 2
301 990
1 15 2
787 625
1 12 2
101 372
1 2 2
307 996
1 12 2
290 979
1 14 2
928 774
1 7 2
834 807
1 3 2
328 976
1 10 2
781 604
1 4 2
374 930
1 8 2
162 437
1 8 2
294 810
1 14 2
253 522
1 5 2
551 111
1 14 2
255 45
1 4 2
716 322
1 13 2
940 520
1 8 2
959 504
1 4 2
141 980
1 5 2
276 956
1 5 2
342 458
1 15 2
767 523
1 13 2
856 433
1 7 2
988 985
1 10 2
425 151
1 4 2
913 455
1 11 2
393 869
1 2 2
225 465
1 9 2
700 166
1 12 2
349 880
1 9 2
663 532
1 12 2
732 536
1 7 2
387 705
1 4 2
206 399
1 7 2
483 291
1 8 2
786 113
1 15 2
300 327
1 12 2
396 709
1 7 2
257 210
1 3 2
348 999
1 4 2
117 421
1 14 2
315 449
1 13 2
229 144
1 7 2
797 444
1 13 2
437 407
1 6 2
725 516
1 3 2
614 362
1 8 2
664 561
1 12 2
14 48
1 12 2
422 918
1 5 2
106 78
1 13 2
450 548
1 11 2
870 458
1 4 2
745 846
1 15 2
737 447
1 2 2
557 985
1 11 2
107 6
1 5 2
329 615
1 12 2
419 573
1 14 2
779 934
1 14 2
733 443
1 10 2
660 751
1 11 2
595 681
1 9 2
898 912
1 11 2
25 90
1 8 2
998 770
1 5 2
510 272
1 9 2
841 676
1 7 2
357 804
1 15 2
118 575
1 4 2
645 74
1 15 2
649 20
1 4 2
682 412
1 13 2
127 386
1 2 2
504 507
1 12 2
344 902
1 11 2
946 274
1 11 2
227 58
1 13 2
504 45
1 14 2
742 723
1 15 2
826 142
1 10 2
488 334
1 5 2
713 252
1 15 2
472 698
1 13 2
593 257
1 4 2
724 931
1 6 2
480 555
1 2 2
725 432
1 9 2
615 424
1 8 2
63 381
1 12 2
296 309
1 11 2
300 445
1 4 2
865 301
1 10 2
915 66
1 13 2
795 316
1 8 2
790 427
1 8 2
326 409
1 2 2
166 138
1 6 2
158 639
1 9 2
246 783
1 5 2
987 129
1 15 2
152 746
1 15 2
452 42
1 8 2
448 412
1 14 2
80 321
1 14 2
941 993
1 2 2
802 878
1 8 2
135 809
1 7 2
203 796
1 13 2
157 437
1 12 2
787 440
1 8 2
581 974
1 15 2
431 41
1 14 2
717 69
1 5 2
318 570
1 5 2
695 247
1 15 2
34 347
1 15 2
812 230
1 9 2
523 883
1 9 2
303 495
1 12 2
784 106
1 10 2
333 211
1 9 2
460 7
1 15 2
607 793
1 15 2
279 249
1 3 2
857 298
1 2 2
390 804
1 4 2
596 296
1 2 2
378 349
1 14 2
395 807
1 13 2
162 128
1 15 2
387 477
1 8 2
610 22
1 6 2
707 874
1 8 2
163 144
1 2 2
322 679
1 9 2
408 758
1 11 2
739 782
1 10 2
503 987
1 8 2
402 688
1 2 2
40 507
1 12 2
692 814
1 11 2
39 468
1 3 2
535 345
1 3 2
568 186
1 14 2
524 655
1 10 2
438 422
1 7 2
526 530
1 10 2
857 870
1 14 2
875 105
1 10 2
979 433
1 7 2
209 894
1 2 2
415 69
1 2 2
949 217
1 14 2
341 719
1 10 2
413 138
1 13 2
164 447
1 12 2
279 45
1 13 2
153 232
1 14 2
44 650
1 14 2
664 228
1 7 2
212 81
1 6 2
444 803
1 15 2
350 742
1 12 2
448 244
1 5 2
389 445
1 14 2
861 279
1 7 2
972 102
1 13 2
295 727
1 7 2
345 865
1 11 2
605 538
1 10 2
650 266
1 13 2
595 562
1 10 2
474 483
1 6 2
182 665
1 12 2
969 169
1 3 2
916 879
1 14 2
301 31
1 8 2
415 469
1 6 2
379 104
1 2 2
960 672
1 4 2
349 902
1 11 2
77 730
1 13 2
512 105
1 14 2
340 751
1 7 2
482 633
1 5 2
724 691
1 5 2
171 598
1 11 2
216 437
1 8 2
974 280
1 11 2
299 21
1 10 2
529 4
1 13 2
679 693
1 5 2
66 960
1 3 2
558 622
1 3 2
553 459
1 9 2
412 499
1 6 2
640 47
1 13 2
127 226
1 2 2
632 646
1 9 2
497 955
1 3 2
447 34
1 11 2
230 160
1 2 2
464 385
1 15 2
116 596
1 11 2
866 517
1 6 2
702 73
1 14 2
485 517
1 13 2
888 264
1 7 2
308 980
1 10 2
657 298
1 4 2
774 358
1 13 2
870 941
1 14 2
736 294
1 12 2
322 26
1 5 2
56 47
1 2 2
786 606
1 15 2
803 428
1 13 2
780 413
1 12 2
53 41
1 14 2
96 361
1 13 2
825 786
1 4 2
76 723
1 7 2
892 751
1 8 2
586 461
1 13 2
888 980
1 6 2
760 960
1 2 2
363 132
1 9 2
844 837
1 12 2
836 610
1 3 2
669 804
1 5 2
173 181
1 11 2
316 35
1 3 2
932 834
1 4 2
0 809
1 3 2
524 605
1 10 2
552 836
1 3 2
254 348
1 7 2
211 339
1 8 2
109 640
1 2 2
300 181
1 10 2
686 834
1 2 2
773 747
1 7 2
173 620
1 12 2
423 484
1 14 2
640 746
1 5 2
322 366
1 13 2
168 413
1 2 2
870 838
1 7 2
644 247
1 13 2
617 597
1 7 2
37 138
1 15 2
790 349
1 10 2
405 862
1 5 2
843 551
1 7 2
704 812
1 4 2
457 382
1 11 2
452 755
1 13 2
196 807
1 6 2
28 748
1 8 2
619 493
1 3 2
589 724
1 4 2
169 572
1 12 2
821 813
1 7 2
177 189
1 9 2
145 148
1 5 2
273 672
1 9 2
338 67
1 2 2
131 518
1 9 2
968 629
1 7 2
651 55
1 12 2
62 582
1 4 2
395 709
1 8 2
716 360
1 13 2
122 528
1 12 2
31 947
1 4 2
417 675
1 6 2
785 378
1 7 2
796 553
1 7 2
749 18
1 9 2
539 407
1 4 2
105 643
1 10 2
782 207
1 12 2
351 824
1 2 2
676 383
1 6 2
1 871
1 7 2
686 863
1 5 2
152 207
1 13 2
630 367
1 13 2
137 529
1 15 2
633 926
1 12 2
39 29
1 3 2
456 956
1 2 2
896 830
1 9 2
691 117
1 15 2
177 78
1 5 2
957 991
1 4 2
478 152
1 6 2
12 873
1 8 2
41 293
1 14 2
441 409
1 14 2
571 994
1 13 2
604 799
1 5 2
731 183
1 2 2
674 845
1 5 2
974 917
1 6 2
118 342
1 6 2
888 93
1 11 2
530 301
1 11 2
582 302
1 8 2
130 483
1 11 2
540 278
1 8 2
538 337
1 6 2
896 302
1 4 2
100 515
1 2 2
48 132
1 5 2
207 418
1 5 2
836 624
1 9 2
323 630
1 4 2
963 931
1 6 2
591 125
1 9 2
732 787
1 11 2
775 339
1 14 2
411 646
1 14 2
578 38
1 7 2
275 687
1 8 2
3 393
1 8 2
88 853
1 9 2
811 69
1 14 2
568 690
1 2 2
88 897
1 8 2
239 877
1 12 2
796 131
1 2 2
428 987
1 15 2
43 583
1 9 2
100 78
1 13 2
759 484
1 15 2
484 383
1 5 2
711 662
1 12 2
477 224
1 12 2
807 538
1 4 2
695 112
1 5 2
724 752
1 7 2
460 976
1 8 2
172 617
1 6 2
954 279
1 7 2
961 236
1 5 2
181 637
1 13 2
178 486
1 11 2
152 336
1 3 2
90 775
1 10 2
994 368
1 12 2
549 265
1 5 2
676 206
1 4 2
25 280
1 3 2
558 694
1 2 2
164 94
1 10 2
226 666
1 9 2
219 752
1 8 2
84 464
1 12 2
760 511
1 12 2
459 921
1 15 2
717 70
1 3 2
273 960
1 13 2
646 497
1 14 2
994 208
1 10 2
230 86
1 11 2
689 681
1 9 2
850 397
1 12 2
667 987
1 9 2
484 61
1 13 2
410 965
1 11 2
766 780
1 9 2
957 841
1 12 2
409 552
1 13 2
602 75
1 4 2
351 158
1 8 2
717 204
1 13 2
854 986
1 13 2
287 810
1 8 2
708 753
1 9 2
791 532
1 12 2
192 662
1 2 2
92 100
1 2 2
555 379
1 7 2
929 802
1 11 2
977 916
1 2 2
898 590
1 8 2
943 931
1 9 2
893 271
1 7 2
74 329
1 10 2
305 263
1 10 2
598 528
1 15 2
67 913
1 8 2
929 216
1 8 2
52 138
1 11 2
186 332
1 6 2
13 17
1 6 2
232 612
1 10 2
729 773
1 3 2
754 417
1 2 2
219 462
1 14 2
130 300
1 10 2
947 845
1 11 2
668 349
1 2 2
221 781
1 13 2
44 368
1 14 2
370 399
1 2 2
576 392
1 12 2
102 261
1 11 2
624 316
1 13 2
47 554
1 4 2
567 55
1 15 2
485 501
1 14 2
451 236
1 14 2
372 290
1 9 2
829 540
1 14 2
882 16
1 9 2
347 144
1 5 2
861 550
1 3 2
745 590
1 6 2
735 954
1 8 2
303 110
1 11 2
901 521
1 12 2
423 355
1 11 2
196 517
1 7 2
392 19
1 4 2
324 545
1 13 2
892 351
1 5 2
362 866
1 4 2
376 678
1 9 2
921 792
1 8 2
957 725
1 2 2
837 379
1 14 2
356 719
1 7 2
101 572
1 11 2
577 510
1 10 2
832 552
1 8 2
898 970
1 4 2
305 513
1 12 2
460 661
1 4 2
268 666
1 3 2
484 680
1 3 2
511 260
1 9 2
398 637
1 3 2
702 21
1 8 2
27 170
1 14 2
934 792
1 3 2
368 978
1 15 2
885 527
1 9 2
828 823
1 5 2
585 278
1 8 2
912 592
1 5 2
666 875
1 5 2
575 312
1 14 2
911 169
1 9 2
844 889
1 9 2
426 491
1 6 2
131 422
1 15 2
567 827
1 10 2
624 952
1 15 2
606 277
1 14 2
560 774
1 7 2
46 957
1 9 2
107 66
1 15 2
924 6
1 9 2
273 53
1 6 2
190 50
1 8 2
149 48
1 9 2
68 590
1 11 2
621 634
1 15 2
931 939
1 12 2
534 753
1 14 2
942 990
1 3 2
935 465
1 8 2
677 666
1 10 2
601 579
1 14 2
958 463
1 14 2
732 229
1 11 2
575 310
1 6 2
658 66
1 3 2
382 333
1 7 2
718 110
1 10 2
558 503
1 6 2
948 727
1 12 2
418 887
1 7 2
742 375
1 12 2
714 788
1 8 2
567 73
1 5 2
788 497
1 5 2
556 949
1 9 2
890 89
1 5 2
699 148
1 5 2
462 630
1 5 2
111 245
1 12 2
595 376
1 15 2
746 456
1 11 2
310 391
1 8 2
123 590
1 15 2
227 255
1 13 2
473 881
1 11 2
502 100
1 9 2
777 490
1 8 2
40 349
1 11 2
868 845
1 13 2
886 896
1 4 2
756 483
1 3 2
341 414
1 13 2
618 659
1 5 2
669 797
1 9 2
715 373
1 12 2
413 224
1 5 2
572 583
1 2 2
930 18
1 14 2
648 685
1 4 2
989 189
1 15 2
299 90
1 7 2
31 658
1 15 2
842 700
1 5 2
271 470
1 3 2
231 103
1 8 2
492 955
1 10 2
974 253
1 14 2
560 909
1 8 2
729 741
1 12 2
970 356
1 5 2
760 998
1 8 2
616 523
1 8 2
342 595
1 7 2
242 570
1 11 2
220 208
1 5 2
496 423
1 14 2
205 624
1 4 2
514 681
1 2 2
998 98
1 12 2
313 480
1 4 2
273 571
1 12 2
962 683
1 14 2
801 2
1 2 2
645 9
1 4 2
603 616
1 5 2
180 306
1 4 2
207 519
1 15 2
132 32
1 5 2
301 606
1 9 2
919 942
1 3 2
624 34
1 2 2
192 404
1 8 2
788 839
1 14 2
872 915
1 10 2
116 855
1 15 2
856 769
1 6 2
93 990
1 3 2
987 158
1 15 2
381 910
1 3 2
921 333
1 4 2
908 531
1 3 2
936 327
1 10 2
344 705
1 7 2
335 101
1 5 2
18 513
1 2 2
728 93
1 3 2
64 113
1 14 2
869 904
1 13 2
94 118
1 7 2
884 660
1 3 2
683 361
1 5 2
494 428
1 15 2
657 541
1 3 2
240 97
1 9 2
307 669
1 13 2
255 992
1 7 2
267 725
1 7 2
569 545
1 12 2
585 340
1 10 2
814 252
1 9 2
282 537
1 11 2
459 316
1 12 2
736 667
1 11 2
87 299
1 7 2
751 367
1 12 2
112 804
1 11 2
395 288
1 9 2
344 307
1 5 2
48 693
1 3 2
893 763
1 11 2
93 508
1 6 2
8 91
1 14 2
865 870
1 4 2
176 522
1 6 2
787 183
1 10 2
477 641
1 10 2
661 633
1 11 2
392 563
1 11 2
231 651
1 10 2
621 547
1 14 2
636 176
1 4 2
999 662
1 14 2
403 154
1 11 2
63 886
1 11 2
200 298
1 15 2
348 222
1 9 2
798 208
1 12 2
751 455
1 8 2
652 636
1 11 2
261 71
1 13 2
880 379
1 13 2
862 364
1 7 2
379 319
1 12 2
909 442
1 6 2
135 218
1 7 2
241 703
1 15 2
328 993
1 8 2
335 362
1 10 2
899 729
1 5 2
929 613
1 3 2
657 394
1 9 2
677 524
1 5 2
435 945
1 7 2
458 323
1 3 2
348 347
1 9 2
747 780
1 10 2
410 902
1 6 2
140 566
1 9 2
756 570
1 3 2
691 893
1 6 2
494 418
1 4 2
847 684
1 7 2
187 254
1 5 2
404 145
1 12 2
893 688
1 15 2
955 757
1 8 2
302 493
1 5 2
525 40
1 12 2
172 699
1 9 2
677 887
1 3 2
686 395
1 10 2
798 999
1 15 2
238 809
1 13 2
275 933
1 12 2
664 648
1 8 2
454 671
1 9 2
610 894
1 14 2
155 194
1 12 2
421 834
1 7 2
123 108
1 4 2
122 564
1 2 2
350 118
1 10 2
390 491
1 6 2
68 24
1 4 2
292 958
1 12 2
337 819
1 4 2
726 6
1 2 2
731 946
1 11 2
578 954
1 15 2
463 188
1 7 2
633 271
1 10 2
989 33
1 6 2
176 990
1 4 2
961 344
1 4 2
819 911
1 8 2
368 180
1 7 2
239 546
1 12 2
818 868
1 9 2
37 337
1 10 2
299 904
1 6 2
862 289
1 15 2
889 474
1 3 2
617 389
1 13 2
172 851
1 8 2
80 517
1 4 2
767 816
1 6 2
453 970
1 8 2
685 841
1 8 2
806 127
1 9 2
98 2
1 14 2
474 263
1 3 2
920 305
1 6 2
539 748
1 8 2
797 289
1 4 2
52 180
1 14 2
474 568
1 8 2
634 775
1 7 2
651 775
1 12 2
65 644
1 6 2
286 926
1 13 2
402 712
1 9 2
377 41
1 12 2
196 319
1 5 2
333 99
1 7 2
825 95
1 7 2
561 724
1 4 2
394 664
1 7 2
398 82
1 11 2
595 379
1 12 2
357 213
1 7 2
915 732
1 3 2
164 776
1 12 2
966 274
1 9 2
49 260
1 8 2
790 148
1 7 2
962 983
1 7 2
683 304
1 13 2
270 886
1 11 2
433 85
1 2 2
432 369
1 14 2
993 7
1 10 2
407 776
1 9 2
314 687
1 10 2
765 802
1 14 2
648 485
1 7 2
205 992
1 7 2
692 864
1 15 2
649 999
1 3 2
596 797
1 11 2
439 192
1 11 2
867 155
1 11 2
104 802
1 6 2
846 55
1 10 2
537 701
1 5 2
621 765
1 2 2
672 295
1 2 2
472 21
1 4 2
938 551
1 2 2
63 716
1 13 2
984 594
1 10 2
994 233
1 8 2
267 0
1 3 2
432 258
1 13 2
198 50
1 5 2
357 211
1 2 2
800 218
1 12 2
550 751
1 10 2
219 211
1 15 2
917 79
1 9 2
937 377
1 11 2
513 766
1 10 2
601 513
1 13 2
732 120
1 13 2
942 701
1 11 2
844 698
1 10 2
643 631
1 11 2
417 361
1 15 2
70 979
1 7 2
275 185
1 10 2
961 585
1 11 2
129 894
1 5 2
975 523
1 7 2
394 837
1 11 2
781 429
1 7 2
433 122
1 3 2
32 216
1 3 2
10 729
1 6 2
414 77
1 3 2
115 616
1 7 2
748 930
1 11 2
297 337
1 12 2
637 969
1 5 2
567 952
1 14 2
952 977
1 9 2
595 322
1 11 2
751 278
1 5 2
28 111
1 7 2
878 27
1 9 2
575 179
1 9 2
591 85
1 6 2
604 57
1 12 2
297 146
1 11 2
93 660
1 8 2
533 145
1 3 2
207 820
1 13 2
100 86
1 3 2
635 643
1 3 2
957 79
1 13 2
656 900
1 2 2
642 758
1 14 2
735 917
1 15 2
990 389
1 15 2
47 383
1 8 2
362 58
1 14 2
10 221
1 12 2
701 595
1 3 2
661 368
1 11 2
125 669
1 12 2
71 584
1 15 2
385 414
1 12 2
466 585
1 14 2
341 255
1 8 2
159 962
1 11 2
614 905
1 12 2
510 96
1 3 2
32 771
1 5 2
502 9
1 9 2
109 31
1 15 2
764 915
1 4 2
720 797
1 7 2
349 255
1 14 2
995 653
1 11 2
314 841
1 11 2
625 504
1 5 2
650 19
1 11 2
416 64
1 2 2
528 707
1 11 2
484 657
1 2 2
558 329
1 6 2
218 220
1 4 2
841 133
1 9 2
481 352
1 13 2
906 264
1 9 2
491 665
1 3 2
901 8
1 15 2
696 850
1 15 2
276 382
1 3 2
353 929
1 15 2
948 322
1 5 2
211 112
1 5 2
200 649
1 6 2
905 978
1 15 2
766 909
1 9 2
413 683
1 12 2
845 885
1 12 2
429 407
1 11 2
770 606
1 15 2
141 806
1 11 2
613 166
1 5 2
378 666
1 11 2
616 925
1 11 2
481 728
1 4 2
995 474
1 10 2
890 289
1 8 2
369 349
1 4 2
404 417
1 13 2
464 711
1 8 2
247 353
1 2 2
389 961
1 7 2
211 722
1 12 2
611 214
1 7 2
40 311
1 3 2
922 896
1 15 2
8 571
1 6 2
739 820
1 13 2
431 281
1 4 2
812 579
1 15 2
773 736
1 11 2
12 655
1 15 2
542 564
1 10 2
420 743
1 14 2
854 927
1 13 2
366 823
1 5 2
560 147
1 9 2
986 909
1 10 2
514 789
1 10 2
623 175
1 5 2
919 562
1 14 2
426 512
1 7 2
821 933
1 14 2
636 329
1 6 2
494 704
1 9 2
663 79
1 12 2
250 158
1 2 2
509 867
1 4 2
581 126
1 3 2
244 745
1 6 2
228 83
1 3 2
572 477
1 15 2
358 269
1 6 2
507 775
1 3 2
553 469
1 8 2
68 401
1 3 2
295 212
1 15 2
976 839
1 11 2
532 67
1 7 2
357 428
1 9 2
477 640
1 10 2
976 500
1 3 2
432 988
1 9 2
2 167
1 2 2
919 129
1 15 2
317 249
1 4 2
231 383
1 7 2
793 781
1 12 2
842 169
1 9 2
675 246
1 2 2
380 38
1 15 2
135 57
1 4 2
402 653
1 14 2
753 286
1 10 2
73 144
1 15 2
918 265
1 9 2
658 671
1 7 2
426 0
1 15 2
70 609
1 11 2
517 864
1 11 2
521 107
1 13 2
623 4
1 5 2
145 296
1 12 2
858 260
1 11 2
554 491
1 6 2
942 435
1 7 2
572 8
1 4 2
975 758
1 12 2
204 130
1 8 2
947 166
1 10 2
484 233
1 10 2
630 986
1 6 2
553 489
1 13 2
929 446
1 2 2
634 668
1 4 2
821 901
1 4 2
364 901
1 14 2
92 752
1 3 2
693 333
1 2 2
45 892
1 14 2
283 303
1 6 2
970 987
1 10 2
87 938
1 3 2
853 915
1 11 2
19 723
1 15 2
768 720
1 8 2
448 268
1 6 2
756 734
1 9 2
486 725
1 12 2
685 14
1 10 2
191 710
1 9 2
336 585
1 9 2
932 275
1 6 2
734 873
1 13 2
147 973
1 4 2
876 46
1 3 2
909 188
1 4 2
426 248
1 8 2
743 732
1 2 2
722 446
1 15 2
233 245
1 14 2
240 780
1 13 2
452 18
1 11 2
533 583
1 3 2
703 44
1 4 2
551 844
1 12 2
257 467
1 14 2
422 543
1 3 2
389 81
1 11 2
658 50
1 2 2
334 247
1 10 2
599 484
1 6 2
793 945
1 8 2
498 796
1 5 2
239 35
1 9 2
255 434
1 10 2
640 22
1 7 2
345 636
1 12 2
48 923
1 7 2
639 404
1 9 2
128 147
1 12 2
793 913
1 14 2
528 376
1 8 2
386 450
1 7 2
586 370
1 4 2
127 380
1 11 2
232 344
1 7 2
148 330
1 14 2
817 136
1 10 2
235 146
1 4 2
148 833
1 8 2
913 600
1 8 2
202 180
1 11 2
290 397
1 15 2
942 675
1 2 2
547 110
1 5 2
908 979
1 15 2
568 187
1 7 2
162 944
1 14 2
673 111
1 3 2
801 422
1 14 2
665 332
1 10 2
8 903
1 5 2
804 115
1 6 2
279 156
1 8 2
286 750
1 6 2
670 412
1 12 2
205 159
1 2 2
528 923
1 6 2
170 340
1 15 2
752 49
1 9 2
171 406
1 15 2
343 813
1 15 2
492 21
1 14 2
608 412
1 8 2
610 81
1 9 2
596 101
1 8 2
346 849
1 12 2
453 357
1 2 2
927 166
1 9 2
510 976
1 9 2
603 927
1 12 2
777 14
1 6 2
513 213
1 10 2
380 947
1 10 2
221 733
1 9 2
754 934
1 15 2
111 770
1 14 2
331 300
1 12 2
286 920
1 3 2
620 291
1 10 2
448 523
1 13 2
46 819
1 7 2
966 736
1 12 2
338 156
1 5 2
255 106
1 2 2
168 532
1 3 2
863 180
1 14 2
377 787
1 15 2
908 839
1 12 2
833 905
1 10 2
690 270
1 5 2
359 942
1 5 2
691 763
1 11 2
539 861
1 13 2
664 510
1 10 2
945 534
1 10 2
141 950
1 7 2
351 928
1 8 2
1 399
1 4 2
369 572
1 15 2
155 242
1 6 2
606 354
1 12 2
851 934
1 7 2
501 575
1 7 2
27 653
1 13 2
17 64
1 4 2
587 974
1 13 2
522 948
1 5 2
604 736
1 15 2
148 510
1 5 2
7 143
1 6 2
278 36
1 12 2
729 92
1 8 2
909 806
1 12 2
36 357
1 13 2
54 608
1 12 2
328 231
1 15 2
138 102
1 10 2
701 212
1 13 2
910 481
1 3 2
424 55
1 7 2
362 571
1 6 2
205 248
1 4 2
30 945
1 4 2
834 555
1 14 2
251 324
1 9 2
608 686
1 15 2
425 72
1 5 2
220 590
1 12 2
327 282
1 7 2
43 964
1 2 2
276 267
1 10 2
537 957
1 10 2
365 820
1 10 2
827 349
1 14 2
839 232
1 13 2
168 179
1 11 2
157 80
1 6 2
44 678
1 2 2
522 51
1 4 2
251 699
1 12 2
865 498
1 4 2
696 344
1 13 2
889 173
1 13 2
558 459
1 7 2
819 520
1 11 2
171 287
1 2 2
929 751
1 14 2
247 825
1 6 2
583 37
1 9 2
379 66
1 6 2
823 321
1 13 2
797 926
1 14 2
666 517
1 8 2
650 583
1 15 2
126 118
1 13 2
456 744
1 6 2
389 638
1 12 2
561 52
1 8 2
52 266
1 8 2
760 749
1 7 2
138 643
1 6 2
320 652
1 12 2
912 62
1 7 2
895 908
1 11 2
87 591
1 3 2
113 421
1 11 2
674 155
1 9 2
8 539
1 2 2
431 921
1 8 2
218 390
1 2 2
282 449
1 14 2
138 198
1 2 2
956 331
1 8 2
520 683
1 2 2
197 487
1 11 2
549 184
1 2 2
991 254
1 15 2
599 824
1 4 2
46 197
1 10 2
417 968
1 15 2
809 617
1 13 2
345 893
1 3 2
345 12
1 13 2
95 77
1 13 2
840 24
1 5 2
422 831
1 15 2
877 182
1 5 2
442 358
1 14 2
296 851
1 7 2
47 36
1 7 2
926 590
1 7 2
819 149
1 14 2
407 64
1 9 2
172 446
1 8 2
606 343
1 7 2
841 628
1 14 2
19 502
1 9 2
27 905
1 13 2
26 850
1 6 2
273 205
1 4 2
449 380
1 6 2
117 785
1 9 2
799 906
1 2 2
742 67
1 9 2
254 260
1 2 2
512 295
1 13 2
22 181
1 15 2
261 143
1 15 2
230 684
1 2 2
417 446
1 8 2
437 21
1 13 2
461 937
1 14 2
997 12
1 9 2
867 546
1 11 2
707 212
1 5 2
159 873
1 7 2
454 99
1 7 2
801 489
1 13 2
54 146
1 11 2
178 126
1 6 2
852 109
1 9 2
575 806
1 5 2
478 235
1 14 2
253 719
1 12 2
221 774
1 4 2
318 386
1 6 2
469 34
1 6 2
793 340
1 3 2
271 475
1 11 2
425 995
1 15 2
688 298
1 6 2
366 454
1 2 2
241 359
1 4 2
916 373
1 3 2
18 967
1 5 2
316 303
1 3 2
463 32
1 5 2
968 829
1 6 2
0 469
1 11 2
33 655
1 11 2
344 553
1 12 2
3 32
1 10 2
479 899
1 4 2
339 463
1 8 2
377 904
1 14 2
867 385
1 14 2
709 191
1 10 2
761 644
1 8 2
557 229
1 12 2
276 800
1 12 2
187 685
1 9 2
537 756
1 14 2
188 416
1 5 2
452 416
1 10 2
199 69
1 2 2
110 691
1 8 2
88 188
1 4 2
637 513
1 10 2
19 873
1 11 2
443 83
1 12 2
34 58
1 4 2
366 230
1 13 2
594 276
1 12 2
808 913
1 10 2
875 221
1 9 2
175 924
1 4 2
61 545
1 2 2
795 125
1 13 2
6 703
1 11 2
425 337
1 12 2
517 736
1 14 2
450 320
1 4 2
714 858
1 12 2
890 855
1 6 2
653 6
1 8 2
963 244
1 9 2
234 174
1 9 2
168 530
1 8 2
783 953
1 9 2
286 909
1 3 2
772 100
1 12 2
168 797
1 4 2
311 493
1 12 2
764 762
1 2 2
808 485
1 2 2
241 413
1 9 2
370 16
1 4 2
147 160
1 9 2
522 174
1 9 2
412 921
1 6 2
575 937
1 11 2
474 752
1 15 2
993 978
1 4 2
793 474
1 10 2
320 514
1 9 2
727 233
1 8 2
960 679
1 9 2
753 62
1 12 2
177 988
1 4 2
306 34
1 7 2
657 534
1 14 2
263 67
1 12 2
142 333
1 13 2
257 196
1 9 2
71 632
1 9 2
276 948
1 13 2
648 148
1 2 2
996 897
1 7 2
706 1
1 8 2
20 476
1 8 2
268 736
1 12 2
723 964
1 3 2
566 583
1 10 2
819 642
1 13 2
819 166
1 5 2
256 540
1 13 2
527 68
1 15 2
494 95
1 15 2
262 733
1 5 2
984 624
1 5 2
811 201
1 5 2
716 682
1 10 2
572 4
1 12 2
761 121
1 7 2
863 104
1 15 2
929 990
1 9 2
51 178
1 5 2
586 816
1 10 2
983 49
1 10 2
516 151
1 5 2
568 543
1 7 2
404 872
1 12 2
952 779
1 10 2
276 549
1 13 2
798 724
1 12 2
756 513
1 4 2
971 692
1 15 2
141 641
1 15 2
878 214
1 2 2
337 21
1 12 2
279 890
1 11 2
120 915
1 6 2
10 13
1 11 2
473 759
1 3 2
179 276
1 7 2
697 12
1 6 2
573 603
1 4 2
895 315
1 6 2
698 872
1 5 2
197 922
1 11 2
32 415
1 15 2
920 855
1 2 2
449 887
1 7 2
63 359
1 13 2
466 194
1 15 2
448 496
1 10 2
613 673
1 14 2
964 494
1 4 2
136 78
1 13 2
259 914
1 6 2
6 446
1 7 2
694 142
1 7 2
986 224
1 13 2
579 399
1 7 2
421 395
1 6 2
911 457
1 11 2
195 733
1 2 2
490 895
1 3 2
577 699
1 6 2
826 30
1 6 2
98 667
1 13 2
335 219
1 4 2
493 687
1 7 2
546 652
1 4 2
915 453
1 7 2
329 900
1 11 2
950 936
1 11 2
528 307
1 7 2
116 206
1 5 2
308 594
1 10 2
861 821
1 6 2
483 128
1 6 2
956 59
1 9 2
944 364
1 2 2
791 197
1 15 2
594 620
1 12 2
569 477
1 5 2
536 416
1 4 2
723 454
1 5 2
662 141
1 2 2
996 485
1 14 2
423 749
1 3 2
852 280
1 15 2
247 450
1 13 2
900 742
1 10 2
407 241
1 6 2
279 658
1 6 2
547 368
1 13 2
877 456
1 7 2
475 692
1 2 2
12 357
1 3 2
336 803
1 6 2
302 722
1 13 2
407 66
1 8 2
172 835
1 3 2
270 117
1 13 2
816 648
1 12 2
156 639
1 5 2
472 89
1 13 2
38 7
1 11 2
5 560
1 6 2
274 710
1 7 2
720 24
1 12 2
547 59
1 9 2
34 981
1 7 2
641 803
1 4 2
18 749
1 8 2
114 617
1 11 2
395 16
1 3 2
576 803
1 10 2
417 702
1 6 2
546 767
1 7 2
276 75
1 13 2
865 5
1 15 2
414 661
1 2 2
964 989
1 3 2
464 467
1 14 2
937 47
1 3 2
907 38
1 12 2
850 247
1 5 2
242 131
1 6 2
72 818
1 5 2
970 443
1 13 2
739 321
1 15 2
828 235
1 12 2
681 834
1 11 2
66 781
1 4 2
799 558
1 13 2
48 32
1 11 2
520 34
1 9 2
529 496
1 2 2
587 28
1 4 2
661 163
1 9 2
775 305
1 9 2
918 921
1 5 2
206 186
1 12 2
750 397
1 9 2
401 379
1 10 2
384 951
1 13 2
865 694
1 14 2
237 61
1 4 2
709 887
1 4 2
210 773
1 9 2
837 532
1 9 2
475 458
1 14 2
112 255
1 10 2
280 104
1 9 2
493 75
1 15 2
516 396
1 8 2
951 231
1 6 2
120 984
1 13 2
775 841
1 6 2
885 207
1 11 2
321 516
1 11 2
233 965
1 12 2
777 953
1 7 2
810 59
1 15 2
7 539
1 4 2
633 139
1 14 2
137 766
1 2 2
510 566
1 7 2
826 181
1 11 2
349 777
1 10 2
833 432
1 9 2
741 232
1 5 2
807 831
1 4 2
273 359
1 4 2
627 355
1 8 2
141 446
1 4 2
739 747
1 8 2
265 733
1 15 2
242 384
1 12 2
771 988
1 4 2
190 393
1 12 2
561 860
1 5 2
321 51
1 10 2
55 915
1 10 2
416 949
1 3 2
531 226
1 11 2
374 398
1 14 2
539 857
1 15 2
860 555
1 2 2
858 534
1 10 2
169 157
1 14 2
500 251
1 9 2
685 184
1 4 2
183 551
1 11 2
502 472
1 3 2
926 315
1 10 2
902 894
1 12 2
761 505
1 7 2
678 967
1 8 2
90 265
1 3 2
602 232
1 14 2
467 43
1 8 2
78 327
1 6 2
84 525
1 5 2
954 734
1 12 2
330 91
1 11 2
296 602
1 13 2
781 989
1 8 2
178 615
1 14 2
381 821
1 2 2
854 593
1 2 2
668 469
1 5 2
453 177
1 11 2
407 527
1 9 2
334 767
1 10 2
603 981
1 4 2
797 346
1 6 2
4 6
1 10 2
222 890
1 4 2
561 50
1 14 2
496 658
1 12 2
773 22
1 15 2
367 100
1 8 2
807 416
1 10 2
551 834
1 3 2
965 417
1 7 2
941 995
1 5 2
424 657
1 5 2
764 672
1 6 2
806 348
1 11 2
197 581
1 14 2
311 742
1 4 2
153 330
1 7 2
441 262
1 5 2
380 355
1 8 2
936 859
1 6 2
695 606
1 12 2
377 409
1 3 2
168 612
1 5 2
82 798
1 3 2
249 241
1 3 2
250 27
1 15 2
347 320
1 9 2
127 703
1 2 2
233 630
1 13 2
662 244
1 10 2
335 356
1 5 2
175 80
1 8 2
855 249
1 7 2
168 56
1 2 2
857 240
1 12 2
370 657
1 10 2
295 681
1 13 2
815 242
1 14 2
984 508
1 8 2
332 591
1 7 2
21 227
1 4 2
514 589
1 12 2
436 531
1 3 2
444 643
1 5 2
596 14
1 6 2
346 158
1 6 2
353 456
1 2 2
982 591
1 14 2
406 103
1 7 2
316 104
1 12 2
982 158
1 8 2
318 512
1 12 2
81 250
1 8 2
468 507
1 13 2
100 854
1 8 2
968 430
1 6 2
325 492
1 8 2
298 574
1 4 2
444 835
1 13 2
771 873
1 12 2
781 502
1 15 2
433 106
1 8 2
934 767
1 6 2
215 184
1 2 2
472 305
1 5 2
919 249
1 11 2
167 918
1 8 2
890 942
1 15 2
472 504
1 4 2
84 614
1 6 2
207 155
1 12 2
17 873
1 4 2
577 673
1 7 2
142 758
1 11 2
839 179
1 9 2
351 861
1 11 2
715 956
1 8 2
999 630
1 7 2
438 620
1 10 2
25 678
1 2 2
867 732
1 4 2
251 586
1 8 2
782 97
1 8 2
499 93
1 2 2
774 264
1 5 2
468 900
1 11 2
444 690
1 13 2
361 744
1 14 2
851 416
1 2 2
347 91
1 12 2
449 612
1 4 2
152 331
1 11 2
390 770
1 14 2
804 604
1 8 2
834 191
1 12 2
760 661
1 8 2
77 450
1 4 2
629 211
1 9 2
753 516
1 11 2
476 716
1 3 2
871 745
1 6 2
650 151
1 14 2
465 74
1 11 2
322 481
1 14 2
773 141
1 9 2
406 511
1 2 2
390 478
1 8 2
553 167
1 14 2
929 779
1 3 2
172 609
1 3 2
71 943
1 9 2
121 908
1 3 2
766 542
1 4 2
504 976
1 8 2
877 953
1 8 2
549 547
1 8 2
446 403
1 2 2
173 994
1 13 2
939 778
1 6 2
404 662
1 11 2
786 634
1 11 2
386 303
1 2 2
600 569
1 14 2
170 210
1 14 2
123 945
1 9 2
12 875
1 12 2
137 279
1 7 2
766 110
1 3 2
150 99
1 8 2
998 227
1 7 2
147 760
1 10 2
717 251
1 13 2
142 458
1 15 2
66 159
1 5 2
762 226
1 8 2
239 531
1 8 2
309 470
1 12 2
926 809
1 11 2
994 222
1 6 2
496 716
1 7 2
687 827
1 8 2
39 320
1 14 2
388 393
1 12 2
119 912
1 13 2
557 497
1 8 2
956 569
1 7 2
220 699
1 2 2
183 665
1 11 2
499 246
1 12 2
280 956
1 2 2
330 372
1 8 2
54 227
1 13 2
128 219
1 6 2
25 95
1 15 2
602 540
1 13 2
365 945
1 12 2
895 201
1 2 2
267 186
1 10 2
352 991
1 13 2
841 795
1 3 2
303 275
1 5 2
804 315
1 5 2
841 201
1 4 2
763 487
1 8 2
35 765
1 10 2
288 846
1 4 2
502 184
1 13 2
36 382
1 14 2
336 38
1 9 2
586 161
1 15 2
145 850
1 12 2
237 503
1 8 2
380 476
1 15 2
238 176
1 6 2
201 848
1 9 2
393 973
1 10 2
240 585
1 2 2
180 114
1 10 2
208 644
1 8 2
715 332
1 5 2
313 973
1 5 2
717 666
1 9 2
378 357
1 10 2
342 923
1 11 2
621 717
1 8 2
684 271
1 7 2
738 102
1 2 2
134 313
1 10 2
38 824
1 3 2
238 686
1 13 2
38 527
1 4 2
32 51
1 2 2
632 257
1 5 2
501 382
1 14 2
860 31
1 15 2
408 324
1 11 2
38 330
1 2 2
917 123
1 11 2
788 600
1 2 2
891 198
1 14 2
726 526
1 8 2
912 367
1 3 2
363 400
1 4 2
622 351
1 11 2
892 222
1 14 2
511 36
1 9 2
214 971
1 8 2
396 180
1 14 2
26 208
1 12 2
927 854
1 15 2
557 888
1 10 2
496 9
1 15 2
234 48
1 15 2
8 820
1 10 2
632 322
1 8 2
551 59
1 12 2
834 921
1 15 2
798 320
1 4 2
615 680
1 11 2
127 982
1 3 2
528 51
1 5 2
214 739
1 10 2
476 18
1 15 2
868 336
1 12 2
965 156
1 3 2
282 742
1 10 2
752 393
1 9 2
278 541
1 9 2
888 424
1 14 2
454 757
1 2 2
354 938
1 5 2
233 19
1 12 2
48 595
1 10 2
774 219
1 5 2
123 956
1 13 2
344 529
1 12 2
375 155
1 2 2
828 416
1 11 2
257 303
1 12 2
235 569
1 2 2
523 808
1 2 2
822 734
1 2 2
63 10
1 11 2
844 587
1 4 2
992 460
1 6 2
767 372
1 7 2
902 816
1 15 2
337 188
1 12 2
105 455
1 11 2
208 215
1 13 2
614 386
1 2 2
505 941
1 8 2
89 155
1 15 2
47 392
1 13 2
463 86
1 12 2
966 59
1 11 2
104 133
1 13 2
861 538
1 8 2
27 92
1 5 2
315 807
1 6 2
409 683
1 5 2
679 841
1 6 2
555 89
1 8 2
972 17
1 3 2
187 151
1 10 2
61 245
1 13 2
86 681
1 3 2
447 880
1 4 2
416 130
1 12 2
185 39
1 6 2
664 783
1 12 2
796 787
1 15 2
962 905
1 5 2
534 671
1 3 2
99 491
1 2 2
21 601
1 10 2
446 303
1 14 2
813 773
1 11 2
618 103
1 3 2
935 971
1 15 2
74 840
1 10 2
567 798
1 14 2
133 765
1 11 2
510 271
1 8 2
364 606
1 10 2
357 336
1 10 2
578 575
1 11 2
872 256
1 6 2
803 606
1 8 2
664 200
1 9 2
363 416
1 6 2
631 274
1 8 2
513 367
1 15 2
925 121
1 10 2
340 285
1 4 2
556 549
1 10 2
992 923
1 5 2
724 794
1 15 2
331 769
1 3 2
207 843
1 2 2
189 347
1 15 2
553 789
1 15 2
406 557
1 2 2
491 504
1 14 2
423 992
1 2 2
167 963
1 5 2
464 704
1 9 2
560 666
1 11 2
158 685
1 8 2
786 266
1 10 2
776 206
1 6 2
58 248
1 3 2
326 98
1 12 2
393 168
1 8 2
188 467
1 13 2
116 328
1 4 2
419 717
1 7 2
882 607
1 15 2
679 237
1 7 2
891 400
1 11 2
178 520
1 13 2
289 869
1 15 2
405 334
1 7 2
47 398
1 10 2
534 641
1 9 2
625 954
1 3 2
173 901
1 4 2
44 466
1 9 2
109 140
1 14 2
745 411
1 12 2
909 593
1 10 2
165 25
1 4 2
870 536
1 11 2
82 529
1 10 2
108 995
1 7 2
599 918
1 6 2
30 424
1 2 2
805 986
1 5 2
144 325
1 15 2
632 48
1 4 2
13 480
1 10 2
814 592
1 15 2
530 859
1 10 2
864 135
1 6 2
360 996
1 6 2
810 166
1 9 2
910 897
1 10 2
804 922
1 5 2
731 955
1 5 2
901 79
1 4 2
814 475
1 11 2
784 536
1 9 2
925 842
1 7 2
495 809
1 7 2
720 22
1 8 2
449 798
1 7 2
414 105
1 14 2
441 970
1 10 2
502 180
1 15 2
1 386
1 4 2
526 127
1 11 2
110 280
1 11 2
822 66
1 8 2
241 400
1 9 2
123 623
1 4 2
118 833
1 14 2
859 605
1 7 2
53 588
1 15 2
99 383
1 5 2
464 825
1 7 2
951 94
1 3 2
482 115
1 6 2
512 64
1 8 2
637 484
1 12 2
29 709
1 3 2
890 201
1 7 2
980 52
1 10 2
335 55
1 14 2
807 727
1 2 2
367 238
1 2 2
572 304
1 14 2
655 232
1 10 2
371 901
1 10 2
480 323
1 9 2
898 824
1 15 2
958 817
1 5 2
678 409
1 14 2
816 984
1 5 2
853 952
1 10 2
292 867
1 3 2
332 748
1 5 2
338 28
1 15 2
717 572
1 5 2
216 77
1 14 2
390 363
1 3 2
653 190
1 13 2
447 520
1 9 2
462 494
1 11 2
450 239
1 15 2
788 781
1 7 2
202 659
1 3 2
594 208
1 2 2
976 638
1 12 2
241 739
1 2 2
345 334
1 12 2
639 15
1 9 2
296 13
1 14 2
40 267
1 2 2
420 378
1 3 2
768 473
1 11 2
207 106
1 15 2
950 903
1 9 2
570 323
1 13 2
780 125
1 5 2
428 894
1 13 2
243 990
1 10 2
951 530
1 10 2
134 215
1 12 2
713 315
1 2 2
779 1
1 10 2
584 921
1 13 2
945 19
1 11 2
364 71
1 4 2
773 341
1 9 2
607 204
1 7 2
8 966
1 11 2
667 354
1 5 2
605 780
1 15 2
744 647
1 5 2
703 239
1 11 2
997 620
1 5 2
752 727
1 15 2
593 254
1 13 2
516 677
1 8 2
252 119
1 9 2
748 353
1 9 2
723 529
1 4 2
826 563
1 6 2
433 615
1 8 2
65 886
1 13 2
570 724
1 14 2
287 376
1 3 2
568 278
1 2 2
314 890
1 12 2
636 320
1 14 2
521 29
1 14 2
593 875
1 2 2
927 219
1 13 2
129 306
1 5 2
967 248
1 7 2
106 880
1 8 2
2 688
1 9 2
211 500
1 15 2
321 319
1 6 2
582 849
1 7 2
399 251
1 2 2
961 513
1 6 2
196 123
1 4 2
557 988
1 13 2
269 974
1 4 2
157 938
1 9 2
987 500
1 2 2
719 104
1 15 2
518 752
1 5 2
39 539
1 5 2
116 49
1 6 2
77 397
1 9 2
544 590
1 2 2
700 898
1 14 2
438 879
1 4 2
39 601
1 7 2
29 0
1 2 2
410 677
1 8 2
957 913
1 6 2
286 353
1 12 2
436 788
1 5 2
538 431
1 3 2
528 636
1 9 2
432 999
1 6 2
981 952
1 13 2
271 404
1 2 2
949 387
1 5 2
226 37
1 10 2
565 289
1 3 2
360 969
1 15 2
523 363
1 15 2
770 502
1 9 2
287 95
1 10 2
336 401
1 12 2
796 797
1 10 2
677 110
1 6 2
642 292
1 9 2
474 303
1 2 2
273 722
1 5 2
701 70
1 5 2
412 163
1 7 2
603 467
1 5 2
349 38
1 2 2
714 395
1 14 2
834 891
1 3 2
461 525
1 12 2
918 656
1 5 2
937 892
1 8 2
189 904
1 12 2
27 113
1 13 2
350 323
1 15 2
137 768
1 7 2
930 187
1 11 2
876 864
1 3 2
584 681
1 10 2
742 762
1 8 2
58 392
1 9 2
33 353
1 4 2
984 417
1 10 2
601 948
1 8 2
914 838
1 8 2
878 571
1 7 2
592 863
1 13 2
100 584
1 15 2
745 642
1 4 2
469 940
1 7 2
692 576
1 6 2
359 621
1 7 2
294 499
1 13 2
738 252
1 7 2
207 750
1 2 2
205 404
1 12 2
722 911
1 3 2
777 13
1 13 2
496 933
1 7 2
48 342
1 13 2
786 446
1 3 2
641 761
1 14 2
503 117
1 6 2
650 848
1 4 2
706 444
1 2 2
112 463
1 3 2
401 309
1 13 2
935 818
1 2 2
165 592
1 10 2
315 455
1 10 2
49 113
1 3 2
920 447
1 15 2
752 829
1 10 2
873 764
1 10 2
735 875
1 14 2
209 685
1 6 2
569 261
1 12 2
814 55
1 14 2
817 281
1 6 2
487 134
1 9 2
43 3
1 8 2
704 937
1 2 2
761 570
1 3 2
503 508
1 5 2
60 924
1 6 2
115 856
1 6 2
326 487
1 11 2
785 622
1 13 2
125 365
1 5 2
697 817
1 7 2
492 208
1 4 2
858 4
1 2 2
321 871
1 10 2
210 73
1 11 2
81 974
1 7 2
798 551
1 12 2
355 733
1 13 2
506 491
1 2 2
467 310
1 15 2
972 757
1 10 2
768 999
1 3 2
808 371
1 14 2
700 380
1 12 2
227 823
1 2 2
15 296
1 9 2
837 372
1 8 2
109 503
1 6 2
722 676
1 14 2
587 598
1 2 2
826 865
1 9 2
314 253
1 8 2
618 789
1 10 2
958 632
1 3 2
690 663
1 6 2
270 789
1 6 2
326 230
1 2 2
70 965
1 11 2
638 856
1 15 2
274 732
1 11 2
401 188
1 12 2
42 598
1 10 2
875 270
1 12 2
922 667
1 8 2
539 566
1 13 2
813 907
1 5 2
659 987
1 3 2
360 602
1 4 2
226 792
1 4 2
808 710
1 4 2
948 74
1 14 2
714 534
1 15 2
739 180
1 3 2
607 350
1 12 2
647 943
1 10 2
287 783
1 15 2
564 496
1 15 2
882 994
1 12 2
672 563
1 14 2
703 457
1 9 2
831 968
1 15 2
635 519
1 11 2
237 986
1 10 2
334 579
1 8 2
237 734
1 12 2
136 323
1 13 2
141 934
1 11 2
57 319
1 10 2
624 187
1 9 2
510 655
1 2 2
603 848
1 14 2
702 834
1 6 2
669 165
1 11 2
995 256
1 9 2
30 17
1 11 2
185 438
1 6 2
475 956
1 9 2
677 355
1 4 2
399 802
1 5 2
964 183
1 3 2
755 853
1 11 2
107 800
1 3 2
892 791
1 5 2
621 905
1 11 2
914 161
1 7 2
350 975
1 2 2
753 414
1 15 2
120 28
1 11 2
760 237
1 9 2
720 133
1 9 2
582 575
1 4 2
459 186
1 13 2
862 98
1 9 2
178 710
1 5 2
449 713
1 3 2
975 852
1 13 2
822 974
1 2 2
217 451
1 4 2
82 621
1 2 2
527 835
1 10 2
993 722
1 4 2
767 829
1 10 2
385 573
1 4 2
553 426
1 15 2
126 707
1 6 2
299 114
1 14 2
602 777
1 4 2
842 113
1 12 2
593 827
1 8 2
926 403
1 2 2
887 25
1 11 2
920 647
1 10 2
187 659
1 14 2
203 365
1 3 2
742 80
1 6 2
230 844
1 14 2
266 863
1 12 2
809 405
1 14 2
493 734
1 13 2
483 608
1 8 2
392 603
1 10 2
409 164
1 2 2
690 636
1 8 2
657 101
1 11 2
193 503
1 13 2
29 556
1 13 2
221 209
1 10 2
725 898
1 8 2
837 286
1 15 2
579 808
1 6 2
707 821
1 8 2
907 807
1 4 2
602 179
1 7 2
951 84
1 7 2
119 474
1 2 2
118 102
1 8 2
646 755
1 15 2
882 181
1 3 2
166 666
1 12 2
911 517
1 2 2
239 631
1 9 2
124 623
1 11 2
446 221
1 13 2
181 3
1 7 2
826 255
1 10 2
24 335
1 10 2
814 241
1 8 2
838 515
1 14 2
726 253
1 11 2
987 581
1 6 2
109 911
1 4 2
414 737
1 8 2
986 416
1 15 2
284 943
1 13 2
428 337
1 8 2
670 504
1 8 2
635 695
1 3 2
274 535
1 8 2
839 296
1 15 2
359 556
1 13 2
256 954
1 4 2
458 286
1 5 2
551 595
1 11 2
703 905
1 2 2
162 512
1 14 2
73 383
1 4 2
806 49
1 5 2
879 775
1 4 2
750 90
1 7 2
69 107
1 9 2
450 646
1 6 2
576 473
1 3 2
84 952
1 4 2
156 297
1 6 2
747 558
1 5 2
254 909
1 7 2
297 962
1 3 2
947 451
1 2 2
777 583
1 9 2
236 632
1 14 2
821 837
1 14 2
927 502
1 7 2
634 904
1 8 2
40 498
1 10 2
546 826
1 13 2
573 964
1 6 2
760 314
1 2 2
551 125
1 13 2
872 182
1 10 2
854 98
1 4 2
241 769
1 11 2
245 262
1 11 2
563 161
1 14 2
440 924
1 2 2
239 377
1 4 2
710 626
1 13 2
583 739
1 8 2
960 322
1 6 2
981 584
1 6 2
690 471
1 2 2
361 281
1 14 2
0 284
1 14 2
504 828
1 15 2
819 768
1 8 2
239 751
1 8 2
122 317
1 6 2
867 317
1 14 2
412 579
1 4 2
528 355
1 15 2
746 520
1 10 2
101 514
1 5 2
147 665
1 9 2
688 862
1 9 2
657 691
1 10 2
389 384
1 6 2
277 306
1 2 2
534 663
1 7 2
725 269
1 9 2
885 516
1 8 2
195 314
1 9 2
122 463
1 5 2
897 166
1 2 2
983 819
1 5 2
518 217
1 14 2
19 571
1 4 2
293 969
1 8 2
304 452
1 12 2
976 836
1 2 2
539 821
1 6 2
152 459
1 13 2
455 905
1 11 2
11 431
1 6 2
800 386
1 14 2
320 844
1 7 2
566 729
1 11 2
257 189
1 11 2
83 764
1 6 2
581 491
1 9 2
82 678
1 15 2
916 195
1 3 2
165 762
1 15 2
657 93
1 11 2
218 55
1 12 2
625 959
1 10 2
551 784
1 3 2
328 513
1 14 2
952 836
1 2 2
617 634
1 8 2
580 679
1 4 2
607 155
1 7 2
257 570
1 14 2
219 371
1 15 2
302 689
1 7 2
901 990
1 12 2
130 149
1 6 2
474 539
1 5 2
441 408
1 4 2
835 928
1 5 2
437 831
1 8 2
308 243
1 6 2
616 689
1 6 2
27 68
1 14 2
785 790
1 11 2
660 581
1 10 2
964 525
1 3 2
533 978
1 9 2
766 839
1 12 2
109 836
1 3 2
845 751
1 7 2
94 612
1 10 2
62 53
1 11 2
864 999
1 10 2
983 153
1 14 2
416 615
1 7 2
373 181
1 12 2
828 975
1 4 2
952 187
1 9 2
481 795
1 4 2
168 444
1 11 2
230 2
1 11 2
468 845
1 15 2
391 586
1 11 2
475 383
1 14 2
596 930
1 6 2
19 540
1 2 2
298 470
1 6 2
303 880
1 5 2
703 673
1 7 2
544 814
1 8 2
31 108
1 10 2
214 705
1 9 2
668 876
1 14 2
934 723
1 15 2
638 94
1 13 2
667 710
1 10 2
549 51
1 15 2
838 418
1 6 2
191 467
1 12 2
317 107
1 12 2
805 733
1 6 2
630 282
1 3 2
551 730
1 3 2
35 129
1 9 2
650 217
1 9 2
997 25
1 5 2
425 201
1 8 2
965 382
1 13 2
977 818
1 8 2
23 319
1 6 2
384 615
1 12 2
162 493
1 14 2
691 523
1 2 2
345 411
1 11 2
229 179
1 2 2
985 335
1 11 2
664 100
1 12 2
150 309
1 13 2
78 941
1 9 2
598 940
1 5 2
204 707
1 6 2
491 201
1 12 2
380 685
1 5 2
590 782
1 8 2
923 763
1 7 2
540 309
1 2 2
647 526
1 10 2
86 269
1 15 2
639 28
1 13 2
369 654
1 7 2
290 806
1 13 2
55 487
1 13 2
149 274
1 6 2
733 676
1 13 2
619 606
1 8 2
265 826
1 3 2
944 971
1 13 2
538 912
1 4 2
141 50
1 5 2
198 567
1 11 2
525 45
1 10 2
62 458
1 4 2
657 592
1 13 2
981 16
1 15 2
923 150
1 9 2
236 493
1 6 2
649 691
1 8 2
665 84
1 13 2
370 987
1 9 2
868 334
1 4 2
476 811
1 13 2
923 743
1 10 2
391 71
1 7 2
288 121
1 2 2
168 361
1 10 2
190 754
1 4 2
539 414
1 2 2
678 418
1 8 2
422 145
1 5 2
812 874
1 12 2
387 598
1 13 2
321 172
1 7 2
362 302
1 6 2
597 498
1 9 2
857 390
1 10 2
431 51
1 13 2
962 195
1 3 2
762 86
1 7 2
507 710
1 9 2
875 393
1 12 2
759 353
1 9 2
274 679
1 6 2
839 91
1 12 2
691 840
1 15 2
839 149
1 13 2
907 729
1 13 2
877 233
1 13 2
347 815
1 15 2
166 800
1 13 2
524 639
1 13 2
635 575
1 7 2
714 219
1 10 2
484 525
1 2 2
552 257
1 10 2
548 775
1 12 2
389 25
1 5 2
93 536
1 13 2
900 752
1 10 2
559 739
1 8 2
591 554
1 7 2
599 408
1 3 2
885 483
1 6 2
541 64
1 11 2
836 310
1 15 2
944 335
1 2 2
103 353
1 5 2
745 823
1 14 2
798 446
1 2 2
120 139
1 2 2
729 385
1 13 2
572 436
1 15 2
455 571
1 4 2
307 611
1 6 2
202 725
1 8 2
779 933
1 4 2
270 477
1 15 2
964 650
1 15 2
519 226
1 9 2
363 181
1 9 2
117 275
1 7 2
290 665
1 10 2
729 597
1 14 2
453 230
1 11 2
369 393
1 13 2
61 994
1 4 2
394 304
1 12 2
586 190
1 5 2
975 248
1 8 2
840 55
1 8 2
808 165
1 8 2
682 884
1 11 2
526 496
1 14 2
921 687
1 15 2
823 256
1 9 2
571 827
1 2 2
259 873
1 2 2
549 798
1 5 2
742 73
1 10 2
308 169
1 9 2
800 252
1 3 2
189 701
1 8 2
970 330
1 5 2
862 342
1 13 2
797 234
1 13 2
755 685
1 3 2
650 829
1 12 2
726 393
1 13 2
526 601
1 3 2
48 748
1 12 2
51 692
1 10 2
740 365
1 14 2
771 561
1 12 2
871 80
1 7 2
901 231
1 11 2
242 5
1 3 2
24 981
1 5 2
600 892
1 6 2
905 530
1 11 2
646 932
1 13 2
236 534
1 7 2
732 70
1 12 2
952 846
1 4 2
128 764
1 5 2
258 631
1 3 2
518 972
1 5 2
358 314
1 12 2
95 291
1 9 2
104 645
1 8 2
211 162
1 12 2
484 736
1 2 2
698 477
1 2 2
750 553
1 3 2
59 896
1 4 2
759 748
1 9 2
311 424
1 15 2
438 11
1 10 2
606 781
1 14 2
868 465
1 14 2
607 938
1 5 2
691 211
1 2 2
422 822
1 2 2
867 46
1 13 2
689 625
1 8 2
961 355
1 2 2
748 203
1 13 2
51 560
1 7 2
247 801
1 14 2
125 318
1 13 2
68 567
1 14 2
675 815
1 15 2
339 140
1 9 2
152 74
1 5 2
596 804
1 11 2
857 586
1 8 2
197 280
1 2 2
873 991
1 12 2
709 376
1 5 2
575 728
1 15 2
89 98
1 10 2
109 969
1 2 2
812 51
1 14 2
23 772
1 10 2
93 685
1 2 2
667 795
1 11 2
742 709
1 13 2
671 841
1 15 2
314 956
1 12 2
582 318
1 5 2
240 279
1 4 2
286 754
1 11 2
381 863
1 7 2
247 457
1 2 2
750 979
1 4 2
477 950
1 7 2
747 651
1 6 2
98 493
1 12 2
804 317
1 9 2
646 905
1 8 2
334 724
1 9 2
988 542
1 12 2
755 541
1 12 2
256 146
1 10 2
623 254
1 15 2
197 393
1 8 2
476 571
1 12 2
382 150
1 15 2
705 137
1 10 2
427 14
1 5 2
205 828
1 13 2
894 249
1 5 2
949 383
1 12 2
11 578
1 12 2
181 812
1 4 2
610 431
1 15 2
751 233
1 8 2
466 296
1 8 2
375 444
1 13 2
119 772
1 7 2
106 192
1 13 2
913 662
1 14 2
918 311
1 5 2
740 154
1 12 2
140 886
1 5 2
393 643
1 12 2
46 403
1 6 2
183 546
1 5 2
877 830
1 10 2
187 905
1 3 2
805 628
1 4 2
11 959
1 15 2
390 242
1 13 2
638 154
1 14 2
35 457
1 5 2
568 816
1 15 2
429 379
1 11 2
795 436
1 2 2
266 516
1 5 2
737 374
1 14 2
708 239
1 6 2
791 74
1 3 2
585 749
1 4 2
968 743
1 15 2
32 556
1 2 2
961 113
1 4 2
647 615
1 12 2
960 581
1 3 2
286 207
1 10 2
9 931
1 2 2
878 58
1 11 2
745 315
1 13 2
850 658
1 15 2
164 416
1 12 2
666 659
1 9 2
278 937
1 10 2
999 191
1 14 2
61 304
1 9 2
619 178
1 8 2
176 711
1 14 2
681 29
1 6 2
207 11
1 7 2
466 586
1 7 2
993 247
1 4 2
824 367
1 10 2
658 519
1 15 2
127 722
1 13 2
124 871
1 9 2
283 811
1 9 2
897 154
1 15 2
158 851
1 7 2
780 824
1 12 2
104 264
1 15 2
934 619
1 11 2
557 458
1 8 2
343 885
1 3 2
607 428
1 8 2
308 606
1 13 2
735 314
1 8 2
67 97
1 8 2
577 767
1 14 2
719 693
1 13 2
518 157
1 8 2
435 402
1 13 2
862 630
1 13 2
257 332
1 3 2
163 925
1 6 2
95 113
1 13 2
228 93
1 14 2
531 999
1 15 2
274 581
1 8 2
350 45
1 14 2
719 225
1 14 2
188 444
1 10 2
954 818
1 10 2
296 550
1 6 2
458 180
1 4 2
650 275
1 12 2
33 867
1 12 2
490 348
1 14 2
901 899
1 3 2
519 690
1 10 2
436 427
1 13 2
468 292
1 6 2
466 229
1 3 2
106 665
1 14 2
572 37
1 5 2
213 20
1 3 2
600 751
1 4 2
511 226
1 3 2
178 199
1 14 2
747 943
1 10 2
877 509
1 6 2
953 143
1 13 2
88 102
1 7 2
540 160
1 6 2
689 198
1 4 2
144 21
1 8 2
731 554
1 6 2
21 472
1 6 2
415 164
1 15 2
546 664
1 4 2
332 732
1 4 2
899 822
1 14 2
569 57
1 12 2
293 668
1 10 2
403 433
1 14 2
67 960
1 13 2
784 113
1 8 2
977 718
1 2 2
839 111
1 10 2
248 653
1 11 2
965 697
1 3 2
804 73
1 9 2
991 855
1 9 2
978 82
1 3 2
667 299
1 7 2
142 179
1 6 2
654 867
1 12 2
998 716
1 14 2
30 286
1 9 2
264 237
1 5 2
95 826
1 11 2
685 70
1 11 2
521 995
1 12 2
124 719
1 9 2
532 805
1 5 2
865 697
1 15 2
156 677
1 7 2
235 625
1 8 2
129 377
1 13 2
71 720
1 4 2
13 790
1 6 2
976 426
1 14 2
906 764
1 9 2
576 614
1 4 2
154 396
1 9 2
474 364
1 8 2
542 803
1 2 2
921 873
1 8 2
771 413
1 9 2
138 617
1 9 2
191 1
1 7 2
763 773
1 3 2
787 953
1 10 2
357 790
1 3 2
597 185
1 6 2
258 967
1 2 2
742 368
1 4 2
654 648
1 8 2
22 302
1 15 2
790 803
1 13 2
402 699
1 10 2
529 757
1 8 2
751 994
1 2 2
886 412
1 6 2
623 355
1 2 2
911 697
1 14 2
510 724
1 14 2
491 825
1 15 2
794 142
1 7 2
966 72
1 14 2
346 630
1 7 2
622 717
1 4 2
964 632
1 11 2
382 580
1 6 2
92 662
1 10 2
578 475
1 6 2
916 611
1 4 2
373 451
1 5 2
340 795
1 14 2
347 831
1 9 2
734 314
1 10 2
469 277
1 4 2
646 753
1 5 2
259 692
1 12 2
630 620
1 12 2
324 120
1 5 2
444 424
1 7 2
632 715
1 13 2
373 994
1 3 2
720 696
1 8 2
690 711
1 6 2
427 638
1 8 2
264 128
1 3 2
727 319
1 7 2
764 862
1 7 2
149 950
1 11 2
489 995
1 13 2
754 591
1 13 2
939 453
1 11 2
197 246
1 4 2
610 147
1 14 2
145 312
1 2 2
206 329
1 8 2
425 558
1 15 2
846 15
1 9 2
11 888
1 8 2
409 967
1 4 2
846 7
1 5 2
496 961
1 13 2
775 407
1 12 2
601 165
1 14 2
543 981
1 13 2
346 707
1 12 2
641 97
1 7 2
955 617
1 12 2
36 740
1 12 2
862 113
1 5 2
945 550
1 4 2
645 268
1 2 2
410 992
1 4 2
851 970
1 15 2
746 863
1 14 2
298 69
1 7 2
865 566
1 5 2
952 501
1 8 2
41 482
1 7 2
250 230
1 2 2
722 175
1 15 2
676 898
1 12 2
254 836
1 14 2
535 125
1 4 2
759 14
1 11 2
986 910
1 10 2
72 183
1 7 2
840 750
1 6 2
551 97
1 7 2
19 969
1 12 2
805 440
1 12 2
412 315
1 11 2
691 463
1 12 2
128 322
1 12 2
554 619
1 9 2
164 674
1 7 2
891 613
1 9 2
220 583
1 14 2
340 909
1 11 2
882 169
1 11 2
204 728
1 3 2
750 454
1 4 2
431 355
1 13 2
359 719
1 14 2
538 186
1 12 2
720 738
1 12 2
566 382
1 6 2
355 730
1 12 2
746 409
1 13 2
42 965
1 4 2
349 562
1 3 2
682 509
1 14 2
425 979
1 8 2
124 195
1 9 2
650 154
1 4 2
265 817
1 6 2
710 870
1 10 2
876 745
1 15 2
403 828
1 6 2
474 286
1 10 2
906 208
1 6 2
269 656
1 13 2
690 444
1 11 2
447 162
1 3 2
381 971
1 8 2
500 253
1 12 2
225 674
1 6 2
769 24
1 5 2
35 872
1 3 2
684 674
1 15 2
386 486
1 10 2
732 22
1 6 2
118 683
1 9 2
73 314
1 6 2
247 319
1 5 2
525 913
1 11 2
904 4
1 8 2
209 849
1 3 2
55 788
1 3 2
198 174
1 14 2
835 204
1 2 2
976 902
1 10 2
637 894
1 11 2
859 695
1 10 2
939 825
1 12 2
480 68
1 4 2
849 347
1 13 2
340 613
1 3 2
733 68
1 12 2
837 421
1 4 2
795 215
1 5 2
707 160
1 8 2
561 953
1 8 2
706 572
1 3 2
55 894
1 9 2
662 671
1 15 2
799 305
1 4 2
180 787
1 8 2
722 295
1 15 2
275 424
1 14 2
666 739
1 6 2
15 772
1 5 2
96 51
1 7 2
209 561
1 3 2
50 623
1 5 2
117 631
1 5 2
380 472
1 10 2
368 366
1 11 2
891 8
1 14 2
808 714
1 10 2
500 292
1 5 2
658 990
1 5 2
456 635
1 13 2
689 306
1 8 2
908 597
1 14 2
814 710
1 6 2
454 618
1 9 2
54 985
1 5 2
117 185
1 10 2
660 994
1 8 2
211 659
1 5 2
201 294
1 7 2
882 513
1 9 2
682 33
1 9 2
338 410
1 8 2
319 50
1 10 2
391 536
1 6 2
694 936
1 5 2
748 533
1 12 2
397 508
1 3 2
379 292
1 2 2
744 19
1 2 2
873 1
1 2 2
90 586
1 15 2
502 74
1 13 2
563 896
1 7 2
825 282
1 8 2
225 86
1 12 2
850 811
1 8 2
135 486
1 4 2
521 261
1 12 2
134 513
1 14 2
469 881
1 15 2
906 563
1 7 2
150 608
1 5 2
490 862
1 7 2
951 947
1 13 2
951 926
1 11 2
628 711
1 5 2
590 653
1 10 2
436 127
1 2 2
291 489
1 7 2
323 64
1 4 2
124 655
1 5 2
94 541
1 12 2
410 66
1 15 2
850 177
1 12 2
8 22
1 6 2
397 216
1 11 2
83 931
1 7 2
322 851
1 11 2
303 764
1 14 2
108 143
1 11 2
581 71
1 15 2
657 895
1 12 2
480 495
1 12 2
877 474
1 4 2
532 241
1 11 2
437 276
1 11 2
870 600
1 3 2
927 726
1 9 2
187 592
1 12 2
396 530
1 7 2
423 596
1 10 2
556 894
1 2 2
680 463
1 9 2
557 752
1 14 2
439 314
1 12 2
489 865
1 15 2
614 304
1 6 2
261 63
1 9 2
839 24
1 3 2
824 778
1 13 2
266 36
1 6 2
599 275
1 6 2
424 121
1 4 2
637 833
1 9 2
675 728
1 13 2
63 160
1 12 2
129 565
1 8 2
833 674
1 14 2
650 527
1 14 2
372 231
1 2 2
430 117
1 13 2
212 636
1 14 2
598 855
1 9 2
421 250
1 13 2
0 781
1 10 2
151 824
1 14 2
27 532
1 7 2
637 850
1 12 2
689 206
1 13 2
304 823
1 12 2
901 965
1 3 2
264 847
1 6 2
639 336
1 12 2
916 262
1 2 2
557 503
1 12 2
460 173
1 12 2
416 806
1 12 2
923 755
1 8 2
154 976
1 11 2
434 938
1 13 2
616 965
1 3 2
793 112
1 7 2
819 795
1 15 2
350 523
1 15 2
255 947
1 5 2
204 444
1 5 2
695 369
1 2 2
136 614
1 13 2
198 737
1 13 2
712 432
1 4 2
682 845
1 2 2
967 390
1 2 2
587 568
1 3 2
369 706
1 4 2
68 22
1 5 2
681 937
1 5 2
549 231
1 15 2
721 664
1 7 2
864 716
1 5 2
411 762
1 9 2
422 157
1 2 2
428 390
1 15 2
325 200
1 13 2
186 961
1 9 2
573 446
1 12 2
43 444
1 11 2
616 721
1 11 2
317 120
1 5 2
176 599
1 14 2
34 434
1 6 2
417 768
1 8 2
294 837
1 11 2
349 302
1 14 2
161 679
1 8 2
225 928
1 5 2
968 676
1 10 2
306 132
1 10 2
50 205
1 12 2
69 924
1 14 2
279 864
1 6 2
85 498
1 11 2
28 29
1 3 2
556 719
1 12 2
489 359
1 5 2
632 95
1 6 2
260 144
1 3 2
342 581
1 15 2
17 768
1 12 2
323 873
1 2 2
248 583
1 2 2
697 881
1 5 2
11 419
1 4 2
712 536
1 13 2
554 312
1 2 2
26 287
1 13 2
864 410
1 11 2
483 200
1 14 2
902 647
1 2 2
355 514
1 15 2
126 52
1 15 2
484 398
1 14 2
10 431
1 14 2
946 717
1 9 2
41 167
1 5 2
118 783
1 3 2
824 148
1 5 2
168 812
1 10 2
130 675
1 12 2
688 913
1 2 2
897 137
1 13 2
833 174
1 12 2
967 310
1 8 2
962 92
1 2 2
180 786
1 10 2
22 85
1 10 2
799 781
1 4 2
921 264
1 2 2
459 228
1 8 2
303 784
1 15 2
622 961
1 10 2
141 762
1 13 2
401 470
1 2 2
925 754
1 5 2
241 853
1 7 2
858 743
1 4 2
415 160
1 14 2
116 324
1 4 2
886 538
1 9 2
596 967
1 12 2
803 555
1 14 2
308 272
1 13 2
820 303
1 15 2
746 429
1 2 2
499 66
1 14 2
586 866
1 8 2
544 826
1 5 2
448 73
1 6 2
576 61
1 4 2
633 336
1 8 2
957 127
1 11 2
730 465
1 13 2
408 966
1 3 2
671 3
1 15 2
861 1
1 6 2
558 598
1 14 2
815 950
1 13 2
727 275
1 4 2
434 211
1 12 2
809 699
1 15 2
379 604
1 5 2
329 720
1 11 2
179 137
1 10 2
192 27
1 11 2
735 780
1 6 2
273 153
1 13 2
415 208
1 12 2
713 417
1 4 2
767 172
1 4 2
242 671
1 4 2
934 715
1 14 2
954 698
1 15 2
130 267
1 13 2
97 60
1 7 2
401 900
1 5 2
880 897
1 8 2
838 254
1 4 2
424 785
1 5 2
829 337
1 14 2
854 347
1 4 2
867 634
1 5 2
872 165
1 3 2
954 931
1 2 2
780 663
1 4 2
232 352
1 11 2
794 642
1 3 2
486 227
1 5 2
139 202
1 12 2
921 196
1 15 2
662 925
1 5 2
306 510
1 10 2
641 516
1 4 2
293 400
1 11 2
627 995
1 15 2
559 752
1 2 2
915 74
1 11 2
563 220
1 14 2
322 466
1 5 2
133 865
1 6 2
230 133
1 15 2
937 697
1 2 2
429 710
1 5 2
723 81
1 8 2
689 717
1 8 2
189 386
1 8 2
51 463
1 5 2
712 528
1 14 2
978 132
1 3 2
472 924
1 4 2
274 440
1 9 2
917 508
1 13 2
782 179
1 11 2
173 164
1 8 2
747 846
1 5 2
954 276
1 3 2
890 619
1 10 2
802 470
1 13 2
934 286
1 2 2
627 921
1 6 2
519 161
1 3 2
362 188
1 5 2
504 312
1 14 2
871 494
1 7 2
684 913
1 7 2
409 387
1 2 2
333 364
1 4 2
807 227
1 6 2
119 348
1 14 2
795 382
1 4 2
273 935
1 9 2
80 916
1 15 2
507 877
1 4 2
517 956
1 5 2
209 171
1 7 2
100 941
1 12 2
852 944
1 14 2
533 479
1 9 2
535 764
1 9 2
131 989
1 4 2
649 861
1 12 2
157 382
1 2 2
732 783
1 4 2
696 191
1 12 2
196 507
1 5 2
913 257
1 14 2
279 335
1 15 2
429 438
1 4 2
425 329
1 7 2
714 809
1 11 2
350 701
1 11 2
977 5
1 11 2
719 510
1 9 2
1 660
1 2 2
876 441
1 9 2
64 759
1 8 2
536 378
1 12 2
471 626
1 9 2
818 458
1 4 2
576 97
1 4 2
144 535
1 2 2
427 951
1 12 2
340 381
1 3 2
950 9
1 12 2
233 132
1 8 2
820 400
1 7 2
272 338
1 14 2
610 314
1 5 2
623 652
1 11 2
130 272
1 9 2
264 642
1 2 2
318 497
1 4 2
150 279
1 12 2
808 906
1 15 2
765 605
1 2 2
381 317
1 11 2
175 535
1 4 2
245 703
1 6 2
866 366
1 11 2
176 877
1 13 2
153 881
1 7 2
662 381
1 15 2
958 71
1 7 2
617 91
1 10 2
376 231
1 7 2
441 875
1 14 2
900 74
1 13 2
295 688
1 13 2
534 462
1 11 2
394 777
1 8 2
762 320
1 14 2
386 375
1 14 2
131 246
1 3 2
8 986
1 3 2
111 367
1 8 2
283 639
1 8 2
489 506
1 2 2
619 80
1 7 2
197 597
1 8 2
861 429
1 10 2
441 974
1 11 2
475 377
1 2 2
357 119
1 14 2
794 76
1 7 2
607 538
1 6 2
898 6
1 13 2
882 816
1 2 2
515 479
1 10 2
39 776
1 14 2
642 510
1 10 2
668 805
1 11 2
970 220
1 2 2
421 324
1 5 2
160 642
1 15 2
955 169
1 4 2
761 301
1 13 2
899 281
1 12 2
506 667
1 15 2
821 265
1 3 2
635 811
1 6 2
151 300
1 10 2
571 231
1 11 2
711 947
1 13 2
527 900
1 6 2
24 575
1 2 2
994 469
1 9 2
399 780
1 6 2
81 445
1 6 2
100 148
1 15 2
912 304
1 8 2
671 60
1 2 2
549 822
1 15 2
324 168
1 7 2
712 338
1 7 2
857 665
1 14 2
843 796
1 14 2
230 439
1 12 2
312 809
1 13 2
593 502
1 3 2
285 274
1 11 2
691 49
1 7 2
561 492
1 13 2
12 0
1 2 2
862 40
1 4 2
758 216
1 11 2
580 36
1 14 2
298 838
1 6 2
591 406
1 7 2
351 248
1 14 2
529 92
1 14 2
199 478
1 12 2
973 996
1 8 2
251 396
1 10 2
449 405
1 13 2
218 500
1 14 2
589 629
1 14 2
869 602
1 5 2
744 69
1 3 2
941 6
1 3 2
304 871
1 3 2
675 767
1 8 2
721 240
1 8 2
189 93
1 7 2
628 238
1 4 2
871 692
1 14 2
176 467
1 15 2
821 479
1 15 2
320 171
1 7 2
645 64
1 2 2
603 692
1 3 2
282 31
1 4 2
244 515
1 7 2
188 543
1 2 2
486 681
1 12 2
562 871
1 13 2
71 96
1 13 2
737 715
1 7 2
190 431
1 8 2
688 239
1 4 2
883 388
1 12 2
682 82
1 8 2
369 737
1 5 2
441 415
1 7 2
31 388
1 5 2
859 531
1 7 2
247 327
1 13 2
942 385
1 5 2
159 361
1 3 2
680 815
1 10 2
254 56
1 12 2
433 174
1 14 2
895 36
1 2 2
995 955
1 6 2
810 743
1 3 2
665 687
1 13 2
179 394
1 2 2
140 946
1 4 2
45 729
1 14 2
27 174
1 11 2
327 910
1 11 2
389 189
1 12 2
451 211
1 4 2
588 857
1 5 2
76 70
1 14 2
362 447
1 7 2
871 767
1 14 2
754 110
1 11 2
651 440
1 11 2
433 718
1 8 2
734 887
1 8 2
530 101
1 13 2
864 441
1 11 2
758 929
1 12 2
707 505
1 3 2
556 763
1 11 2
436 380
1 11 2
422 975
1 12 2
328 349
1 11 2
659 777
1 8 2
14 577
1 10 2
826 531
1 6 2
806 746
1 14 2
942 369
1 13 2
958 772
1 8 2
7 618
1 10 2
776 991
1 12 2
733 651
1 10 2
644 364
1 3 2
47 677
1 15 2
176 637
1 11 2
981 410
1 13 2
780 763
1 14 2
721 464
1 3 2
360 708
1 3 2
785 856
1 8 2
493 598
1 8 2
755 111
1 10 2
988 499
1 6 2
229 437
1 4 2
954 653
1 11 2
897 692
1 7 2
421 383
1 12 2
99 384
1 7 2
40 605
1 5 2
836 407
1 7 2
424 142
1 8 2
790 627
1 10 2
445 396
1 13 2
325 940
1 7 2
81 882
1 12 2
738 944
1 13 2
286 361
1 6 2
29 195
1 12 2
484 624
1 9 2
493 813
1 15 2
275 336
1 4 2
942 27
1 15 2
686 298
1 7 2
539 603
1 15 2
378 802
1 15 2
422 695
1 3 2
669 778
1 7 2
395 869
1 9 2
580 939
1 14 2
51 2
1 12 2
380 987
1 2 2
122 472
1 10 2
625 18
1 5 2
433 486
1 2 2
586 812
1 11 2
675 184
1 5 2
451 308
1 4 2
909 30
1 5 2
323 984
1 8 2
688 909
1 5 2
670 630
1 14 2
272 771
1 14 2
275 615
1 10 2
711 161
1 12 2
739 962
1 3 2
212 18
1 14 2
11 676
1 11 2
602 847
1 8 2
119 889
1 4 2
971 518
1 11 2
385 280
1 11 2
704 734
1 7 2
499 408
1 14 2
970 564
1 13 2
682 159
1 2 2
230 802
1 15 2
580 853
1 8 2
571 233
1 2 2
565 951
1 8 2
662 802
1 6 2
584 15
1 13 2
357 163
1 4 2
904 727
1 8 2
726 692
1 9 2
148 916
1 6 2
913 492
1 10 2
534 228
1 12 2
333 184
1 14 2
788 664
1 12 2
606 113
1 15 2
111 918
1 12 2
436 728
1 14 2
67 789
1 15 2
326 311
1 6 2
274 972
1 10 2
108 923
1 10 2
167 53
1 12 2
335 245
1 10 2
473 844
1 12 2
325 246
1 5 2
815 343
1 11 2
121 655
1 15 2
362 29
1 11 2
551 412
1 13 2
492 403
1 10 2
232 362
1 12 2
999 450
1 3 2
907 819
1 2 2
98 810
1 5 2
963 747
1 7 2
383 222
1 12 2
315 70
1 3 2
648 661
1 14 2
365 227
1 10 2
443 25
1 10 2
546 867
1 9 2
319 8
1 12 2
891 404
1 6 2
769 278
1 9 2
756 654
1 6 2
309 93
1 13 2
778 455
1 15 2
732 380
1 8 2
56 373
1 5 2
808 1
1 4 2
550 791
1 10 2
392 711
1 13 2
808 63
1 2 2
24 861
1 15 2
720 55
1 12 2
662 215
1 14 2
602 881
1 8 2
699 204
1 15 2
649 934
1 11 2
107 443
1 12 2
728 179
1 6 2
800 844
1 9 2
941 946
1 2 2
498 630
1 6 2
626 28
1 2 2
900 104
1 12 2
222 71
1 13 2
281 942
1 11 2
902 61
1 13 2
44 611
1 11 2
306 697
1 14 2
544 203
1 3 2
294 839
1 8 2
393 192
1 4 2
61 206
1 5 2
347 691
1 5 2
831 706
1 13 2
902 949
1 3 2
772 501
1 10 2
103 444
1 4 2
190 738
1 8 2
236 585
1 5 2
788 391
1 11 2
204 705
1 10 2
454 672
1 10 2
895 427
1 13 2
210 913
1 2 2
133 374
1 3 2
115 164
1 10 2
824 84
1 6 2
560 657
1 5 2
575 396
1 9 2
125 41
1 8 2
301 937
1 12 2
599 180
1 10 2
112 373
1 10 2
711 275
1 10 2
184 870
1 12 2
787 52
1 12 2
825 649
1 13 2
393 450
1 11 2
425 255
1 2 2
474 572
1 11 2
509 315
1 5 2
335 118
1 6 2
291 893
1 14 2
265 924
1 6 2
573 54
1 2 2
272 732
1 6 2
546 807
1 11 2
969 216
1 7 2
501 103
1 14 2
858 759
1 4 2
400 679
1 12 2
784 991
1 9 2
11 370
1 2 2
180 285
1 12 2
702 87
1 15 2
94 453
1 3 2
461 956
1 9 2
204 381
1 11 2
692 625
1 11 2
205 547
1 11 2
1 6
1 13 2
58 973
1 14 2
524 184
1 8 2
809 91
1 14 2
572 295
1 6 2
286 294
1 6 2
525 760
1 14 2
425 930
1 5 2
172 72
1 14 2
798 146
1 4 2
5 277
1 15 2
273 671
1 13 2
657 871
1 10 2
972 270
1 7 2
643 442
1 5 2
633 592
1 2 2
158 82
1 12 2
364 261
1 3 2
65 736
1 3 2
303 148
1 9 2
939 646
1 6 2
190 432
1 12 2
155 685
1 11 2
437 958
1 10 2
789 459
1 7 2
337 876
1 5 2
277 589
1 12 2
478 952
1 13 2
504 763
1 4 2
333 437
1 14 2
282 452
1 5 2
63 458
1 14 2
197 901
1 3 2
236 698
1 10 2
802 145
1 10 2
925 145
1 15 2
971 926
1 13 2
752 464
1 5 2
434 19
1 8 2
798 958
1 4 2
563 861
1 7 2
186 898
1 8 2
663 984
1 5 2
317 954
1 12 2
867 329
1 8 2
582 589
1 15 2
899 682
1 11 2
929 955
1 4 2
912 116
1 4 2
42 877
1 11 2
48 635
1 15 2
573 708
1 11 2
607 454
1 14 2
103 580
1 13 2
774 991
1 3 2
791 50
1 6 2
810 133
1 14 2
855 933
1 7 2
968 881
1 15 2
243 613
1 14 2
683 774
1 5 2
500 440
1 3 2
649 916
1 15 2
311 282
1 15 2
658 739
1 2 2
393 714
1 10 2
20 73
1 6 2
795 826
1 11 2
710 78
1 7 2
245 351
1 10 2
585 666
1 2 2
282 27
1 10 2
316 739
1 7 2
77 445
1 14 2
642 828
1 3 2
256 80
1 13 2
750 760
1 4 2
652 432
1 2 2
186 17
1 11 2
5 613
1 9 2
785 247
1 13 2
966 73
1 3 2
641 110
1 10 2
897 685
1 10 2
94 841
1 10 2
663 478
1 13 2
823 718
1 11 2
609 543
1 8 2
272 697
1 8 2
410 943
1 15 2
110 3
1 2 2
412 233
1 5 2
856 30
1 8 2
576 316
1 3 2
409 544
1 5 2
809 241
1 7 2
603 549
1 6 2
835 93
1 3 2
392 382
1 14 2
691 177
1 4 2
885 669
1 4 2
466 547
1 15 2
17 791
1 6 2
362 997
1 11 2
997 662
1 10 2
600 963
1 5 2
722 824
1 3 2
152 646
1 13 2
191 327
1 6 2
9 10
1 11 2
764 464
1 13 2
682 667
1 5 2
444 435
1 5 2
544 968
1 9 2
598 650
1 14 2
185 908
1 5 2
322 438
1 14 2
140 720
1 7 2
482 273
1 3 2
764 916
1 7 2
610 571
1 14 2
546 354
1 15 2
445 959
1 12 2
397 647
1 14 2
47 703
1 8 2
724 429
1 5 2
949 923
1 13 2
586 568
1 11 2
515 592
1 12 2
156 490
1 10 2
446 327
1 15 2
410 797
1 11 2
600 285
1 2 2
32 161
1 10 2
958 588
1 8 2
257 60
1 10 2
679 65
1 8 2
410 655
1 9 2
99 770
1 10 2
347 927
1 7 2
314 214
1 2 2
494 979
1 6 2
70 516
1 12 2
545 940
1 9 2
392 420
1 10 2
196 489
1 10 2
924 18
1 3 2
941 886
1 2 2
219 660
1 8 2
724 481
1 5 2
845 629
1 10 2
751 674
1 9 2
143 608
1 6 2
858 178
1 6 2
226 326
1 7 2
687 700
1 10 2
214 868
1 6 2
169 497
1 5 2
729 995
1 12 2
292 658
1 14 2
603 356
1 9 2
260 544
1 11 2
36 682
1 2 2
579 849
1 3 2
696 89
1 11 2
872 637
1 14 2
80 569
1 2 2
179 414
1 5 2
292 583
1 4 2
463 604
1 5 2
598 98
1 11 2
713 502
1 11 2
583 86
1 10 2
49 722
1 12 2
203 640
1 14 2
295 628
1 5 2
450 131
1 10 2
706 483
1 8 2
266 222
1 14 2
465 667
1 6 2
670 760
1 11 2
700 668
1 15 2
773 895
1 10 2
177 102
1 15 2
911 465
1 4 2
231 639
1 8 2
318 694
1 12 2
342 795
1 9 2
416 959
1 13 2
136 356
1 15 2
176 905
1 10 2
612 816
1 11 2
159 790
1 15 2
920 336
1 10 2
108 744
1 5 2
984 811
1 2 2
185 676
1 11 2
556 443
1 5 2
479 982
1 14 2
22 416
1 5 2
592 911
1 5 2
850 486
1 9 2
403 920
1 15 2
91 490
1 10 2
628 850
1 4 2
651 106
1 7 2
590 758
1 7 2
948 834
1 8 2
891 758
1 6 2
19 784
1 12 2
216 874
1 14 2
138 243
1 14 2
188 885
1 11 2
103 394
1 15 2
66 175
1 6 2
985 319
1 8 2
261 437
1 12 2
805 777
1 10 2
817 264
1 5 2
470 613
1 14 2
499 201
1 11 2
486 47
1 15 2
195 913
1 6 2
263 99
1 14 2
296 766
1 15 2
733 832
1 4 2
113 452
1 10 2
16 157
1 10 2
346 580
1 12 2
395 282
1 5 2
694 999
1 12 2
929 113
1 2 2
775 27
1 11 2
330 522
1 15 2
658 45
1 4 2
688 929
1 15 2
58 707
1 4 2
929 181
1 4 2
425 546
1 15 2
553 721
1 9 2
68 981
1 10 2
181 909
1 12 2
574 673
1 14 2
3 763
1 2 2
541 752
1 3 2
929 586
1 2 2
225 159
1 14 2
35 480
1 15 2
960 905
1 7 2
811 608
1 5 2
734 893
1 15 2
552 147
1 3 2
568 127
1 5 2
334 986
1 4 2
184 636
1 4 2
508 216
1 4 2
684 314
1 3 2
714 801
1 12 2
65 686
1 13 2
786 426
1 8 2
634 933
1 12 2
288 990
1 10 2
939 90
1 20 2
498 185
1 10 2
946 176
1 10 2
551 914
1 4 2
673 382
1 28 2
31 605
1 20 2
358 156
1 16 2
52 90
1 8 2
460 582
1 20 2
245 887
1 30 2
102 777
