1000 5985 3000
13 20 17 12 16 12 18 19 6 16 14 16 20 18 20 11 7 19 14 14 12 11 15 21 15 21 17 7 6 11 13 17 12 6 23 10 8 8 21 20 9 24 10 25 24 16 20 18 9 24 10 22 5 23 18 22 25 12 10 25 14 8 6 19 22 20 18 12 19 18 15 15 16 12 12 6 11 8 6 19 22 5 19 18 20 13 9 5 25 5 6 8 20 21 5 5 25 14 22 6 13 21 18 9 24 11 15 13 22 14 25 21 10 14 9 15 12 23 9 5 21 21 25 6 22 8 14 23 14 20 8 25 21 19 16 19 12 25 23 17 11 18 18 19 24 22 22 9 13 15 16 15 6 17 14 5 20 9 10 8 15 13 7 18 19 8 22 23 15 8 23 12 5 17 24 13 17 22 10 11 18 23 23 17 7 11 21 14 12 13 20 16 24 19 14 22 25 12 19 23 23 21 24 10 5 25 7 13 18 5 9 9 10 18 7 7 17 11 19 6 21 25 25 15 17 8 17 5 21 25 16 23 8 15 20 23 25 15 12 16 18 5 23 7 20 5 9 12 19 9 17 20 5 5 5 21 12 8 14 18 10 21 6 19 19 23 25 24 10 12 19 12 24 8 12 9 12 17 7 13 18 21 24 14 9 19 20 20 13 8 8 5 14 19 5 5 6 12 18 20 25 21 22 5 5 14 12 7 6 5 25 19 23 14 13 15 22 24 10 6 17 19 9 9 23 6 5 17 18 24 19 15 17 12 21 15 8 22 13 6 25 5 10 20 8 16 16 6 6 24 9 17 23 24 5 6 14 16 13 13 9 10 14 21 9 18 17 10 7 11 22 21 23 16 11 21 20 18 25 16 19 11 16 14 23 10 9 20 14 8 21 14 9 16 20 25 23 22 16 14 16 14 5 9 22 19 19 16 17 8 22 11 13 6 10 17 23 20 20 18 11 24 6 6 18 6 25 20 15 25 15 19 13 8 21 15 16 23 10 15 22 23 9 6 23 18 7 19 8 17 11 14 23 12 12 10 11 10 22 13 13 17 19 19 25 24 5 15 15 24 19 23 14 19 23 12 21 10 13 18 11 25 10 21 7 19 6 10 22 18 17 7 17 11 24 22 17 16 25 11 14 17 25 23 13 22 16 10 22 25 14 7 25 18 14 22 6 19 14 9 9 9 11 23 8 22 14 14 16 17 24 13 19 15 16 13 7 6 13 8 17 8 20 5 15 14 16 19 14 7 20 20 13 7 7 25 21 9 12 19 14 6 6 20 14 5 5 11 7 22 20 11 6 15 14 7 16 20 25 11 9 19 18 25 8 8 23 17 16 16 9 13 5 6 15 6 19 15 18 20 11 12 5 10 14 10 12 23 13 8 23 11 14 20 21 10 11 7 22 13 22 11 18 18 6 24 7 5 14 20 22 8 21 15 20 19 21 22 5 21 17 6 14 6 8 5 8 6 7 5 14 6 13 7 9 8 22 25 15 16 23 6 16 9 13 16 23 22 10 10 22 24 18 5 13 12 20 17 10 25 7 5 19 24 15 23 13 9 22 18 7 6 6 7 22 25 15 17 19 8 25 21 20 5 9 5 13 15 10 19 21 23 23 16 18 16 24 19 12 21 13 16 25 25 18 11 23 5 20 13 15 22 10 14 25 8 24 11 5 10 15 5 24 22 12 18 15 21 21 14 5 7 17 17 15 5 21 19 9 15 22 5 11 12 13 19 7 16 25 14 7 21 19 16 12 16 22 16 5 24 20 11 11 23 9 11 16 19 25 12 7 11 14 5 8 13 6 9 17 22 17 6 21 8 14 24 5 9 9 8 16 14 7 7 11 18 6 14 18 10 6 7 13 12 24 9 14 20 15 8 6 25 21 10 6 16 19 22 11 21 8 18 13 5 14 19 22 17 16 24 15 22 12 15 24 12 22 6 23 21 17 20 6 24 8 10 20 25 10 12 14 13 7 23 14 13 5 24 5 14 24 24 15 6 17 14 8 11 16 17 8 6 8 7 13 22 19 14 10 23 19 24 9 20 19 14 8 8 21 19 25 5 25 24 16 19 10 24 23 8 18 11 10 15 23 15 25 17 8 12 9 19 19 8 6 5 12 10 24 15 15 24 6 18 8 9 25 23 10 17 15 25 16 13 19 12 11 17 9 24 14 20 13 5 24 7 24 9 16 6 25 13 24 5 6 9 11 24 21 5 15 24 13 23 23 7 13 24 18 17 16 24 24 20 5 25 10 23 10 7
3 11 5 17 13 16 12 16 17 10 10 19 3 5 16 18 8 10 6 10 4 15 6 15 9 18 16 18 8 3 3 16 9 13 19 5 7 5 10 14 12 3 4 11 17 6 15 11 7 16 13 18 6 16 9 13 3 4 6 14 16 10 4 20 9 17 15 14 9 18 17 3 7 17 20 10 7 6 3 19 4 19 20 19 20 11 8 3 14 6 14 19 13 11 13 18 10 13 15 17 3 5 16 9 9 13 4 8 17 6 12 15 12 14 14 19 14 5 4 15 8 20 13 3 16 16 12 13 18 6 6 6 18 20 7 4 9 17 15 18 4 14 11 9 19 4 9 12 9 4 9 20 13 9 12 16 8 5 12 16 13 13 4 6 12 6 16 19 15 20 13 18 7 16 4 14 15 11 12 9 17 17 12 17 5 10 13 11 8 9 13 3 20 7 16 18 11 12 5 7 7 13 13 5 6 4 8 9 14 9 8 20 19 20 12 10 17 11 5 5 17 20 13 8 17 5 12 16 18 19 3 18 16 16 18 6 5 20 14 19 10 4 6 16 6 3 16 4 17 6 11 6 18 18 8 14 18 3 7 17 11 9 7 20 8 12 19 5 7 18 10 17 10 10 7 16 15 9 13 3 17 12 10 16 3 15 18 8 12 16 11 11 13 4 15 5 19 11 19 17 12 10 6 7 7 12 4 8 13 19 15 17 18 16 16 12 11 11 3 16 10 7 7 9 3 19 4 4 13 16 8 20 10 4 7 9 17 7 16 18 19 5 5 4 9 16 20 6 8 8 6 14 14 6 20 20 14 10 4 11 15 15 3 8 7 20 18 14 16 17 19 11 4 14 4 12 16 8 15 8 14 5 9 16 9 15 5 10 20 8 5 14 17 20 14 13 11 19 5 18 5 15 17 11 10 8 5 6 20 14 13 13 17 6 5 8 20 19 18 11 12 4 3 9 5 17 13 18 3 20 12 13 18 20 17 6 13 20 10 19 20 6 19 10 15 15 18 11 8 13 6 9 6 5 11 3 5 15 18 8 18 16 9 16 3 14 8 4 16 4 11 9 8 11 9 10 19 8 17 7 13 17 15 11 11 20 16 10 9 6 18 5 6 17 4 14 3 13 16 13 18 4 11 19 13 5 5 13 3 7 18 18 5 3 9 6 16 5 9 8 19 8 8 15 17 11 15 6 16 3 11 18 16 4 10 11 7 4 9 10 14 4 16 16 6 14 5 11 5 17 7 11 10 17 5 11 12 17 7 19 9 9 10 6 12 8 4 5 10 9 7 5 10 15 5 13 17 8 6 5 14 3 11 17 20 17 13 3 8 5 17 15 3 9 4 12 14 6 7 3 7 9 9 3 13 14 11 15 11 7 6 8 11 15 5 11 14 6 20 5 6 14 6 8 19 16 20 17 15 12 18 3 5 3 4 14 9 5 7 19 20 13 12 10 16 17 15 11 7 3 16 14 12 19 7 7 8 11 19 8 13 17 15 5 11 17 19 13 3 13 6 13 18 16 14 9 14 4 12 18 8 7 18 16 3 16 11 5 4 16 18 16 17 9 13 6 9 20 12 17 4 7 15 9 20 4 4 16 3 16 4 13 3 9 16 4 4 13 18 20 18 12 5 10 8 10 20 18 3 9 6 5 20 18 11 18 10 6 3 14 5 3 9 9 4 8 4 17 13 17 5 13 19 4 19 5 6 18 12 7 20 12 16 14 20 8 13 6 3 12 5 10 19 7 11 9 17 10 18 9 16 5 11 5 14 5 19 17 18 7 20 13 8 4 5 4 12 10 12 5 7 20 8 12 5 19 15 20 15 11 11 7 18 13 20 14 15 15 11 14 11 7 14 10 17 8 20 7 17 18 3 17 15 7 13 19 19 7 6 15 17 13 5 14 14 17 7 6 11 14 19 7 6 13 16 7 12 9 18 5 15 16 8 10 7 10 14 13 17 5 9 5 8 15 13 15 11 19 18 18 10 9 7 19 19 10 5 19 6 6 8 4 6 3 10 6 5 13 20 8 12 11 18 5 14 11 3 3 7 15 4 11 12 14 3 14 8 17 11 7 15 7 13 17 16 7 4 4 12 10 6 19 16 7 20 9 17 18 4 4 6 17 10 17 14 11 14 20 20 9 20 19 5 3 13 6 3 16 16 15 6 12 13 5 18 14 15 15 5 13 14 5 13 18 20 11 10 19 16 10 17 18 14 3 9 16 7 6 10 10 9 14 13 20 20 13 14 8 11 19
1 7 2
775 158
1 15 2
673 386
1 5 2
115 138
1 2 2
640 824
1 8 2
52 122
1 8 2
535 307
1 6 2
32 716
1 13 2
901 134
1 14 2
665 284
1 14 2
147 527
1 4 2
674 349
1 13 2
727 677
1 3 2
222 239
1 8 2
618 776
1 3 2
899 142
1 15 2
894 437
1 15 2
710 287
1 12 2
702 505
1 9 2
762 491
1 6 2
458 827
1 8 2
970 298
1 9 2
888 235
1 9 2
279 908
1 7 2
693 130
1 12 2
472 543
1 14 2
113 702
1 2 2
140 610
1 13 2
263 191
1 8 2
746 725
1 13 2
173 703
1 4 2
484 672
1 6 2
891 873
1 10 2
935 487
1 9 2
942 276
1 14 2
388 301
1 9 2
476 833
1 13 2
45 135
1 6 2
706 614
1 9 2
52 731
1 14 2
203 651
1 6 2
805 869
1 4 2
148 551
1 3 2
460 530
1 5 2
666 92
1 11 2
683 846
1 11 2
614 389
1 9 2
712 115
1 15 2
712 182
1 4 2
527 798
1 7 2
935 315
1 6 2
591 824
1 14 2
544 28
1 2 2
664 556
1 10 2
934 474
1 7 2
12 349
1 6 2
175 235
1 12 2
247 588
1 10 2
152 479
1 4 2
719 942
1 12 2
672 215
1 13 2
803 677
1 4 2
531 460
1 11 2
649 818
1 4 2
720 237
1 7 2
950 681
1 7 2
689 172
1 11 2
535 149
1 14 2
21 950
1 15 2
864 662
1 6 2
703 701
1 5 2
823 97
1 11 2
355 567
1 12 2
439 192
1 4 2
223 3
1 3 2
812 9
1 9 2
813 740
1 14 2
524 200
1 12 2
965 136
1 15 2
606 687
1 8 2
21 628
1 2 2
779 697
1 9 2
952 321
1 11 2
827 647
1 4 2
929 42
1 10 2
134 437
1 4 2
877 296
1 11 2
262 116
1 2 2
566 448
1 12 2
701 435
1 5 2
411 671
1 12 2
279 896
1 8 2
830 781
1 13 2
15 624
1 7 2
95 228
1 4 2
435 827
1 15 2
646 68
1 9 2
120 749
1 13 2
662 780
1 2 2
855 904
1 12 2
968 255
1 8 2
523 928
1 12 2
23 487
1 10 2
439 99
1 10 2
406 166
1 12 2
749 841
1 14 2
470 123
1 2 2
224 231
1 4 2
916 167
1 6 2
138 328
1 14 2
175 148
1 4 2
50 188
1 3 2
133 604
1 10 2
523 924
1 8 2
117 234
1 13 2
173 924
1 3 2
521 438
1 8 2
581 28
1 4 2
255 714
1 13 2
51 822
1 15 2
553 876
1 11 2
798 232
1 7 2
193 413
1 4 2
227 171
1 11 2
555 259
1 15 2
611 498
1 3 2
631 953
1 2 2
820 319
1 15 2
599 155
1 5 2
115 106
1 14 2
835 775
1 5 2
523 681
1 7 2
646 299
1 9 2
692 567
1 14 2
979 316
1 7 2
214 129
1 11 2
397 387
1 5 2
505 811
1 10 2
241 77
1 13 2
202 995
1 9 2
768 986
1 12 2
188 21
1 5 2
444 742
1 9 2
531 730
1 10 2
643 474
1 3 2
18 645
1 15 2
93 29
1 11 2
456 596
1 11 2
437 689
1 3 2
33 710
1 9 2
387 690
1 11 2
187 731
1 11 2
393 954
1 10 2
193 882
1 15 2
108 115
1 11 2
144 870
1 4 2
584 953
1 5 2
427 137
1 3 2
653 245
1 15 2
896 708
1 15 2
455 56
1 2 2
140 817
1 13 2
784 795
1 13 2
486 552
1 14 2
213 958
1 14 2
33 864
1 3 2
216 613
1 9 2
304 582
1 5 2
415 667
1 3 2
871 753
1 4 2
441 420
1 14 2
85 717
1 5 2
785 70
1 7 2
822 197
1 8 2
681 230
1 9 2
742 229
1 7 2
66 384
1 12 2
358 573
1 2 2
897 513
1 13 2
984 389
1 7 2
991 56
1 5 2
283 970
1 15 2
564 153
1 15 2
979 777
1 8 2
809 889
1 11 2
90 869
1 13 2
617 973
1 10 2
68 2
1 4 2
96 152
1 12 2
57 906
1 8 2
384 746
1 3 2
696 84
1 4 2
336 52
1 2 2
31 88
1 9 2
856 809
1 13 2
509 775
1 8 2
751 720
1 5 2
752 730
1 8 2
160 709
1 3 2
722 637
1 13 2
791 726
1 6 2
40 228
1 3 2
195 165
1 13 2
469 8
1 5 2
161 901
1 8 2
530 97
1 7 2
609 529
1 5 2
161 346
1 14 2
337 625
1 2 2
868 366
1 10 2
827 801
1 7 2
375 790
1 14 2
554 115
1 9 2
187 59
1 4 2
121 246
1 14 2
219 252
1 4 2
720 204
1 8 2
381 596
1 5 2
423 39
1 11 2
465 884
1 4 2
462 586
1 11 2
923 115
1 14 2
375 17
1 2 2
321 556
1 14 2
538 968
1 4 2
903 501
1 15 2
626 415
1 2 2
417 574
1 5 2
214 617
1 8 2
878 757
1 14 2
291 778
1 4 2
757 11
1 4 2
852 126
1 11 2
124 848
1 3 2
993 113
1 14 2
495 33
1 14 2
70 796
1 2 2
980 317
1 5 2
881 791
1 8 2
621 1
1 7 2
590 774
1 13 2
702 243
1 4 2
614 515
1 3 2
744 166
1 11 2
336 206
1 15 2
580 253
1 4 2
327 948
1 3 2
40 881
1 4 2
370 237
1 4 2
348 680
1 10 2
133 870
1 7 2
265 315
1 3 2
757 307
1 9 2
746 168
1 8 2
887 482
1 3 2
509 706
1 8 2
857 165
1 15 2
585 793
1 3 2
51 808
1 4 2
451 876
1 13 2
951 876
1 15 2
791 848
1 11 2
837 176
1 9 2
800 237
1 9 2
142 265
1 4 2
661 672
1 15 2
515 977
1 10 2
152 204
1 12 2
278 914
1 6 2
310 432
1 14 2
266 694
1 8 2
352 411
1 4 2
57 476
1 3 2
661 787
1 15 2
948 240
1 6 2
165 117
1 5 2
708 50
1 14 2
269 975
1 2 2
651 767
1 5 2
335 575
1 7 2
360 21
1 5 2
281 477
1 7 2
826 78
1 15 2
680 895
1 4 2
928 452
1 13 2
564 60
1 6 2
314 119
1 14 2
548 718
1 2 2
96 2
1 5 2
547 554
1 6 2
235 491
1 13 2
161 504
1 12 2
774 415
1 14 2
507 766
1 15 2
644 315
1 5 2
812 31
1 10 2
222 323
1 14 2
494 530
1 4 2
319 684
1 8 2
648 458
1 6 2
202 797
1 6 2
477 699
1 5 2
263 925
1 15 2
225 262
1 9 2
541 528
1 10 2
579 627
1 13 2
557 205
1 12 2
824 88
1 7 2
165 871
1 15 2
329 88
1 9 2
297 341
1 14 2
906 263
1 7 2
299 274
1 12 2
116 366
1 12 2
856 107
1 10 2
807 468
1 13 2
676 776
1 10 2
645 198
1 9 2
275 39
1 11 2
258 641
1 13 2
166 113
1 4 2
91 678
1 12 2
473 41
1 7 2
629 9
1 13 2
156 94
1 11 2
680 616
1 5 2
27 720
1 12 2
242 911
1 8 2
143 642
1 8 2
76 721
1 3 2
577 477
1 6 2
128 430
1 14 2
702 237
1 12 2
356 100
1 12 2
353 567
1 8 2
220 55
1 11 2
298 599
1 5 2
50 132
1 15 2
411 238
1 3 2
83 331
1 4 2
30 903
1 7 2
11 582
1 14 2
229 135
1 7 2
372 850
1 13 2
669 238
1 3 2
702 182
1 5 2
851 313
1 4 2
35 976
1 14 2
939 657
1 7 2
900 567
1 6 2
744 631
1 8 2
2 789
1 13 2
877 218
1 2 2
964 420
1 5 2
299 207
1 2 2
333 507
1 2 2
881 66
1 5 2
673 742
1 3 2
131 828
1 4 2
821 648
1 8 2
130 779
1 15 2
554 350
1 2 2
874 803
1 7 2
422 95
1 6 2
864 744
1 7 2
454 542
1 2 2
298 303
1 12 2
408 71
1 12 2
86 523
1 14 2
703 33
1 8 2
14 285
1 8 2
824 267
1 6 2
700 769
1 11 2
359 572
1 12 2
247 450
1 15 2
380 182
1 7 2
367 866
1 9 2
906 896
1 6 2
810 775
1 5 2
463 852
1 7 2
719 564
1 5 2
606 296
1 6 2
825 980
1 8 2
327 693
1 13 2
289 267
1 5 2
136 173
1 7 2
603 14
1 4 2
277 376
1 4 2
840 316
1 10 2
624 283
1 8 2
273 458
1 9 2
399 762
1 7 2
275 96
1 2 2
594 988
1 14 2
763 600
1 9 2
453 359
1 15 2
612 483
1 15 2
326 599
1 15 2
237 448
1 7 2
696 471
1 9 2
504 853
1 15 2
864 95
1 9 2
128 640
1 10 2
20 973
1 14 2
879 494
1 14 2
377 418
1 13 2
964 429
1 14 2
176 971
1 11 2
205 102
1 2 2
348 708
1 6 2
965 456
1 12 2
934 613
1 6 2
985 567
1 5 2
512 743
1 7 2
742 934
1 8 2
201 203
1 7 2
821 138
1 9 2
659 685
1 7 2
278 395
1 15 2
785 463
1 5 2
552 960
1 11 2
152 395
1 2 2
222 75
1 6 2
909 820
1 4 2
878 179
1 14 2
928 734
1 11 2
194 890
1 15 2
357 428
1 7 2
485 1
1 6 2
173 808
1 9 2
506 361
1 12 2
338 647
1 4 2
311 601
1 15 2
80 281
1 8 2
816 130
1 11 2
256 525
1 7 2
418 895
1 3 2
939 43
1 4 2
84 949
1 5 2
878 0
1 2 2
896 307
1 5 2
515 26
1 8 2
658 569
1 10 2
258 877
1 2 2
40 819
1 10 2
864 66
1 4 2
145 69
1 7 2
903 140
1 7 2
26 68
1 7 2
663 485
1 3 2
640 214
1 7 2
945 436
1 12 2
539 847
1 4 2
96 180
1 2 2
743 12
1 10 2
480 521
1 9 2
671 144
1 10 2
755 403
1 3 2
326 992
1 15 2
854 40
1 9 2
881 178
1 7 2
541 390
1 3 2
963 324
1 15 2
416 86
1 12 2
27 390
1 7 2
467 585
1 10 2
354 196
1 11 2
773 825
1 5 2
802 350
1 3 2
923 117
1 11 2
343 551
1 5 2
275 620
1 4 2
101 649
1 11 2
211 802
1 4 2
915 449
1 12 2
836 466
1 11 2
667 13
1 13 2
361 384
1 7 2
777 70
1 14 2
193 867
1 6 2
750 450
1 2 2
855 945
1 14 2
154 88
1 8 2
742 497
1 11 2
309 310
1 11 2
838 851
1 9 2
577 490
1 7 2
955 85
1 4 2
968 896
1 13 2
723 958
1 5 2
562 445
1 12 2
732 83
1 13 2
413 785
1 2 2
631 381
1 14 2
39 799
1 8 2
854 473
1 9 2
702 848
1 2 2
283 120
1 9 2
348 261
1 8 2
276 727
1 6 2
330 987
1 10 2
445 425
1 11 2
644 396
1 10 2
974 532
1 13 2
853 394
1 6 2
536 529
1 5 2
303 697
1 3 2
135 19
1 8 2
898 43
1 11 2
389 914
1 10 2
184 314
1 5 2
598 173
1 4 2
912 902
1 10 2
668 427
1 10 2
185 962
1 8 2
0 855
1 5 2
184 570
1 10 2
844 222
1 6 2
648 27
1 13 2
675 644
1 13 2
15 491
1 15 2
596 246
1 9 2
364 187
1 8 2
107 86
1 15 2
70 723
1 2 2
629 762
1 6 2
448 871
1 12 2
263 893
1 10 2
328 106
1 12 2
580 693
1 3 2
971 288
1 12 2
121 619
1 13 2
666 292
1 13 2
724 113
1 4 2
338 264
1 8 2
690 332
1 8 2
758 816
1 9 2
827 775
1 8 2
260 205
1 15 2
463 299
1 14 2
367 290
1 8 2
619 949
1 2 2
570 763
1 11 2
810 334
1 13 2
789 885
1 7 2
62 2
1 15 2
331 362
1 10 2
375 894
1 3 2
799 263
1 9 2
405 591
1 10 2
652 746
1 3 2
605 40
1 8 2
201 374
1 15 2
562 325
1 12 2
34 379
1 12 2
79 647
1 11 2
121 32
1 3 2
458 126
1 10 2
918 813
1 10 2
410 952
1 8 2
709 255
1 11 2
884 220
1 13 2
153 439
1 12 2
65 512
1 8 2
544 594
1 9 2
809 569
1 7 2
450 822
1 6 2
954 245
1 10 2
658 224
1 5 2
748 459
1 4 2
568 933
1 6 2
707 530
1 13 2
432 551
1 15 2
835 207
1 3 2
512 714
1 15 2
668 401
1 3 2
184 899
1 15 2
733 483
1 12 2
603 498
1 4 2
880 534
1 10 2
100 937
1 3 2
330 461
1 3 2
552 558
1 12 2
490 70
1 9 2
171 566
1 5 2
876 40
1 9 2
899 819
1 7 2
177 678
1 2 2
460 413
1 9 2
811 108
1 3 2
19 211
1 3 2
541 367
1 12 2
417 682
1 15 2
355 108
1 2 2
566 941
1 3 2
756 589
1 4 2
500 251
1 3 2
293 911
1 4 2
593 529
1 13 2
696 279
1 11 2
764 209
1 15 2
980 962
1 7 2
808 18
1 7 2
972 236
1 13 2
102 903
1 12 2
871 497
1 15 2
882 887
1 7 2
706 495
1 6 2
225 425
1 8 2
806 574
1 14 2
623 128
1 11 2
173 43
1 14 2
968 799
1 14 2
927 458
1 8 2
246 296
1 13 2
254 165
1 8 2
874 880
1 12 2
927 731
1 8 2
63 458
1 15 2
634 658
1 6 2
452 85
1 2 2
162 577
1 7 2
435 116
1 6 2
412 327
1 12 2
270 622
1 4 2
236 172
1 5 2
509 862
1 13 2
557 457
1 11 2
241 245
1 7 2
414 588
1 2 2
4 914
1 14 2
694 629
1 5 2
872 361
1 8 2
943 729
1 2 2
729 697
1 15 2
50 215
1 3 2
16 309
1 8 2
711 83
1 4 2
417 197
1 14 2
627 618
1 10 2
311 608
1 14 2
616 424
1 13 2
320 703
1 10 2
579 140
1 14 2
414 204
1 5 2
808 840
1 4 2
287 900
1 7 2
564 295
1 9 2
699 68
1 5 2
793 395
1 13 2
83 271
1 14 2
513 865
1 5 2
479 754
1 3 2
15 329
1 5 2
961 381
1 7 2
435 534
1 10 2
973 323
1 4 2
882 549
1 13 2
393 417
1 3 2
422 83
1 6 2
152 281
1 13 2
40 341
1 4 2
31 715
1 15 2
260 92
1 2 2
319 104
1 13 2
3 445
1 14 2
347 846
1 8 2
398 745
1 8 2
347 629
1 15 2
729 666
1 6 2
785 882
1 13 2
533 890
1 3 2
799 995
1 9 2
338 241
1 2 2
901 931
1 11 2
279 976
1 15 2
116 936
1 12 2
556 779
1 12 2
930 32
1 15 2
594 459
1 9 2
938 434
1 14 2
65 869
1 3 2
728 971
1 15 2
437 699
1 10 2
724 858
1 5 2
303 947
1 2 2
964 43
1 6 2
129 503
1 15 2
934 592
1 2 2
285 890
1 10 2
382 853
1 10 2
644 912
1 2 2
343 927
1 12 2
542 464
1 4 2
923 900
1 7 2
519 29
1 8 2
824 126
1 13 2
233 787
1 12 2
826 953
1 5 2
379 285
1 9 2
661 580
1 11 2
150 719
1 10 2
396 21
1 8 2
755 276
1 8 2
955 12
1 13 2
735 15
1 5 2
236 570
1 8 2
436 726
1 7 2
258 866
1 5 2
299 37
1 11 2
286 483
1 2 2
741 392
1 8 2
415 295
1 11 2
411 97
1 5 2
310 830
1 4 2
333 620
1 6 2
828 44
1 3 2
443 37
1 12 2
203 76
1 4 2
155 523
1 10 2
92 354
1 14 2
892 816
1 10 2
897 265
1 10 2
439 554
1 13 2
343 802
1 11 2
805 713
1 7 2
870 555
1 3 2
42 776
1 8 2
169 474
1 6 2
993 223
1 3 2
997 790
1 6 2
872 14
1 15 2
946 523
1 14 2
473 603
1 12 2
132 63
1 8 2
444 149
1 12 2
35 294
1 7 2
162 451
1 4 2
384 9
1 14 2
807 467
1 12 2
670 113
1 4 2
272 668
1 9 2
627 399
1 2 2
791 891
1 4 2
531 56
1 6 2
759 738
1 12 2
460 631
1 7 2
407 704
1 13 2
185 61
1 15 2
434 494
1 13 2
363 725
1 8 2
219 333
1 2 2
874 107
1 14 2
28 595
1 10 2
737 453
1 14 2
924 675
1 14 2
798 951
1 7 2
646 933
1 7 2
207 237
1 5 2
785 879
1 2 2
860 729
1 10 2
660 19
1 4 2
284 659
1 6 2
81 256
1 3 2
533 149
1 2 2
253 448
1 4 2
291 692
1 9 2
976 870
1 3 2
718 282
1 6 2
621 294
1 7 2
252 388
1 8 2
371 4
1 2 2
110 685
1 13 2
885 204
1 10 2
213 863
1 14 2
129 192
1 6 2
170 50
1 8 2
559 15
1 10 2
154 531
1 5 2
491 520
1 9 2
975 430
1 7 2
117 658
1 14 2
245 852
1 4 2
928 316
1 3 2
527 820
1 2 2
841 536
1 15 2
75 481
1 7 2
618 505
1 15 2
413 402
1 11 2
931 25
1 3 2
822 268
1 10 2
8 309
1 3 2
356 608
1 6 2
635 640
1 8 2
127 557
1 10 2
487 175
1 12 2
574 995
1 14 2
958 575
1 4 2
707 164
1 8 2
845 53
1 8 2
469 567
1 4 2
335 457
1 14 2
590 378
1 15 2
90 147
1 6 2
311 49
1 15 2
213 43
1 8 2
554 813
1 2 2
394 706
1 15 2
642 64
1 3 2
777 300
1 9 2
534 123
1 7 2
449 808
1 7 2
900 419
1 12 2
529 399
1 12 2
798 98
1 3 2
127 31
1 5 2
356 538
1 5 2
859 179
1 12 2
554 389
1 3 2
590 669
1 4 2
274 849
1 12 2
118 636
1 8 2
179 953
1 13 2
524 726
1 10 2
79 512
1 15 2
408 746
1 2 2
164 348
1 7 2
646 923
1 8 2
137 153
1 5 2
682 743
1 11 2
960 89
1 15 2
637 727
1 13 2
227 907
1 6 2
623 119
1 8 2
228 270
1 13 2
838 544
1 5 2
10 588
1 14 2
797 466
1 8 2
496 370
1 10 2
627 548
1 5 2
96 23
1 2 2
314 807
1 14 2
423 442
1 14 2
465 541
1 10 2
158 305
1 12 2
643 282
1 2 2
525 13
1 12 2
662 960
1 10 2
111 452
1 5 2
492 370
1 15 2
259 871
1 2 2
32 528
1 14 2
192 937
1 9 2
929 695
1 6 2
554 946
1 8 2
291 903
1 14 2
810 996
1 2 2
503 86
1 10 2
229 553
1 13 2
352 309
1 9 2
404 93
1 12 2
577 84
1 9 2
100 255
1 11 2
161 408
1 3 2
522 914
1 9 2
71 768
1 9 2
361 425
1 3 2
131 101
1 14 2
195 909
1 15 2
225 757
1 7 2
836 229
1 11 2
66 506
1 9 2
21 32
1 9 2
388 706
1 9 2
586 973
1 13 2
187 427
1 7 2
271 385
1 15 2
148 496
1 2 2
367 459
1 9 2
374 714
1 14 2
176 239
1 5 2
873 871
1 14 2
973 958
1 2 2
301 419
1 5 2
314 380
1 7 2
954 765
1 6 2
19 669
1 8 2
701 967
1 10 2
759 544
1 10 2
660 731
1 4 2
258 486
1 3 2
531 499
1 11 2
125 607
1 4 2
923 562
1 2 2
296 569
1 15 2
632 113
1 12 2
413 963
1 15 2
454 978
1 5 2
628 464
1 6 2
430 497
1 2 2
67 172
1 13 2
329 971
1 8 2
840 822
1 10 2
596 871
1 9 2
524 887
1 7 2
713 31
1 4 2
321 690
1 9 2
675 964
1 5 2
447 983
1 9 2
932 252
1 7 2
328 398
1 4 2
907 541
1 11 2
990 186
1 8 2
850 635
1 12 2
805 500
1 7 2
910 182
1 2 2
634 919
1 12 2
785 630
1 2 2
549 100
1 8 2
533 222
1 2 2
146 696
1 3 2
575 531
1 12 2
82 538
1 2 2
858 468
1 4 2
377 673
1 6 2
912 149
1 3 2
222 554
1 14 2
512 300
1 14 2
414 579
1 15 2
279 351
1 13 2
399 830
1 3 2
781 586
1 8 2
497 334
1 10 2
128 700
1 11 2
601 871
1 2 2
792 334
1 13 2
100 304
1 9 2
897 356
1 6 2
324 209
1 3 2
994 689
1 13 2
942 109
1 8 2
636 617
1 12 2
68 929
1 8 2
538 296
1 13 2
586 876
1 2 2
113 376
1 7 2
281 885
1 5 2
684 123
1 2 2
586 245
1 13 2
78 686
1 8 2
249 240
1 7 2
152 841
1 13 2
601 33
1 2 2
644 306
1 15 2
766 711
1 4 2
887 563
1 14 2
893 428
1 8 2
761 409
1 5 2
124 732
1 10 2
445 838
1 3 2
691 148
1 8 2
489 471
1 8 2
389 890
1 4 2
242 111
1 8 2
526 735
1 13 2
941 640
1 6 2
528 830
1 5 2
515 370
1 5 2
91 18
1 15 2
387 152
1 8 2
147 25
1 15 2
223 184
1 11 2
657 686
1 15 2
283 653
1 2 2
898 941
1 14 2
643 657
1 2 2
492 972
1 10 2
212 486
1 5 2
931 621
1 11 2
691 52
1 5 2
200 253
1 3 2
334 216
1 15 2
945 542
1 9 2
447 261
1 2 2
513 662
1 7 2
199 591
1 3 2
609 946
1 13 2
61 469
1 13 2
32 242
1 6 2
567 64
1 13 2
856 173
1 15 2
355 627
1 12 2
451 507
1 15 2
129 475
1 3 2
128 987
1 11 2
946 255
1 5 2
999 978
1 8 2
199 293
1 7 2
77 478
1 13 2
855 525
1 9 2
322 746
1 5 2
169 223
1 14 2
29 363
1 10 2
418 906
1 14 2
321 154
1 14 2
776 858
1 15 2
593 983
1 13 2
56 485
1 14 2
357 544
1 13 2
617 588
1 2 2
741 333
1 12 2
251 863
1 3 2
683 338
1 13 2
561 553
1 5 2
5 202
1 14 2
169 295
1 4 2
335 682
1 2 2
830 972
1 3 2
611 735
1 11 2
602 301
1 7 2
43 460
1 2 2
492 147
1 6 2
767 248
1 10 2
685 521
1 15 2
232 246
1 8 2
372 122
1 4 2
329 380
1 14 2
45 373
1 4 2
874 60
1 8 2
200 583
1 11 2
895 255
1 12 2
713 299
1 13 2
71 454
1 6 2
188 787
1 13 2
745 912
1 12 2
40 132
1 10 2
209 834
1 4 2
585 744
1 6 2
647 297
1 15 2
355 304
1 11 2
427 147
1 8 2
722 154
1 8 2
239 344
1 12 2
794 492
1 14 2
91 8
1 11 2
619 846
1 9 2
153 922
1 5 2
803 484
1 3 2
784 105
1 8 2
763 34
1 14 2
964 209
1 4 2
392 456
1 14 2
586 947
1 12 2
207 586
1 3 2
959 945
1 10 2
720 119
1 8 2
466 945
1 7 2
655 544
1 13 2
518 146
1 10 2
347 175
1 4 2
865 409
1 3 2
68 461
1 5 2
162 845
1 5 2
255 163
1 9 2
771 536
1 9 2
472 856
1 14 2
358 978
1 12 2
487 693
1 5 2
543 676
1 15 2
160 465
1 9 2
236 33
1 7 2
620 779
1 12 2
656 811
1 15 2
492 504
1 15 2
209 55
1 4 2
603 654
1 10 2
599 842
1 14 2
815 247
1 11 2
263 270
1 5 2
78 30
1 6 2
439 931
1 7 2
489 515
1 6 2
509 999
1 6 2
222 795
1 9 2
382 1
1 3 2
28 573
1 4 2
282 880
1 10 2
602 518
1 9 2
702 975
1 4 2
109 972
1 7 2
509 588
1 13 2
602 991
1 14 2
161 297
1 3 2
147 740
1 2 2
451 322
1 7 2
980 562
1 9 2
962 785
1 15 2
910 662
1 10 2
989 158
1 10 2
126 856
1 3 2
815 469
1 6 2
546 471
1 9 2
856 344
1 9 2
163 686
1 9 2
648 136
1 14 2
678 959
1 11 2
630 816
1 4 2
498 125
1 11 2
457 744
1 6 2
889 263
1 5 2
57 984
1 2 2
207 317
1 9 2
393 390
1 8 2
378 614
1 7 2
79 471
1 9 2
471 878
1 6 2
717 53
1 6 2
868 149
1 14 2
98 243
1 6 2
940 510
1 7 2
254 406
1 7 2
678 19
1 7 2
429 168
1 11 2
819 600
1 3 2
837 578
1 7 2
628 712
1 14 2
756 861
1 9 2
147 649
1 12 2
723 670
1 12 2
454 38
1 12 2
768 985
1 6 2
32 902
1 13 2
922 321
1 15 2
8 670
1 13 2
396 227
1 14 2
500 725
1 10 2
837 779
1 9 2
916 267
1 10 2
89 16
1 9 2
878 431
1 8 2
37 553
1 8 2
429 32
1 2 2
544 144
1 13 2
152 516
1 10 2
393 768
1 2 2
676 931
1 15 2
141 173
1 10 2
948 739
1 8 2
236 863
1 7 2
854 835
1 3 2
787 499
1 12 2
880 824
1 2 2
177 752
1 15 2
780 75
1 6 2
327 151
1 3 2
148 362
1 5 2
398 435
1 3 2
838 483
1 9 2
730 650
1 10 2
624 360
1 13 2
247 0
1 5 2
176 714
1 4 2
302 409
1 10 2
553 726
1 5 2
716 303
1 4 2
313 338
1 10 2
562 981
1 5 2
237 664
1 12 2
258 639
1 8 2
380 617
1 14 2
124 610
1 7 2
545 788
1 7 2
70 324
1 10 2
714 216
1 13 2
885 368
1 13 2
278 311
1 15 2
555 586
1 12 2
959 589
1 5 2
933 66
1 3 2
740 209
1 13 2
0 216
1 12 2
948 3
1 5 2
31 516
1 4 2
13 906
1 4 2
574 508
1 2 2
703 439
1 5 2
265 173
1 9 2
793 249
1 11 2
651 523
1 7 2
212 58
1 2 2
246 264
1 11 2
464 812
1 2 2
476 539
1 6 2
132 512
1 12 2
457 155
1 2 2
617 59
1 12 2
306 928
1 11 2
292 245
1 8 2
834 245
1 5 2
166 353
1 12 2
723 955
1 12 2
642 487
1 2 2
681 834
1 13 2
863 739
1 2 2
54 428
1 8 2
104 25
1 4 2
881 481
1 15 2
108 158
1 8 2
666 164
1 6 2
747 579
1 14 2
786 475
1 11 2
480 143
1 11 2
416 765
1 3 2
397 93
1 2 2
603 152
1 12 2
841 895
1 6 2
109 66
1 9 2
912 239
1 6 2
148 844
1 3 2
641 559
1 12 2
510 455
1 13 2
782 392
1 14 2
20 996
1 3 2
978 85
1 7 2
470 175
1 3 2
211 38
1 14 2
41 896
1 15 2
611 258
1 11 2
732 917
1 13 2
898 529
1 7 2
912 505
1 2 2
802 668
1 8 2
297 636
1 2 2
23 33
1 7 2
653 687
1 4 2
250 817
1 2 2
536 14
1 10 2
914 723
1 12 2
857 157
1 13 2
596 213
1 11 2
240 641
1 7 2
297 62
1 14 2
119 744
1 4 2
586 721
1 14 2
209 426
1 5 2
570 73
1 15 2
330 488
1 5 2
124 580
1 11 2
746 86
1 11 2
182 897
1 6 2
262 928
1 9 2
135 887
1 14 2
246 189
1 4 2
179 718
1 13 2
607 146
1 5 2
769 147
1 3 2
298 308
1 3 2
28 884
1 13 2
976 789
1 13 2
984 494
1 2 2
935 486
1 3 2
872 70
1 5 2
121 870
1 13 2
83 962
1 4 2
165 731
1 5 2
337 759
1 14 2
808 510
1 13 2
681 617
1 5 2
880 138
1 3 2
750 346
1 9 2
854 255
1 11 2
571 28
1 6 2
828 467
1 14 2
35 681
1 7 2
615 61
1 14 2
636 816
1 5 2
875 170
1 6 2
234 622
1 3 2
637 826
1 14 2
88 747
1 10 2
334 432
1 11 2
648 517
1 14 2
485 812
1 6 2
783 932
1 7 2
980 335
1 4 2
649 572
1 10 2
650 175
1 14 2
507 743
1 11 2
472 450
1 10 2
340 432
1 8 2
858 881
1 3 2
848 840
1 9 2
364 804
1 4 2
34 847
1 13 2
553 170
1 12 2
193 957
1 15 2
829 887
1 9 2
921 781
1 12 2
726 593
1 7 2
341 438
1 7 2
471 443
1 3 2
980 558
1 4 2
21 537
1 15 2
284 13
1 4 2
700 691
1 15 2
623 734
1 15 2
129 466
1 9 2
239 869
1 5 2
495 250
1 5 2
713 958
1 9 2
363 222
1 10 2
667 668
1 13 2
802 925
1 12 2
416 486
1 7 2
240 522
1 3 2
260 275
1 13 2
984 87
1 9 2
350 344
1 9 2
927 886
1 11 2
515 234
1 12 2
303 491
1 5 2
504 626
1 15 2
793 962
1 10 2
939 415
1 7 2
936 939
1 4 2
963 24
1 8 2
95 175
1 13 2
369 909
1 13 2
237 22
1 2 2
3 678
1 13 2
866 153
1 2 2
248 768
1 6 2
707 815
1 13 2
574 461
1 11 2
550 152
1 6 2
702 86
1 8 2
858 995
1 12 2
833 212
1 13 2
568 256
1 8 2
905 220
1 6 2
623 899
1 15 2
179 885
1 14 2
221 953
1 6 2
459 85
1 8 2
790 563
1 13 2
32 686
1 4 2
714 878
1 13 2
970 748
1 15 2
1 734
1 9 2
305 530
1 2 2
259 513
1 9 2
746 172
1 11 2
312 359
1 8 2
165 738
1 15 2
721 213
1 6 2
874 516
1 9 2
464 590
1 10 2
688 849
1 7 2
502 532
1 14 2
375 182
1 12 2
934 26
1 15 2
384 147
1 2 2
439 111
1 10 2
637 262
1 12 2
953 3
1 6 2
990 440
1 12 2
482 711
1 13 2
109 779
1 7 2
468 980
1 8 2
364 158
1 10 2
469 970
1 5 2
19 414
1 5 2
436 16
1 9 2
159 802
1 14 2
906 88
1 4 2
332 685
1 4 2
711 994
1 12 2
682 438
1 12 2
735 376
1 15 2
375 355
1 10 2
988 430
1 14 2
77 46
1 5 2
68 184
1 6 2
874 909
1 10 2
584 401
1 2 2
806 714
1 11 2
196 832
1 5 2
186 299
1 10 2
850 441
1 10 2
813 423
1 8 2
481 425
1 3 2
103 379
1 13 2
581 719
1 15 2
228 443
1 7 2
217 439
1 13 2
889 905
1 3 2
914 768
1 9 2
730 223
1 4 2
944 85
1 14 2
92 406
1 6 2
867 776
1 10 2
686 460
1 4 2
273 512
1 9 2
34 390
1 4 2
969 512
1 12 2
771 927
1 10 2
806 400
1 14 2
297 874
1 7 2
943 108
1 15 2
181 333
1 3 2
887 137
1 6 2
607 999
1 12 2
476 537
1 15 2
350 6
1 7 2
328 655
1 10 2
665 495
1 4 2
164 830
1 13 2
967 442
1 5 2
181 21
1 3 2
157 583
1 4 2
715 270
1 8 2
482 820
1 13 2
882 608
1 15 2
105 771
1 2 2
392 435
1 8 2
923 448
1 9 2
393 75
1 8 2
919 229
1 10 2
267 544
1 8 2
593 571
1 13 2
293 938
1 3 2
927 199
1 7 2
225 567
1 14 2
84 188
1 12 2
80 425
1 13 2
997 30
1 11 2
208 172
1 5 2
473 345
1 14 2
294 600
1 12 2
478 408
1 9 2
598 591
1 9 2
197 945
1 7 2
929 823
1 2 2
922 237
1 15 2
616 835
1 4 2
688 99
1 4 2
873 717
1 12 2
779 486
1 13 2
815 580
1 4 2
179 132
1 14 2
491 870
1 10 2
115 823
1 14 2
728 620
1 3 2
500 865
1 3 2
447 425
1 6 2
432 502
1 5 2
958 734
1 10 2
699 47
1 11 2
938 765
1 8 2
50 142
1 9 2
79 287
1 4 2
372 92
1 14 2
642 294
1 14 2
433 958
1 12 2
554 335
1 7 2
46 106
1 7 2
198 558
1 15 2
969 564
1 9 2
648 130
1 10 2
470 676
1 4 2
197 368
1 2 2
753 756
1 7 2
598 621
1 15 2
761 127
1 12 2
223 245
1 13 2
903 189
1 5 2
16 285
1 10 2
891 564
1 13 2
84 942
1 3 2
147 334
1 3 2
225 205
1 15 2
888 674
1 15 2
594 499
1 15 2
980 930
1 13 2
623 240
1 3 2
954 354
1 15 2
528 862
1 13 2
75 571
1 11 2
374 12
1 15 2
521 94
1 6 2
292 405
1 5 2
833 177
1 15 2
958 924
1 10 2
511 646
1 4 2
409 203
1 3 2
818 361
1 12 2
488 322
1 10 2
278 943
1 4 2
168 79
1 2 2
945 145
1 13 2
339 560
1 13 2
261 984
1 15 2
579 302
1 8 2
753 456
1 4 2
626 635
1 12 2
948 920
1 12 2
967 173
1 6 2
284 402
1 4 2
253 350
1 14 2
22 46
1 9 2
700 781
1 2 2
312 488
1 12 2
879 803
1 11 2
68 761
1 6 2
988 490
1 5 2
202 186
1 4 2
940 267
1 15 2
265 781
1 10 2
442 985
1 11 2
851 982
1 11 2
439 391
1 7 2
612 760
1 11 2
154 71
1 7 2
2 661
1 10 2
626 81
1 12 2
539 598
1 13 2
309 109
1 9 2
438 670
1 3 2
936 741
1 2 2
633 292
1 7 2
502 179
1 8 2
43 950
1 5 2
249 856
1 5 2
573 9
1 11 2
0 40
1 9 2
8 718
1 2 2
781 530
1 4 2
982 205
1 9 2
921 743
1 13 2
301 422
1 12 2
925 19
1 3 2
273 375
1 6 2
253 473
1 2 2
169 132
1 2 2
690 155
1 11 2
700 961
1 15 2
999 469
1 5 2
569 765
1 7 2
672 524
1 15 2
333 512
1 12 2
634 439
1 4 2
596 134
1 10 2
457 748
1 4 2
743 72
1 13 2
184 680
1 5 2
948 829
1 5 2
164 741
1 5 2
802 101
1 14 2
606 517
1 5 2
713 446
1 6 2
56 852
1 10 2
20 32
1 12 2
388 718
1 15 2
287 930
1 9 2
268 937
1 9 2
992 588
1 10 2
737 145
1 11 2
323 210
1 10 2
160 477
1 2 2
878 44
1 13 2
721 652
1 7 2
450 187
1 7 2
82 216
1 8 2
61 113
1 3 2
344 780
1 6 2
406 767
1 15 2
243 215
1 11 2
469 593
1 3 2
832 276
1 10 2
352 740
1 4 2
161 309
1 6 2
169 410
1 6 2
597 656
1 5 2
703 3
1 7 2
534 542
1 7 2
173 392
1 4 2
729 642
1 13 2
841 781
1 4 2
399 293
1 13 2
281 517
1 3 2
493 290
1 13 2
386 618
1 15 2
576 166
1 15 2
721 208
1 13 2
817 709
1 15 2
817 669
1 13 2
886 618
1 7 2
185 198
1 14 2
718 425
1 9 2
155 696
1 5 2
782 294
1 13 2
26 359
1 10 2
571 825
1 10 2
425 666
1 2 2
87 214
1 6 2
366 337
1 12 2
331 674
1 4 2
293 182
1 11 2
958 902
1 3 2
215 510
1 11 2
682 152
1 9 2
655 778
1 4 2
472 711
1 4 2
738 381
1 13 2
694 545
1 3 2
150 554
1 3 2
431 643
1 3 2
663 438
1 2 2
518 451
1 3 2
336 811
1 6 2
714 845
1 8 2
161 687
1 15 2
758 856
1 5 2
464 478
1 9 2
445 590
1 14 2
43 425
1 15 2
22 184
1 5 2
793 537
1 5 2
717 933
1 13 2
28 212
1 8 2
458 454
1 12 2
392 621
1 12 2
499 520
1 15 2
295 317
1 10 2
498 423
1 2 2
881 749
1 15 2
335 74
1 11 2
443 450
1 11 2
427 454
1 2 2
433 392
1 11 2
36 3
1 7 2
902 857
1 9 2
215 277
1 15 2
486 438
1 7 2
39 609
1 11 2
869 607
1 12 2
942 330
1 5 2
772 277
1 10 2
467 948
1 3 2
996 357
1 14 2
990 224
1 6 2
589 536
1 15 2
627 562
1 11 2
560 640
1 5 2
584 849
1 7 2
562 850
1 2 2
715 398
1 11 2
488 127
1 14 2
218 22
1 14 2
762 351
1 14 2
709 787
1 9 2
850 817
1 9 2
115 79
1 14 2
705 510
1 4 2
956 128
1 6 2
575 674
1 2 2
192 261
1 7 2
548 95
1 7 2
52 503
1 4 2
894 8
1 4 2
119 171
1 14 2
334 297
1 15 2
442 846
1 9 2
659 347
1 10 2
767 428
1 6 2
714 836
1 7 2
488 870
1 9 2
852 367
1 6 2
851 144
1 3 2
630 837
1 9 2
73 523
1 2 2
468 777
1 5 2
135 933
1 8 2
272 561
1 14 2
373 157
1 10 2
478 178
1 9 2
939 60
1 5 2
697 902
1 4 2
896 748
1 10 2
202 965
1 5 2
861 245
1 7 2
8 172
1 12 2
971 739
1 3 2
496 18
1 4 2
556 567
1 3 2
61 889
1 6 2
116 927
1 15 2
333 581
1 3 2
404 268
1 4 2
687 635
1 6 2
822 461
1 14 2
384 869
1 11 2
316 13
1 4 2
414 382
1 3 2
721 320
1 6 2
128 918
1 4 2
526 17
1 6 2
131 57
1 13 2
566 430
1 12 2
208 138
1 8 2
137 553
1 3 2
225 121
1 15 2
961 133
1 5 2
231 529
1 12 2
918 468
1 14 2
977 383
1 3 2
721 835
1 5 2
733 810
1 10 2
625 609
1 7 2
832 430
1 11 2
478 985
1 4 2
616 429
1 4 2
798 693
1 15 2
187 34
1 11 2
650 868
1 5 2
464 740
1 8 2
13 206
1 12 2
957 921
1 6 2
568 106
1 12 2
838 114
1 6 2
297 650
1 4 2
768 979
1 2 2
472 755
1 3 2
289 347
1 9 2
272 396
1 11 2
329 331
1 4 2
14 628
1 3 2
696 176
1 11 2
729 373
1 10 2
458 828
1 6 2
41 928
1 8 2
34 906
1 4 2
667 507
1 2 2
385 817
1 8 2
217 47
1 12 2
125 111
1 7 2
545 958
1 7 2
307 175
1 12 2
823 543
1 9 2
38 624
1 4 2
881 899
1 11 2
935 915
1 4 2
565 21
1 13 2
854 692
1 2 2
31 143
1 7 2
66 219
1 9 2
462 444
1 12 2
761 455
1 15 2
503 418
1 15 2
452 410
1 4 2
476 201
1 2 2
644 726
1 10 2
482 128
1 5 2
801 472
1 10 2
728 469
1 6 2
927 541
1 10 2
797 410
1 10 2
46 530
1 15 2
104 797
1 11 2
545 734
1 13 2
264 627
1 13 2
688 77
1 6 2
148 344
1 5 2
575 579
1 14 2
420 102
1 6 2
98 150
1 14 2
575 393
1 3 2
826 645
1 2 2
874 857
1 4 2
507 179
1 7 2
454 440
1 9 2
231 869
1 12 2
541 45
1 3 2
931 375
1 7 2
505 95
1 4 2
784 656
1 5 2
976 922
1 5 2
399 441
1 13 2
722 943
1 14 2
572 859
1 9 2
134 891
1 13 2
689 705
1 9 2
510 83
1 11 2
220 566
1 14 2
682 645
1 13 2
690 789
1 5 2
931 769
1 9 2
876 985
1 6 2
921 450
1 15 2
924 790
1 15 2
690 360
1 5 2
587 226
1 6 2
231 479
1 12 2
374 960
1 14 2
187 872
1 2 2
645 896
1 12 2
374 846
1 12 2
440 368
1 6 2
152 947
1 10 2
72 47
1 6 2
288 27
1 15 2
4 948
1 14 2
781 404
1 5 2
745 309
1 12 2
213 259
1 3 2
478 771
1 15 2
588 863
1 6 2
432 769
1 3 2
950 531
1 4 2
235 117
1 12 2
251 176
1 13 2
905 758
1 4 2
428 752
1 13 2
37 990
1 4 2
966 386
1 6 2
445 958
1 13 2
225 485
1 5 2
163 236
1 13 2
319 587
1 2 2
414 457
1 13 2
779 626
1 9 2
898 948
1 3 2
395 489
1 15 2
603 784
1 3 2
213 399
1 12 2
850 215
1 10 2
56 963
1 5 2
677 501
1 2 2
348 397
1 7 2
165 690
1 13 2
32 575
1 5 2
58 918
1 3 2
982 639
1 3 2
833 113
1 6 2
191 432
1 10 2
257 805
1 8 2
567 406
1 13 2
404 874
1 12 2
112 988
1 7 2
56 379
1 11 2
900 150
1 15 2
745 246
1 14 2
631 568
1 15 2
469 15
1 12 2
921 705
1 11 2
606 374
1 9 2
499 992
1 12 2
767 330
1 10 2
244 656
1 9 2
53 491
1 4 2
606 352
1 4 2
341 474
1 4 2
483 326
1 14 2
908 127
1 7 2
714 530
1 13 2
136 640
1 10 2
195 666
1 15 2
857 993
1 6 2
785 979
1 11 2
722 485
1 10 2
595 727
1 8 2
322 378
1 13 2
951 585
1 3 2
459 644
1 2 2
655 874
1 6 2
963 123
1 11 2
255 324
1 7 2
373 644
1 8 2
548 533
1 13 2
977 384
1 4 2
734 985
1 15 2
644 408
1 12 2
33 848
1 15 2
429 971
1 2 2
276 294
1 7 2
590 355
1 11 2
353 176
1 9 2
635 236
1 14 2
506 65
1 14 2
298 884
1 9 2
337 820
1 15 2
569 151
1 2 2
11 547
1 12 2
111 803
1 6 2
958 265
1 2 2
698 956
1 4 2
724 760
1 11 2
628 229
1 6 2
822 331
1 12 2
37 307
1 13 2
466 837
1 12 2
89 499
1 15 2
175 0
1 7 2
261 347
1 6 2
328 230
1 7 2
431 686
1 15 2
290 848
1 8 2
210 64
1 2 2
845 645
1 6 2
972 133
1 11 2
472 871
1 8 2
89 950
1 10 2
117 270
1 3 2
369 532
1 3 2
582 598
1 7 2
747 641
1 12 2
730 763
1 12 2
568 6
1 5 2
604 111
1 8 2
684 50
1 11 2
731 659
1 6 2
23 101
1 14 2
858 512
1 10 2
337 669
1 2 2
934 253
1 15 2
651 275
1 2 2
822 382
1 8 2
447 286
1 7 2
652 319
1 15 2
656 114
1 15 2
5 873
1 10 2
844 501
1 4 2
194 707
1 3 2
115 785
1 9 2
223 674
1 8 2
822 23
1 7 2
673 286
1 9 2
80 835
1 10 2
674 178
1 7 2
265 916
1 15 2
278 249
1 10 2
856 593
1 9 2
541 879
1 10 2
166 649
1 10 2
302 253
1 11 2
326 450
1 12 2
463 802
1 15 2
987 821
1 14 2
654 493
1 6 2
313 69
1 8 2
132 390
1 12 2
677 356
1 12 2
263 462
1 7 2
708 119
1 4 2
831 7
1 9 2
511 135
1 12 2
662 668
1 8 2
668 1
1 15 2
895 67
1 7 2
389 737
1 8 2
778 49
1 6 2
47 580
1 3 2
730 511
1 7 2
886 968
1 15 2
870 812
1 10 2
370 981
1 4 2
390 79
1 9 2
758 42
1 11 2
831 454
1 4 2
851 506
1 9 2
791 834
1 3 2
311 412
1 11 2
955 61
1 8 2
790 396
1 3 2
708 894
1 10 2
874 490
1 9 2
438 850
1 5 2
747 567
1 13 2
961 677
1 14 2
172 390
1 12 2
530 569
1 8 2
775 45
1 6 2
333 164
1 7 2
78 463
1 3 2
62 57
1 7 2
813 107
1 4 2
993 903
1 12 2
229 31
1 11 2
459 141
1 11 2
649 115
1 6 2
821 13
1 2 2
951 880
1 9 2
892 465
1 9 2
888 561
1 2 2
561 855
1 5 2
576 69
1 6 2
402 247
1 9 2
707 644
1 3 2
339 389
1 8 2
499 912
1 13 2
808 459
1 4 2
421 857
1 2 2
334 868
1 9 2
209 145
1 4 2
666 888
1 7 2
545 186
1 5 2
652 225
1 13 2
503 144
1 2 2
262 132
1 14 2
733 352
1 13 2
195 217
1 9 2
661 779
1 7 2
164 249
1 10 2
116 525
1 4 2
866 936
1 8 2
762 458
1 10 2
258 316
1 9 2
163 178
1 5 2
665 725
1 7 2
164 536
1 6 2
7 544
1 12 2
25 875
1 11 2
914 861
1 12 2
808 145
1 3 2
862 907
1 11 2
17 115
1 7 2
807 901
1 3 2
935 398
1 10 2
212 256
1 15 2
525 890
1 12 2
750 79
1 6 2
510 806
1 9 2
260 950
1 5 2
741 404
1 7 2
290 345
1 10 2
492 850
1 15 2
815 837
1 2 2
675 642
1 6 2
736 806
1 14 2
954 368
1 7 2
407 125
1 5 2
348 546
1 8 2
819 780
1 6 2
294 22
1 12 2
276 20
1 14 2
367 782
1 9 2
242 234
1 10 2
393 999
1 7 2
704 675
1 13 2
579 192
1 3 2
921 438
1 7 2
255 45
1 9 2
371 769
1 12 2
512 592
1 15 2
715 897
1 4 2
923 75
1 6 2
668 982
1 5 2
400 752
1 14 2
658 838
1 13 2
401 951
1 6 2
692 338
1 15 2
645 773
1 12 2
78 323
1 15 2
875 646
1 3 2
456 947
1 11 2
267 662
1 14 2
359 935
1 5 2
250 182
1 11 2
629 16
1 14 2
574 200
1 4 2
525 801
1 9 2
266 552
1 8 2
373 991
1 7 2
369 386
1 13 2
675 231
1 13 2
336 57
1 14 2
924 920
1 2 2
8 215
1 8 2
593 359
1 9 2
811 654
1 9 2
386 839
1 4 2
207 57
1 5 2
131 94
1 11 2
832 602
1 4 2
651 274
1 3 2
541 51
1 2 2
565 680
1 6 2
38 537
1 12 2
774 37
1 3 2
252 640
1 7 2
661 135
1 7 2
617 329
1 8 2
914 407
1 15 2
803 335
1 9 2
65 404
1 5 2
299 12
1 8 2
247 405
1 13 2
129 514
1 11 2
282 818
1 12 2
931 557
1 14 2
343 879
1 8 2
395 858
1 2 2
967 469
1 9 2
553 399
1 2 2
872 364
1 7 2
786 80
1 5 2
493 67
1 5 2
499 595
1 14 2
282 886
1 14 2
471 148
1 11 2
1 379
1 10 2
595 822
1 9 2
46 622
1 5 2
184 446
1 5 2
471 17
1 5 2
427 570
1 3 2
762 758
1 15 2
705 78
1 12 2
263 998
1 7 2
333 854
1 6 2
884 357
1 8 2
686 267
1 14 2
858 877
1 2 2
235 249
1 10 2
649 75
1 7 2
338 75
1 7 2
950 320
1 11 2
634 841
1 4 2
850 250
1 7 2
61 525
1 8 2
371 458
1 15 2
256 935
1 15 2
695 961
1 4 2
570 204
1 4 2
896 49
1 8 2
707 36
1 4 2
895 406
1 9 2
887 284
1 15 2
57 301
1 8 2
61 562
1 14 2
301 946
1 11 2
632 121
1 10 2
547 796
1 14 2
357 332
1 9 2
236 906
1 12 2
242 675
1 15 2
666 971
1 8 2
745 51
1 7 2
441 871
1 8 2
874 318
1 7 2
81 600
1 12 2
405 438
1 14 2
577 602
1 15 2
516 575
1 11 2
833 54
1 6 2
194 0
1 11 2
959 500
1 3 2
316 333
1 4 2
315 914
1 10 2
467 415
1 11 2
992 741
1 3 2
431 786
1 13 2
80 784
1 12 2
778 553
1 3 2
813 30
1 15 2
346 234
1 12 2
993 701
1 4 2
348 874
1 6 2
774 361
1 4 2
295 901
1 2 2
508 613
1 5 2
477 630
1 6 2
709 917
1 9 2
525 558
1 5 2
397 354
1 14 2
275 877
1 9 2
399 157
1 2 2
196 827
1 15 2
628 748
1 14 2
716 318
1 7 2
529 125
1 13 2
677 221
1 13 2
709 264
1 5 2
642 884
1 7 2
857 278
1 7 2
341 975
1 12 2
594 763
1 15 2
56 287
1 7 2
566 969
1 12 2
875 342
1 9 2
653 241
1 2 2
349 772
1 5 2
642 414
1 10 2
728 457
1 12 2
630 201
1 2 2
938 661
1 5 2
343 908
1 10 2
328 191
1 14 2
517 721
1 15 2
486 888
1 11 2
545 90
1 2 2
743 628
1 5 2
545 956
1 14 2
67 358
1 13 2
784 923
1 11 2
117 220
1 4 2
433 966
1 4 2
276 53
1 10 2
819 1
1 15 2
686 514
1 11 2
6 11
1 7 2
122 119
1 4 2
88 649
1 14 2
524 25
1 4 2
125 451
1 3 2
762 345
1 6 2
576 332
1 12 2
185 377
1 13 2
873 985
1 2 2
171 450
1 13 2
928 375
1 12 2
146 927
1 12 2
816 136
1 10 2
359 255
1 5 2
320 301
1 3 2
436 749
1 4 2
112 15
1 11 2
446 130
1 13 2
391 46
1 15 2
355 141
1 6 2
950 628
1 8 2
650 973
1 7 2
434 875
1 10 2
929 295
1 10 2
736 110
1 5 2
292 414
1 12 2
754 541
1 14 2
587 128
1 11 2
549 943
1 3 2
147 137
1 6 2
891 663
1 15 2
89 299
1 3 2
679 695
1 6 2
797 291
1 8 2
884 636
1 13 2
165 885
1 3 2
968 426
1 9 2
128 557
1 2 2
404 109
1 7 2
754 699
1 11 2
345 496
1 6 2
596 716
1 9 2
380 932
1 8 2
751 180
1 3 2
832 762
1 15 2
680 451
1 15 2
553 89
1 12 2
969 473
1 5 2
425 627
1 5 2
689 613
1 9 2
1 954
1 13 2
882 888
1 5 2
460 909
1 10 2
805 82
1 15 2
262 293
1 13 2
193 30
1 12 2
463 243
1 15 2
253 640
1 7 2
557 695
1 3 2
26 124
1 6 2
531 550
1 5 2
98 778
1 7 2
967 151
1 7 2
526 2
1 4 2
461 998
1 14 2
788 218
1 5 2
589 891
1 6 2
195 446
1 3 2
392 231
1 5 2
61 516
1 10 2
936 712
1 3 2
872 990
1 7 2
658 57
1 5 2
388 816
1 10 2
311 665
1 5 2
422 510
1 6 2
751 936
1 6 2
559 365
1 5 2
511 477
1 6 2
17 99
1 7 2
898 951
1 4 2
211 373
1 6 2
20 770
1 11 2
525 295
1 3 2
975 786
1 14 2
222 593
1 2 2
226 848
1 7 2
111 347
1 11 2
714 576
1 11 2
582 274
1 12 2
441 940
1 15 2
203 869
1 10 2
795 448
1 12 2
677 877
1 9 2
301 446
1 4 2
473 201
1 11 2
496 201
1 15 2
988 486
1 14 2
324 992
1 5 2
114 924
1 14 2
424 696
1 7 2
229 13
1 12 2
465 769
1 13 2
362 906
1 9 2
285 280
1 7 2
300 739
1 9 2
169 897
1 5 2
417 457
1 3 2
924 691
1 10 2
168 241
1 2 2
827 709
1 6 2
253 387
1 7 2
44 171
1 15 2
206 884
1 14 2
38 42
1 3 2
970 688
1 13 2
582 501
1 12 2
828 888
1 3 2
331 688
1 3 2
677 590
1 15 2
428 140
1 14 2
629 401
1 7 2
426 69
1 15 2
113 978
1 10 2
131 329
1 11 2
873 49
1 4 2
194 45
1 13 2
946 582
1 13 2
418 945
1 2 2
76 668
1 13 2
609 990
1 5 2
680 697
1 12 2
708 895
1 14 2
111 246
1 2 2
878 847
1 6 2
949 418
1 6 2
916 656
1 2 2
519 200
1 15 2
578 736
1 12 2
93 914
1 15 2
864 810
1 11 2
815 656
1 2 2
190 145
1 6 2
490 11
1 15 2
953 242
1 6 2
388 989
1 7 2
74 416
1 12 2
413 333
1 3 2
901 983
1 2 2
338 239
1 14 2
434 392
1 7 2
990 245
1 15 2
894 571
1 10 2
292 977
1 11 2
524 265
1 6 2
448 781
1 2 2
390 239
1 14 2
499 533
1 12 2
276 297
1 11 2
222 990
1 2 2
324 674
1 6 2
171 276
1 12 2
765 485
1 5 2
6 439
1 8 2
357 282
1 8 2
609 168
1 2 2
558 33
1 2 2
38 871
1 6 2
88 516
1 2 2
952 541
1 8 2
952 867
1 11 2
679 81
1 7 2
743 330
1 7 2
76 320
1 13 2
266 951
1 13 2
313 362
1 7 2
856 160
1 4 2
723 479
1 6 2
927 210
1 9 2
441 113
1 3 2
142 976
1 13 2
685 885
1 13 2
600 637
1 12 2
18 463
1 4 2
7 194
1 6 2
59 194
1 14 2
644 186
1 13 2
633 588
1 10 2
254 294
1 3 2
323 275
1 2 2
925 125
1 6 2
622 159
1 7 2
348 858
1 2 2
195 890
1 2 2
82 425
1 10 2
378 346
1 12 2
923 836
1 3 2
757 814
1 9 2
387 874
1 11 2
641 271
1 7 2
116 453
1 12 2
433 35
1 15 2
240 417
1 11 2
754 804
1 9 2
677 112
1 6 2
284 203
1 10 2
598 818
1 4 2
581 109
1 6 2
443 585
1 12 2
778 831
1 7 2
825 498
1 6 2
429 897
1 7 2
319 21
1 12 2
253 752
1 11 2
952 103
1 10 2
862 495
1 14 2
37 383
1 10 2
317 245
1 4 2
869 84
1 11 2
274 824
1 4 2
111 222
1 15 2
670 152
1 3 2
699 497
1 15 2
695 928
1 2 2
13 602
1 8 2
192 556
1 10 2
946 560
1 5 2
544 885
1 13 2
631 55
1 5 2
204 565
1 6 2
123 706
1 12 2
711 677
1 5 2
617 368
1 9 2
752 789
1 11 2
318 429
1 12 2
439 283
1 13 2
599 368
1 9 2
252 913
1 14 2
287 536
1 14 2
536 270
1 2 2
981 576
1 4 2
190 507
1 14 2
737 410
1 11 2
925 806
1 8 2
699 143
1 10 2
593 985
1 10 2
586 157
1 2 2
449 159
1 11 2
466 430
1 14 2
85 2
1 2 2
696 341
1 15 2
113 5
1 5 2
180 658
1 6 2
418 630
1 15 2
281 240
1 12 2
755 879
1 8 2
185 483
1 3 2
994 175
1 4 2
306 312
1 14 2
589 706
1 12 2
97 362
1 14 2
261 891
1 15 2
934 151
1 12 2
205 969
1 13 2
193 560
1 6 2
611 368
1 11 2
569 442
1 2 2
1 200
1 8 2
566 876
1 13 2
13 868
1 5 2
343 420
1 13 2
200 266
1 11 2
638 694
1 14 2
365 850
1 13 2
462 342
1 12 2
793 512
1 6 2
749 297
1 9 2
287 875
1 14 2
660 241
1 14 2
910 652
1 2 2
456 60
1 9 2
750 880
1 9 2
997 349
1 6 2
567 648
1 5 2
676 491
1 7 2
831 229
1 6 2
54 616
1 9 2
157 590
1 12 2
739 637
1 11 2
569 137
1 14 2
160 261
1 3 2
459 7
1 10 2
690 430
1 11 2
131 859
1 5 2
78 984
1 8 2
932 994
1 2 2
235 751
1 14 2
933 600
1 13 2
623 423
1 6 2
412 717
1 4 2
583 23
1 8 2
816 300
1 11 2
892 8
1 12 2
176 843
1 8 2
348 560
1 13 2
747 995
1 11 2
804 341
1 4 2
433 7
1 13 2
827 459
1 14 2
231 369
1 2 2
813 910
1 4 2
182 946
1 15 2
581 634
1 14 2
727 561
1 7 2
629 408
1 15 2
654 820
1 10 2
800 871
1 4 2
732 560
1 12 2
342 559
1 6 2
507 390
1 8 2
952 291
1 5 2
180 865
1 8 2
513 682
1 3 2
65 935
1 5 2
742 898
1 2 2
451 509
1 8 2
516 754
1 3 2
312 302
1 6 2
6 302
1 9 2
567 571
1 9 2
48 754
1 12 2
737 513
1 4 2
528 926
1 15 2
979 413
1 9 2
870 825
1 15 2
183 310
1 9 2
927 218
1 5 2
278 683
1 9 2
312 406
1 5 2
908 580
1 3 2
195 104
1 13 2
612 498
1 10 2
181 599
1 6 2
724 837
1 11 2
808 171
1 12 2
361 731
1 6 2
198 75
1 14 2
372 969
1 3 2
166 197
1 2 2
124 597
1 12 2
351 108
1 11 2
651 713
1 5 2
540 704
1 4 2
346 403
1 6 2
21 620
1 11 2
521 662
1 11 2
858 147
1 14 2
430 60
1 8 2
923 884
1 12 2
687 212
1 3 2
715 548
1 11 2
141 494
1 13 2
586 797
1 8 2
411 795
1 6 2
204 420
1 11 2
630 399
1 12 2
370 838
1 4 2
447 607
1 12 2
369 249
1 7 2
126 261
1 6 2
771 194
1 4 2
114 911
1 8 2
739 906
1 15 2
463 276
1 8 2
654 548
1 11 2
46 213
1 8 2
365 642
1 7 2
318 570
1 10 2
792 521
1 7 2
906 922
1 13 2
443 356
1 12 2
950 109
1 2 2
837 246
1 13 2
825 11
1 10 2
499 255
1 12 2
527 826
1 4 2
123 240
1 6 2
404 499
1 5 2
898 792
1 12 2
474 422
1 14 2
659 220
1 11 2
635 290
1 9 2
669 156
1 9 2
789 983
1 3 2
562 440
1 8 2
519 998
1 8 2
66 732
1 8 2
838 411
1 5 2
628 655
1 2 2
642 672
1 5 2
706 952
1 5 2
992 65
1 14 2
800 436
1 12 2
352 920
1 4 2
906 760
1 10 2
341 599
1 4 2
437 275
1 14 2
333 572
1 15 2
233 828
1 14 2
431 943
1 14 2
176 965
1 14 2
818 16
1 11 2
662 943
1 15 2
877 166
1 9 2
226 263
1 10 2
27 996
1 9 2
24 696
1 15 2
926 458
1 14 2
316 783
1 12 2
864 197
1 7 2
437 17
1 11 2
121 312
1 4 2
27 510
1 5 2
39 247
1 3 2
27 586
1 14 2
472 378
1 13 2
121 976
1 9 2
322 411
1 5 2
234 701
1 5 2
97 666
1 2 2
585 170
1 5 2
627 95
1 5 2
357 977
1 15 2
935 369
1 9 2
253 0
1 10 2
58 582
1 10 2
351 576
1 6 2
936 706
1 4 2
408 320
1 11 2
766 32
1 11 2
344 251
1 2 2
744 97
1 5 2
405 509
1 9 2
424 36
1 11 2
271 543
1 13 2
587 898
1 5 2
240 677
1 12 2
885 909
1 12 2
350 463
1 5 2
371 741
1 4 2
305 476
1 5 2
159 300
1 3 2
914 314
1 5 2
401 922
1 2 2
413 294
1 7 2
723 604
1 5 2
420 3
1 5 2
402 656
1 8 2
388 716
1 7 2
805 384
1 13 2
116 328
1 11 2
942 294
1 6 2
52 252
1 12 2
834 327
1 13 2
589 465
1 5 2
693 669
1 7 2
171 916
1 7 2
565 19
1 7 2
479 921
1 5 2
289 761
1 6 2
858 501
1 14 2
761 168
1 13 2
734 386
1 9 2
598 594
1 6 2
68 712
1 3 2
645 187
1 12 2
961 696
1 4 2
27 787
1 14 2
482 765
1 4 2
561 668
1 4 2
82 624
1 15 2
687 953
1 4 2
802 304
1 15 2
325 498
1 8 2
19 129
1 2 2
283 760
1 4 2
409 469
1 10 2
360 90
1 2 2
81 426
1 10 2
273 565
1 6 2
61 721
1 8 2
299 128
1 6 2
86 3
1 3 2
73 570
1 10 2
593 357
1 14 2
600 140
1 8 2
445 501
1 15 2
454 90
1 2 2
580 960
1 9 2
181 70
1 8 2
224 901
1 3 2
807 533
1 12 2
428 237
1 13 2
413 656
1 11 2
328 154
1 15 2
268 709
1 8 2
204 261
1 6 2
123 848
1 9 2
587 219
1 13 2
785 464
1 13 2
567 905
1 11 2
49 534
1 14 2
694 169
1 12 2
36 303
1 3 2
335 468
1 15 2
955 145
1 4 2
620 67
1 5 2
850 301
1 4 2
846 709
1 8 2
869 535
1 13 2
597 719
1 6 2
174 641
1 4 2
138 770
1 2 2
769 997
1 4 2
775 123
1 6 2
906 208
1 6 2
416 69
1 5 2
504 317
1 4 2
325 851
1 3 2
22 860
1 6 2
640 729
1 6 2
581 227
1 11 2
12 877
1 12 2
470 301
1 2 2
223 180
1 8 2
355 263
1 4 2
130 355
1 3 2
681 976
1 15 2
314 253
1 6 2
847 8
1 8 2
641 360
1 5 2
686 795
1 12 2
821 865
1 11 2
450 422
1 14 2
151 690
1 2 2
952 133
1 7 2
650 690
1 10 2
702 173
1 2 2
960 956
1 12 2
159 403
1 3 2
382 114
1 12 2
536 793
1 4 2
700 808
1 14 2
448 76
1 6 2
986 830
1 4 2
9 491
1 8 2
884 673
1 10 2
691 399
1 7 2
175 620
1 4 2
718 531
1 13 2
984 917
1 10 2
258 802
1 7 2
231 742
1 3 2
312 597
1 8 2
147 141
1 6 2
409 731
1 3 2
444 24
1 7 2
768 627
1 10 2
766 449
1 8 2
616 870
1 15 2
46 215
1 9 2
523 280
1 11 2
87 669
1 10 2
295 146
1 12 2
652 489
1 11 2
823 640
1 9 2
467 312
1 10 2
909 716
1 13 2
917 136
1 8 2
977 246
1 9 2
800 1
1 13 2
653 851
1 11 2
960 488
1 4 2
493 628
1 2 2
289 436
1 10 2
607 583
1 4 2
281 481
1 10 2
415 180
1 2 2
527 28
1 14 2
817 341
1 15 2
38 575
1 13 2
622 566
1 4 2
849 211
1 3 2
500 992
1 14 2
987 319
1 6 2
360 982
1 8 2
499 85
1 8 2
295 15
1 4 2
530 619
1 14 2
393 472
1 2 2
803 828
1 6 2
863 460
1 5 2
150 663
1 10 2
731 132
1 9 2
633 353
1 15 2
158 111
1 6 2
104 372
1 12 2
75 42
1 13 2
241 556
1 2 2
877 379
1 7 2
954 14
1 5 2
358 353
1 15 2
564 318
1 7 2
240 578
1 15 2
146 609
1 15 2
495 54
1 11 2
235 575
1 14 2
498 848
1 7 2
80 286
1 13 2
21 70
1 8 2
99 55
1 4 2
343 971
1 4 2
757 89
1 6 2
706 981
1 7 2
759 593
1 14 2
229 120
1 4 2
24 129
1 15 2
178 292
1 10 2
649 36
1 9 2
840 864
1 15 2
503 75
1 15 2
199 389
1 14 2
770 761
1 5 2
170 216
1 7 2
393 497
1 9 2
1 306
1 15 2
243 921
1 6 2
560 159
1 4 2
968 423
1 14 2
70 123
1 15 2
742 284
1 9 2
658 68
1 10 2
418 186
1 6 2
52 14
1 10 2
576 288
1 14 2
278 952
1 2 2
670 530
1 9 2
741 379
1 14 2
860 605
1 9 2
58 844
1 5 2
762 99
1 5 2
707 740
1 15 2
25 334
1 7 2
712 433
1 5 2
640 152
1 3 2
816 104
1 15 2
798 409
1 10 2
324 672
1 8 2
872 617
1 8 2
245 503
1 7 2
728 200
1 2 2
739 438
1 12 2
169 497
1 13 2
324 690
1 7 2
793 485
1 6 2
397 596
1 2 2
804 646
1 15 2
842 681
1 7 2
366 34
1 3 2
582 615
1 4 2
720 916
1 15 2
363 296
1 10 2
934 495
1 10 2
601 490
1 15 2
624 887
1 9 2
413 962
1 4 2
793 312
1 5 2
82 34
1 8 2
915 467
1 12 2
581 573
1 8 2
280 441
1 14 2
683 446
1 11 2
272 23
1 9 2
261 83
1 5 2
367 697
1 9 2
540 55
1 5 2
967 779
1 10 2
788 613
1 4 2
189 872
1 8 2
505 507
1 15 2
563 301
1 9 2
180 398
1 12 2
940 150
1 9 2
905 715
1 4 2
661 341
1 13 2
841 740
1 6 2
744 935
1 12 2
797 481
1 14 2
522 450
1 5 2
485 308
1 5 2
214 836
1 14 2
283 826
1 7 2
711 92
1 3 2
809 718
1 14 2
315 31
1 7 2
22 341
1 13 2
29 404
1 15 2
721 847
1 5 2
49 726
1 9 2
935 641
1 10 2
93 559
1 12 2
36 244
1 5 2
359 300
1 11 2
786 810
1 11 2
884 608
1 7 2
81 995
1 6 2
253 534
1 4 2
377 441
1 3 2
529 4
1 15 2
77 245
1 4 2
963 491
1 4 2
331 618
1 6 2
703 209
1 8 2
328 96
1 13 2
131 643
1 2 2
911 13
1 15 2
273 688
1 5 2
115 75
1 13 2
340 256
1 7 2
465 90
1 10 2
404 786
1 6 2
69 241
1 6 2
206 454
1 7 2
451 78
1 6 2
448 815
1 2 2
87 356
1 5 2
325 118
1 13 2
220 416
1 2 2
587 125
1 3 2
984 876
1 6 2
107 873
1 13 2
97 417
1 4 2
841 340
1 3 2
475 353
1 3 2
915 587
1 13 2
156 901
1 2 2
117 538
1 11 2
819 666
1 13 2
889 721
1 8 2
393 930
1 9 2
269 601
1 10 2
700 445
1 8 2
700 730
1 13 2
501 76
1 13 2
446 829
1 10 2
259 729
1 12 2
373 533
1 7 2
556 104
1 12 2
961 514
1 6 2
709 701
1 14 2
755 818
1 2 2
864 407
1 13 2
139 381
1 2 2
385 253
1 4 2
113 764
1 15 2
365 736
1 4 2
790 554
1 7 2
40 962
1 14 2
853 467
1 5 2
603 53
1 7 2
145 635
1 3 2
6 989
1 8 2
302 301
1 3 2
391 567
1 3 2
598 421
1 14 2
91 344
1 4 2
200 570
1 3 2
976 280
1 10 2
228 196
1 4 2
790 670
1 3 2
324 350
1 7 2
636 15
1 10 2
962 414
1 10 2
866 154
1 9 2
898 560
1 11 2
790 153
1 3 2
772 283
1 2 2
577 356
1 12 2
476 650
1 5 2
911 251
1 8 2
295 405
1 14 2
631 316
1 7 2
384 250
1 7 2
64 850
1 12 2
601 920
1 5 2
655 86
1 10 2
28 160
1 4 2
203 857
1 3 2
388 217
1 12 2
647 500
1 7 2
277 640
1 14 2
797 948
1 3 2
154 223
1 13 2
178 929
1 7 2
462 159
1 6 2
762 645
1 12 2
929 206
1 10 2
108 449
1 8 2
861 363
1 9 2
839 178
1 11 2
839 216
1 2 2
928 563
1 15 2
696 941
1 4 2
182 211
1 2 2
322 496
1 13 2
733 661
1 9 2
226 175
1 14 2
136 496
1 15 2
968 340
1 10 2
636 267
1 8 2
782 247
1 14 2
855 985
1 3 2
808 116
1 12 2
824 180
1 11 2
830 494
1 12 2
356 739
1 8 2
532 864
1 15 2
697 682
1 12 2
955 547
1 13 2
60 400
1 13 2
328 339
1 4 2
340 147
1 15 2
486 711
1 10 2
511 484
1 8 2
309 9
1 11 2
805 471
1 2 2
446 217
1 7 2
248 426
1 7 2
153 656
1 8 2
294 681
1 9 2
971 924
1 3 2
661 981
1 9 2
441 148
1 5 2
894 843
1 8 2
604 79
1 11 2
461 747
1 6 2
945 739
1 9 2
851 834
1 3 2
434 114
1 10 2
231 945
1 11 2
782 851
1 2 2
61 105
1 3 2
470 135
1 12 2
906 273
1 8 2
366 90
1 2 2
170 729
1 12 2
983 106
1 11 2
904 206
1 12 2
2 174
1 15 2
109 326
1 13 2
961 631
1 11 2
421 967
1 4 2
429 548
1 3 2
299 156
1 14 2
646 282
1 14 2
93 8
1 4 2
170 120
1 8 2
894 451
1 2 2
99 637
1 9 2
202 612
1 4 2
508 506
1 12 2
113 149
1 11 2
989 779
1 8 2
873 438
1 14 2
504 607
1 9 2
561 111
1 9 2
181 722
1 12 2
204 235
1 7 2
600 118
1 13 2
732 902
1 15 2
262 469
1 4 2
205 757
1 2 2
752 110
1 11 2
391 645
1 11 2
532 48
1 12 2
250 767
1 15 2
645 845
1 5 2
356 195
1 5 2
165 864
1 12 2
343 688
1 7 2
419 696
1 2 2
287 418
1 12 2
83 638
1 10 2
463 40
1 9 2
656 764
1 9 2
737 333
1 4 2
123 437
1 10 2
648 5
1 10 2
635 99
1 2 2
144 204
1 4 2
280 33
1 6 2
229 676
1 7 2
272 825
1 10 2
657 578
1 14 2
201 806
1 11 2
871 651
1 13 2
530 333
1 8 2
360 748
1 7 2
876 784
1 5 2
840 714
1 2 2
189 356
1 13 2
318 241
1 8 2
363 556
1 3 2
436 656
1 9 2
515 295
1 14 2
108 637
1 14 2
66 108
1 14 2
123 909
1 2 2
715 242
1 13 2
745 126
1 14 2
250 191
1 4 2
409 805
1 12 2
766 68
1 15 2
310 44
1 2 2
542 489
1 4 2
696 70
1 10 2
777 645
1 4 2
229 999
1 9 2
399 155
1 8 2
576 895
1 13 2
922 375
1 12 2
38 33
1 12 2
30 537
1 11 2
578 654
1 7 2
980 41
1 8 2
843 812
1 12 2
737 359
1 10 2
20 426
1 9 2
768 381
1 15 2
373 181
1 5 2
469 947
1 9 2
822 732
1 11 2
795 671
1 13 2
976 801
1 5 2
477 244
1 15 2
990 757
1 4 2
772 370
1 4 2
600 760
1 15 2
725 153
1 13 2
437 44
1 5 2
712 687
1 2 2
224 601
1 15 2
188 152
1 15 2
35 392
1 5 2
646 857
1 5 2
142 175
1 12 2
271 301
1 14 2
2 221
1 4 2
610 567
1 8 2
521 558
1 11 2
467 673
1 8 2
152 297
1 15 2
705 965
1 14 2
191 312
1 10 2
234 837
1 12 2
581 666
1 10 2
355 920
1 9 2
550 464
1 3 2
649 392
1 15 2
766 47
1 9 2
496 179
1 15 2
743 102
1 11 2
423 439
1 4 2
25 243
1 3 2
891 399
1 15 2
951 177
1 12 2
399 797
1 2 2
544 657
1 5 2
961 980
1 15 2
347 808
1 14 2
723 941
1 11 2
319 582
1 15 2
177 263
1 2 2
187 814
1 6 2
947 206
1 5 2
46 406
1 11 2
493 249
1 8 2
207 550
1 12 2
903 995
1 11 2
329 101
1 4 2
980 727
1 9 2
691 328
1 2 2
871 299
1 13 2
259 329
1 15 2
968 583
1 15 2
576 820
1 8 2
593 278
1 14 2
921 754
1 14 2
1 766
1 3 2
260 228
1 3 2
365 303
1 9 2
970 64
1 13 2
63 725
1 5 2
951 792
1 15 2
297 499
1 7 2
621 983
1 2 2
29 915
1 15 2
387 315
1 14 2
285 883
1 2 2
27 823
1 5 2
398 210
1 9 2
828 570
1 5 2
504 239
1 15 2
142 80
1 13 2
730 499
1 4 2
570 321
1 6 2
959 336
1 7 2
566 418
1 15 2
133 819
1 15 2
517 934
1 9 2
97 725
1 12 2
938 619
1 8 2
200 678
1 2 2
205 888
1 3 2
520 935
1 2 2
288 861
1 15 2
288 978
1 14 2
592 124
1 4 2
317 735
1 13 2
762 780
1 9 2
596 979
1 4 2
423 612
1 15 2
574 797
1 2 2
961 346
1 15 2
905 982
1 13 2
114 716
1 2 2
347 476
1 13 2
792 236
1 6 2
888 98
1 11 2
433 794
1 9 2
908 513
1 14 2
123 411
1 14 2
901 21
1 5 2
371 857
1 10 2
26 518
1 8 2
83 910
1 10 2
973 869
1 7 2
722 453
1 8 2
130 395
1 15 2
166 274
1 4 2
30 57
1 10 2
914 475
1 7 2
36 510
1 12 2
436 632
1 13 2
145 308
1 7 2
195 785
1 5 2
308 430
1 6 2
568 584
1 15 2
848 351
1 13 2
288 325
1 15 2
905 247
1 13 2
270 314
1 9 2
330 528
1 10 2
390 234
1 14 2
415 610
1 11 2
461 78
1 2 2
784 451
1 11 2
477 637
1 5 2
871 90
1 2 2
481 713
1 10 2
160 153
1 7 2
139 309
1 12 2
791 709
1 14 2
953 572
1 12 2
124 709
1 2 2
806 10
1 6 2
990 654
1 3 2
647 632
1 14 2
538 782
1 7 2
56 278
1 4 2
998 120
1 6 2
240 754
1 11 2
560 626
1 15 2
803 204
1 15 2
962 291
1 6 2
606 912
1 2 2
80 424
1 6 2
643 440
1 8 2
253 574
1 2 2
367 492
1 2 2
801 573
1 14 2
421 491
1 13 2
805 480
1 5 2
18 205
1 8 2
72 617
1 15 2
299 405
1 2 2
272 903
1 15 2
897 682
1 2 2
37 264
1 10 2
427 967
1 8 2
448 575
1 3 2
534 196
1 13 2
220 567
1 10 2
576 568
1 8 2
367 415
1 7 2
672 475
1 13 2
602 830
1 8 2
926 362
1 8 2
517 957
1 14 2
495 55
1 10 2
71 264
1 2 2
754 947
1 4 2
854 649
1 5 2
818 358
1 14 2
7 121
1 6 2
344 592
1 12 2
757 17
1 8 2
749 962
1 10 2
186 265
1 6 2
895 933
1 12 2
927 880
1 4 2
749 502
1 9 2
284 155
1 10 2
654 230
1 4 2
232 293
1 4 2
540 529
1 2 2
77 807
1 12 2
559 513
1 4 2
363 881
1 7 2
990 161
1 6 2
848 548
1 14 2
32 974
1 15 2
136 317
1 9 2
932 945
1 11 2
515 780
1 5 2
895 742
1 15 2
603 552
1 5 2
17 30
1 4 2
652 985
1 7 2
961 218
1 7 2
600 541
1 8 2
884 989
1 7 2
529 24
1 10 2
239 298
1 10 2
176 347
1 12 2
214 600
1 5 2
744 380
1 2 2
321 531
1 12 2
833 44
1 8 2
521 481
1 10 2
779 286
1 10 2
616 933
1 9 2
278 781
1 15 2
55 102
1 12 2
835 149
1 13 2
361 714
1 9 2
436 465
1 10 2
336 721
1 6 2
453 823
1 13 2
795 945
1 2 2
173 110
1 8 2
372 386
1 13 2
849 630
1 8 2
384 218
1 12 2
13 765
1 2 2
456 51
1 10 2
972 690
1 13 2
675 106
1 12 2
794 92
1 2 2
701 547
1 14 2
283 778
1 15 2
857 95
1 2 2
62 783
1 2 2
360 755
1 7 2
967 463
1 9 2
213 322
1 10 2
440 657
1 11 2
197 905
1 14 2
487 346
1 8 2
397 227
1 10 2
70 377
1 3 2
62 467
1 6 2
66 208
1 11 2
862 843
1 7 2
693 761
1 2 2
609 803
1 8 2
125 691
1 13 2
683 891
1 5 2
568 920
1 12 2
713 482
1 15 2
173 175
1 9 2
521 450
1 13 2
368 367
1 8 2
827 268
1 12 2
104 816
1 9 2
146 699
1 10 2
597 31
1 2 2
247 435
1 6 2
749 745
1 2 2
516 587
1 6 2
339 872
1 6 2
691 693
1 11 2
187 383
1 4 2
186 600
1 15 2
67 445
1 12 2
100 325
1 2 2
33 624
1 3 2
7 346
1 14 2
737 881
1 3 2
541 159
1 14 2
310 318
1 14 2
112 359
1 8 2
222 797
1 2 2
111 969
1 14 2
127 975
1 3 2
343 534
1 15 2
501 861
1 5 2
131 134
1 15 2
69 109
1 14 2
354 739
1 8 2
712 512
1 14 2
744 983
1 15 2
118 314
1 14 2
909 187
1 15 2
547 497
1 3 2
88 101
1 5 2
716 713
1 12 2
675 53
1 5 2
894 183
1 8 2
98 368
1 8 2
896 968
1 9 2
878 915
1 2 2
742 763
1 2 2
449 601
1 9 2
561 971
1 10 2
443 620
1 7 2
525 766
1 13 2
691 651
1 15 2
992 505
1 10 2
877 340
1 7 2
848 463
1 3 2
666 106
1 6 2
780 459
1 13 2
413 493
1 11 2
408 227
1 12 2
132 839
1 9 2
96 356
1 13 2
520 161
1 9 2
142 611
1 12 2
173 366
1 14 2
231 417
1 2 2
31 735
1 4 2
312 144
1 11 2
538 725
1 12 2
352 656
1 11 2
654 104
1 2 2
498 964
1 6 2
381 274
1 9 2
126 423
1 9 2
191 190
1 7 2
956 960
1 9 2
563 602
1 2 2
445 905
1 4 2
596 693
1 7 2
368 118
1 13 2
816 118
1 11 2
983 201
1 6 2
578 773
1 14 2
680 352
1 4 2
559 727
1 12 2
731 156
1 3 2
878 363
1 15 2
914 88
1 9 2
939 559
1 11 2
999 684
1 10 2
377 689
1 13 2
833 253
1 12 2
514 808
1 15 2
650 736
1 12 2
59 256
1 11 2
34 440
1 8 2
93 884
1 3 2
588 277
1 4 2
580 223
1 10 2
449 60
1 10 2
534 959
1 14 2
642 548
1 9 2
744 200
1 2 2
343 592
1 13 2
453 603
1 4 2
168 400
1 3 2
854 893
1 10 2
901 204
1 7 2
377 912
1 5 2
784 864
1 11 2
387 352
1 11 2
271 165
1 8 2
752 473
1 6 2
894 363
1 5 2
705 215
1 4 2
914 903
1 9 2
254 457
1 15 2
340 99
1 10 2
944 152
1 7 2
559 203
1 11 2
427 370
1 6 2
832 600
1 5 2
811 578
1 15 2
279 445
1 14 2
962 986
1 6 2
822 499
1 5 2
290 893
1 11 2
39 449
1 3 2
622 144
1 3 2
653 125
1 5 2
244 963
1 12 2
158 183
1 3 2
458 265
1 10 2
566 5
1 9 2
244 978
1 9 2
245 204
1 3 2
847 11
1 8 2
925 878
1 15 2
459 363
1 2 2
293 181
1 12 2
683 816
1 12 2
277 999
1 15 2
716 11
1 11 2
817 49
1 15 2
841 983
1 6 2
459 424
1 12 2
208 436
1 7 2
898 145
1 2 2
801 275
1 10 2
894 920
1 11 2
897 37
1 6 2
514 118
1 3 2
952 771
1 2 2
421 384
1 8 2
718 56
1 4 2
893 164
1 10 2
399 872
1 12 2
554 964
1 8 2
366 176
1 11 2
396 600
1 13 2
112 780
1 7 2
737 668
1 5 2
645 838
1 11 2
97 148
1 13 2
35 864
1 9 2
410 359
1 10 2
429 38
1 3 2
318 433
1 6 2
943 873
1 7 2
253 8
1 9 2
506 183
1 11 2
538 643
1 7 2
82 774
1 5 2
711 640
1 10 2
932 854
1 10 2
805 871
1 12 2
714 59
1 15 2
766 979
1 2 2
479 218
1 7 2
244 801
1 2 2
271 541
1 14 2
989 806
1 7 2
176 724
1 15 2
901 371
1 4 2
548 667
1 15 2
437 449
1 2 2
438 490
1 8 2
694 571
1 5 2
984 927
1 2 2
876 738
1 14 2
307 562
1 6 2
45 41
1 7 2
56 279
1 3 2
805 285
1 14 2
684 827
1 10 2
0 170
1 6 2
263 289
1 4 2
740 599
1 9 2
795 807
1 10 2
984 813
1 9 2
798 945
1 11 2
620 942
1 7 2
55 460
1 9 2
731 381
1 8 2
979 856
1 15 2
23 157
1 3 2
420 902
1 5 2
700 220
1 10 2
476 851
1 14 2
850 685
1 6 2
49 500
1 3 2
665 103
1 13 2
479 187
1 8 2
723 782
1 11 2
358 286
1 9 2
741 783
1 9 2
848 366
1 6 2
437 793
1 5 2
228 483
1 14 2
888 482
1 7 2
942 681
1 12 2
73 23
1 13 2
958 470
1 11 2
152 534
1 9 2
179 921
1 9 2
480 809
1 9 2
942 251
1 15 2
648 711
1 9 2
527 880
1 13 2
25 85
1 8 2
956 181
1 9 2
236 967
1 6 2
457 316
1 9 2
592 673
1 11 2
149 124
1 6 2
666 41
1 7 2
18 919
1 10 2
667 122
1 4 2
729 986
1 6 2
874 545
1 9 2
734 388
1 12 2
941 862
1 6 2
984 742
1 12 2
740 595
1 7 2
446 530
1 3 2
381 862
1 10 2
521 476
1 11 2
836 532
1 5 2
734 258
1 8 2
777 263
1 5 2
709 575
1 9 2
531 139
1 9 2
425 996
1 14 2
484 690
1 12 2
461 563
1 2 2
231 772
1 2 2
381 766
1 7 2
595 606
1 7 2
532 283
1 5 2
804 315
1 10 2
346 656
1 14 2
353 912
1 10 2
207 430
1 5 2
741 564
1 2 2
85 241
1 7 2
682 465
1 15 2
124 755
1 12 2
588 922
1 7 2
996 907
1 3 2
359 397
1 3 2
785 37
1 6 2
332 580
1 7 2
753 821
1 12 2
866 777
1 8 2
5 624
1 10 2
97 793
1 6 2
430 392
1 12 2
346 242
1 15 2
954 540
1 15 2
684 626
1 13 2
535 500
1 4 2
959 304
1 11 2
568 536
1 9 2
741 113
1 3 2
851 924
1 2 2
19 348
1 9 2
165 949
1 10 2
24 114
1 2 2
164 450
1 3 2
73 424
1 12 2
330 849
1 15 2
715 558
1 8 2
560 457
1 2 2
640 831
1 5 2
788 520
1 7 2
995 81
1 5 2
377 81
1 2 2
137 814
1 4 2
915 900
1 8 2
170 972
1 9 2
210 537
1 14 2
409 348
1 5 2
856 488
1 13 2
23 693
1 2 2
349 933
1 12 2
856 523
1 6 2
428 379
1 4 2
678 192
1 11 2
829 965
1 9 2
949 386
1 14 2
411 644
1 8 2
354 116
1 14 2
375 66
1 3 2
634 548
1 13 2
948 328
1 14 2
129 150
1 15 2
230 119
1 13 2
410 522
1 15 2
380 138
1 12 2
322 291
1 13 2
353 206
1 11 2
806 457
1 9 2
622 64
1 2 2
744 777
1 12 2
579 698
1 6 2
692 802
1 6 2
587 636
1 2 2
222 966
1 3 2
692 858
1 9 2
622 816
1 15 2
46 409
1 6 2
392 763
1 4 2
547 142
1 11 2
839 411
1 6 2
993 172
1 8 2
193 887
1 9 2
741 991
1 10 2
412 583
1 12 2
836 508
1 9 2
304 781
1 5 2
780 493
1 3 2
931 709
1 13 2
682 541
1 11 2
621 221
1 7 2
319 687
1 8 2
332 331
1 6 2
584 353
1 6 2
405 273
1 5 2
455 725
1 14 2
339 129
1 11 2
687 779
1 2 2
690 625
1 9 2
202 645
1 4 2
750 427
1 7 2
236 406
1 6 2
343 273
1 9 2
578 563
1 10 2
917 203
1 9 2
899 247
1 7 2
504 172
1 2 2
911 637
1 2 2
725 377
1 4 2
32 376
1 4 2
823 314
1 7 2
111 204
1 7 2
677 619
1 13 2
566 890
1 14 2
24 592
1 8 2
775 957
1 13 2
846 389
1 5 2
796 122
1 14 2
171 444
1 12 2
627 589
1 7 2
847 315
1 13 2
89 138
1 13 2
787 400
1 14 2
602 927
1 8 2
8 884
1 6 2
998 991
1 2 2
21 601
1 5 2
250 917
1 11 2
411 806
1 8 2
423 234
1 10 2
516 159
1 14 2
938 971
1 15 2
675 407
1 11 2
345 215
1 11 2
162 932
1 7 2
998 367
1 11 2
92 449
1 8 2
534 268
1 3 2
658 333
1 13 2
594 100
1 2 2
126 30
1 14 2
456 547
1 2 2
459 816
1 8 2
894 140
1 10 2
903 429
1 6 2
547 490
1 7 2
977 930
1 5 2
229 82
1 3 2
630 879
1 5 2
54 300
1 6 2
866 402
1 15 2
762 511
1 7 2
376 875
1 12 2
864 571
1 14 2
219 573
1 13 2
176 942
1 3 2
796 979
1 3 2
923 370
1 6 2
247 342
1 9 2
360 3
1 14 2
805 840
1 13 2
406 3
1 5 2
362 804
1 3 2
82 294
1 12 2
452 442
1 14 2
86 807
1 15 2
699 868
1 14 2
829 322
1 7 2
63 418
1 7 2
937 625
1 3 2
288 372
1 14 2
670 872
1 14 2
788 806
1 14 2
236 413
1 8 2
789 6
1 6 2
777 847
1 7 2
460 142
1 5 2
856 601
1 2 2
921 142
1 13 2
454 307
1 14 2
100 831
1 10 2
785 735
1 12 2
878 504
1 15 2
690 827
1 4 2
798 22
1 6 2
626 555
1 3 2
60 857
1 11 2
634 602
1 15 2
838 727
1 10 2
478 271
1 13 2
194 22
1 2 2
538 2
1 13 2
481 784
1 11 2
808 912
1 10 2
993 525
1 10 2
293 930
1 13 2
515 561
1 5 2
438 957
1 8 2
938 722
1 6 2
329 310
1 3 2
287 970
1 15 2
20 313
1 2 2
530 701
1 14 2
473 443
1 13 2
281 331
1 4 2
58 393
1 5 2
145 995
1 4 2
433 297
1 10 2
831 600
1 6 2
103 712
1 8 2
597 178
1 10 2
147 286
1 13 2
608 181
1 3 2
727 647
1 15 2
8 746
1 14 2
44 331
1 2 2
610 891
1 11 2
310 679
1 9 2
678 288
1 2 2
893 684
1 11 2
329 285
1 15 2
357 53
1 9 2
484 43
1 13 2
451 631
1 15 2
275 341
1 6 2
30 807
1 13 2
949 402
1 3 2
922 111
1 12 2
758 981
1 3 2
622 227
1 3 2
912 858
1 12 2
599 115
1 13 2
879 845
1 9 2
814 167
1 10 2
709 682
1 3 2
102 635
1 13 2
160 944
1 15 2
190 17
1 5 2
42 838
1 13 2
359 995
1 3 2
887 539
1 8 2
147 291
1 8 2
836 332
1 3 2
935 422
1 15 2
347 789
1 6 2
57 912
1 12 2
442 367
1 14 2
595 784
1 4 2
943 30
1 13 2
526 588
1 13 2
412 908
1 10 2
995 310
1 10 2
871 257
1 7 2
411 288
1 6 2
168 578
1 11 2
213 642
1 8 2
755 629
1 13 2
885 550
1 9 2
714 848
1 7 2
740 214
1 5 2
635 656
1 12 2
225 480
1 6 2
474 177
1 7 2
552 572
1 14 2
403 652
1 9 2
234 38
1 9 2
133 584
1 4 2
564 478
1 9 2
393 737
1 3 2
241 78
1 11 2
292 947
1 2 2
903 233
1 11 2
867 568
1 6 2
443 354
1 7 2
380 854
1 15 2
755 439
1 5 2
149 780
1 12 2
333 245
1 13 2
104 688
1 11 2
781 386
1 3 2
143 314
1 12 2
656 786
1 11 2
306 264
1 3 2
10 644
1 9 2
686 923
1 12 2
425 46
1 11 2
496 530
1 6 2
726 297
1 6 2
829 94
1 12 2
229 232
1 6 2
139 45
1 11 2
497 446
1 5 2
771 463
1 13 2
470 7
1 5 2
809 684
1 6 2
198 105
1 4 2
687 488
1 5 2
124 774
1 12 2
689 148
1 2 2
55 200
1 9 2
789 157
1 9 2
931 323
1 9 2
773 577
1 5 2
775 39
1 15 2
779 150
1 13 2
70 109
1 2 2
365 119
1 6 2
808 280
1 11 2
105 188
1 14 2
757 944
1 11 2
841 777
1 7 2
219 696
1 13 2
740 356
1 13 2
778 130
1 13 2
953 513
1 6 2
555 945
1 11 2
976 15
1 9 2
77 373
1 7 2
967 784
1 3 2
279 132
1 10 2
330 34
1 8 2
874 77
1 11 2
463 955
1 5 2
121 348
1 12 2
54 648
1 7 2
589 198
1 11 2
750 101
1 4 2
35 193
1 4 2
909 521
1 14 2
555 139
1 6 2
817 520
1 13 2
31 720
1 8 2
565 20
1 15 2
132 265
1 4 2
845 715
1 7 2
341 232
1 10 2
139 736
1 11 2
122 410
1 8 2
752 764
1 13 2
512 242
1 15 2
860 444
1 4 2
437 68
1 13 2
213 32
1 2 2
319 778
1 9 2
276 172
1 10 2
946 314
1 3 2
70 229
1 6 2
879 621
1 14 2
309 991
1 11 2
390 161
1 10 2
976 647
1 14 2
973 930
1 8 2
947 39
1 12 2
469 273
1 7 2
576 422
1 4 2
248 360
1 5 2
892 727
1 8 2
628 751
1 11 2
699 716
1 2 2
797 449
1 2 2
734 499
1 13 2
168 925
1 7 2
874 580
1 6 2
642 772
1 9 2
739 489
1 2 2
295 485
1 11 2
187 777
1 8 2
744 271
1 13 2
508 929
1 9 2
243 620
1 11 2
350 255
1 4 2
463 714
1 3 2
300 527
1 3 2
483 717
1 9 2
745 19
1 15 2
816 385
1 8 2
794 71
1 4 2
955 718
1 5 2
487 368
1 12 2
494 991
1 8 2
377 22
1 9 2
450 839
1 7 2
779 52
1 5 2
138 783
1 9 2
806 846
1 14 2
373 5
1 12 2
470 89
1 15 2
944 665
1 10 2
991 887
1 5 2
112 615
1 9 2
964 678
1 2 2
780 337
1 10 2
549 148
1 12 2
948 383
1 8 2
101 940
1 13 2
438 921
1 10 2
829 566
1 12 2
642 402
1 10 2
621 281
1 9 2
889 110
1 2 2
926 253
1 11 2
281 259
1 15 2
281 176
1 9 2
504 66
1 10 2
76 759
1 2 2
257 112
1 15 2
899 111
1 6 2
949 219
1 5 2
612 28
1 14 2
615 166
1 15 2
215 211
1 14 2
563 666
1 13 2
714 410
1 4 2
176 766
1 11 2
328 48
1 6 2
701 640
1 4 2
16 93
1 14 2
507 132
1 7 2
742 820
1 3 2
172 647
1 4 2
559 400
1 9 2
36 416
1 9 2
200 202
1 4 2
909 34
1 13 2
736 443
1 7 2
87 664
1 14 2
247 37
1 15 2
401 574
1 12 2
766 658
1 6 2
433 150
1 9 2
43 740
1 12 2
537 672
1 14 2
640 375
1 6 2
298 930
1 12 2
554 204
1 4 2
203 420
1 10 2
651 607
1 11 2
315 705
1 4 2
966 179
1 14 2
193 561
1 11 2
695 143
1 15 2
757 316
1 14 2
990 924
1 9 2
941 660
1 11 2
297 107
1 12 2
474 739
1 6 2
360 426
1 11 2
660 674
1 13 2
648 646
1 9 2
155 535
1 15 2
312 688
1 2 2
281 916
1 2 2
223 209
1 15 2
878 872
1 2 2
399 320
1 8 2
993 134
1 7 2
317 244
1 7 2
388 596
1 6 2
706 35
1 10 2
690 521
1 2 2
846 928
1 11 2
994 465
1 7 2
331 570
1 5 2
148 888
1 7 2
870 548
1 4 2
331 844
1 5 2
926 281
1 13 2
403 799
1 9 2
170 204
1 7 2
91 677
1 10 2
556 885
1 14 2
564 573
1 5 2
106 23
1 4 2
720 664
1 4 2
46 642
1 6 2
989 360
1 3 2
697 313
1 4 2
850 312
1 13 2
355 852
1 6 2
975 481
1 11 2
460 625
1 5 2
47 210
1 6 2
80 451
1 2 2
711 870
1 14 2
758 731
1 5 2
169 101
1 7 2
667 343
1 11 2
852 300
1 5 2
310 105
1 3 2
494 701
1 14 2
991 245
1 4 2
386 929
1 3 2
571 303
1 9 2
67 78
1 8 2
415 132
1 9 2
394 39
1 13 2
634 770
1 2 2
81 605
1 13 2
475 250
1 13 2
386 775
1 11 2
835 491
1 13 2
878 348
1 12 2
310 816
1 3 2
315 809
1 7 2
158 993
1 2 2
249 681
1 4 2
868 920
1 4 2
125 989
1 4 2
590 786
1 6 2
706 339
1 15 2
593 191
1 8 2
576 26
1 5 2
794 781
1 12 2
604 188
1 3 2
129 519
1 8 2
347 129
1 10 2
976 609
1 4 2
854 899
1 9 2
384 309
1 15 2
324 565
1 6 2
565 987
1 15 2
41 20
1 9 2
135 965
1 11 2
178 881
1 10 2
608 452
1 12 2
758 69
1 6 2
948 142
1 7 2
745 795
1 6 2
944 829
1 2 2
22 66
1 12 2
135 692
1 15 2
223 291
1 14 2
940 939
1 11 2
820 545
1 2 2
339 112
1 15 2
712 786
1 13 2
518 427
1 14 2
988 325
1 15 2
247 763
1 7 2
308 760
1 7 2
622 358
1 9 2
339 664
1 11 2
431 229
1 9 2
402 255
1 10 2
355 463
1 2 2
332 587
1 10 2
41 556
1 10 2
198 404
1 3 2
932 848
1 8 2
341 251
1 9 2
458 29
1 12 2
317 348
1 2 2
962 241
1 15 2
389 241
1 13 2
940 981
1 3 2
104 150
1 14 2
349 610
1 10 2
546 369
1 7 2
850 523
1 2 2
36 957
1 9 2
782 193
1 13 2
655 536
1 7 2
220 807
1 9 2
394 107
1 8 2
605 601
1 15 2
869 872
1 14 2
116 950
1 2 2
205 406
1 4 2
715 992
1 9 2
562 814
1 3 2
123 211
1 13 2
443 706
1 12 2
611 49
1 9 2
12 362
1 13 2
32 49
1 6 2
934 607
1 10 2
962 444
1 7 2
443 862
1 12 2
11 569
1 9 2
490 604
1 8 2
787 622
1 3 2
214 434
1 4 2
163 506
1 10 2
22 635
1 3 2
76 787
1 7 2
770 365
1 12 2
270 161
1 6 2
406 108
1 2 2
267 809
1 12 2
935 511
1 12 2
9 929
1 12 2
12 138
1 15 2
94 952
1 9 2
69 252
1 5 2
278 182
1 10 2
288 875
1 5 2
288 538
1 6 2
57 974
1 2 2
688 41
1 4 2
678 32
1 4 2
339 123
1 11 2
862 519
1 11 2
817 390
1 12 2
316 376
1 11 2
576 996
1 9 2
96 396
1 8 2
335 158
1 9 2
32 235
1 8 2
274 693
1 8 2
720 642
1 2 2
967 289
1 13 2
820 815
1 9 2
469 136
1 9 2
238 821
1 11 2
98 803
1 4 2
819 434
1 11 2
940 152
1 5 2
647 242
1 13 2
747 703
1 4 2
681 926
1 12 2
81 905
1 12 2
597 760
1 2 2
390 500
1 4 2
200 667
1 13 2
797 233
1 9 2
446 882
1 6 2
253 975
1 6 2
68 926
1 12 2
869 684
1 8 2
380 58
1 6 2
592 149
1 7 2
527 980
1 14 2
510 995
1 6 2
54 551
1 9 2
90 262
1 6 2
238 392
1 6 2
306 526
1 10 2
802 324
1 13 2
90 778
1 8 2
121 482
1 11 2
949 771
1 3 2
115 871
1 11 2
108 88
1 7 2
375 835
1 6 2
529 923
1 8 2
885 111
1 3 2
740 800
1 14 2
565 290
1 3 2
663 514
1 5 2
490 19
1 13 2
458 145
1 13 2
940 153
1 12 2
673 183
1 11 2
757 424
1 15 2
739 860
1 9 2
542 47
1 9 2
967 340
1 14 2
708 795
1 2 2
848 373
1 11 2
670 231
1 15 2
796 720
1 15 2
510 683
1 5 2
468 31
1 15 2
491 345
1 9 2
595 759
1 8 2
709 31
1 14 2
296 884
1 5 2
138 120
1 5 2
816 273
1 5 2
682 24
1 6 2
68 306
1 12 2
869 895
1 13 2
933 740
1 9 2
882 131
1 14 2
250 393
1 14 2
597 716
1 3 2
168 796
1 4 2
198 931
1 13 2
259 228
1 9 2
973 114
1 10 2
951 565
1 8 2
248 691
1 8 2
628 331
1 8 2
262 785
1 13 2
858 396
1 3 2
542 31
1 5 2
434 362
1 7 2
761 149
1 3 2
200 70
1 6 2
622 565
1 15 2
191 839
1 14 2
178 963
1 13 2
949 316
1 5 2
906 344
1 4 2
152 783
1 4 2
275 822
1 4 2
395 669
1 2 2
519 25
1 3 2
150 88
1 5 2
907 279
1 12 2
54 647
1 11 2
640 176
1 4 2
265 968
1 2 2
258 814
1 7 2
936 667
1 10 2
466 993
1 10 2
48 67
1 10 2
612 656
1 6 2
450 696
1 9 2
905 625
1 4 2
828 165
1 5 2
816 38
1 2 2
350 97
1 4 2
484 47
1 9 2
251 781
1 5 2
317 610
1 10 2
822 520
1 9 2
123 814
1 3 2
838 847
1 10 2
825 863
1 13 2
38 971
1 6 2
693 980
1 8 2
304 303
1 15 2
191 917
1 3 2
971 751
1 10 2
330 391
1 6 2
820 475
1 10 2
442 563
1 2 2
819 570
1 12 2
264 806
1 6 2
379 698
1 4 2
72 951
1 3 2
464 211
1 12 2
454 2
1 10 2
2 766
1 7 2
270 661
1 9 2
692 878
1 3 2
508 63
1 7 2
981 364
1 9 2
841 611
1 4 2
854 45
1 5 2
784 629
1 8 2
8 514
1 3 2
535 368
1 13 2
355 889
1 14 2
614 147
1 3 2
131 335
1 3 2
928 431
1 15 2
719 845
1 13 2
530 678
1 11 2
498 195
1 2 2
104 795
1 13 2
636 74
1 13 2
765 351
1 10 2
283 165
1 11 2
23 348
1 5 2
446 639
1 5 2
367 639
1 2 2
342 694
1 14 2
824 220
1 15 2
359 532
1 10 2
549 382
1 2 2
107 734
1 15 2
345 923
1 8 2
889 953
1 9 2
631 552
1 5 2
728 897
1 9 2
815 12
1 13 2
558 546
1 9 2
420 351
1 5 2
700 898
1 14 2
389 902
1 3 2
683 881
1 9 2
404 192
1 7 2
445 872
1 11 2
919 610
1 3 2
942 238
1 15 2
579 993
1 3 2
491 267
1 8 2
937 562
1 11 2
82 834
1 13 2
322 80
1 9 2
705 506
1 8 2
229 649
1 4 2
859 357
1 13 2
851 104
1 7 2
496 899
1 3 2
204 54
1 15 2
93 145
1 14 2
784 582
1 3 2
264 470
1 10 2
975 34
1 10 2
919 623
1 3 2
303 772
1 9 2
279 895
1 4 2
277 540
1 4 2
377 968
1 11 2
373 564
1 8 2
913 200
1 6 2
356 925
1 14 2
298 434
1 5 2
335 731
1 3 2
176 229
1 3 2
907 310
1 11 2
227 721
1 9 2
388 543
1 7 2
202 125
1 11 2
225 454
1 15 2
198 253
1 10 2
60 509
1 11 2
825 15
1 5 2
127 662
1 13 2
268 362
1 3 2
125 681
1 6 2
922 610
1 11 2
882 344
1 4 2
550 336
1 12 2
514 744
1 11 2
193 321
1 6 2
530 406
1 2 2
518 303
1 11 2
303 674
1 8 2
669 214
1 14 2
741 685
1 4 2
503 35
1 13 2
347 685
1 10 2
72 238
1 11 2
710 942
1 12 2
230 702
1 2 2
803 782
1 5 2
673 947
1 14 2
502 261
1 7 2
844 817
1 5 2
211 191
1 5 2
75 405
1 5 2
106 657
1 4 2
619 955
1 14 2
651 509
1 10 2
951 881
1 13 2
254 192
1 2 2
694 294
1 4 2
124 167
1 14 2
600 593
1 4 2
956 845
1 15 2
577 807
1 8 2
834 104
1 6 2
331 55
1 5 2
808 877
1 9 2
692 714
1 4 2
946 657
1 2 2
746 437
1 2 2
423 602
1 9 2
619 207
1 13 2
19 621
1 4 2
445 437
1 11 2
245 819
1 2 2
975 278
1 4 2
783 384
1 11 2
703 441
1 11 2
388 915
1 3 2
976 751
1 5 2
778 646
1 2 2
661 783
1 12 2
895 152
1 5 2
855 211
1 13 2
507 5
1 5 2
747 291
1 15 2
50 607
1 12 2
975 171
1 12 2
561 981
1 12 2
346 303
1 5 2
439 802
1 8 2
599 85
1 8 2
153 285
1 8 2
965 266
1 13 2
106 945
1 4 2
585 955
1 8 2
464 56
1 11 2
130 608
1 10 2
20 55
1 12 2
290 228
1 2 2
391 102
1 13 2
112 372
1 14 2
850 863
1 12 2
220 846
1 5 2
171 720
1 13 2
221 835
1 15 2
618 645
1 12 2
743 347
1 2 2
43 635
1 10 2
991 312
1 8 2
924 896
1 15 2
25 912
1 8 2
454 814
1 11 2
343 314
1 9 2
72 934
1 7 2
100 293
1 4 2
536 678
1 5 2
932 730
1 3 2
524 614
1 8 2
859 171
1 6 2
547 463
1 4 2
714 499
1 5 2
507 454
1 13 2
92 422
1 8 2
43 586
1 12 2
706 430
1 14 2
158 954
1 6 2
212 137
1 11 2
603 964
1 9 2
788 254
1 8 2
395 286
1 10 2
985 423
1 12 2
957 789
1 9 2
817 742
1 10 2
165 914
1 4 2
3 838
1 6 2
536 363
1 15 2
923 2
1 4 2
456 637
1 15 2
553 250
1 13 2
361 833
1 13 2
631 767
1 3 2
95 472
1 2 2
789 646
1 7 2
155 620
1 14 2
966 210
1 13 2
154 388
1 11 2
740 732
1 6 2
727 577
1 15 2
927 94
1 15 2
397 815
1 3 2
140 269
1 6 2
88 435
1 5 2
90 882
1 10 2
313 668
1 5 2
648 548
1 12 2
316 650
1 13 2
725 472
1 10 2
554 292
1 4 2
288 243
1 6 2
715 887
1 11 2
891 610
1 8 2
971 629
1 5 2
546 589
1 5 2
466 2
1 2 2
976 766
1 10 2
433 141
1 9 2
934 758
1 5 2
752 830
1 8 2
441 880
1 9 2
656 799
1 11 2
775 431
1 13 2
242 552
1 6 2
99 619
1 2 2
967 696
1 13 2
694 434
1 14 2
533 12
1 14 2
716 189
1 7 2
146 302
1 11 2
96 335
1 3 2
274 906
1 14 2
969 661
1 15 2
347 259
1 14 2
268 796
1 2 2
932 309
1 11 2
232 53
1 11 2
643 722
1 13 2
966 297
1 12 2
794 426
1 15 2
92 743
1 12 2
570 195
1 14 2
733 568
1 7 2
474 571
1 3 2
423 532
1 4 2
239 212
1 2 2
225 976
1 4 2
231 581
1 7 2
138 544
1 3 2
743 223
1 11 2
968 820
1 15 2
726 812
1 15 2
759 847
1 15 2
400 893
1 6 2
823 307
1 9 2
333 97
1 6 2
582 115
1 5 2
233 683
1 13 2
63 930
1 15 2
181 748
1 14 2
352 86
1 4 2
944 920
1 10 2
957 656
1 6 2
682 455
1 9 2
686 129
1 3 2
934 851
1 6 2
251 7
1 2 2
824 922
1 12 2
346 95
1 3 2
408 376
1 5 2
842 65
1 14 2
348 529
1 11 2
41 257
1 4 2
762 540
1 14 2
773 672
1 14 2
104 857
1 4 2
331 257
1 5 2
179 868
1 9 2
545 410
1 15 2
126 951
1 12 2
821 510
1 12 2
645 476
1 3 2
928 879
1 8 2
406 702
1 13 2
837 115
1 3 2
293 520
1 6 2
152 317
1 13 2
20 311
1 6 2
965 891
1 12 2
671 427
1 2 2
550 229
1 10 2
599 425
1 3 2
575 257
1 11 2
452 501
1 14 2
854 22
1 14 2
866 156
1 6 2
909 339
1 4 2
339 885
1 10 2
719 616
1 9 2
992 477
1 10 2
990 563
1 15 2
602 171
1 14 2
102 188
1 3 2
259 891
1 3 2
241 160
1 6 2
300 495
1 15 2
948 512
1 3 2
741 995
1 6 2
758 324
1 8 2
463 332
1 6 2
101 1
1 2 2
294 763
1 2 2
177 461
1 14 2
259 777
1 6 2
82 764
1 11 2
874 15
1 5 2
413 368
1 4 2
427 288
1 10 2
643 186
1 6 2
280 531
1 4 2
163 586
1 15 2
637 387
1 6 2
975 128
1 5 2
105 603
1 13 2
350 210
1 6 2
786 246
1 5 2
355 360
1 3 2
468 61
1 5 2
97 322
1 13 2
971 757
1 10 2
536 829
1 14 2
951 942
1 2 2
435 94
1 9 2
968 431
1 15 2
678 54
1 11 2
305 205
1 3 2
576 178
1 3 2
187 448
1 11 2
23 901
1 9 2
302 266
1 15 2
755 748
1 11 2
818 857
1 13 2
671 687
1 12 2
618 995
1 4 2
37 656
1 12 2
670 675
1 8 2
862 201
1 5 2
243 308
1 14 2
31 986
1 12 2
991 552
1 3 2
946 626
1 6 2
232 52
1 4 2
636 950
1 12 2
161 120
1 4 2
39 986
1 9 2
196 742
1 4 2
988 203
1 2 2
528 129
1 15 2
264 439
1 3 2
108 315
1 15 2
673 116
1 8 2
891 91
1 2 2
96 740
1 3 2
877 264
1 6 2
120 671
1 4 2
841 793
1 4 2
693 156
1 5 2
798 927
1 7 2
219 338
1 15 2
81 520
1 3 2
903 482
1 5 2
814 473
1 3 2
372 485
1 11 2
802 703
1 9 2
615 402
1 10 2
746 422
1 3 2
247 644
1 7 2
543 711
1 15 2
872 797
1 14 2
130 510
1 9 2
212 974
1 7 2
10 442
1 5 2
468 301
1 14 2
233 410
1 10 2
37 683
1 14 2
198 896
1 5 2
201 736
1 9 2
859 198
1 14 2
650 732
1 3 2
832 339
1 4 2
66 313
1 5 2
554 928
1 6 2
890 408
1 13 2
200 463
1 14 2
807 813
1 11 2
195 532
1 8 2
805 264
1 11 2
621 840
1 6 2
662 225
1 11 2
995 356
1 7 2
739 881
1 2 2
519 190
1 2 2
255 139
1 3 2
765 522
1 5 2
942 424
1 7 2
948 324
1 10 2
218 96
1 8 2
165 422
1 2 2
26 427
1 12 2
851 670
1 12 2
957 533
1 2 2
689 160
1 5 2
176 825
1 14 2
379 800
1 5 2
93 694
1 9 2
507 624
1 3 2
481 415
1 10 2
111 176
1 5 2
626 795
1 6 2
865 296
1 14 2
145 190
1 6 2
504 686
1 6 2
675 784
1 5 2
139 767
1 13 2
336 982
1 9 2
116 960
1 13 2
751 557
1 2 2
832 641
1 6 2
429 641
1 7 2
238 709
1 2 2
896 467
1 5 2
440 943
1 15 2
640 548
1 12 2
593 75
1 12 2
16 158
1 3 2
820 665
1 10 2
395 274
1 13 2
805 772
1 12 2
844 445
1 15 2
277 37
1 5 2
378 369
1 13 2
845 534
1 3 2
989 940
1 12 2
949 680
1 3 2
169 443
1 10 2
844 465
1 9 2
753 807
1 9 2
627 603
1 3 2
517 596
1 7 2
669 507
1 13 2
139 10
1 5 2
297 827
1 2 2
539 19
1 13 2
615 358
1 4 2
412 444
1 11 2
719 721
1 8 2
358 95
1 5 2
881 653
1 10 2
537 973
1 13 2
380 817
1 4 2
277 920
1 9 2
108 685
1 11 2
54 386
1 11 2
856 268
1 13 2
451 22
1 9 2
457 677
1 2 2
639 849
1 9 2
962 723
1 8 2
383 532
1 14 2
622 84
1 15 2
429 904
1 7 2
132 299
1 15 2
788 271
1 5 2
27 570
1 13 2
434 86
1 3 2
51 754
1 13 2
33 579
1 8 2
28 253
1 3 2
842 243
1 12 2
942 457
1 6 2
359 222
1 7 2
170 769
1 5 2
522 827
1 2 2
666 962
1 10 2
984 424
1 10 2
375 57
1 12 2
558 497
1 12 2
912 576
1 14 2
779 422
1 7 2
91 208
1 7 2
661 377
1 5 2
941 296
1 7 2
560 59
1 11 2
117 546
1 12 2
438 228
1 8 2
252 372
1 3 2
239 43
1 5 2
447 95
1 4 2
629 374
1 12 2
579 415
1 7 2
729 190
1 5 2
139 3
1 7 2
598 613
1 10 2
2 522
1 8 2
862 666
1 11 2
978 692
1 14 2
66 735
1 12 2
426 273
1 14 2
354 703
1 2 2
18 864
1 8 2
756 599
1 12 2
641 418
1 2 2
783 229
1 12 2
199 98
1 12 2
537 965
1 4 2
256 585
1 2 2
916 710
1 10 2
761 723
1 4 2
244 105
1 10 2
877 979
1 3 2
394 922
1 7 2
59 272
1 2 2
335 220
1 6 2
986 611
1 11 2
259 6
1 4 2
969 861
1 9 2
200 673
1 4 2
338 18
1 9 2
353 483
1 10 2
897 112
1 9 2
25 414
1 2 2
150 932
1 11 2
345 779
1 15 2
241 483
1 9 2
2 926
1 8 2
372 685
1 3 2
738 337
1 9 2
338 216
1 11 2
418 398
1 2 2
932 132
1 15 2
176 47
1 6 2
741 3
1 7 2
680 581
1 11 2
928 907
1 14 2
671 47
1 12 2
764 73
1 14 2
627 167
1 3 2
934 185
1 12 2
955 263
1 10 2
905 538
1 10 2
279 885
1 10 2
758 453
1 4 2
293 845
1 15 2
395 258
1 9 2
894 371
1 10 2
443 573
1 4 2
75 275
1 2 2
62 889
1 6 2
385 88
1 4 2
450 707
1 7 2
828 582
1 7 2
222 831
1 13 2
329 930
1 15 2
476 997
1 4 2
192 745
1 4 2
17 344
1 5 2
731 376
1 2 2
463 63
1 9 2
310 716
1 15 2
570 956
1 12 2
841 98
1 8 2
129 483
1 2 2
143 324
1 15 2
78 611
1 5 2
730 332
1 8 2
384 282
1 8 2
431 6
1 6 2
734 891
1 10 2
848 450
1 14 2
735 603
1 7 2
417 882
1 12 2
791 375
1 5 2
808 718
1 14 2
398 855
1 9 2
42 278
1 2 2
877 859
1 5 2
45 365
1 15 2
940 78
1 11 2
116 668
1 8 2
9 914
1 13 2
489 479
1 9 2
642 427
1 2 2
8 912
1 5 2
243 824
1 4 2
324 909
1 9 2
591 483
1 5 2
88 398
1 15 2
126 960
1 7 2
981 345
1 3 2
849 927
1 8 2
965 824
1 8 2
576 542
1 9 2
395 771
1 4 2
590 228
1 15 2
108 255
1 15 2
579 155
1 2 2
434 413
1 13 2
929 548
1 11 2
775 8
1 10 2
684 815
1 7 2
146 873
1 12 2
722 34
1 6 2
603 755
1 3 2
840 407
1 6 2
109 618
1 3 2
214 69
1 4 2
437 557
1 6 2
37 319
1 3 2
886 675
1 13 2
323 858
1 7 2
907 604
1 5 2
828 367
1 7 2
932 128
1 3 2
817 485
1 4 2
997 233
1 7 2
287 297
1 10 2
217 899
1 7 2
752 297
1 9 2
447 253
1 8 2
914 363
1 3 2
911 821
1 10 2
867 453
1 11 2
738 121
1 4 2
221 636
1 4 2
201 280
1 11 2
548 266
1 12 2
629 79
1 15 2
351 759
1 6 2
256 623
1 12 2
421 306
1 2 2
811 518
1 14 2
611 180
1 10 2
530 74
1 15 2
159 613
1 3 2
721 18
1 4 2
23 597
1 15 2
416 226
1 2 2
355 237
1 6 2
994 221
1 11 2
577 343
1 4 2
71 467
1 6 2
967 963
1 12 2
191 478
1 8 2
625 882
1 9 2
247 826
1 11 2
449 392
1 12 2
179 760
1 13 2
364 168
1 11 2
121 68
1 8 2
513 446
1 13 2
19 320
1 12 2
345 235
1 9 2
939 942
1 11 2
103 814
1 7 2
696 810
1 8 2
257 352
1 2 2
372 958
1 11 2
640 495
1 4 2
522 188
1 2 2
260 949
1 4 2
151 398
1 14 2
401 389
1 5 2
749 578
1 7 2
598 26
1 12 2
585 645
1 11 2
666 82
1 8 2
613 432
1 6 2
656 20
1 11 2
302 637
1 12 2
243 985
1 3 2
304 86
1 4 2
902 695
1 2 2
405 929
1 9 2
369 566
1 3 2
89 494
1 8 2
320 11
1 11 2
830 233
1 7 2
220 658
1 12 2
349 886
1 10 2
966 350
1 9 2
894 481
1 3 2
105 547
1 4 2
68 344
1 12 2
837 149
1 6 2
166 393
1 8 2
735 528
1 4 2
827 663
1 11 2
279 203
1 15 2
898 782
1 10 2
715 257
1 8 2
113 450
1 14 2
965 905
1 7 2
392 146
1 7 2
683 1
1 6 2
846 770
1 8 2
69 357
1 13 2
512 343
1 11 2
333 64
1 3 2
670 252
1 6 2
516 903
1 2 2
944 515
1 8 2
821 686
1 5 2
264 65
1 13 2
752 601
1 2 2
996 593
1 7 2
959 404
1 6 2
776 993
1 11 2
910 857
1 11 2
317 89
1 4 2
341 434
1 14 2
641 733
1 13 2
295 697
1 6 2
758 410
1 13 2
68 121
1 8 2
787 715
1 7 2
761 401
1 13 2
4 334
1 15 2
293 640
1 7 2
305 695
1 14 2
774 981
1 9 2
121 577
1 8 2
202 237
1 14 2
620 657
1 4 2
762 658
1 13 2
862 390
1 10 2
992 496
1 6 2
192 685
1 11 2
235 829
1 15 2
394 192
1 11 2
352 49
1 13 2
522 259
1 14 2
662 948
1 15 2
983 551
1 7 2
733 598
1 5 2
988 487
1 2 2
496 477
1 3 2
486 81
1 12 2
716 559
1 9 2
611 809
1 8 2
162 77
1 10 2
549 346
1 6 2
107 855
1 3 2
452 557
1 9 2
544 564
1 2 2
580 337
1 2 2
27 1
1 2 2
66 308
1 6 2
260 589
1 8 2
955 625
1 9 2
160 434
1 6 2
790 258
1 15 2
721 371
1 15 2
601 170
1 14 2
657 573
1 2 2
148 111
1 15 2
952 354
1 4 2
55 493
1 7 2
325 723
1 10 2
711 60
1 11 2
289 36
1 2 2
116 200
1 10 2
199 377
1 5 2
973 995
1 8 2
818 499
1 4 2
131 841
1 13 2
101 290
1 2 2
455 650
1 11 2
306 824
1 3 2
949 584
1 5 2
441 961
1 9 2
391 341
1 11 2
689 103
1 7 2
869 5
1 10 2
977 619
1 13 2
764 112
1 15 2
166 276
1 5 2
643 802
1 15 2
878 805
1 3 2
874 859
1 9 2
604 894
1 8 2
937 113
1 11 2
322 601
1 8 2
517 976
1 9 2
50 585
1 15 2
199 413
1 15 2
256 120
1 3 2
572 940
1 5 2
990 502
1 10 2
541 728
1 8 2
310 821
1 9 2
293 648
1 12 2
807 383
1 4 2
779 587
1 13 2
772 747
1 5 2
670 404
1 8 2
838 664
1 5 2
173 554
1 9 2
970 111
1 7 2
832 493
1 6 2
785 826
1 7 2
932 248
1 11 2
827 81
1 13 2
926 268
1 14 2
675 160
1 6 2
426 500
1 15 2
375 277
1 4 2
325 532
1 8 2
222 297
1 15 2
104 54
1 9 2
210 146
1 15 2
473 438
1 7 2
283 646
1 12 2
730 515
1 2 2
546 824
1 3 2
963 333
1 7 2
759 70
1 14 2
427 358
1 5 2
651 252
1 6 2
885 739
1 6 2
286 210
1 5 2
296 550
1 2 2
14 644
1 9 2
630 289
1 10 2
89 154
1 11 2
546 927
1 6 2
645 713
1 11 2
177 690
1 6 2
294 5
1 5 2
453 741
1 13 2
205 343
1 5 2
696 559
1 10 2
668 87
1 10 2
91 175
1 15 2
52 764
1 6 2
956 505
1 7 2
493 332
1 6 2
942 735
1 11 2
245 178
1 3 2
765 657
1 3 2
840 948
1 13 2
460 535
1 11 2
370 417
1 6 2
87 551
1 8 2
455 936
1 8 2
953 809
1 9 2
161 634
1 15 2
870 193
1 12 2
559 588
1 4 2
937 136
1 2 2
478 600
1 11 2
714 526
1 4 2
762 926
1 8 2
941 934
1 5 2
452 290
1 4 2
288 529
1 6 2
517 868
1 8 2
279 246
1 14 2
394 864
1 5 2
71 848
1 2 2
71 164
1 15 2
979 152
1 4 2
446 93
1 11 2
412 828
1 11 2
937 890
1 8 2
685 628
1 8 2
424 316
1 8 2
774 55
1 3 2
599 184
1 11 2
5 940
1 9 2
258 16
1 7 2
284 969
1 6 2
994 757
1 9 2
431 573
1 7 2
360 380
1 14 2
110 578
1 7 2
758 764
1 11 2
164 57
1 10 2
805 563
1 15 2
679 254
1 8 2
336 182
1 9 2
534 33
1 11 2
87 275
1 10 2
489 800
1 4 2
375 570
1 10 2
108 311
1 8 2
57 105
1 9 2
641 208
1 10 2
546 711
1 15 2
718 318
1 8 2
198 608
1 10 2
721 332
1 6 2
779 728
1 15 2
914 449
1 2 2
532 370
1 4 2
8 674
1 10 2
498 804
1 15 2
787 189
1 15 2
382 428
1 13 2
88 134
1 4 2
715 635
1 14 2
782 325
1 7 2
314 659
1 13 2
281 251
1 12 2
209 852
1 14 2
93 695
1 4 2
213 327
1 14 2
544 435
1 15 2
859 944
1 10 2
461 873
1 13 2
477 401
1 3 2
326 170
1 6 2
670 752
1 14 2
336 149
1 4 2
961 556
1 11 2
517 851
1 14 2
130 240
1 2 2
952 35
1 9 2
567 930
1 7 2
360 506
1 13 2
234 261
1 8 2
944 479
1 15 2
183 488
1 2 2
577 609
1 5 2
476 566
1 12 2
221 769
1 11 2
161 967
1 12 2
626 80
1 13 2
859 187
1 15 2
281 549
1 4 2
92 276
1 13 2
582 71
1 14 2
226 148
1 4 2
632 672
1 14 2
259 799
1 8 2
418 732
1 9 2
771 358
1 12 2
523 183
1 14 2
312 992
1 11 2
660 621
1 12 2
645 91
1 15 2
561 105
1 6 2
702 291
1 11 2
679 677
1 7 2
355 70
1 2 2
401 659
1 10 2
516 31
1 10 2
616 886
1 13 2
915 6
1 14 2
651 882
1 6 2
899 108
1 10 2
863 690
1 13 2
600 309
1 15 2
5 284
1 5 2
278 424
1 2 2
94 864
1 15 2
613 541
1 7 2
143 778
1 5 2
590 371
1 15 2
926 611
1 12 2
357 279
1 10 2
473 703
1 8 2
467 622
1 8 2
842 896
1 3 2
7 845
1 3 2
393 382
1 7 2
336 255
1 2 2
428 134
1 5 2
296 849
1 3 2
309 333
1 3 2
325 865
1 6 2
853 313
1 11 2
690 461
1 12 2
377 603
1 5 2
100 526
1 6 2
606 873
1 10 2
656 582
1 15 2
232 426
1 8 2
910 765
1 12 2
610 899
1 3 2
964 655
1 10 2
362 565
1 14 2
421 697
1 14 2
992 315
1 14 2
241 251
1 11 2
997 380
1 14 2
686 569
1 6 2
735 360
1 8 2
229 893
1 14 2
301 672
1 9 2
922 65
1 14 2
722 333
1 6 2
660 524
1 8 2
848 769
1 6 2
275 510
1 11 2
797 654
1 7 2
745 344
1 6 2
914 987
1 15 2
94 523
1 12 2
73 891
1 3 2
168 785
1 14 2
402 82
1 9 2
597 946
1 4 2
205 109
1 15 2
579 283
1 5 2
252 716
1 13 2
896 294
1 2 2
572 132
1 13 2
478 500
1 3 2
986 7
1 14 2
547 340
1 15 2
185 606
1 11 2
349 536
1 8 2
392 229
1 7 2
68 610
1 8 2
571 672
1 14 2
570 415
1 2 2
56 96
1 14 2
374 335
1 13 2
632 815
1 13 2
401 224
1 5 2
150 163
1 10 2
748 291
1 14 2
204 722
1 15 2
985 996
1 12 2
614 61
1 8 2
118 728
1 13 2
424 898
1 14 2
493 64
1 9 2
971 662
1 5 2
15 347
1 12 2
874 517
1 13 2
820 309
1 2 2
621 776
1 11 2
523 195
1 9 2
861 285
1 5 2
783 892
1 12 2
846 219
1 7 2
543 982
1 10 2
656 424
1 6 2
107 868
1 7 2
900 8
1 6 2
475 852
1 12 2
240 82
1 7 2
283 594
1 6 2
554 602
1 11 2
142 439
1 9 2
919 325
1 12 2
512 257
1 6 2
275 338
1 5 2
311 876
1 6 2
825 428
1 15 2
434 599
1 4 2
522 478
1 8 2
295 203
1 8 2
317 453
1 3 2
175 605
1 6 2
424 850
1 2 2
36 409
1 6 2
923 176
1 10 2
711 564
1 4 2
695 264
1 14 2
581 161
1 13 2
62 788
1 13 2
971 731
1 13 2
555 277
1 15 2
253 713
1 3 2
270 453
1 6 2
197 745
1 5 2
6 336
1 13 2
856 924
1 3 2
831 125
1 14 2
88 404
1 3 2
217 516
1 10 2
463 304
1 3 2
835 474
1 15 2
157 140
1 5 2
474 47
1 8 2
793 756
1 15 2
733 113
1 8 2
607 824
1 3 2
157 45
1 8 2
82 586
1 5 2
457 172
1 13 2
807 834
1 6 2
331 17
1 11 2
730 215
1 3 2
761 600
1 9 2
213 18
1 3 2
210 764
1 2 2
936 389
1 9 2
4 354
1 3 2
563 399
1 5 2
651 636
1 11 2
709 932
1 12 2
931 495
1 5 2
783 253
1 6 2
902 704
1 11 2
949 395
1 2 2
645 928
1 4 2
518 70
1 12 2
851 910
1 9 2
470 685
1 7 2
199 228
1 9 2
658 625
1 6 2
913 142
1 3 2
521 775
1 15 2
328 563
1 5 2
608 27
1 13 2
256 128
1 12 2
774 681
1 4 2
652 609
1 15 2
630 573
1 14 2
954 320
1 12 2
384 252
1 8 2
488 275
1 13 2
818 939
1 11 2
820 573
1 15 2
616 91
1 9 2
8 928
1 3 2
699 839
1 13 2
239 655
1 8 2
846 907
1 10 2
692 349
1 12 2
128 201
1 8 2
166 49
1 6 2
914 683
1 11 2
197 571
1 11 2
695 651
1 2 2
817 720
1 11 2
529 284
1 11 2
930 88
1 11 2
585 382
1 13 2
158 894
1 12 2
380 22
1 5 2
876 444
1 14 2
366 279
1 4 2
464 133
1 11 2
931 98
1 5 2
106 546
1 13 2
602 590
1 4 2
214 406
1 12 2
260 457
1 5 2
696 5
1 13 2
472 639
1 15 2
333 310
1 3 2
493 14
1 2 2
338 682
1 8 2
325 245
1 4 2
980 901
1 2 2
26 38
1 9 2
259 952
1 13 2
907 475
1 9 2
477 914
1 8 2
22 675
1 14 2
149 868
1 2 2
109 323
1 6 2
507 385
1 15 2
871 14
1 13 2
527 78
1 14 2
229 92
1 10 2
271 218
1 12 2
463 220
1 4 2
899 715
1 15 2
561 163
1 8 2
95 118
1 2 2
873 190
1 4 2
995 666
1 2 2
962 223
1 10 2
750 355
1 14 2
87 110
1 3 2
249 278
1 7 2
580 775
1 5 2
299 297
1 4 2
730 387
1 14 2
627 811
1 3 2
160 455
1 2 2
970 912
1 3 2
463 79
1 13 2
379 620
1 15 2
219 211
1 7 2
920 237
1 15 2
724 495
1 6 2
447 134
1 15 2
391 698
1 11 2
920 573
1 8 2
330 678
1 4 2
415 917
1 4 2
185 547
1 12 2
989 891
1 15 2
279 133
1 4 2
631 349
1 3 2
490 281
1 7 2
928 859
1 10 2
828 659
1 6 2
96 790
1 9 2
82 29
1 9 2
73 238
1 6 2
382 723
1 2 2
493 199
1 9 2
75 978
1 10 2
152 645
1 5 2
333 680
1 2 2
142 149
1 5 2
681 466
1 2 2
762 284
1 13 2
811 266
1 11 2
534 498
1 12 2
24 954
1 6 2
978 668
1 7 2
104 320
1 13 2
693 888
1 15 2
397 812
1 14 2
359 565
1 4 2
571 685
1 13 2
233 41
1 9 2
655 87
1 7 2
662 51
1 13 2
437 759
1 8 2
745 713
1 5 2
255 113
1 6 2
828 113
1 15 2
562 63
1 9 2
125 874
1 14 2
637 417
1 15 2
944 990
1 9 2
348 857
1 13 2
695 860
1 11 2
686 64
1 10 2
36 174
1 5 2
679 225
1 12 2
661 36
1 3 2
177 174
1 7 2
72 675
1 13 2
456 398
1 3 2
736 776
1 8 2
998 186
1 13 2
566 663
1 3 2
277 201
1 11 2
454 63
1 3 2
403 705
1 9 2
111 231
1 10 2
27 197
1 10 2
338 445
1 13 2
210 270
1 12 2
98 370
1 15 2
726 94
1 12 2
249 943
1 12 2
811 256
1 11 2
616 175
1 15 2
829 392
1 7 2
684 563
1 12 2
133 970
1 10 2
168 322
1 10 2
74 57
1 11 2
893 617
1 13 2
141 433
1 2 2
101 701
1 4 2
691 964
1 3 2
82 911
1 4 2
397 790
1 10 2
517 620
1 9 2
165 992
1 3 2
837 398
1 13 2
272 643
1 15 2
348 128
1 13 2
928 272
1 3 2
832 528
1 14 2
49 109
1 9 2
904 861
1 11 2
381 353
1 4 2
4 188
1 11 2
546 199
1 6 2
612 495
1 2 2
18 373
1 7 2
726 81
1 5 2
510 747
1 7 2
32 262
1 3 2
913 461
1 5 2
91 930
1 12 2
627 489
1 11 2
740 271
1 3 2
366 897
1 8 2
915 266
1 13 2
386 508
1 2 2
581 773
1 4 2
240 916
1 12 2
264 123
1 8 2
13 599
1 7 2
3 315
1 9 2
975 844
1 5 2
867 409
1 6 2
498 737
1 15 2
78 657
1 2 2
571 745
1 4 2
215 203
1 14 2
359 74
1 5 2
970 313
1 7 2
334 852
1 15 2
724 10
1 11 2
463 179
1 10 2
256 591
1 11 2
726 244
1 8 2
354 335
1 15 2
361 115
1 7 2
278 153
1 10 2
916 196
1 9 2
387 797
1 14 2
472 24
1 10 2
565 84
1 14 2
569 930
1 4 2
659 21
1 3 2
225 669
1 2 2
501 481
1 13 2
815 220
1 15 2
37 794
1 6 2
694 472
1 13 2
100 280
1 9 2
349 986
1 3 2
551 69
1 10 2
665 206
1 13 2
405 409
1 13 2
706 120
1 4 2
476 899
1 13 2
491 516
1 6 2
21 883
1 2 2
441 415
1 15 2
308 323
1 6 2
798 218
1 3 2
132 571
1 4 2
360 597
1 9 2
354 652
1 15 2
402 76
1 6 2
581 177
1 14 2
178 226
1 12 2
621 450
1 12 2
677 482
1 12 2
839 157
1 8 2
534 933
1 15 2
37 320
1 8 2
796 31
1 8 2
820 839
1 14 2
590 368
1 9 2
814 400
1 8 2
210 369
1 5 2
271 967
1 10 2
971 386
1 14 2
307 265
1 9 2
834 807
1 11 2
185 372
1 9 2
245 149
1 5 2
552 486
1 2 2
248 204
1 4 2
617 856
1 12 2
168 595
1 2 2
79 781
1 11 2
740 431
1 6 2
610 84
1 7 2
928 370
1 10 2
814 225
1 14 2
528 276
1 12 2
683 796
1 13 2
797 150
1 13 2
464 446
1 10 2
166 371
1 7 2
200 169
1 3 2
713 645
1 7 2
764 612
1 15 2
594 563
1 4 2
688 976
1 15 2
559 632
1 13 2
449 618
1 5 2
785 397
1 2 2
365 310
1 13 2
417 792
1 6 2
708 978
1 12 2
543 650
1 14 2
727 411
1 2 2
579 291
1 4 2
416 563
1 4 2
133 529
1 14 2
937 912
1 7 2
490 534
1 11 2
591 710
1 7 2
590 7
1 14 2
76 586
1 15 2
818 717
1 5 2
830 280
1 4 2
46 82
1 12 2
183 218
1 15 2
63 696
1 14 2
187 341
1 5 2
446 437
1 8 2
753 185
1 6 2
919 40
1 2 2
844 100
1 10 2
405 709
1 3 2
442 338
1 9 2
251 398
1 15 2
717 654
1 9 2
481 92
1 3 2
630 448
1 2 2
930 863
1 12 2
278 912
1 11 2
604 157
1 8 2
122 202
1 8 2
211 622
1 5 2
866 105
1 4 2
545 205
1 15 2
480 901
1 14 2
111 576
1 4 2
895 3
1 11 2
206 493
1 2 2
31 724
1 9 2
873 287
1 2 2
809 865
1 6 2
753 567
1 13 2
725 210
1 7 2
658 892
1 13 2
915 821
1 9 2
228 305
1 9 2
852 732
1 3 2
755 26
1 3 2
225 668
1 2 2
243 194
1 8 2
136 75
1 15 2
340 938
1 2 2
875 714
1 15 2
637 770
1 6 2
203 704
1 9 2
789 290
1 5 2
199 632
1 8 2
698 45
1 11 2
171 452
1 7 2
593 185
1 6 2
352 437
1 11 2
360 217
1 10 2
126 593
1 3 2
242 575
1 10 2
543 319
1 8 2
264 569
1 6 2
519 867
1 6 2
475 296
1 15 2
61 958
1 15 2
972 742
1 9 2
574 84
1 6 2
340 759
1 14 2
516 307
1 6 2
294 208
1 14 2
256 44
1 3 2
96 543
1 10 2
27 158
1 7 2
965 519
1 5 2
578 118
1 5 2
590 855
1 5 2
202 304
1 4 2
452 903
1 5 2
263 277
1 7 2
428 206
1 2 2
968 154
1 12 2
218 410
1 7 2
65 838
1 4 2
977 991
1 4 2
203 179
1 10 2
661 403
1 7 2
758 639
1 6 2
156 296
1 8 2
836 70
1 6 2
198 719
1 11 2
222 751
1 12 2
667 765
1 4 2
420 418
1 4 2
235 304
1 14 2
672 866
1 5 2
197 443
1 10 2
849 61
1 11 2
207 714
1 7 2
571 682
1 9 2
565 785
1 15 2
438 873
1 7 2
366 739
1 9 2
749 342
1 12 2
243 855
1 11 2
354 937
1 10 2
105 683
1 10 2
600 551
1 7 2
442 182
1 4 2
346 996
1 13 2
203 735
1 2 2
35 118
1 2 2
809 974
1 7 2
258 294
1 12 2
16 950
1 15 2
46 59
1 4 2
10 533
1 9 2
1 16
1 10 2
564 492
1 13 2
217 419
1 14 2
950 565
1 7 2
546 202
1 9 2
563 89
1 11 2
259 530
1 7 2
35 617
1 10 2
433 65
1 7 2
325 597
1 3 2
434 743
1 7 2
680 322
1 2 2
603 686
1 11 2
783 400
1 6 2
327 240
1 7 2
560 916
1 5 2
540 627
1 8 2
927 349
1 5 2
804 343
1 7 2
583 879
1 9 2
596 908
1 5 2
520 957
1 12 2
541 666
1 3 2
902 883
1 15 2
10 384
1 10 2
909 144
1 8 2
284 577
1 11 2
700 728
1 5 2
863 215
1 9 2
68 138
1 13 2
913 261
1 11 2
831 39
1 10 2
810 755
1 9 2
528 58
1 7 2
700 79
1 5 2
995 735
1 3 2
64 988
1 6 2
797 114
1 9 2
768 946
1 3 2
272 877
1 5 2
978 782
1 5 2
329 78
1 3 2
729 428
1 13 2
686 534
1 13 2
618 826
1 15 2
174 128
1 7 2
159 759
1 5 2
983 366
1 3 2
767 51
1 6 2
759 963
1 13 2
411 517
1 10 2
544 375
1 4 2
612 515
1 4 2
117 960
1 9 2
386 871
1 4 2
648 841
1 6 2
920 275
1 6 2
481 968
1 10 2
112 761
1 4 2
814 284
1 2 2
226 246
1 4 2
561 792
1 9 2
785 557
1 12 2
349 727
1 8 2
720 966
1 14 2
962 306
1 11 2
663 937
1 13 2
749 983
1 11 2
418 645
1 8 2
520 82
1 3 2
790 53
1 11 2
84 46
1 9 2
832 685
1 12 2
275 955
1 10 2
3 855
1 11 2
814 643
1 15 2
610 957
1 9 2
982 249
1 13 2
808 25
1 3 2
30 880
1 13 2
389 161
1 10 2
333 68
1 5 2
15 90
1 14 2
443 731
1 4 2
190 838
1 6 2
694 923
1 12 2
932 43
1 2 2
888 601
1 15 2
92 604
1 12 2
808 670
1 4 2
804 727
1 8 2
248 1
1 6 2
600 145
1 28 2
477 326
1 28 2
881 336
1 28 2
85 403
1 12 2
909 23
1 24 2
257 334
1 20 2
381 649
1 24 2
746 981
1 16 2
829 207
1 24 2
335 770
1 8 2
785 985
1 6 2
985 656
