1000 5985 3000
14 7 15 20 7 22 7 13 21 21 22 25 20 6 18 14 7 16 5 24 14 14 12 9 5 13 14 23 20 21 11 13 11 13 21 25 9 9 11 13 20 21 18 17 7 23 6 11 22 19 5 14 8 21 22 24 24 7 11 8 5 19 7 14 7 7 15 8 12 12 9 7 17 18 9 10 24 12 24 23 7 12 8 11 8 6 10 11 22 8 5 23 23 10 14 18 14 14 12 7 10 20 21 11 8 24 15 18 25 13 11 5 10 19 16 13 13 12 15 6 24 19 6 13 24 15 15 14 20 20 5 9 22 25 22 20 17 21 7 23 24 7 7 21 7 7 19 15 7 10 25 20 19 6 9 25 10 24 17 16 12 6 24 16 16 23 16 25 19 23 21 25 7 13 19 24 5 6 10 9 21 23 14 14 20 10 10 13 21 9 5 14 8 8 8 13 23 6 10 18 11 22 21 25 7 6 15 24 10 16 17 13 11 20 6 17 15 20 18 11 7 18 21 20 14 9 24 13 17 22 11 20 11 17 11 16 23 13 23 17 17 21 18 18 22 15 24 10 18 22 22 9 24 7 5 9 5 20 23 23 15 24 5 13 22 19 20 20 16 11 10 9 17 10 5 21 12 24 18 10 22 5 14 12 18 19 18 19 8 15 24 6 18 18 19 14 14 11 6 15 5 9 24 17 14 20 15 10 25 17 25 22 23 15 21 17 21 21 6 23 15 5 15 10 7 10 14 5 22 6 7 23 15 23 15 7 5 25 25 21 16 19 6 6 23 21 17 13 11 9 19 12 5 12 20 9 10 23 16 16 6 22 15 17 24 18 13 16 15 14 23 17 22 11 9 22 23 12 25 14 10 8 22 13 9 11 10 8 17 14 6 18 10 14 5 25 7 6 11 24 15 16 5 12 17 25 20 19 14 6 7 17 21 6 16 12 11 10 22 8 7 16 11 22 19 25 8 20 25 20 6 11 18 24 20 18 9 13 22 17 25 21 23 20 9 8 10 7 22 10 20 21 8 24 17 23 12 12 9 5 16 23 7 5 17 23 14 12 25 6 15 22 13 24 7 12 7 7 12 19 22 7 15 23 24 23 17 22 16 8 14 15 18 22 22 20 22 15 8 5 18 16 23 13 23 8 25 11 16 14 10 19 19 19 23 16 12 19 13 25 14 6 7 9 10 25 8 14 16 11 19 24 15 24 5 9 9 8 16 25 7 10 21 21 7 10 15 23 6 7 21 10 13 8 18 25 7 24 15 6 6 12 11 21 24 25 20 17 16 6 19 15 19 17 10 6 9 16 16 19 17 20 14 20 17 8 18 16 24 8 21 14 16 10 8 11 10 24 21 21 15 5 18 12 10 25 8 6 18 16 6 5 13 14 7 24 15 6 10 6 16 11 10 6 23 23 20 9 7 14 8 22 24 12 16 15 8 11 18 16 25 8 5 23 15 15 21 22 15 22 5 11 18 7 14 10 22 23 17 19 7 20 18 20 24 18 12 17 9 23 11 24 20 5 19 16 9 22 23 15 10 22 20 25 23 15 7 8 22 25 24 9 24 24 17 21 19 17 7 9 24 5 16 6 14 10 17 5 6 21 6 21 21 16 12 19 16 15 12 11 25 18 22 20 24 10 13 10 20 8 5 9 10 7 9 11 10 18 23 16 8 22 23 23 21 20 17 25 14 25 25 14 23 24 11 13 6 21 5 23 14 25 11 8 14 6 15 8 14 20 23 14 19 9 8 25 17 7 22 18 22 19 9 15 21 12 20 8 21 19 6 12 13 16 19 11 18 24 21 10 18 14 12 6 10 8 10 21 22 17 6 18 24 12 11 16 21 13 14 13 5 12 18 8 23 14 10 23 24 16 15 15 20 20 22 8 5 21 21 7 16 25 25 15 14 13 22 19 15 16 22 11 16 9 11 23 22 18 17 14 12 8 8 18 20 10 24 23 22 23 12 24 15 13 5 17 7 5 25 13 23 24 14 10 15 6 5 22 22 6 7 13 18 21 25 13 15 21 9 13 10 6 11 24 8 7 8 9 15 20 7 8 16 6 7 25 25 19 14 19 14 5 8 20 23 16 22 16 5 21 18 13 22 22 20 24 20 13 22 7 10 14 16 22 5 21 12 10 5 7 7 16 19 25 24 23 20 20 18 9 11 19 21 21 5 17 20 15 14 24 19 21 11 15 18 17 20 7 11 21 9 23 22 7 9 7 5 13 14 9 24 6 24 7 22 6 12 18 6 24
3 15 11 16 14 12 19 7 8 7 10 13 8 20 8 8 16 11 6 10 20 7 12 3 17 14 15 10 10 18 16 7 18 19 13 16 8 9 11 17 19 5 9 3 14 11 19 8 12 9 13 13 14 16 7 14 14 9 4 9 6 18 4 15 19 12 16 16 14 20 15 19 20 5 10 15 9 6 14 11 16 18 4 8 17 19 19 20 15 13 15 6 10 18 15 9 20 14 9 20 12 3 8 20 19 20 16 8 15 9 18 19 3 16 14 19 10 13 8 3 9 3 6 8 12 13 20 17 5 4 16 19 17 7 20 12 9 4 7 9 7 20 16 13 19 3 9 16 4 10 15 14 11 10 6 7 4 3 19 9 17 10 9 17 4 3 13 18 20 16 18 13 6 7 12 17 9 7 13 16 18 12 11 3 20 13 3 10 8 4 3 8 20 5 3 9 8 13 10 7 12 8 5 13 3 9 17 14 7 15 5 16 4 10 7 12 16 15 5 17 11 20 20 11 6 11 10 19 19 19 5 3 11 4 18 11 7 11 16 6 13 9 4 20 9 14 18 14 6 7 10 4 3 13 3 12 20 9 14 10 10 19 19 6 14 20 7 12 12 6 6 4 14 5 6 15 11 7 19 6 12 5 9 16 16 9 11 12 10 12 3 12 3 6 14 19 13 8 10 11 20 4 18 7 11 15 17 4 13 18 6 15 9 6 6 6 8 3 17 12 18 10 13 10 17 12 16 11 10 3 7 12 7 11 5 17 8 17 9 10 8 20 11 14 18 10 15 10 16 3 5 7 10 12 13 20 7 5 4 16 6 18 4 5 16 18 18 6 5 12 14 17 3 3 17 15 17 19 17 4 15 14 17 7 17 6 14 17 10 19 6 3 10 6 11 9 10 14 9 20 18 11 16 9 17 15 7 13 14 10 10 5 8 5 14 15 12 14 3 18 11 16 6 20 13 16 7 18 12 14 17 17 19 12 16 20 18 11 5 5 17 12 10 3 10 3 3 18 5 19 7 7 18 15 14 10 6 14 14 10 8 20 3 11 14 10 15 6 16 20 17 16 13 9 11 13 3 17 16 19 16 3 5 18 6 14 15 9 6 18 19 6 13 20 7 8 9 3 7 8 18 12 12 18 7 7 18 10 8 17 18 20 3 12 14 4 12 11 17 18 19 3 14 18 15 7 13 16 7 18 17 8 3 9 14 19 17 7 6 6 11 10 17 12 9 9 12 7 12 17 18 11 16 13 11 3 17 6 4 4 10 17 15 10 19 8 18 18 6 16 3 16 17 16 10 10 18 18 7 16 15 7 11 9 9 15 3 12 16 10 5 20 19 6 3 10 11 14 3 7 17 10 20 20 5 8 20 7 20 13 7 12 5 7 16 4 12 7 14 17 18 9 18 6 3 19 14 17 19 20 20 15 11 13 13 13 7 3 18 5 7 18 9 13 18 20 15 16 5 13 6 20 13 15 3 15 4 16 13 12 13 18 6 8 15 16 9 4 4 15 15 20 7 10 12 6 15 14 18 13 12 6 7 4 8 3 6 19 6 10 20 10 15 11 17 10 12 19 18 20 16 5 8 17 8 5 19 11 7 20 18 20 12 5 9 7 5 10 6 14 13 18 13 3 8 17 4 10 11 4 4 20 8 7 4 6 17 20 9 19 6 13 13 17 17 14 18 18 10 14 13 7 18 3 10 18 9 4 12 19 13 13 17 15 3 20 20 8 10 17 11 14 15 20 16 10 4 10 16 17 8 20 12 6 10 11 19 19 10 4 20 9 13 9 17 19 5 19 18 9 18 8 19 7 17 11 3 12 13 15 4 15 20 18 10 19 12 10 20 18 7 16 12 14 11 8 10 7 7 8 14 11 11 14 6 12 9 20 8 6 6 9 19 9 14 7 8 5 3 18 18 16 5 7 8 10 15 8 16 6 17 17 8 18 3 16 19 14 6 13 9 10 16 5 18 14 14 14 19 15 13 8 16 4 11 20 9 13 7 18 5 6 4 11 16 13 16 15 15 10 17 9 14 16 14 11 11 7 19 10 10 20 15 15 15 19 10 16 12 4 18 8 9 4 3 9 15 15 6 16 9 11 3 20 19 12 3 4 4 7 18 18 14 5 19 8 18 4 18 13 15 9 17 15 18 5 14 7 20 3 11 20 16 4 4 14 18 10 12 7 12 9 4 12 4 20 7 16 4 7 18 15 20 7 3 15 5 3 6 9 10 8 4 3 18 8 11 16 19 16
1 3 2
284 602
1 15 2
526 406
1 5 2
136 725
1 11 2
597 892
1 4 2
166 343
1 12 2
212 21
1 14 2
662 931
1 13 2
872 425
1 12 2
290 992
1 10 2
103 100
1 6 2
553 303
1 13 2
835 631
1 9 2
552 534
1 13 2
818 774
1 3 2
162 839
1 2 2
799 55
1 15 2
468 545
1 15 2
487 261
1 11 2
352 569
1 2 2
689 168
1 12 2
881 590
1 11 2
583 594
1 14 2
119 595
1 14 2
266 708
1 10 2
115 719
1 7 2
945 349
1 14 2
748 169
1 13 2
533 659
1 10 2
92 489
1 3 2
726 369
1 12 2
123 182
1 12 2
8 1
1 4 2
677 541
1 11 2
750 31
1 13 2
80 970
1 15 2
65 655
1 13 2
535 627
1 6 2
295 216
1 14 2
137 695
1 6 2
436 609
1 14 2
744 887
1 15 2
787 543
1 11 2
386 984
1 10 2
137 149
1 4 2
449 608
1 12 2
21 623
1 15 2
801 309
1 15 2
844 702
1 3 2
641 988
1 6 2
650 13
1 8 2
963 730
1 8 2
270 733
1 4 2
940 402
1 4 2
468 742
1 14 2
547 811
1 5 2
779 831
1 8 2
693 581
1 9 2
816 212
1 3 2
490 719
1 10 2
80 171
1 2 2
244 885
1 12 2
232 180
1 5 2
944 993
1 8 2
723 184
1 7 2
957 456
1 8 2
631 954
1 6 2
955 876
1 13 2
946 565
1 9 2
144 867
1 7 2
838 23
1 13 2
850 26
1 4 2
980 953
1 5 2
511 577
1 2 2
322 963
1 6 2
501 318
1 5 2
33 832
1 10 2
386 167
1 8 2
391 718
1 2 2
735 991
1 7 2
419 999
1 9 2
881 987
1 8 2
549 897
1 11 2
692 987
1 14 2
302 415
1 7 2
611 617
1 12 2
341 584
1 6 2
532 788
1 14 2
735 936
1 10 2
134 365
1 12 2
979 288
1 6 2
402 508
1 3 2
955 932
1 4 2
548 19
1 9 2
962 149
1 13 2
734 102
1 8 2
469 92
1 10 2
998 704
1 4 2
694 854
1 14 2
315 135
1 15 2
968 896
1 5 2
990 535
1 11 2
420 305
1 9 2
466 412
1 13 2
287 148
1 12 2
188 606
1 13 2
51 489
1 14 2
36 510
1 5 2
572 475
1 4 2
914 220
1 14 2
916 612
1 2 2
351 465
1 6 2
599 526
1 15 2
918 424
1 9 2
967 942
1 8 2
654 740
1 3 2
314 176
1 13 2
0 40
1 2 2
312 982
1 5 2
199 849
1 4 2
720 31
1 10 2
344 462
1 11 2
482 948
1 3 2
410 482
1 7 2
455 142
1 3 2
89 379
1 14 2
376 622
1 11 2
766 824
1 9 2
848 114
1 6 2
614 818
1 11 2
154 386
1 3 2
742 134
1 8 2
357 485
1 14 2
576 288
1 13 2
146 502
1 5 2
349 544
1 14 2
17 52
1 7 2
194 312
1 12 2
322 754
1 13 2
812 724
1 14 2
258 39
1 10 2
141 985
1 6 2
906 996
1 13 2
548 705
1 5 2
48 685
1 6 2
633 275
1 2 2
940 619
1 8 2
850 857
1 10 2
142 405
1 11 2
773 652
1 7 2
368 37
1 6 2
942 609
1 14 2
698 374
1 12 2
287 525
1 2 2
172 654
1 7 2
495 881
1 11 2
706 13
1 14 2
450 145
1 10 2
191 477
1 13 2
14 254
1 8 2
150 61
1 13 2
247 472
1 2 2
597 605
1 5 2
325 585
1 12 2
827 674
1 3 2
916 116
1 15 2
922 627
1 12 2
532 588
1 2 2
719 818
1 6 2
835 252
1 2 2
926 698
1 10 2
454 892
1 11 2
857 146
1 8 2
592 440
1 2 2
955 706
1 15 2
244 970
1 3 2
778 470
1 7 2
866 867
1 3 2
32 971
1 5 2
846 445
1 2 2
970 702
1 3 2
16 445
1 13 2
313 600
1 11 2
988 321
1 10 2
296 337
1 13 2
844 900
1 10 2
394 167
1 14 2
68 628
1 4 2
552 674
1 5 2
176 279
1 9 2
979 690
1 3 2
115 953
1 11 2
937 698
1 6 2
781 294
1 8 2
507 965
1 11 2
725 818
1 4 2
777 387
1 7 2
784 118
1 11 2
787 832
1 9 2
89 329
1 2 2
880 86
1 11 2
948 171
1 13 2
602 794
1 12 2
881 755
1 6 2
193 787
1 3 2
658 515
1 10 2
381 227
1 8 2
204 290
1 11 2
374 896
1 13 2
240 624
1 8 2
263 478
1 7 2
403 302
1 12 2
411 200
1 3 2
419 920
1 12 2
187 878
1 5 2
843 265
1 14 2
833 92
1 2 2
375 399
1 9 2
799 19
1 6 2
917 842
1 7 2
158 386
1 14 2
191 983
1 10 2
643 103
1 12 2
380 95
1 3 2
14 225
1 5 2
177 212
1 14 2
515 248
1 14 2
10 735
1 6 2
487 432
1 11 2
563 30
1 11 2
861 762
1 9 2
373 506
1 6 2
535 207
1 15 2
948 316
1 11 2
908 221
1 10 2
129 995
1 14 2
570 120
1 10 2
102 884
1 5 2
676 541
1 5 2
400 966
1 15 2
987 706
1 15 2
37 145
1 8 2
159 770
1 13 2
593 136
1 6 2
610 303
1 5 2
768 246
1 12 2
813 471
1 2 2
934 150
1 8 2
637 922
1 9 2
698 14
1 15 2
563 538
1 2 2
446 483
1 10 2
200 60
1 5 2
853 338
1 10 2
709 483
1 4 2
787 963
1 2 2
796 133
1 2 2
844 548
1 12 2
236 557
1 14 2
207 0
1 7 2
299 287
1 13 2
429 930
1 13 2
966 873
1 13 2
853 9
1 6 2
51 238
1 6 2
367 584
1 6 2
361 735
1 4 2
728 872
1 12 2
51 926
1 7 2
209 359
1 9 2
313 542
1 9 2
637 311
1 6 2
972 347
1 5 2
859 926
1 10 2
778 269
1 13 2
582 443
1 12 2
594 947
1 9 2
543 443
1 11 2
596 775
1 5 2
6 160
1 8 2
381 165
1 10 2
686 729
1 13 2
707 572
1 8 2
973 118
1 4 2
549 808
1 3 2
84 509
1 5 2
938 63
1 12 2
562 53
1 7 2
785 236
1 12 2
500 739
1 9 2
891 562
1 5 2
807 476
1 15 2
988 919
1 3 2
695 221
1 5 2
829 730
1 8 2
183 471
1 8 2
374 763
1 10 2
813 188
1 6 2
304 247
1 2 2
522 769
1 14 2
653 329
1 3 2
953 933
1 6 2
514 450
1 4 2
722 731
1 9 2
605 225
1 13 2
556 451
1 13 2
503 679
1 5 2
920 284
1 6 2
827 649
1 9 2
465 507
1 9 2
179 39
1 7 2
690 318
1 4 2
406 665
1 2 2
285 572
1 13 2
347 726
1 7 2
640 0
1 15 2
432 744
1 14 2
103 41
1 3 2
664 988
1 12 2
682 845
1 9 2
262 982
1 9 2
114 513
1 11 2
211 467
1 7 2
189 983
1 14 2
664 94
1 13 2
234 924
1 5 2
898 276
1 4 2
730 409
1 11 2
135 277
1 15 2
81 204
1 15 2
660 591
1 8 2
846 309
1 15 2
511 344
1 14 2
538 311
1 6 2
273 994
1 8 2
876 124
1 3 2
79 971
1 3 2
735 807
1 7 2
642 784
1 3 2
931 943
1 14 2
676 614
1 3 2
256 265
1 8 2
432 248
1 11 2
834 350
1 10 2
409 709
1 4 2
923 366
1 10 2
600 317
1 12 2
531 618
1 8 2
780 392
1 3 2
783 217
1 13 2
679 853
1 8 2
724 173
1 2 2
59 988
1 7 2
107 149
1 9 2
836 331
1 12 2
179 693
1 14 2
217 694
1 10 2
587 76
1 10 2
632 315
1 11 2
432 172
1 3 2
800 608
1 4 2
921 246
1 15 2
934 927
1 7 2
344 359
1 12 2
67 917
1 8 2
480 160
1 5 2
312 648
1 7 2
598 882
1 3 2
370 145
1 5 2
103 159
1 5 2
150 23
1 13 2
704 159
1 4 2
444 773
1 15 2
450 115
1 10 2
630 262
1 4 2
437 587
1 5 2
938 837
1 2 2
95 788
1 4 2
169 124
1 7 2
937 305
1 2 2
933 147
1 5 2
422 810
1 10 2
281 300
1 12 2
959 723
1 14 2
404 966
1 5 2
840 868
1 8 2
174 679
1 5 2
306 791
1 7 2
976 803
1 9 2
208 905
1 13 2
760 116
1 13 2
459 384
1 5 2
753 664
1 13 2
552 251
1 15 2
704 105
1 10 2
505 915
1 9 2
806 433
1 6 2
916 924
1 4 2
63 725
1 3 2
35 396
1 9 2
89 491
1 5 2
248 192
1 5 2
996 376
1 8 2
326 601
1 4 2
759 858
1 13 2
0 50
1 6 2
936 121
1 9 2
640 242
1 13 2
28 302
1 4 2
755 36
1 12 2
415 724
1 7 2
732 541
1 11 2
289 734
1 15 2
807 346
1 6 2
146 216
1 14 2
453 15
1 2 2
518 569
1 3 2
36 489
1 7 2
565 633
1 9 2
94 514
1 15 2
450 594
1 14 2
784 119
1 11 2
68 395
1 14 2
409 450
1 6 2
279 675
1 13 2
945 391
1 5 2
542 442
1 14 2
798 314
1 8 2
641 920
1 12 2
378 230
1 4 2
93 677
1 13 2
859 803
1 6 2
142 146
1 6 2
420 16
1 3 2
138 726
1 11 2
299 631
1 2 2
161 817
1 5 2
983 276
1 15 2
796 744
1 9 2
630 466
1 10 2
950 821
1 3 2
112 468
1 14 2
765 875
1 6 2
660 842
1 14 2
803 682
1 13 2
456 463
1 9 2
17 122
1 13 2
969 631
1 7 2
996 488
1 4 2
590 5
1 6 2
913 209
1 10 2
790 760
1 13 2
449 851
1 11 2
9 853
1 2 2
537 472
1 14 2
707 800
1 14 2
246 767
1 6 2
379 353
1 3 2
960 551
1 7 2
851 443
1 12 2
902 771
1 13 2
261 191
1 3 2
617 21
1 9 2
506 951
1 9 2
950 375
1 7 2
769 674
1 15 2
379 325
1 14 2
336 9
1 4 2
466 617
1 12 2
721 207
1 6 2
104 643
1 4 2
74 537
1 7 2
444 212
1 4 2
573 184
1 15 2
937 438
1 15 2
473 179
1 7 2
303 204
1 10 2
895 910
1 3 2
465 798
1 11 2
99 349
1 5 2
277 177
1 13 2
93 599
1 7 2
333 867
1 4 2
28 211
1 14 2
984 669
1 9 2
437 237
1 2 2
992 724
1 14 2
565 459
1 3 2
109 251
1 6 2
656 883
1 5 2
676 199
1 5 2
504 265
1 5 2
533 790
1 11 2
576 907
1 13 2
730 481
1 12 2
65 36
1 3 2
536 330
1 4 2
446 332
1 10 2
776 945
1 7 2
597 899
1 4 2
270 239
1 3 2
181 527
1 8 2
772 358
1 4 2
401 130
1 12 2
38 187
1 14 2
362 510
1 6 2
658 829
1 5 2
364 27
1 15 2
204 108
1 5 2
998 718
1 3 2
336 599
1 11 2
830 265
1 11 2
325 593
1 3 2
843 777
1 6 2
718 431
1 4 2
747 112
1 3 2
950 602
1 6 2
838 586
1 11 2
611 96
1 7 2
941 723
1 3 2
528 212
1 14 2
547 871
1 2 2
3 415
1 11 2
679 878
1 2 2
484 717
1 10 2
263 814
1 13 2
512 602
1 9 2
350 587
1 11 2
20 529
1 12 2
884 872
1 8 2
683 559
1 2 2
739 321
1 3 2
563 71
1 9 2
149 654
1 13 2
218 522
1 9 2
821 130
1 9 2
458 580
1 11 2
144 882
1 10 2
506 111
1 14 2
758 774
1 12 2
702 500
1 6 2
733 167
1 5 2
733 560
1 8 2
467 228
1 5 2
429 879
1 5 2
475 253
1 12 2
281 918
1 4 2
152 842
1 3 2
853 157
1 9 2
98 705
1 12 2
324 820
1 12 2
768 81
1 10 2
932 265
1 3 2
1 274
1 9 2
681 405
1 9 2
38 368
1 12 2
486 824
1 12 2
266 821
1 6 2
67 534
1 4 2
515 952
1 14 2
823 688
1 2 2
39 700
1 13 2
116 741
1 8 2
775 731
1 3 2
652 46
1 10 2
953 139
1 8 2
241 581
1 9 2
640 838
1 7 2
395 501
1 8 2
267 9
1 13 2
37 691
1 4 2
664 405
1 3 2
539 224
1 11 2
352 564
1 9 2
442 827
1 6 2
438 214
1 6 2
440 220
1 8 2
272 493
1 5 2
831 385
1 10 2
15 724
1 9 2
806 224
1 6 2
413 89
1 12 2
339 337
1 10 2
136 292
1 4 2
919 614
1 9 2
420 994
1 2 2
224 337
1 2 2
57 416
1 7 2
369 619
1 11 2
930 198
1 6 2
532 158
1 3 2
527 357
1 8 2
502 598
1 7 2
300 186
1 14 2
244 556
1 6 2
451 625
1 5 2
866 210
1 5 2
110 69
1 2 2
219 755
1 5 2
896 491
1 2 2
210 764
1 2 2
386 870
1 2 2
417 402
1 13 2
689 384
1 6 2
897 716
1 4 2
641 737
1 15 2
684 418
1 6 2
351 826
1 13 2
647 833
1 5 2
461 487
1 11 2
747 739
1 9 2
813 422
1 7 2
22 882
1 12 2
921 798
1 15 2
520 818
1 2 2
432 733
1 6 2
689 635
1 3 2
155 590
1 6 2
713 321
1 9 2
25 884
1 3 2
302 513
1 4 2
814 830
1 2 2
657 653
1 7 2
54 31
1 15 2
703 119
1 2 2
214 576
1 14 2
206 905
1 14 2
47 740
1 7 2
462 941
1 14 2
981 273
1 9 2
695 878
1 5 2
551 573
1 9 2
559 949
1 15 2
2 437
1 10 2
898 969
1 4 2
904 345
1 4 2
853 506
1 3 2
129 422
1 5 2
891 30
1 7 2
936 742
1 9 2
224 815
1 14 2
45 862
1 6 2
257 358
1 5 2
590 321
1 3 2
999 143
1 12 2
177 605
1 15 2
38 178
1 6 2
929 786
1 3 2
290 971
1 10 2
22 438
1 8 2
604 821
1 13 2
475 326
1 14 2
273 299
1 13 2
285 102
1 6 2
891 945
1 13 2
667 313
1 9 2
518 14
1 11 2
697 984
1 14 2
5 53
1 5 2
176 432
1 10 2
354 3
1 7 2
363 77
1 4 2
373 114
1 13 2
265 391
1 2 2
238 521
1 10 2
784 36
1 5 2
84 764
1 14 2
551 972
1 5 2
246 575
1 3 2
231 838
1 8 2
97 49
1 5 2
114 721
1 15 2
886 995
1 8 2
105 326
1 6 2
352 665
1 5 2
557 637
1 2 2
204 348
1 8 2
697 584
1 8 2
753 292
1 4 2
772 385
1 6 2
47 181
1 14 2
671 150
1 13 2
818 389
1 15 2
620 230
1 6 2
246 666
1 13 2
980 310
1 12 2
833 944
1 15 2
253 460
1 15 2
597 284
1 8 2
493 197
1 9 2
369 567
1 3 2
595 432
1 9 2
236 651
1 7 2
192 15
1 7 2
622 477
1 2 2
382 710
1 9 2
322 17
1 14 2
759 786
1 14 2
533 357
1 11 2
913 15
1 3 2
673 636
1 7 2
830 850
1 11 2
463 676
1 10 2
703 251
1 8 2
905 338
1 14 2
457 348
1 13 2
1 69
1 5 2
24 772
1 8 2
143 638
1 7 2
629 343
1 13 2
657 22
1 13 2
312 234
1 5 2
676 357
1 12 2
446 601
1 14 2
574 912
1 11 2
581 598
1 9 2
141 957
1 14 2
865 556
1 6 2
841 229
1 13 2
241 975
1 7 2
366 458
1 3 2
56 14
1 11 2
935 330
1 5 2
243 454
1 6 2
476 61
1 2 2
841 309
1 6 2
310 420
1 15 2
743 170
1 2 2
487 519
1 10 2
522 30
1 4 2
700 646
1 9 2
105 499
1 5 2
619 656
1 10 2
537 515
1 2 2
652 900
1 3 2
818 516
1 6 2
471 222
1 5 2
84 867
1 14 2
852 722
1 7 2
263 562
1 6 2
16 62
1 5 2
158 360
1 2 2
716 424
1 2 2
117 479
1 15 2
983 168
1 12 2
783 799
1 4 2
472 224
1 9 2
118 423
1 5 2
140 22
1 2 2
496 291
1 14 2
505 411
1 14 2
412 78
1 14 2
474 136
1 14 2
594 78
1 5 2
439 744
1 6 2
197 615
1 5 2
903 363
1 10 2
131 848
1 9 2
316 23
1 14 2
527 177
1 2 2
514 269
1 13 2
147 669
1 3 2
433 159
1 12 2
327 810
1 15 2
257 284
1 8 2
383 941
1 8 2
719 968
1 14 2
997 162
1 12 2
582 16
1 9 2
885 497
1 5 2
6 756
1 8 2
27 566
1 15 2
265 878
1 11 2
897 330
1 4 2
858 926
1 15 2
674 462
1 12 2
498 109
1 15 2
64 786
1 11 2
40 352
1 9 2
363 134
1 8 2
803 862
1 7 2
999 487
1 10 2
25 757
1 14 2
839 829
1 4 2
738 210
1 12 2
585 145
1 13 2
913 49
1 5 2
365 162
1 11 2
262 240
1 8 2
844 809
1 11 2
619 305
1 8 2
719 316
1 5 2
109 286
1 6 2
623 23
1 11 2
867 916
1 3 2
622 779
1 15 2
45 282
1 14 2
61 70
1 11 2
501 150
1 2 2
820 932
1 13 2
589 104
1 12 2
568 503
1 13 2
737 358
1 6 2
16 103
1 4 2
136 323
1 2 2
327 813
1 11 2
294 153
1 2 2
855 637
1 15 2
402 347
1 6 2
277 292
1 11 2
43 501
1 6 2
897 522
1 13 2
860 441
1 2 2
53 837
1 12 2
985 806
1 4 2
571 364
1 13 2
261 268
1 14 2
263 365
1 15 2
811 666
1 11 2
297 814
1 11 2
70 823
1 10 2
990 358
1 8 2
1 783
1 4 2
951 489
1 5 2
723 591
1 4 2
701 838
1 12 2
37 554
1 13 2
45 463
1 12 2
594 623
1 5 2
373 846
1 5 2
819 21
1 8 2
637 19
1 13 2
117 928
1 13 2
456 892
1 5 2
641 848
1 10 2
340 977
1 7 2
918 863
1 7 2
772 443
1 4 2
524 547
1 6 2
659 937
1 6 2
567 548
1 4 2
172 779
1 7 2
82 660
1 8 2
173 566
1 12 2
645 720
1 15 2
576 496
1 5 2
303 698
1 15 2
638 628
1 11 2
295 945
1 8 2
875 269
1 13 2
741 60
1 6 2
424 135
1 11 2
523 575
1 14 2
669 603
1 10 2
429 913
1 4 2
486 737
1 13 2
509 663
1 5 2
753 259
1 15 2
708 523
1 11 2
288 711
1 15 2
335 671
1 2 2
13 536
1 5 2
503 799
1 12 2
650 81
1 11 2
723 421
1 6 2
833 108
1 7 2
197 272
1 8 2
207 147
1 12 2
130 991
1 5 2
849 674
1 12 2
310 439
1 11 2
832 656
1 3 2
167 209
1 12 2
911 928
1 12 2
718 315
1 2 2
843 136
1 13 2
143 218
1 8 2
305 769
1 4 2
735 26
1 10 2
59 824
1 11 2
959 814
1 4 2
164 107
1 4 2
144 451
1 8 2
985 349
1 13 2
747 507
1 8 2
854 610
1 4 2
960 733
1 7 2
878 316
1 4 2
156 900
1 2 2
378 364
1 5 2
225 753
1 3 2
980 14
1 15 2
380 758
1 7 2
283 591
1 5 2
459 405
1 12 2
71 348
1 13 2
910 549
1 15 2
133 82
1 8 2
668 401
1 13 2
166 451
1 7 2
720 98
1 11 2
701 816
1 13 2
337 782
1 8 2
117 530
1 5 2
984 499
1 3 2
826 677
1 2 2
383 292
1 2 2
105 597
1 12 2
859 738
1 5 2
927 336
1 5 2
481 626
1 6 2
330 130
1 5 2
704 509
1 2 2
692 956
1 12 2
205 67
1 5 2
733 528
1 9 2
539 88
1 12 2
635 332
1 14 2
232 783
1 7 2
84 820
1 2 2
97 750
1 15 2
154 131
1 9 2
54 898
1 11 2
670 236
1 3 2
472 309
1 4 2
537 666
1 3 2
221 186
1 4 2
942 944
1 6 2
608 341
1 2 2
719 137
1 13 2
495 943
1 11 2
386 869
1 6 2
785 164
1 15 2
444 423
1 10 2
512 64
1 15 2
265 696
1 2 2
375 485
1 6 2
481 183
1 13 2
138 489
1 5 2
339 727
1 13 2
808 431
1 7 2
499 298
1 5 2
89 404
1 14 2
598 937
1 15 2
553 547
1 5 2
256 515
1 12 2
951 290
1 9 2
64 752
1 8 2
753 986
1 6 2
446 745
1 2 2
23 613
1 2 2
973 9
1 15 2
44 441
1 6 2
267 54
1 15 2
539 989
1 14 2
641 369
1 4 2
756 840
1 14 2
234 689
1 5 2
6 377
1 8 2
968 492
1 12 2
162 754
1 11 2
442 357
1 15 2
559 225
1 5 2
483 83
1 3 2
950 357
1 13 2
637 460
1 11 2
96 658
1 4 2
15 335
1 8 2
657 884
1 6 2
683 744
1 12 2
731 190
1 4 2
872 31
1 13 2
662 879
1 3 2
993 732
1 13 2
516 90
1 9 2
441 776
1 8 2
493 840
1 3 2
629 96
1 5 2
984 586
1 6 2
188 510
1 2 2
794 247
1 14 2
14 799
1 2 2
624 3
1 6 2
867 890
1 15 2
974 159
1 6 2
511 130
1 13 2
743 722
1 7 2
71 466
1 8 2
124 426
1 11 2
674 261
1 12 2
998 693
1 4 2
382 595
1 7 2
863 582
1 12 2
900 952
1 7 2
535 949
1 2 2
76 264
1 3 2
944 280
1 7 2
276 426
1 15 2
740 197
1 8 2
312 656
1 4 2
934 294
1 9 2
242 760
1 4 2
856 374
1 8 2
413 98
1 12 2
773 294
1 8 2
581 327
1 9 2
428 515
1 2 2
855 33
1 13 2
135 599
1 9 2
122 570
1 15 2
633 453
1 12 2
616 250
1 8 2
206 998
1 14 2
307 299
1 8 2
397 80
1 15 2
44 300
1 8 2
994 322
1 8 2
305 784
1 13 2
157 785
1 5 2
152 930
1 10 2
396 455
1 8 2
985 814
1 3 2
780 922
1 9 2
508 814
1 14 2
912 174
1 14 2
709 306
1 11 2
134 519
1 9 2
232 830
1 4 2
814 247
1 3 2
28 283
1 8 2
779 753
1 5 2
633 134
1 6 2
355 221
1 14 2
663 298
1 15 2
159 576
1 3 2
988 639
1 3 2
433 638
1 15 2
12 539
1 5 2
227 620
1 9 2
390 348
1 14 2
273 968
1 4 2
986 899
1 9 2
956 160
1 3 2
633 361
1 14 2
354 725
1 15 2
462 989
1 15 2
469 38
1 6 2
409 649
1 13 2
393 556
1 13 2
500 731
1 13 2
187 345
1 5 2
195 942
1 7 2
851 917
1 15 2
269 923
1 5 2
288 368
1 3 2
401 207
1 9 2
432 829
1 10 2
197 951
1 4 2
688 873
1 8 2
436 411
1 9 2
328 101
1 2 2
38 700
1 10 2
74 822
1 4 2
958 522
1 11 2
229 497
1 6 2
380 236
1 8 2
693 795
1 4 2
400 980
1 14 2
456 372
1 6 2
425 486
1 8 2
247 602
1 12 2
867 689
1 12 2
40 661
1 9 2
684 757
1 15 2
708 138
1 7 2
567 988
1 12 2
307 702
1 15 2
976 136
1 13 2
954 964
1 11 2
290 441
1 12 2
885 415
1 11 2
460 725
1 9 2
314 20
1 6 2
875 617
1 6 2
840 281
1 3 2
440 847
1 2 2
430 852
1 8 2
304 423
1 2 2
701 372
1 12 2
456 519
1 4 2
394 15
1 7 2
305 909
1 8 2
45 172
1 3 2
361 904
1 7 2
767 988
1 12 2
226 327
1 2 2
538 147
1 8 2
267 130
1 4 2
822 928
1 15 2
85 472
1 7 2
564 862
1 7 2
804 602
1 7 2
888 523
1 2 2
801 432
1 3 2
234 582
1 9 2
715 267
1 5 2
512 285
1 6 2
676 385
1 2 2
807 85
1 11 2
232 62
1 11 2
187 393
1 7 2
430 271
1 7 2
444 933
1 2 2
416 539
1 3 2
25 915
1 15 2
860 458
1 7 2
543 816
1 14 2
51 820
1 7 2
348 631
1 2 2
610 546
1 11 2
343 729
1 13 2
515 109
1 5 2
67 768
1 3 2
353 512
1 10 2
287 225
1 4 2
915 720
1 10 2
893 82
1 4 2
854 78
1 9 2
503 409
1 4 2
241 701
1 3 2
58 793
1 7 2
495 356
1 13 2
993 571
1 10 2
345 666
1 10 2
981 872
1 12 2
387 556
1 13 2
422 290
1 13 2
563 144
1 11 2
749 304
1 5 2
470 949
1 4 2
703 669
1 12 2
409 868
1 5 2
432 229
1 11 2
974 653
1 3 2
907 222
1 15 2
202 510
1 7 2
536 108
1 12 2
122 826
1 2 2
983 16
1 7 2
921 799
1 2 2
47 795
1 8 2
473 849
1 12 2
95 474
1 3 2
532 943
1 10 2
62 468
1 7 2
200 849
1 11 2
86 888
1 9 2
677 20
1 15 2
167 148
1 4 2
238 595
1 7 2
119 955
1 14 2
663 910
1 9 2
766 434
1 8 2
914 853
1 13 2
167 357
1 10 2
221 300
1 11 2
662 258
1 2 2
766 286
1 5 2
225 967
1 11 2
86 118
1 5 2
472 369
1 13 2
106 959
1 6 2
265 154
1 7 2
58 304
1 12 2
63 301
1 10 2
39 720
1 9 2
231 981
1 9 2
938 797
1 15 2
544 428
1 8 2
790 863
1 10 2
727 15
1 2 2
764 338
1 5 2
333 291
1 11 2
820 985
1 4 2
718 245
1 14 2
538 523
1 12 2
495 280
1 3 2
878 823
1 5 2
324 340
1 5 2
987 89
1 14 2
89 480
1 6 2
329 356
1 12 2
154 436
1 5 2
229 594
1 4 2
963 883
1 4 2
324 823
1 12 2
565 552
1 7 2
904 473
1 5 2
1 156
1 2 2
907 350
1 6 2
22 994
1 13 2
912 919
1 3 2
933 455
1 3 2
555 384
1 12 2
873 270
1 13 2
152 573
1 9 2
743 346
1 7 2
690 34
1 12 2
315 332
1 3 2
302 132
1 9 2
310 361
1 3 2
327 818
1 3 2
82 192
1 15 2
857 30
1 7 2
307 635
1 11 2
137 375
1 6 2
328 147
1 11 2
688 515
1 12 2
316 114
1 11 2
857 253
1 8 2
929 666
1 14 2
43 983
1 6 2
209 99
1 15 2
836 695
1 7 2
641 18
1 3 2
566 508
1 10 2
151 110
1 11 2
6 204
1 9 2
298 677
1 14 2
14 120
1 12 2
158 46
1 2 2
707 870
1 8 2
930 495
1 15 2
977 73
1 6 2
484 380
1 5 2
663 588
1 10 2
528 103
1 10 2
874 469
1 9 2
958 50
1 6 2
892 240
1 6 2
305 14
1 13 2
715 428
1 6 2
277 377
1 4 2
538 263
1 11 2
473 928
1 7 2
574 466
1 4 2
735 215
1 15 2
466 602
1 14 2
403 904
1 7 2
725 296
1 4 2
838 949
1 4 2
618 238
1 12 2
987 891
1 15 2
816 636
1 14 2
865 23
1 5 2
363 714
1 5 2
168 149
1 11 2
948 73
1 3 2
135 797
1 8 2
260 641
1 7 2
274 520
1 10 2
750 850
1 5 2
689 291
1 2 2
664 792
1 6 2
764 730
1 5 2
269 171
1 11 2
969 764
1 13 2
27 334
1 13 2
66 890
1 7 2
781 723
1 6 2
577 948
1 3 2
525 421
1 2 2
906 496
1 8 2
894 754
1 5 2
809 1
1 5 2
300 842
1 15 2
207 58
1 11 2
732 939
1 6 2
209 801
1 13 2
328 411
1 6 2
923 650
1 3 2
803 271
1 10 2
884 57
1 9 2
128 505
1 8 2
369 447
1 12 2
188 40
1 15 2
669 753
1 7 2
965 982
1 12 2
110 140
1 5 2
354 971
1 9 2
799 778
1 11 2
236 133
1 7 2
990 883
1 12 2
561 34
1 11 2
815 247
1 15 2
226 331
1 14 2
25 397
1 12 2
683 106
1 7 2
373 329
1 11 2
216 247
1 5 2
902 763
1 5 2
476 813
1 2 2
801 499
1 10 2
9 856
1 11 2
994 662
1 2 2
949 223
1 13 2
88 206
1 3 2
732 989
1 7 2
565 850
1 5 2
951 894
1 5 2
286 935
1 5 2
864 387
1 4 2
611 224
1 10 2
661 568
1 9 2
462 683
1 11 2
540 145
1 9 2
536 495
1 8 2
751 298
1 15 2
616 800
1 7 2
561 903
1 9 2
229 342
1 6 2
962 472
1 3 2
234 663
1 11 2
382 963
1 6 2
100 628
1 4 2
626 782
1 7 2
58 511
1 15 2
586 587
1 15 2
548 623
1 8 2
133 298
1 12 2
891 695
1 13 2
972 242
1 2 2
404 615
1 7 2
726 583
1 14 2
414 657
1 13 2
443 828
1 5 2
443 432
1 6 2
115 60
1 8 2
334 843
1 15 2
827 161
1 7 2
167 708
1 4 2
119 614
1 10 2
644 402
1 6 2
715 644
1 14 2
584 536
1 13 2
151 464
1 2 2
801 149
1 6 2
267 742
1 10 2
319 952
1 4 2
413 224
1 9 2
842 909
1 4 2
680 82
1 14 2
895 337
1 10 2
27 912
1 10 2
83 100
1 12 2
694 109
1 7 2
220 679
1 14 2
293 318
1 10 2
402 150
1 5 2
717 180
1 7 2
126 880
1 4 2
757 45
1 5 2
942 975
1 13 2
236 791
1 7 2
233 195
1 6 2
525 247
1 6 2
414 662
1 4 2
319 490
1 5 2
196 633
1 3 2
242 230
1 13 2
63 403
1 14 2
740 366
1 9 2
199 342
1 14 2
898 684
1 14 2
341 821
1 13 2
890 2
1 14 2
858 576
1 8 2
315 785
1 9 2
393 683
1 6 2
335 88
1 10 2
324 184
1 6 2
19 759
1 3 2
974 253
1 4 2
37 278
1 5 2
102 155
1 2 2
218 228
1 7 2
982 831
1 13 2
631 693
1 11 2
802 687
1 11 2
586 843
1 15 2
623 163
1 7 2
156 87
1 3 2
99 322
1 9 2
861 397
1 3 2
410 434
1 13 2
514 697
1 14 2
26 66
1 13 2
110 821
1 4 2
471 654
1 11 2
67 957
1 4 2
909 7
1 3 2
322 534
1 5 2
425 67
1 2 2
38 846
1 4 2
577 419
1 5 2
802 467
1 15 2
983 733
1 2 2
448 461
1 6 2
320 377
1 3 2
452 169
1 7 2
81 71
1 4 2
426 75
1 15 2
523 643
1 13 2
425 48
1 11 2
689 60
1 6 2
802 656
1 3 2
358 427
1 13 2
797 814
1 6 2
836 132
1 5 2
425 3
1 13 2
566 9
1 3 2
240 448
1 2 2
410 674
1 10 2
494 509
1 14 2
801 282
1 3 2
666 88
1 9 2
562 229
1 14 2
116 385
1 6 2
954 234
1 13 2
840 95
1 2 2
714 988
1 15 2
161 778
1 5 2
424 261
1 12 2
624 509
1 9 2
279 299
1 13 2
252 563
1 11 2
260 422
1 4 2
329 78
1 5 2
623 406
1 4 2
966 812
1 15 2
259 885
1 11 2
580 31
1 3 2
405 246
1 5 2
842 822
1 3 2
251 273
1 10 2
111 516
1 3 2
986 476
1 14 2
824 133
1 10 2
933 116
1 3 2
493 410
1 3 2
121 299
1 3 2
279 521
1 2 2
817 512
1 7 2
754 900
1 8 2
560 181
1 4 2
861 275
1 7 2
589 75
1 10 2
187 915
1 15 2
387 481
1 15 2
510 511
1 2 2
776 50
1 11 2
688 292
1 4 2
318 809
1 15 2
123 390
1 13 2
941 406
1 2 2
928 71
1 2 2
573 235
1 4 2
62 258
1 6 2
658 404
1 13 2
685 666
1 13 2
501 719
1 12 2
789 811
1 9 2
486 692
1 10 2
745 776
1 3 2
867 375
1 8 2
859 956
1 13 2
507 37
1 15 2
475 400
1 6 2
386 704
1 10 2
255 94
1 14 2
961 102
1 3 2
358 116
1 4 2
6 959
1 13 2
248 282
1 15 2
44 417
1 15 2
245 737
1 14 2
692 817
1 15 2
362 580
1 6 2
734 908
1 12 2
784 160
1 5 2
852 295
1 6 2
115 610
1 9 2
359 279
1 4 2
587 298
1 4 2
95 846
1 2 2
283 796
1 13 2
398 719
1 2 2
566 32
1 6 2
972 475
1 9 2
984 255
1 10 2
451 851
1 8 2
10 107
1 6 2
471 340
1 15 2
525 611
1 2 2
894 127
1 8 2
434 233
1 3 2
876 498
1 6 2
112 824
1 7 2
208 710
1 6 2
249 693
1 5 2
421 351
1 9 2
943 818
1 6 2
895 101
1 2 2
801 312
1 4 2
672 848
1 2 2
155 768
1 13 2
500 623
1 7 2
543 963
1 11 2
7 615
1 7 2
673 144
1 6 2
500 232
1 14 2
204 224
1 10 2
525 81
1 10 2
849 671
1 14 2
432 68
1 8 2
418 52
1 8 2
309 553
1 5 2
879 272
1 6 2
57 218
1 5 2
182 782
1 9 2
754 222
1 4 2
726 646
1 3 2
498 856
1 6 2
892 403
1 12 2
661 352
1 8 2
28 68
1 5 2
987 788
1 15 2
865 980
1 2 2
382 344
1 15 2
325 498
1 4 2
151 144
1 13 2
700 573
1 9 2
810 375
1 14 2
980 715
1 5 2
414 372
1 14 2
739 819
1 14 2
436 920
1 13 2
229 832
1 14 2
188 569
1 7 2
149 399
1 5 2
344 923
1 13 2
169 621
1 6 2
853 22
1 15 2
564 318
1 4 2
455 126
1 3 2
745 907
1 2 2
274 619
1 12 2
162 469
1 4 2
370 193
1 14 2
523 361
1 13 2
409 611
1 13 2
613 379
1 6 2
997 759
1 3 2
970 353
1 3 2
606 812
1 15 2
399 953
1 13 2
718 468
1 6 2
480 7
1 12 2
877 405
1 7 2
285 613
1 13 2
566 376
1 8 2
590 184
1 11 2
736 398
1 10 2
834 811
1 11 2
482 663
1 6 2
911 986
1 10 2
269 61
1 11 2
549 452
1 10 2
497 179
1 6 2
754 832
1 6 2
646 911
1 2 2
386 388
1 5 2
784 683
1 10 2
946 696
1 13 2
36 340
1 7 2
770 423
1 8 2
712 73
1 10 2
409 645
1 9 2
516 862
1 10 2
171 773
1 13 2
704 463
1 9 2
379 848
1 14 2
902 883
1 7 2
215 929
1 13 2
373 216
1 13 2
408 726
1 14 2
547 55
1 8 2
611 449
1 10 2
64 721
1 13 2
111 225
1 4 2
699 27
1 5 2
669 510
1 6 2
107 81
1 12 2
457 907
1 14 2
753 217
1 12 2
94 80
1 3 2
169 704
1 12 2
392 462
1 9 2
79 675
1 6 2
985 202
1 11 2
69 779
1 4 2
858 297
1 8 2
868 502
1 13 2
694 985
1 7 2
280 656
1 3 2
504 277
1 15 2
569 443
1 5 2
744 790
1 10 2
95 291
1 13 2
202 578
1 14 2
513 565
1 14 2
711 807
1 2 2
686 288
1 4 2
761 63
1 2 2
968 344
1 4 2
497 648
1 15 2
806 844
1 15 2
296 563
1 6 2
573 880
1 14 2
19 739
1 3 2
806 244
1 7 2
53 233
1 10 2
133 170
1 13 2
687 995
1 3 2
240 195
1 2 2
648 748
1 15 2
922 804
1 6 2
342 581
1 10 2
394 413
1 9 2
547 991
1 2 2
711 256
1 7 2
324 947
1 7 2
911 626
1 6 2
660 435
1 4 2
360 297
1 7 2
672 42
1 4 2
429 655
1 7 2
701 112
1 10 2
132 533
1 10 2
426 890
1 2 2
80 967
1 12 2
194 552
1 12 2
841 240
1 5 2
410 850
1 14 2
899 974
1 9 2
591 953
1 4 2
954 94
1 4 2
876 201
1 15 2
25 351
1 8 2
555 62
1 9 2
170 727
1 11 2
681 596
1 2 2
774 12
1 10 2
907 593
1 8 2
149 911
1 14 2
921 296
1 14 2
809 523
1 2 2
656 69
1 15 2
155 72
1 11 2
557 446
1 12 2
538 930
1 8 2
863 699
1 8 2
131 562
1 8 2
749 958
1 6 2
413 319
1 12 2
290 101
1 2 2
479 493
1 9 2
665 584
1 13 2
716 626
1 6 2
524 239
1 3 2
948 344
1 4 2
64 742
1 14 2
764 757
1 9 2
719 21
1 4 2
205 316
1 12 2
917 61
1 12 2
653 529
1 5 2
962 62
1 13 2
95 384
1 6 2
906 687
1 15 2
132 865
1 2 2
90 828
1 15 2
900 315
1 3 2
819 625
1 10 2
903 683
1 9 2
377 78
1 14 2
19 941
1 4 2
674 53
1 14 2
801 577
1 12 2
762 607
1 9 2
473 472
1 4 2
989 335
1 4 2
876 934
1 15 2
209 543
1 13 2
967 644
1 4 2
929 159
1 6 2
528 529
1 6 2
659 188
1 8 2
259 560
1 4 2
420 120
1 5 2
125 92
1 5 2
339 830
1 5 2
540 241
1 10 2
309 752
1 13 2
62 625
1 5 2
259 90
1 3 2
335 529
1 6 2
626 100
1 8 2
494 378
1 8 2
987 398
1 2 2
230 109
1 5 2
506 616
1 10 2
876 827
1 14 2
807 66
1 15 2
553 171
1 9 2
569 322
1 10 2
738 597
1 2 2
839 722
1 15 2
370 634
1 8 2
326 841
1 8 2
147 89
1 4 2
251 468
1 9 2
487 884
1 14 2
259 525
1 11 2
843 236
1 10 2
66 151
1 14 2
794 618
1 3 2
976 346
1 7 2
992 909
1 9 2
118 870
1 11 2
668 7
1 13 2
724 492
1 3 2
682 148
1 2 2
356 343
1 13 2
282 332
1 8 2
464 369
1 15 2
53 814
1 2 2
679 738
1 10 2
65 389
1 4 2
372 319
1 10 2
983 923
1 5 2
615 432
1 4 2
820 184
1 6 2
183 0
1 2 2
612 941
1 8 2
867 198
1 2 2
831 630
1 13 2
573 926
1 15 2
969 491
1 8 2
912 631
1 4 2
743 674
1 13 2
814 184
1 8 2
316 512
1 13 2
335 639
1 4 2
80 976
1 13 2
533 641
1 8 2
430 149
1 14 2
319 175
1 9 2
63 610
1 9 2
522 110
1 3 2
998 929
1 12 2
102 815
1 14 2
680 493
1 4 2
606 782
1 14 2
155 84
1 3 2
553 665
1 8 2
843 941
1 9 2
714 512
1 11 2
849 818
1 7 2
566 812
1 10 2
346 302
1 14 2
102 532
1 3 2
648 436
1 4 2
93 401
1 15 2
495 588
1 6 2
709 692
1 5 2
990 555
1 6 2
830 72
1 6 2
971 874
1 2 2
85 675
1 7 2
55 762
1 14 2
376 561
1 3 2
213 177
1 3 2
257 922
1 12 2
22 547
1 10 2
835 120
1 14 2
267 935
1 15 2
307 341
1 2 2
208 589
1 3 2
771 445
1 3 2
560 493
1 2 2
680 328
1 6 2
48 951
1 13 2
539 363
1 8 2
470 213
1 3 2
4 964
1 11 2
772 301
1 15 2
120 903
1 14 2
451 886
1 7 2
23 50
1 7 2
60 801
1 7 2
857 182
1 3 2
439 616
1 8 2
482 580
1 6 2
93 162
1 11 2
190 721
1 10 2
154 518
1 3 2
937 758
1 6 2
59 981
1 7 2
587 924
1 6 2
812 679
1 3 2
599 331
1 13 2
980 844
1 6 2
923 85
1 4 2
830 642
1 13 2
203 503
1 10 2
687 543
1 6 2
257 102
1 7 2
20 243
1 11 2
188 844
1 4 2
348 369
1 9 2
353 9
1 7 2
312 531
1 11 2
762 195
1 8 2
86 798
1 13 2
200 204
1 7 2
283 368
1 12 2
438 593
1 3 2
188 364
1 9 2
71 463
1 11 2
171 377
1 13 2
908 565
1 13 2
243 587
1 11 2
22 211
1 5 2
249 947
1 4 2
679 751
1 4 2
481 960
1 14 2
20 268
1 4 2
59 701
1 8 2
150 933
1 4 2
241 875
1 10 2
737 153
1 5 2
744 842
1 9 2
310 245
1 5 2
486 71
1 8 2
319 836
1 11 2
428 199
1 12 2
677 869
1 11 2
65 536
1 4 2
72 78
1 5 2
205 498
1 10 2
778 122
1 8 2
95 521
1 10 2
894 809
1 10 2
892 290
1 4 2
190 592
1 8 2
357 916
1 3 2
468 488
1 2 2
353 395
1 15 2
904 30
1 15 2
312 948
1 3 2
669 618
1 8 2
367 793
1 9 2
65 48
1 10 2
308 969
1 15 2
209 385
1 3 2
826 905
1 13 2
710 975
1 9 2
974 97
1 15 2
140 600
1 7 2
72 411
1 4 2
253 886
1 9 2
501 990
1 3 2
549 709
1 3 2
549 27
1 10 2
67 675
1 2 2
249 595
1 8 2
419 254
1 2 2
967 594
1 3 2
116 41
1 14 2
479 758
1 14 2
141 578
1 14 2
798 22
1 14 2
317 812
1 14 2
161 956
1 12 2
857 18
1 6 2
788 738
1 5 2
131 27
1 3 2
694 825
1 6 2
209 638
1 3 2
921 741
1 10 2
591 778
1 15 2
77 169
1 14 2
798 568
1 6 2
80 778
1 14 2
189 332
1 5 2
767 37
1 15 2
398 431
1 13 2
100 496
1 10 2
770 932
1 4 2
933 233
1 9 2
259 124
1 11 2
60 695
1 8 2
466 368
1 7 2
497 160
1 8 2
782 505
1 11 2
852 408
1 3 2
483 463
1 10 2
310 352
1 12 2
601 865
1 6 2
210 63
1 5 2
649 677
1 7 2
136 931
1 7 2
983 802
1 9 2
191 116
1 11 2
316 35
1 5 2
649 792
1 15 2
714 166
1 5 2
283 813
1 11 2
389 319
1 11 2
435 97
1 13 2
208 826
1 10 2
706 350
1 8 2
957 207
1 15 2
453 956
1 5 2
667 167
1 9 2
909 272
1 11 2
442 937
1 8 2
60 419
1 11 2
431 844
1 5 2
439 617
1 14 2
121 507
1 5 2
424 491
1 3 2
361 428
1 6 2
519 524
1 14 2
342 904
1 4 2
825 232
1 8 2
940 103
1 6 2
913 52
1 8 2
41 764
1 2 2
320 979
1 12 2
374 114
1 14 2
678 595
1 8 2
561 397
1 3 2
335 45
1 5 2
333 367
1 12 2
807 635
1 3 2
810 118
1 12 2
17 845
1 11 2
539 262
1 15 2
680 594
1 6 2
959 212
1 2 2
330 666
1 4 2
368 993
1 15 2
276 845
1 3 2
727 302
1 15 2
869 92
1 5 2
381 320
1 3 2
645 644
1 5 2
488 554
1 2 2
402 808
1 10 2
947 175
1 5 2
655 761
1 3 2
431 509
1 13 2
819 748
1 4 2
438 338
1 13 2
829 902
1 4 2
446 778
1 15 2
997 344
1 3 2
88 49
1 8 2
502 374
1 12 2
251 255
1 5 2
947 54
1 10 2
402 373
1 6 2
612 724
1 3 2
862 430
1 13 2
94 988
1 4 2
317 966
1 3 2
293 74
1 6 2
368 534
1 14 2
587 465
1 4 2
928 207
1 2 2
365 587
1 2 2
328 257
1 15 2
323 5
1 10 2
721 313
1 9 2
925 510
1 15 2
672 743
1 13 2
283 238
1 3 2
222 343
1 10 2
219 444
1 6 2
162 67
1 13 2
74 792
1 2 2
620 670
1 4 2
102 857
1 13 2
702 894
1 2 2
629 395
1 12 2
958 358
1 14 2
246 623
1 10 2
16 938
1 4 2
366 350
1 9 2
419 844
1 5 2
701 124
1 9 2
985 510
1 7 2
753 364
1 3 2
270 729
1 15 2
838 623
1 14 2
527 614
1 14 2
619 185
1 8 2
276 380
1 8 2
731 598
1 13 2
143 10
1 4 2
989 127
1 15 2
934 581
1 6 2
381 886
1 5 2
32 93
1 12 2
488 8
1 8 2
746 255
1 11 2
580 694
1 3 2
171 45
1 13 2
121 21
1 6 2
724 411
1 2 2
247 531
1 9 2
993 773
1 5 2
30 910
1 13 2
716 215
1 9 2
768 30
1 12 2
653 56
1 4 2
678 447
1 13 2
302 264
1 9 2
593 417
1 3 2
739 465
1 15 2
400 622
1 11 2
890 797
1 10 2
110 997
1 7 2
276 141
1 4 2
988 116
1 5 2
807 839
1 15 2
615 247
1 10 2
325 554
1 12 2
845 919
1 2 2
256 964
1 4 2
724 796
1 7 2
693 193
1 13 2
625 30
1 6 2
79 196
1 5 2
341 501
1 10 2
750 347
1 7 2
557 790
1 4 2
800 667
1 11 2
435 818
1 5 2
682 949
1 7 2
482 294
1 11 2
444 835
1 8 2
98 989
1 5 2
500 254
1 2 2
103 327
1 4 2
559 270
1 8 2
763 975
1 10 2
52 495
1 11 2
407 110
1 8 2
988 905
1 7 2
523 790
1 3 2
965 494
1 10 2
910 200
1 10 2
497 210
1 9 2
485 615
1 2 2
124 964
1 3 2
12 635
1 4 2
756 699
1 6 2
993 622
1 11 2
135 46
1 6 2
775 871
1 7 2
865 448
1 6 2
892 948
1 14 2
150 627
1 2 2
248 963
1 8 2
500 841
1 12 2
987 992
1 6 2
381 829
1 2 2
231 865
1 8 2
834 700
1 11 2
132 853
1 7 2
139 798
1 7 2
779 634
1 12 2
365 523
1 6 2
452 633
1 4 2
887 117
1 5 2
252 955
1 2 2
4 878
1 8 2
192 631
1 7 2
574 485
1 15 2
117 379
1 5 2
54 83
1 12 2
643 133
1 12 2
51 793
1 3 2
424 64
1 4 2
799 131
1 9 2
600 271
1 9 2
565 936
1 7 2
307 270
1 10 2
471 966
1 13 2
222 592
1 6 2
369 667
1 9 2
970 111
1 2 2
169 540
1 8 2
610 386
1 15 2
656 134
1 2 2
626 248
1 5 2
816 232
1 15 2
538 779
1 6 2
924 784
1 9 2
833 473
1 9 2
472 917
1 4 2
817 220
1 4 2
269 607
1 7 2
954 145
1 7 2
625 297
1 4 2
238 601
1 12 2
175 875
1 6 2
441 893
1 3 2
631 687
1 4 2
295 837
1 14 2
10 286
1 5 2
510 739
1 12 2
176 724
1 14 2
392 451
1 5 2
515 717
1 11 2
674 975
1 14 2
117 997
1 13 2
231 951
1 7 2
800 57
1 5 2
233 466
1 9 2
754 914
1 12 2
405 557
1 10 2
490 914
1 13 2
629 632
1 14 2
763 515
1 5 2
616 965
1 5 2
184 894
1 3 2
532 934
1 2 2
530 617
1 15 2
433 213
1 4 2
797 743
1 2 2
322 247
1 5 2
650 523
1 10 2
863 492
1 13 2
587 97
1 9 2
27 474
1 9 2
885 214
1 10 2
173 647
1 12 2
941 201
1 4 2
449 614
1 3 2
937 320
1 8 2
370 655
1 4 2
309 335
1 5 2
327 632
1 7 2
590 326
1 12 2
78 204
1 11 2
246 739
1 11 2
543 875
1 12 2
808 54
1 10 2
947 346
1 2 2
322 920
1 13 2
115 884
1 2 2
929 852
1 9 2
114 270
1 11 2
802 943
1 8 2
924 986
1 14 2
844 133
1 11 2
522 497
1 10 2
343 323
1 3 2
556 308
1 14 2
771 831
1 3 2
364 155
1 7 2
303 93
1 2 2
768 994
1 12 2
814 772
1 9 2
941 203
1 4 2
401 534
1 14 2
864 812
1 11 2
54 798
1 14 2
732 183
1 10 2
129 765
1 12 2
220 527
1 12 2
374 489
1 3 2
401 515
1 5 2
983 39
1 15 2
326 169
1 12 2
109 757
1 11 2
741 575
1 8 2
27 403
1 8 2
317 202
1 2 2
555 179
1 8 2
462 672
1 5 2
841 587
1 13 2
81 924
1 6 2
158 478
1 13 2
480 824
1 8 2
806 629
1 6 2
436 982
1 12 2
194 68
1 2 2
826 836
1 11 2
487 27
1 10 2
408 784
1 10 2
893 298
1 14 2
964 49
1 8 2
270 507
1 13 2
431 605
1 8 2
58 382
1 3 2
945 317
1 2 2
500 305
1 11 2
455 110
1 12 2
538 841
1 10 2
540 101
1 13 2
42 612
1 8 2
908 218
1 7 2
336 369
1 11 2
97 815
1 4 2
880 672
1 8 2
645 818
1 12 2
304 848
1 3 2
217 82
1 10 2
509 595
1 12 2
403 125
1 3 2
473 125
1 3 2
560 890
1 8 2
681 161
1 14 2
434 796
1 5 2
353 338
1 9 2
695 459
1 15 2
451 226
1 5 2
72 63
1 12 2
414 908
1 11 2
766 471
1 12 2
135 865
1 9 2
307 728
1 14 2
155 749
1 3 2
392 193
1 7 2
540 882
1 12 2
692 629
1 10 2
871 437
1 6 2
332 192
1 11 2
59 440
1 5 2
733 315
1 8 2
839 132
1 5 2
393 962
1 8 2
475 871
1 5 2
727 734
1 15 2
582 790
1 5 2
209 342
1 6 2
983 53
1 11 2
153 606
1 12 2
166 889
1 13 2
88 543
1 8 2
390 60
1 7 2
790 928
1 8 2
556 301
1 10 2
618 518
1 11 2
916 900
1 12 2
819 99
1 4 2
110 813
1 3 2
43 640
1 7 2
397 129
1 12 2
49 293
1 13 2
216 596
1 2 2
464 872
1 11 2
478 474
1 3 2
939 108
1 15 2
40 644
1 2 2
345 661
1 14 2
314 283
1 11 2
452 801
1 15 2
353 934
1 3 2
581 566
1 14 2
936 662
1 3 2
609 727
1 2 2
267 463
1 15 2
321 737
1 2 2
592 126
1 2 2
243 139
1 4 2
707 551
1 14 2
195 595
1 10 2
700 213
1 8 2
930 672
1 5 2
952 757
1 2 2
673 544
1 9 2
960 721
1 8 2
813 165
1 15 2
837 707
1 6 2
699 793
1 6 2
302 122
1 8 2
648 179
1 4 2
411 440
1 13 2
267 513
1 13 2
110 514
1 3 2
279 805
1 5 2
119 935
1 4 2
967 779
1 8 2
922 742
1 6 2
294 810
1 5 2
684 408
1 12 2
822 361
1 2 2
750 621
1 11 2
106 424
1 7 2
51 707
1 8 2
739 352
1 5 2
118 386
1 11 2
633 7
1 6 2
331 260
1 12 2
717 832
1 4 2
967 156
1 5 2
576 197
1 9 2
860 219
1 10 2
55 168
1 5 2
909 931
1 9 2
0 210
1 7 2
165 841
1 6 2
347 920
1 9 2
475 188
1 15 2
362 285
1 13 2
745 770
1 15 2
523 887
1 8 2
668 215
1 4 2
871 390
1 3 2
997 874
1 4 2
983 33
1 15 2
604 544
1 15 2
971 937
1 12 2
861 85
1 6 2
387 686
1 7 2
304 99
1 8 2
627 558
1 10 2
454 875
1 14 2
307 768
1 15 2
869 592
1 6 2
291 561
1 15 2
463 906
1 13 2
103 362
1 14 2
649 725
1 7 2
424 552
1 4 2
166 850
1 6 2
699 16
1 10 2
57 192
1 12 2
381 604
1 12 2
333 886
1 6 2
390 796
1 5 2
837 252
1 10 2
938 184
1 9 2
945 717
1 5 2
240 78
1 8 2
51 946
1 7 2
212 967
1 9 2
946 306
1 14 2
684 456
1 14 2
530 261
1 11 2
195 591
1 8 2
774 173
1 2 2
606 326
1 10 2
873 365
1 8 2
862 982
1 15 2
315 977
1 7 2
213 427
1 12 2
536 118
1 3 2
698 663
1 9 2
509 265
1 2 2
848 296
1 2 2
730 319
1 14 2
120 557
1 10 2
808 98
1 4 2
424 439
1 2 2
85 292
1 6 2
706 726
1 15 2
41 577
1 8 2
586 149
1 13 2
721 113
1 13 2
218 634
1 4 2
612 195
1 2 2
894 744
1 8 2
786 664
1 5 2
339 403
1 3 2
351 182
1 2 2
845 751
1 10 2
198 887
1 9 2
702 395
1 12 2
28 445
1 11 2
586 95
1 14 2
876 237
1 6 2
472 824
1 3 2
845 71
1 10 2
918 356
1 13 2
75 571
1 9 2
197 110
1 12 2
969 314
1 2 2
530 721
1 4 2
656 354
1 13 2
63 170
1 11 2
126 969
1 3 2
483 477
1 3 2
910 69
1 5 2
770 693
1 5 2
382 883
1 12 2
285 978
1 5 2
493 367
1 11 2
349 630
1 2 2
869 830
1 2 2
530 341
1 13 2
725 405
1 10 2
520 940
1 2 2
800 965
1 15 2
965 750
1 15 2
364 690
1 9 2
119 311
1 7 2
695 715
1 15 2
3 691
1 14 2
916 394
1 2 2
718 590
1 12 2
367 678
1 15 2
301 651
1 15 2
262 352
1 13 2
461 271
1 3 2
691 949
1 3 2
683 122
1 9 2
722 254
1 2 2
505 896
1 2 2
970 942
1 2 2
756 293
1 7 2
722 717
1 8 2
921 30
1 10 2
295 20
1 3 2
639 394
1 3 2
229 851
1 15 2
465 222
1 7 2
736 770
1 14 2
369 597
1 4 2
217 177
1 8 2
763 402
1 2 2
7 686
1 8 2
210 772
1 5 2
144 981
1 6 2
867 662
1 15 2
678 593
1 5 2
456 637
1 2 2
85 901
1 9 2
630 948
1 8 2
395 330
1 9 2
241 633
1 14 2
963 863
1 2 2
779 889
1 14 2
858 952
1 6 2
608 634
1 10 2
64 95
1 13 2
670 614
1 5 2
17 971
1 6 2
367 599
1 11 2
69 30
1 6 2
706 872
1 3 2
360 179
1 5 2
896 368
1 11 2
737 947
1 12 2
222 500
1 14 2
505 356
1 7 2
48 331
1 4 2
233 810
1 3 2
984 34
1 13 2
380 971
1 2 2
429 16
1 5 2
774 203
1 8 2
59 100
1 15 2
328 928
1 6 2
836 275
1 7 2
309 425
1 8 2
482 16
1 9 2
256 24
1 14 2
101 226
1 8 2
470 685
1 15 2
9 588
1 14 2
664 777
1 6 2
370 823
1 7 2
271 221
1 2 2
925 525
1 6 2
816 741
1 9 2
892 90
1 4 2
45 74
1 3 2
112 366
1 12 2
238 936
1 11 2
785 196
1 11 2
869 490
1 15 2
379 666
1 14 2
762 900
1 9 2
270 387
1 3 2
152 371
1 15 2
107 467
1 3 2
257 582
1 7 2
516 928
1 13 2
860 751
1 10 2
373 155
1 14 2
380 14
1 9 2
841 639
1 12 2
910 547
1 15 2
134 729
1 3 2
484 608
1 14 2
314 659
1 5 2
522 864
1 14 2
663 886
1 6 2
710 826
1 6 2
306 540
1 12 2
509 110
1 6 2
642 574
1 11 2
608 681
1 12 2
234 763
1 6 2
5 156
1 13 2
383 342
1 10 2
188 770
1 7 2
679 719
1 14 2
59 156
1 10 2
395 313
1 9 2
869 499
1 14 2
880 431
1 15 2
701 218
1 12 2
357 494
1 10 2
796 246
1 9 2
91 865
1 5 2
186 472
1 9 2
136 620
1 10 2
923 647
1 11 2
48 303
1 12 2
900 755
1 4 2
855 980
1 6 2
806 876
1 3 2
509 421
1 4 2
385 763
1 14 2
852 682
1 8 2
429 622
1 3 2
70 533
1 5 2
443 477
1 6 2
232 803
1 12 2
144 523
1 8 2
823 896
1 10 2
417 326
1 10 2
942 608
1 6 2
90 986
1 2 2
992 808
1 9 2
166 440
1 13 2
692 656
1 15 2
837 483
1 14 2
938 923
1 6 2
839 230
1 5 2
51 742
1 6 2
690 521
1 7 2
114 684
1 15 2
787 408
1 3 2
106 803
1 10 2
875 406
1 15 2
798 684
1 9 2
550 296
1 2 2
152 488
1 13 2
540 691
1 12 2
895 922
1 3 2
637 588
1 8 2
79 250
1 11 2
694 588
1 3 2
552 943
1 9 2
767 663
1 5 2
63 460
1 12 2
950 314
1 4 2
568 496
1 3 2
174 79
1 9 2
187 436
1 8 2
342 510
1 9 2
865 974
1 8 2
112 238
1 4 2
400 667
1 8 2
202 172
1 7 2
899 749
1 7 2
841 414
1 3 2
431 209
1 9 2
262 813
1 14 2
926 175
1 11 2
769 975
1 11 2
28 639
1 4 2
801 98
1 3 2
458 722
1 2 2
543 699
1 13 2
297 182
1 4 2
233 584
1 11 2
178 694
1 10 2
24 22
1 2 2
259 375
1 6 2
242 993
1 12 2
627 377
1 2 2
301 879
1 2 2
23 395
1 11 2
982 446
1 5 2
101 310
1 6 2
677 437
1 11 2
11 4
1 8 2
579 940
1 14 2
872 230
1 14 2
389 65
1 14 2
246 565
1 2 2
435 847
1 8 2
728 957
1 5 2
897 805
1 4 2
541 973
1 7 2
695 497
1 7 2
179 822
1 14 2
89 260
1 3 2
523 376
1 8 2
864 156
1 8 2
146 101
1 15 2
828 446
1 12 2
444 354
1 13 2
123 517
1 12 2
780 509
1 8 2
591 68
1 5 2
558 247
1 12 2
131 667
1 2 2
316 566
1 15 2
946 371
1 6 2
494 770
1 4 2
59 963
1 8 2
802 590
1 9 2
430 344
1 5 2
179 830
1 5 2
33 683
1 3 2
498 27
1 8 2
629 571
1 10 2
531 24
1 8 2
284 10
1 9 2
298 157
1 4 2
503 860
1 12 2
69 71
1 11 2
727 196
1 6 2
387 657
1 12 2
767 818
1 4 2
237 429
1 5 2
255 359
1 7 2
296 824
1 6 2
316 181
1 2 2
384 498
1 10 2
256 933
1 2 2
808 602
1 10 2
702 405
1 11 2
608 391
1 11 2
463 516
1 8 2
953 125
1 13 2
322 601
1 4 2
173 682
1 3 2
518 558
1 9 2
228 33
1 11 2
897 454
1 4 2
233 555
1 15 2
307 454
1 9 2
170 233
1 4 2
904 644
1 10 2
693 214
1 11 2
509 307
1 11 2
953 208
1 13 2
50 387
1 5 2
782 153
1 15 2
612 998
1 3 2
427 506
1 3 2
633 788
1 9 2
518 546
1 8 2
163 161
1 3 2
908 253
1 9 2
767 339
1 3 2
377 597
1 9 2
599 59
1 15 2
205 200
1 8 2
736 537
1 8 2
159 692
1 15 2
639 140
1 3 2
650 499
1 12 2
238 96
1 11 2
622 854
1 8 2
19 386
1 14 2
862 19
1 12 2
689 708
1 12 2
499 162
1 13 2
264 595
1 11 2
532 752
1 5 2
934 486
1 7 2
179 698
1 11 2
221 898
1 6 2
778 118
1 2 2
585 188
1 9 2
747 583
1 4 2
424 991
1 12 2
933 556
1 9 2
118 972
1 10 2
672 918
1 3 2
781 923
1 4 2
452 284
1 13 2
30 335
1 3 2
115 350
1 12 2
393 593
1 11 2
685 402
1 4 2
977 19
1 9 2
901 585
1 13 2
447 578
1 10 2
208 629
1 13 2
81 975
1 14 2
294 832
1 7 2
73 292
1 9 2
922 26
1 15 2
671 451
1 2 2
162 894
1 8 2
826 160
1 3 2
199 902
1 9 2
948 859
1 8 2
240 541
1 15 2
729 950
1 10 2
907 401
1 13 2
195 452
1 6 2
449 477
1 9 2
491 279
1 5 2
515 743
1 15 2
609 56
1 11 2
889 765
1 15 2
503 69
1 12 2
974 145
1 8 2
208 833
1 9 2
489 457
1 5 2
517 125
1 11 2
304 271
1 5 2
971 810
1 6 2
466 661
1 11 2
667 929
1 11 2
949 661
1 3 2
122 525
1 9 2
818 403
1 3 2
90 519
1 14 2
687 1
1 9 2
345 136
1 6 2
846 774
1 14 2
443 565
1 7 2
655 658
1 11 2
626 480
1 13 2
480 166
1 9 2
568 526
1 5 2
354 762
1 11 2
417 468
1 9 2
736 225
1 4 2
401 288
1 12 2
694 917
1 10 2
903 756
1 9 2
444 331
1 6 2
916 143
1 5 2
970 158
1 15 2
792 486
1 5 2
279 797
1 11 2
184 522
1 14 2
690 333
1 2 2
332 409
1 9 2
513 616
1 3 2
500 264
1 12 2
380 60
1 3 2
647 154
1 4 2
270 927
1 12 2
676 776
1 10 2
309 26
1 13 2
816 694
1 6 2
876 417
1 11 2
219 743
1 15 2
558 845
1 12 2
444 174
1 4 2
575 420
1 6 2
473 758
1 9 2
493 287
1 7 2
519 48
1 5 2
778 35
1 5 2
411 773
1 9 2
405 685
1 12 2
798 63
1 9 2
359 121
1 9 2
300 283
1 13 2
358 121
1 6 2
373 589
1 11 2
249 437
1 12 2
447 411
1 14 2
586 890
1 15 2
630 268
1 14 2
964 606
1 2 2
377 80
1 12 2
924 313
1 8 2
211 222
1 10 2
12 997
1 7 2
356 175
1 13 2
421 678
1 12 2
184 549
1 9 2
141 144
1 14 2
980 481
1 4 2
396 597
1 12 2
747 388
1 8 2
949 474
1 14 2
68 58
1 15 2
41 758
1 4 2
626 406
1 8 2
798 706
1 4 2
136 445
1 5 2
764 539
1 13 2
724 70
1 15 2
785 139
1 15 2
563 587
1 12 2
150 838
1 10 2
448 832
1 4 2
273 836
1 15 2
900 11
1 10 2
106 381
1 10 2
70 173
1 11 2
680 708
1 12 2
177 640
1 15 2
405 253
1 14 2
235 484
1 12 2
128 64
1 10 2
896 19
1 3 2
924 222
1 2 2
526 149
1 5 2
202 348
1 3 2
44 362
1 14 2
393 584
1 8 2
830 368
1 15 2
149 134
1 3 2
695 533
1 13 2
129 929
1 6 2
127 732
1 14 2
737 455
1 9 2
808 136
1 15 2
994 920
1 8 2
56 981
1 10 2
284 891
1 14 2
400 686
1 10 2
548 537
1 11 2
450 107
1 15 2
473 310
1 12 2
635 729
1 7 2
738 891
1 13 2
541 288
1 14 2
691 279
1 10 2
665 828
1 5 2
250 195
1 15 2
47 848
1 4 2
85 640
1 15 2
423 785
1 6 2
345 854
1 11 2
941 979
1 8 2
848 180
1 12 2
84 60
1 9 2
216 140
1 7 2
285 576
1 12 2
844 402
1 15 2
115 580
1 14 2
737 266
1 3 2
476 202
1 4 2
867 746
1 12 2
761 689
1 15 2
26 911
1 7 2
192 30
1 6 2
833 638
1 11 2
569 37
1 13 2
13 976
1 15 2
303 36
1 15 2
627 183
1 8 2
289 158
1 8 2
670 558
1 2 2
635 293
1 14 2
463 719
1 4 2
499 101
1 8 2
807 963
1 4 2
271 57
1 3 2
813 530
1 10 2
494 257
1 5 2
226 725
1 13 2
209 438
1 11 2
194 135
1 8 2
936 554
1 13 2
991 172
1 8 2
608 625
1 14 2
829 578
1 3 2
155 743
1 3 2
654 498
1 13 2
501 950
1 4 2
192 447
1 9 2
386 755
1 9 2
422 353
1 2 2
225 672
1 12 2
164 530
1 9 2
181 232
1 10 2
883 639
1 7 2
109 744
1 11 2
119 668
1 5 2
312 116
1 11 2
844 435
1 12 2
22 445
1 8 2
207 943
1 7 2
656 770
1 14 2
472 919
1 12 2
414 537
1 12 2
90 289
1 10 2
208 515
1 15 2
543 114
1 5 2
730 299
1 12 2
600 38
1 3 2
101 34
1 5 2
940 163
1 4 2
773 782
1 3 2
528 291
1 10 2
910 102
1 3 2
172 529
1 4 2
566 571
1 15 2
563 294
1 4 2
612 347
1 11 2
665 260
1 10 2
793 227
1 9 2
469 148
1 14 2
224 508
1 4 2
817 732
1 6 2
171 761
1 3 2
303 655
1 8 2
279 525
1 7 2
822 554
1 14 2
751 366
1 10 2
829 210
1 8 2
431 24
1 15 2
542 722
1 10 2
129 311
1 5 2
238 692
1 2 2
814 787
1 13 2
193 260
1 8 2
525 107
1 6 2
731 536
1 14 2
644 712
1 4 2
862 588
1 15 2
963 107
1 6 2
841 813
1 6 2
474 763
1 15 2
937 522
1 3 2
321 997
1 12 2
933 837
1 15 2
892 642
1 8 2
794 858
1 15 2
595 302
1 6 2
414 634
1 10 2
565 610
1 4 2
882 830
1 13 2
893 747
1 5 2
355 817
1 5 2
658 676
1 6 2
153 14
1 12 2
815 200
1 15 2
379 465
1 13 2
283 597
1 2 2
396 59
1 3 2
443 790
1 9 2
523 741
1 10 2
296 358
1 13 2
308 349
1 11 2
602 682
1 5 2
770 303
1 2 2
382 449
1 13 2
47 220
1 2 2
221 929
1 3 2
508 867
1 11 2
947 331
1 9 2
749 485
1 13 2
579 649
1 11 2
501 789
1 6 2
453 856
1 5 2
137 323
1 6 2
314 426
1 11 2
853 72
1 13 2
218 842
1 8 2
916 320
1 15 2
739 489
1 8 2
0 317
1 15 2
884 254
1 14 2
753 565
1 9 2
157 242
1 13 2
909 664
1 12 2
190 203
1 11 2
294 423
1 12 2
393 111
1 5 2
761 353
1 15 2
506 203
1 9 2
492 702
1 2 2
423 700
1 15 2
640 388
1 15 2
663 319
1 3 2
514 954
1 10 2
438 547
1 4 2
507 427
1 12 2
68 178
1 13 2
22 459
1 9 2
208 839
1 13 2
166 434
1 8 2
191 388
1 7 2
166 917
1 15 2
98 61
1 10 2
461 697
1 12 2
399 535
1 7 2
873 543
1 4 2
32 604
1 5 2
754 707
1 5 2
799 214
1 14 2
263 944
1 8 2
565 921
1 8 2
556 396
1 10 2
803 869
1 7 2
832 173
1 6 2
419 78
1 10 2
169 66
1 11 2
387 314
1 7 2
585 11
1 14 2
143 65
1 2 2
611 368
1 4 2
784 939
1 13 2
159 690
1 15 2
652 471
1 3 2
497 793
1 3 2
788 437
1 6 2
270 917
1 2 2
756 372
1 4 2
710 788
1 11 2
742 792
1 8 2
219 973
1 10 2
311 126
1 9 2
657 542
1 2 2
259 546
1 14 2
380 378
1 6 2
307 942
1 11 2
686 615
1 15 2
959 967
1 7 2
586 430
1 10 2
132 925
1 10 2
533 540
1 3 2
57 695
1 5 2
583 177
1 9 2
906 982
1 10 2
212 54
1 6 2
194 697
1 12 2
696 837
1 4 2
41 149
1 11 2
654 52
1 6 2
386 164
1 10 2
541 665
1 5 2
471 464
1 3 2
776 215
1 2 2
899 649
1 10 2
403 527
1 10 2
129 440
1 10 2
202 614
1 5 2
54 697
1 4 2
57 513
1 2 2
725 351
1 3 2
502 144
1 14 2
580 184
1 10 2
662 161
1 5 2
4 984
1 4 2
489 49
1 7 2
234 149
1 14 2
655 537
1 11 2
649 455
1 11 2
116 242
1 7 2
287 311
1 4 2
723 235
1 11 2
897 957
1 13 2
811 714
1 2 2
113 311
1 7 2
46 243
1 4 2
385 202
1 10 2
983 41
1 15 2
378 700
1 11 2
861 845
1 4 2
80 352
1 12 2
877 933
1 2 2
770 976
1 9 2
391 252
1 7 2
680 807
1 15 2
351 419
1 15 2
752 852
1 12 2
789 88
1 9 2
193 585
1 5 2
862 490
1 14 2
307 790
1 10 2
440 11
1 10 2
283 244
1 12 2
103 345
1 8 2
330 603
1 13 2
295 300
1 10 2
402 694
1 2 2
296 907
1 13 2
400 628
1 9 2
839 872
1 12 2
872 223
1 6 2
519 10
1 4 2
553 356
1 6 2
67 637
1 7 2
988 372
1 13 2
811 163
1 10 2
56 991
1 12 2
651 576
1 10 2
693 442
1 14 2
426 407
1 4 2
115 406
1 12 2
959 365
1 14 2
611 776
1 7 2
958 701
1 13 2
125 570
1 11 2
838 528
1 9 2
657 985
1 5 2
334 575
1 2 2
438 125
1 7 2
650 910
1 11 2
614 213
1 15 2
828 274
1 13 2
368 65
1 7 2
26 58
1 12 2
770 216
1 15 2
684 437
1 13 2
916 947
1 9 2
907 765
1 12 2
261 176
1 12 2
856 83
1 10 2
4 773
1 9 2
236 215
1 3 2
662 833
1 9 2
68 756
1 2 2
379 551
1 3 2
40 349
1 15 2
639 690
1 8 2
514 396
1 2 2
440 238
1 14 2
779 713
1 8 2
426 383
1 8 2
270 53
1 10 2
988 859
1 11 2
60 24
1 11 2
289 253
1 5 2
95 273
1 10 2
550 199
1 15 2
599 661
1 6 2
577 545
1 3 2
164 471
1 12 2
529 371
1 7 2
791 194
1 8 2
869 255
1 8 2
884 506
1 15 2
844 832
1 12 2
220 784
1 7 2
461 896
1 7 2
883 494
1 3 2
766 98
1 8 2
134 432
1 14 2
549 466
1 10 2
752 211
1 14 2
272 842
1 11 2
439 103
1 9 2
411 89
1 15 2
661 141
1 10 2
159 632
1 5 2
25 254
1 2 2
848 863
1 11 2
206 568
1 9 2
332 563
1 9 2
266 799
1 5 2
328 777
1 10 2
469 649
1 8 2
408 321
1 6 2
703 393
1 10 2
960 316
1 2 2
602 239
1 2 2
425 723
1 13 2
453 972
1 10 2
280 46
1 14 2
855 181
1 14 2
992 682
1 8 2
158 341
1 12 2
535 355
1 9 2
77 869
1 4 2
198 280
1 10 2
346 381
1 9 2
473 924
1 15 2
97 938
1 2 2
370 448
1 5 2
391 20
1 8 2
453 107
1 14 2
384 635
1 6 2
332 349
1 10 2
760 32
1 6 2
104 69
1 9 2
822 997
1 2 2
763 611
1 5 2
601 68
1 7 2
388 218
1 4 2
763 571
1 6 2
920 400
1 9 2
882 271
1 15 2
910 938
1 10 2
20 540
1 14 2
58 868
1 15 2
657 140
1 3 2
612 653
1 2 2
980 484
1 5 2
312 85
1 5 2
88 592
1 2 2
632 982
1 15 2
620 208
1 14 2
480 235
1 3 2
591 81
1 4 2
505 65
1 14 2
747 672
1 10 2
767 702
1 11 2
950 854
1 3 2
676 694
1 5 2
519 92
1 3 2
499 428
1 13 2
118 69
1 13 2
222 400
1 15 2
364 704
1 8 2
582 690
1 14 2
953 247
1 12 2
724 210
1 4 2
281 330
1 12 2
794 685
1 11 2
866 525
1 11 2
762 231
1 4 2
578 555
1 15 2
721 334
1 8 2
415 782
1 8 2
67 55
1 14 2
67 127
1 15 2
699 305
1 2 2
566 554
1 10 2
788 639
1 13 2
648 945
1 14 2
683 757
1 6 2
790 178
1 14 2
678 801
1 7 2
451 882
1 8 2
908 628
1 6 2
398 634
1 13 2
245 529
1 3 2
622 217
1 8 2
133 349
1 9 2
168 963
1 12 2
436 170
1 9 2
919 500
1 15 2
697 204
1 13 2
933 489
1 7 2
591 26
1 14 2
231 211
1 2 2
285 732
1 14 2
67 772
1 13 2
272 20
1 9 2
825 245
1 13 2
469 616
1 12 2
541 680
1 10 2
588 31
1 11 2
813 648
1 7 2
623 273
1 10 2
604 499
1 9 2
134 369
1 9 2
695 977
1 12 2
697 173
1 3 2
296 131
1 7 2
122 505
1 2 2
7 487
1 12 2
578 736
1 10 2
67 762
1 5 2
680 346
1 7 2
461 972
1 2 2
406 398
1 10 2
525 579
1 5 2
403 886
1 12 2
726 125
1 7 2
946 465
1 6 2
104 773
1 8 2
100 388
1 11 2
521 905
1 10 2
951 629
1 6 2
668 100
1 8 2
695 840
1 13 2
0 683
1 5 2
739 964
1 7 2
507 766
1 3 2
52 222
1 5 2
681 201
1 9 2
555 951
1 15 2
931 864
1 7 2
469 204
1 12 2
928 492
1 11 2
815 23
1 11 2
76 743
1 2 2
367 55
1 13 2
644 884
1 6 2
544 657
1 2 2
616 624
1 11 2
714 280
1 2 2
589 475
1 10 2
975 819
1 6 2
726 357
1 8 2
271 74
1 2 2
738 471
1 9 2
186 556
1 13 2
667 919
1 11 2
439 734
1 14 2
191 339
1 14 2
706 317
1 10 2
792 605
1 8 2
318 337
1 14 2
174 497
1 4 2
237 53
1 15 2
0 379
1 8 2
739 589
1 2 2
735 115
1 3 2
555 214
1 7 2
156 450
1 14 2
300 829
1 10 2
255 147
1 8 2
86 417
1 9 2
711 393
1 5 2
853 180
1 3 2
137 232
1 10 2
801 48
1 6 2
185 135
1 13 2
364 326
1 13 2
385 567
1 7 2
151 212
1 2 2
971 811
1 14 2
295 740
1 6 2
256 360
1 15 2
216 30
1 8 2
260 989
1 15 2
514 950
1 7 2
695 115
1 11 2
854 578
1 3 2
524 220
1 9 2
244 324
1 11 2
488 286
1 4 2
772 219
1 8 2
810 744
1 5 2
577 464
1 2 2
958 527
1 11 2
565 946
1 3 2
360 661
1 2 2
606 967
1 10 2
857 885
1 4 2
142 22
1 12 2
350 419
1 10 2
529 926
1 6 2
834 263
1 9 2
804 287
1 10 2
805 648
1 11 2
300 483
1 2 2
542 480
1 15 2
14 207
1 10 2
740 929
1 7 2
857 850
1 6 2
592 616
1 10 2
742 124
1 10 2
886 427
1 11 2
792 153
1 2 2
898 27
1 5 2
525 736
1 11 2
9 377
1 9 2
438 460
1 12 2
975 4
1 2 2
157 435
1 11 2
394 148
1 13 2
432 825
1 2 2
965 918
1 11 2
12 509
1 9 2
377 186
1 4 2
157 884
1 9 2
659 340
1 7 2
438 444
1 9 2
37 55
1 13 2
996 459
1 13 2
138 307
1 9 2
70 905
1 5 2
895 230
1 13 2
395 855
1 9 2
255 79
1 3 2
909 204
1 12 2
50 241
1 5 2
411 471
1 3 2
849 995
1 5 2
756 397
1 10 2
104 892
1 5 2
839 916
1 2 2
552 871
1 4 2
415 675
1 2 2
182 502
1 12 2
95 704
1 4 2
93 570
1 15 2
561 500
1 15 2
219 569
1 5 2
113 256
1 9 2
813 205
1 10 2
425 790
1 12 2
414 833
1 10 2
567 461
1 13 2
593 49
1 8 2
676 262
1 7 2
153 146
1 12 2
12 679
1 3 2
189 766
1 8 2
904 840
1 7 2
98 324
1 3 2
793 703
1 6 2
392 237
1 11 2
969 172
1 8 2
981 733
1 7 2
519 752
1 4 2
169 825
1 13 2
806 269
1 5 2
562 248
1 12 2
606 909
1 4 2
207 827
1 6 2
261 693
1 14 2
516 204
1 5 2
274 646
1 5 2
671 570
1 5 2
300 352
1 7 2
315 366
1 4 2
385 777
1 4 2
626 559
1 5 2
952 416
1 9 2
795 825
1 14 2
874 613
1 4 2
59 9
1 12 2
544 672
1 4 2
833 156
1 8 2
423 338
1 12 2
854 918
1 8 2
933 428
1 2 2
52 607
1 10 2
286 255
1 7 2
830 327
1 4 2
394 951
1 14 2
865 582
1 2 2
975 639
1 9 2
295 676
1 2 2
697 624
1 5 2
663 434
1 8 2
658 544
1 15 2
272 76
1 5 2
162 440
1 11 2
204 968
1 2 2
753 788
1 9 2
301 585
1 4 2
669 262
1 11 2
698 937
1 9 2
245 817
1 4 2
950 685
1 8 2
166 463
1 2 2
332 19
1 9 2
126 638
1 12 2
90 777
1 14 2
657 648
1 2 2
111 760
1 5 2
783 837
1 6 2
162 609
1 3 2
86 374
1 13 2
116 603
1 5 2
187 754
1 4 2
837 597
1 6 2
459 6
1 14 2
440 138
1 9 2
123 217
1 12 2
4 409
1 15 2
368 335
1 3 2
625 491
1 12 2
133 525
1 5 2
808 189
1 2 2
412 523
1 11 2
878 237
1 3 2
54 504
1 8 2
862 164
1 14 2
39 190
1 4 2
565 158
1 14 2
489 373
1 10 2
339 74
1 4 2
443 378
1 6 2
802 664
1 2 2
916 739
1 7 2
117 828
1 9 2
244 634
1 15 2
688 559
1 15 2
973 432
1 9 2
311 423
1 5 2
880 128
1 10 2
429 713
1 8 2
62 156
1 11 2
5 605
1 13 2
851 446
1 5 2
285 166
1 14 2
746 981
1 12 2
610 709
1 12 2
277 880
1 9 2
549 402
1 12 2
589 999
1 14 2
248 362
1 8 2
21 527
1 6 2
888 475
1 3 2
968 531
1 6 2
272 651
1 9 2
866 228
1 8 2
36 749
1 15 2
148 625
1 9 2
204 794
1 15 2
435 811
1 2 2
109 46
1 6 2
612 147
1 14 2
892 952
1 5 2
858 832
1 15 2
340 45
1 4 2
621 924
1 12 2
995 140
1 15 2
334 835
1 5 2
521 332
1 12 2
283 663
1 10 2
478 794
1 10 2
462 39
1 5 2
742 246
1 4 2
510 827
1 14 2
599 432
1 2 2
82 931
1 5 2
262 701
1 2 2
257 296
1 8 2
951 316
1 14 2
886 842
1 15 2
684 818
1 3 2
583 633
1 14 2
715 608
1 11 2
180 23
1 15 2
325 358
1 10 2
397 511
1 5 2
256 85
1 14 2
923 745
1 3 2
993 441
1 10 2
352 533
1 15 2
25 31
1 3 2
937 941
1 12 2
67 701
1 15 2
92 425
1 4 2
176 268
1 10 2
481 267
1 13 2
84 205
1 3 2
158 884
1 9 2
638 618
1 6 2
196 636
1 10 2
254 840
1 10 2
568 119
1 5 2
558 32
1 8 2
513 823
1 10 2
949 22
1 13 2
65 541
1 3 2
382 975
1 11 2
859 460
1 10 2
649 38
1 5 2
302 112
1 9 2
140 476
1 13 2
142 128
1 14 2
436 812
1 7 2
518 504
1 7 2
614 133
1 6 2
185 292
1 4 2
203 242
1 6 2
135 685
1 6 2
289 997
1 14 2
819 737
1 2 2
282 357
1 11 2
768 518
1 12 2
525 329
1 11 2
625 893
1 12 2
895 85
1 13 2
59 933
1 15 2
25 902
1 11 2
499 106
1 13 2
282 79
1 8 2
329 885
1 6 2
591 659
1 2 2
61 751
1 3 2
711 673
1 6 2
456 848
1 3 2
258 859
1 7 2
129 482
1 11 2
45 393
1 5 2
135 129
1 14 2
173 96
1 15 2
3 971
1 13 2
360 163
1 13 2
540 856
1 7 2
564 566
1 2 2
878 648
1 11 2
606 626
1 5 2
927 108
1 5 2
684 820
1 4 2
856 842
1 8 2
763 151
1 12 2
195 269
1 11 2
746 670
1 10 2
603 10
1 2 2
296 118
1 2 2
659 525
1 6 2
446 324
1 6 2
441 928
1 15 2
894 934
1 13 2
974 118
1 4 2
140 461
1 10 2
149 713
1 15 2
904 194
1 9 2
913 972
1 8 2
431 951
1 5 2
443 529
1 6 2
831 656
1 8 2
910 526
1 4 2
574 43
1 6 2
253 391
1 5 2
5 512
1 14 2
653 515
1 4 2
349 563
1 2 2
986 370
1 12 2
544 394
1 14 2
490 204
1 12 2
697 570
1 4 2
95 872
1 7 2
18 519
1 14 2
150 801
1 12 2
318 84
1 15 2
253 951
1 13 2
857 236
1 15 2
640 420
1 3 2
979 630
1 9 2
475 854
1 7 2
332 359
1 4 2
410 625
1 3 2
598 804
1 6 2
832 974
1 3 2
575 125
1 8 2
868 379
1 5 2
838 325
1 3 2
10 563
1 3 2
762 962
1 7 2
988 420
1 4 2
273 843
1 6 2
138 196
1 4 2
344 816
1 4 2
999 630
1 15 2
859 463
1 15 2
724 308
1 10 2
281 143
1 2 2
729 822
1 15 2
172 749
1 8 2
291 117
1 11 2
510 954
1 13 2
654 611
1 10 2
460 472
1 9 2
104 37
1 13 2
323 854
1 12 2
949 190
1 6 2
902 356
1 8 2
173 202
1 10 2
604 172
1 3 2
648 933
1 10 2
903 208
1 3 2
27 721
1 14 2
447 801
1 14 2
473 358
1 14 2
303 896
1 4 2
371 86
1 15 2
852 967
1 14 2
465 627
1 8 2
32 298
1 14 2
730 83
1 4 2
476 672
1 15 2
75 146
1 10 2
297 434
1 15 2
763 158
1 11 2
681 381
1 11 2
373 481
1 3 2
608 866
1 7 2
262 857
1 12 2
62 941
1 5 2
118 35
1 13 2
793 60
1 15 2
461 524
1 6 2
54 684
1 15 2
586 885
1 5 2
417 543
1 5 2
620 601
1 15 2
713 329
1 14 2
887 285
1 9 2
259 639
1 2 2
126 122
1 11 2
455 516
1 5 2
558 3
1 4 2
143 789
1 2 2
639 791
1 3 2
957 409
1 6 2
741 24
1 2 2
754 550
1 13 2
788 609
1 4 2
364 137
1 13 2
227 946
1 5 2
788 696
1 8 2
526 417
1 11 2
825 216
1 10 2
695 424
1 10 2
118 926
1 15 2
483 546
1 6 2
710 275
1 7 2
262 202
1 4 2
633 224
1 10 2
2 528
1 11 2
388 84
1 10 2
474 983
1 7 2
513 452
1 14 2
789 997
1 10 2
569 203
1 9 2
935 350
1 6 2
119 8
1 13 2
514 806
1 15 2
643 269
1 2 2
387 881
1 3 2
745 574
1 12 2
395 590
1 10 2
30 166
1 15 2
824 104
1 11 2
996 675
1 2 2
514 325
1 9 2
804 923
1 15 2
619 920
1 9 2
275 352
1 8 2
562 935
1 13 2
367 871
1 15 2
825 434
1 11 2
488 345
1 12 2
320 676
1 13 2
481 940
1 13 2
256 741
1 5 2
903 220
1 13 2
785 321
1 10 2
75 441
1 4 2
308 352
1 15 2
867 126
1 3 2
951 721
1 10 2
911 825
1 6 2
271 129
1 9 2
258 975
1 11 2
836 812
1 5 2
731 888
1 15 2
330 679
1 7 2
765 921
1 2 2
142 959
1 11 2
767 111
1 5 2
498 904
1 10 2
496 267
1 7 2
778 286
1 12 2
219 18
1 6 2
976 921
1 15 2
542 452
1 5 2
843 859
1 2 2
618 320
1 9 2
376 140
1 13 2
138 356
1 7 2
485 240
1 5 2
597 287
1 4 2
566 536
1 6 2
132 119
1 6 2
637 159
1 10 2
500 435
1 8 2
747 462
1 11 2
150 407
1 14 2
659 982
1 6 2
348 702
1 15 2
89 72
1 8 2
97 415
1 6 2
683 666
1 12 2
94 200
1 7 2
907 363
1 9 2
812 689
1 9 2
716 21
1 11 2
405 426
1 6 2
490 958
1 8 2
369 470
1 14 2
468 796
1 8 2
788 603
1 12 2
392 369
1 12 2
148 562
1 9 2
736 26
1 10 2
936 325
1 5 2
723 867
1 15 2
797 678
1 2 2
190 179
1 9 2
302 849
1 3 2
861 330
1 15 2
860 81
1 14 2
162 662
1 9 2
255 707
1 12 2
838 456
1 10 2
173 491
1 13 2
895 572
1 9 2
753 661
1 8 2
317 611
1 4 2
691 948
1 7 2
628 550
1 2 2
201 503
1 5 2
789 73
1 4 2
394 560
1 13 2
926 558
1 5 2
961 445
1 4 2
807 569
1 3 2
431 761
1 13 2
301 62
1 8 2
67 180
1 7 2
380 582
1 3 2
741 533
1 2 2
387 608
1 5 2
802 927
1 13 2
434 735
1 3 2
810 756
1 2 2
760 958
1 9 2
449 56
1 5 2
34 829
1 11 2
906 234
1 15 2
779 924
1 5 2
383 649
1 2 2
305 406
1 15 2
21 323
1 10 2
318 398
1 2 2
981 76
1 11 2
413 507
1 14 2
226 299
1 9 2
22 667
1 5 2
627 698
1 9 2
840 861
1 9 2
117 589
1 15 2
115 910
1 3 2
758 734
1 5 2
808 724
1 11 2
141 45
1 4 2
907 846
1 12 2
804 957
1 2 2
660 216
1 5 2
380 223
1 12 2
870 280
1 2 2
408 4
1 7 2
344 531
1 10 2
858 309
1 10 2
949 14
1 5 2
464 299
1 10 2
381 620
1 8 2
994 313
1 13 2
260 922
1 3 2
58 643
1 5 2
608 308
1 4 2
852 510
1 13 2
615 4
1 5 2
561 854
1 3 2
657 68
1 7 2
511 837
1 4 2
972 158
1 7 2
297 731
1 8 2
327 478
1 13 2
540 744
1 3 2
667 749
1 2 2
92 916
1 7 2
347 807
1 8 2
296 362
1 8 2
469 281
1 15 2
977 409
1 11 2
692 455
1 11 2
921 215
1 3 2
297 638
1 6 2
68 17
1 4 2
537 271
1 9 2
214 55
1 13 2
20 502
1 4 2
773 774
1 8 2
127 416
1 10 2
648 616
1 8 2
370 315
1 5 2
491 425
1 3 2
419 269
1 13 2
838 741
1 11 2
206 632
1 3 2
128 51
1 10 2
302 130
1 8 2
380 520
1 2 2
468 111
1 12 2
826 538
1 3 2
676 410
1 7 2
846 811
1 12 2
549 833
1 7 2
834 292
1 11 2
24 940
1 6 2
390 979
1 3 2
130 598
1 6 2
505 790
1 5 2
311 176
1 14 2
897 935
1 9 2
162 966
1 6 2
363 337
1 14 2
553 52
1 12 2
597 70
1 6 2
355 49
1 3 2
71 727
1 5 2
516 130
1 2 2
854 335
1 12 2
550 59
1 5 2
770 643
1 15 2
203 303
1 4 2
977 402
1 9 2
12 353
1 2 2
845 602
1 13 2
484 20
1 11 2
483 915
1 7 2
898 531
1 10 2
435 759
1 9 2
681 579
1 15 2
536 942
1 8 2
733 187
1 10 2
330 150
1 4 2
358 761
1 9 2
368 709
1 7 2
11 512
1 3 2
433 421
1 11 2
906 366
1 10 2
368 806
1 6 2
188 769
1 14 2
492 134
1 11 2
662 451
1 12 2
636 162
1 8 2
974 350
1 7 2
753 858
1 3 2
756 718
1 5 2
153 887
1 15 2
566 527
1 9 2
761 497
1 10 2
712 18
1 11 2
759 956
1 10 2
279 325
1 10 2
832 67
1 10 2
53 791
1 9 2
789 747
1 14 2
85 476
1 9 2
544 255
1 12 2
619 575
1 14 2
398 837
1 2 2
166 210
1 11 2
795 314
1 10 2
325 535
1 14 2
182 929
1 14 2
401 385
1 12 2
988 16
1 14 2
251 744
1 9 2
537 601
1 10 2
150 929
1 5 2
934 952
1 8 2
937 515
1 3 2
485 548
1 7 2
59 638
1 3 2
477 571
1 11 2
47 183
1 9 2
158 3
1 6 2
57 111
1 5 2
205 160
1 7 2
959 442
1 10 2
280 16
1 5 2
92 835
1 14 2
853 847
1 14 2
836 965
1 14 2
935 732
1 12 2
564 810
1 4 2
293 440
1 6 2
77 189
1 3 2
658 223
1 6 2
864 744
1 14 2
465 282
1 9 2
654 68
1 8 2
305 400
1 6 2
143 859
1 9 2
45 880
1 14 2
991 615
1 3 2
986 526
1 7 2
981 180
1 10 2
376 223
1 7 2
462 63
1 11 2
132 905
1 15 2
825 979
1 13 2
280 410
1 10 2
201 814
1 6 2
467 791
1 2 2
619 686
1 12 2
966 493
1 12 2
699 878
1 10 2
761 891
1 7 2
362 26
1 5 2
528 99
1 14 2
509 945
1 15 2
45 659
1 15 2
215 404
1 15 2
543 838
1 10 2
774 586
1 13 2
587 504
1 15 2
46 591
1 9 2
910 378
1 13 2
140 337
1 5 2
108 431
1 10 2
36 545
1 7 2
708 736
1 8 2
398 620
1 10 2
865 896
1 11 2
956 685
1 7 2
89 114
1 4 2
936 687
1 13 2
112 739
1 9 2
882 802
1 5 2
180 329
1 3 2
899 581
1 3 2
644 91
1 2 2
476 10
1 7 2
385 554
1 9 2
853 777
1 3 2
753 397
1 10 2
524 136
1 12 2
485 531
1 3 2
197 991
1 12 2
977 330
1 7 2
965 952
1 3 2
513 620
1 10 2
917 779
1 6 2
931 993
1 2 2
719 531
1 4 2
309 313
1 5 2
391 726
1 14 2
89 865
1 14 2
428 538
1 11 2
276 355
1 4 2
978 316
1 10 2
378 654
1 8 2
67 473
1 10 2
931 678
1 10 2
21 295
1 15 2
130 162
1 6 2
610 279
1 15 2
307 106
1 6 2
793 327
1 13 2
18 88
1 3 2
881 141
1 7 2
56 231
1 2 2
617 77
1 12 2
278 394
1 2 2
198 605
1 2 2
799 597
1 11 2
945 665
1 13 2
438 354
1 2 2
685 453
1 9 2
968 733
1 12 2
693 225
1 5 2
456 931
1 6 2
828 807
1 8 2
108 260
1 7 2
647 788
1 13 2
994 148
1 15 2
315 386
1 13 2
948 756
1 8 2
822 944
1 8 2
788 271
1 12 2
315 355
1 5 2
182 400
1 2 2
471 37
1 14 2
98 486
1 11 2
424 646
1 14 2
886 969
1 9 2
800 603
1 2 2
599 541
1 9 2
42 490
1 4 2
965 852
1 13 2
492 504
1 14 2
547 544
1 11 2
509 30
1 6 2
47 980
1 8 2
889 321
1 2 2
83 8
1 3 2
364 732
1 10 2
318 288
1 3 2
606 949
1 4 2
810 173
1 4 2
776 858
1 6 2
833 797
1 10 2
96 716
1 15 2
748 664
1 5 2
110 336
1 6 2
177 766
1 6 2
562 393
1 9 2
617 295
1 7 2
485 626
1 5 2
163 737
1 5 2
961 450
1 15 2
283 227
1 2 2
535 331
1 6 2
939 871
1 11 2
194 202
1 8 2
46 660
1 5 2
990 967
1 3 2
583 128
1 6 2
760 438
1 14 2
411 576
1 11 2
597 84
1 5 2
604 883
1 7 2
245 243
1 6 2
771 112
1 4 2
600 559
1 11 2
87 471
1 5 2
202 546
1 6 2
983 968
1 2 2
756 643
1 12 2
616 758
1 2 2
166 353
1 6 2
364 65
1 15 2
911 293
1 10 2
358 483
1 2 2
648 752
1 7 2
467 633
1 8 2
708 437
1 11 2
765 787
1 9 2
561 264
1 3 2
171 233
1 4 2
691 699
1 15 2
246 833
1 8 2
356 436
1 13 2
906 917
1 3 2
903 445
1 6 2
613 945
1 8 2
57 272
1 2 2
320 754
1 3 2
114 932
1 13 2
120 602
1 11 2
127 624
1 12 2
473 335
1 3 2
518 744
1 3 2
655 613
1 7 2
948 853
1 12 2
212 278
1 8 2
798 886
1 7 2
310 461
1 7 2
453 808
1 7 2
20 920
1 7 2
357 917
1 12 2
325 617
1 3 2
92 253
1 9 2
329 800
1 5 2
502 202
1 3 2
143 162
1 4 2
433 286
1 14 2
214 266
1 13 2
124 729
1 10 2
30 581
1 13 2
924 475
1 5 2
82 80
1 8 2
664 709
1 3 2
324 79
1 13 2
956 677
1 14 2
716 873
1 3 2
633 346
1 3 2
221 351
1 13 2
822 725
1 6 2
793 441
1 8 2
337 280
1 10 2
748 212
1 5 2
560 849
1 9 2
216 759
1 13 2
18 328
1 13 2
798 147
1 11 2
282 828
1 12 2
355 390
1 10 2
974 319
1 3 2
711 777
1 12 2
289 21
1 8 2
472 624
1 7 2
567 880
1 2 2
545 460
1 2 2
864 169
1 5 2
489 179
1 7 2
82 113
1 10 2
5 106
1 3 2
108 766
1 3 2
639 965
1 11 2
561 3
1 15 2
60 334
1 4 2
188 809
1 14 2
945 979
1 11 2
641 568
1 2 2
827 561
1 14 2
257 3
1 14 2
569 725
1 7 2
940 654
1 14 2
884 81
1 2 2
215 390
1 10 2
512 378
1 7 2
96 176
1 5 2
750 677
1 6 2
378 26
1 2 2
951 116
1 15 2
107 757
1 5 2
545 875
1 9 2
816 796
1 7 2
541 746
1 9 2
464 221
1 8 2
196 777
1 12 2
49 164
1 15 2
909 60
1 14 2
944 835
1 13 2
620 495
1 9 2
499 392
1 15 2
782 439
1 7 2
232 121
1 10 2
535 180
1 6 2
614 645
1 2 2
304 110
1 14 2
608 496
1 5 2
967 254
1 4 2
373 360
1 2 2
320 642
1 6 2
578 222
1 6 2
316 385
1 8 2
618 601
1 4 2
296 54
1 4 2
291 661
1 6 2
969 125
1 10 2
957 987
1 10 2
427 192
1 14 2
141 251
1 11 2
725 420
1 12 2
162 273
1 8 2
612 743
1 4 2
707 350
1 9 2
913 239
1 9 2
330 782
1 3 2
282 566
1 2 2
782 549
1 11 2
79 419
1 9 2
623 874
1 11 2
603 577
1 15 2
991 273
1 13 2
210 826
1 13 2
261 403
1 8 2
797 718
1 14 2
640 336
1 5 2
213 963
1 12 2
165 211
1 7 2
35 824
1 12 2
111 230
1 7 2
220 165
1 5 2
125 730
1 12 2
723 770
1 14 2
261 269
1 2 2
67 717
1 8 2
234 789
1 11 2
816 482
1 2 2
810 921
1 8 2
720 629
1 7 2
465 278
1 13 2
608 559
1 15 2
966 34
1 8 2
635 644
1 8 2
722 814
1 10 2
731 415
1 3 2
872 539
1 11 2
468 3
1 13 2
636 165
1 8 2
873 425
1 2 2
540 998
1 5 2
85 63
1 14 2
560 725
1 13 2
844 201
1 14 2
765 288
1 14 2
448 647
1 13 2
398 84
1 2 2
605 693
1 13 2
95 719
1 5 2
666 409
1 5 2
572 174
1 9 2
496 592
1 7 2
200 612
1 13 2
626 937
1 4 2
929 736
1 13 2
997 230
1 13 2
349 444
1 9 2
129 516
1 2 2
217 328
1 10 2
986 837
1 8 2
261 190
1 14 2
914 515
1 8 2
534 177
1 9 2
307 657
1 13 2
63 942
1 6 2
362 619
1 9 2
198 317
1 10 2
318 702
1 5 2
923 523
1 4 2
24 215
1 15 2
739 74
1 4 2
510 234
1 10 2
623 514
1 2 2
320 729
1 8 2
14 171
1 2 2
863 380
1 5 2
709 898
1 11 2
493 561
1 11 2
534 123
1 12 2
133 265
1 7 2
996 807
1 15 2
980 376
1 7 2
134 847
1 10 2
639 917
1 7 2
985 600
1 4 2
126 851
1 5 2
60 669
1 2 2
615 821
1 11 2
263 163
1 13 2
575 327
1 10 2
908 820
1 3 2
560 119
1 7 2
146 687
1 4 2
176 570
1 12 2
432 251
1 3 2
523 329
1 7 2
928 439
1 9 2
999 819
1 11 2
752 866
1 9 2
396 837
1 7 2
123 523
1 7 2
498 892
1 4 2
761 355
1 14 2
945 221
1 14 2
882 367
1 11 2
647 715
1 4 2
219 291
1 10 2
737 290
1 6 2
846 500
1 3 2
915 295
1 15 2
285 925
1 5 2
30 495
1 5 2
912 267
1 5 2
80 63
1 15 2
505 86
1 5 2
677 514
1 2 2
10 686
1 14 2
494 751
1 8 2
406 712
1 8 2
583 733
1 10 2
996 422
1 9 2
893 515
1 12 2
906 103
1 14 2
381 383
1 13 2
399 485
1 15 2
375 605
1 7 2
465 545
1 15 2
542 238
1 3 2
673 748
1 8 2
759 912
1 9 2
575 411
1 4 2
680 656
1 7 2
554 816
1 5 2
489 783
1 9 2
180 119
1 14 2
703 293
1 10 2
872 778
1 8 2
587 747
1 14 2
186 779
1 11 2
85 557
1 11 2
277 369
1 11 2
271 736
1 6 2
280 834
1 12 2
441 147
1 13 2
841 552
1 11 2
878 337
1 9 2
332 834
1 4 2
60 677
1 3 2
89 838
1 5 2
316 400
1 4 2
146 305
1 4 2
849 833
1 11 2
494 55
1 13 2
469 816
1 12 2
641 594
1 2 2
92 329
1 14 2
867 950
1 5 2
603 975
1 12 2
833 483
1 14 2
828 681
1 8 2
17 979
1 6 2
287 786
1 6 2
875 425
1 2 2
711 549
1 14 2
575 346
1 7 2
446 261
1 11 2
770 816
1 9 2
571 352
1 14 2
315 162
1 3 2
850 572
1 13 2
675 35
1 5 2
957 392
1 15 2
161 307
1 5 2
815 629
1 5 2
276 595
1 6 2
419 587
1 15 2
154 538
1 13 2
312 669
1 14 2
48 134
1 8 2
722 351
1 14 2
691 235
1 4 2
56 466
1 8 2
543 384
1 6 2
879 656
1 7 2
247 270
1 10 2
55 235
1 12 2
770 501
1 5 2
265 726
1 5 2
654 605
1 14 2
174 432
1 2 2
364 701
1 12 2
957 430
1 14 2
672 277
1 5 2
151 388
1 6 2
440 916
1 10 2
645 887
1 9 2
580 170
1 7 2
135 127
1 7 2
461 777
1 11 2
127 209
1 7 2
977 455
1 2 2
664 18
1 12 2
500 755
1 6 2
281 582
1 13 2
458 617
1 9 2
504 924
1 5 2
154 708
1 10 2
975 683
1 7 2
92 536
1 4 2
587 563
1 9 2
848 646
1 7 2
967 646
1 6 2
104 530
1 14 2
973 385
1 11 2
757 573
1 7 2
856 77
1 3 2
199 200
1 13 2
438 972
1 10 2
898 116
1 7 2
735 560
1 3 2
647 48
1 7 2
334 706
1 2 2
957 128
1 6 2
785 435
1 11 2
179 704
1 6 2
579 931
1 5 2
577 820
1 3 2
250 668
1 8 2
837 649
1 6 2
645 811
1 3 2
468 716
1 13 2
122 771
1 15 2
649 563
1 10 2
102 886
1 3 2
786 921
1 6 2
38 469
1 3 2
90 604
1 12 2
896 136
1 13 2
337 445
1 15 2
312 354
1 4 2
276 830
1 11 2
581 262
1 12 2
490 556
1 14 2
178 423
1 10 2
481 223
1 6 2
686 978
1 3 2
621 750
1 9 2
730 583
1 15 2
990 691
1 3 2
802 831
1 9 2
448 408
1 15 2
812 404
1 5 2
843 912
1 11 2
524 659
1 14 2
681 377
1 7 2
9 46
1 10 2
485 407
1 8 2
97 89
1 7 2
715 218
1 3 2
789 594
1 10 2
119 551
1 15 2
452 742
1 10 2
985 369
1 12 2
254 472
1 12 2
388 363
1 4 2
725 766
1 13 2
467 789
1 9 2
112 308
1 8 2
365 581
1 2 2
11 286
1 15 2
166 127
1 5 2
147 902
1 10 2
845 398
1 13 2
91 183
1 11 2
182 877
1 13 2
351 42
1 15 2
252 726
1 7 2
711 621
1 3 2
564 192
1 11 2
829 73
1 4 2
758 426
1 15 2
812 283
1 6 2
112 355
1 2 2
686 362
1 2 2
520 9
1 15 2
201 354
1 11 2
171 627
1 12 2
588 505
1 7 2
888 384
1 12 2
414 779
1 13 2
567 826
1 7 2
715 936
1 7 2
353 905
1 10 2
393 219
1 14 2
277 461
1 7 2
155 999
1 2 2
746 472
1 12 2
994 720
1 4 2
283 284
1 4 2
442 430
1 7 2
424 617
1 15 2
259 623
1 5 2
320 617
1 5 2
278 162
1 12 2
525 22
1 15 2
86 143
1 10 2
883 102
1 12 2
803 303
1 5 2
536 674
1 8 2
109 735
1 14 2
578 29
1 7 2
880 570
1 6 2
770 521
1 2 2
933 722
1 8 2
976 173
1 2 2
406 549
1 14 2
407 56
1 10 2
737 963
1 3 2
311 769
1 4 2
270 799
1 9 2
179 283
1 8 2
321 411
1 5 2
582 951
1 6 2
836 351
1 4 2
699 811
1 13 2
340 447
1 10 2
879 64
1 14 2
262 325
1 9 2
609 620
1 4 2
543 479
1 9 2
64 851
1 11 2
485 852
1 10 2
997 736
1 10 2
667 540
1 13 2
232 706
1 12 2
709 553
1 8 2
712 559
1 13 2
948 404
1 4 2
478 531
1 11 2
855 166
1 11 2
5 471
1 9 2
821 17
1 8 2
742 906
1 11 2
908 254
1 8 2
680 285
1 12 2
108 175
1 6 2
429 137
1 9 2
792 477
1 15 2
807 899
1 9 2
614 230
1 12 2
326 59
1 2 2
895 95
1 7 2
772 451
1 7 2
705 631
1 11 2
484 213
1 14 2
508 14
1 14 2
832 874
1 13 2
670 563
1 13 2
807 382
1 11 2
317 111
1 4 2
257 797
1 11 2
482 605
1 15 2
54 338
1 12 2
334 512
1 11 2
410 586
1 12 2
168 589
1 8 2
420 363
1 12 2
734 779
1 15 2
431 636
1 9 2
960 443
1 14 2
613 586
1 10 2
72 843
1 13 2
394 440
1 7 2
672 904
1 10 2
535 778
1 2 2
474 66
1 10 2
501 937
1 8 2
776 406
1 11 2
561 326
1 14 2
129 396
1 11 2
65 467
1 6 2
671 557
1 15 2
380 389
1 11 2
270 706
1 9 2
996 98
1 2 2
827 954
1 13 2
768 952
1 4 2
777 678
1 8 2
749 566
1 9 2
440 718
1 3 2
75 897
1 12 2
245 26
1 15 2
732 796
1 5 2
471 254
1 12 2
914 641
1 12 2
680 997
1 13 2
803 823
1 14 2
126 69
1 5 2
474 545
1 7 2
339 569
1 4 2
350 818
1 13 2
512 22
1 5 2
766 280
1 2 2
560 285
1 14 2
510 243
1 2 2
62 1
1 11 2
732 924
1 4 2
201 244
1 8 2
330 699
1 3 2
67 555
1 4 2
80 428
1 13 2
910 760
1 4 2
918 945
1 8 2
751 249
1 12 2
318 138
1 11 2
535 504
1 5 2
136 619
1 2 2
747 142
1 7 2
744 770
1 12 2
163 896
1 7 2
436 797
1 5 2
578 701
1 8 2
928 841
1 10 2
979 87
1 2 2
211 862
1 11 2
145 331
1 14 2
18 423
1 2 2
565 64
1 4 2
502 316
1 9 2
862 95
1 11 2
552 314
1 5 2
364 304
1 4 2
13 310
1 5 2
428 143
1 7 2
780 356
1 9 2
490 653
1 2 2
492 325
1 3 2
946 698
1 15 2
712 573
1 11 2
151 578
1 7 2
809 775
1 7 2
391 395
1 2 2
12 22
1 8 2
200 136
1 4 2
496 558
1 15 2
269 252
1 14 2
764 992
1 12 2
631 96
1 5 2
828 845
1 7 2
898 443
1 2 2
866 285
1 9 2
999 39
1 13 2
632 735
1 3 2
902 307
1 14 2
223 692
1 14 2
346 111
1 10 2
317 158
1 7 2
317 940
1 3 2
265 381
1 15 2
334 152
1 13 2
982 919
1 4 2
84 471
1 10 2
48 490
1 3 2
479 750
1 12 2
720 16
1 12 2
815 572
1 13 2
454 324
1 9 2
664 210
1 11 2
665 102
1 13 2
117 340
1 6 2
32 838
1 13 2
574 590
1 2 2
350 616
1 3 2
300 156
1 2 2
66 392
1 2 2
435 853
1 3 2
530 842
1 7 2
813 567
1 9 2
661 323
1 14 2
960 838
1 2 2
763 539
1 7 2
591 819
1 10 2
866 429
1 9 2
277 480
1 4 2
213 415
1 14 2
997 196
1 15 2
725 423
1 7 2
158 510
1 9 2
284 311
1 12 2
312 655
1 2 2
275 824
1 5 2
468 264
1 14 2
358 613
1 13 2
791 467
1 14 2
241 108
1 15 2
269 473
1 6 2
240 64
1 10 2
561 150
1 11 2
997 25
1 10 2
214 84
1 7 2
709 324
1 10 2
808 280
1 11 2
921 938
1 13 2
277 868
1 3 2
708 641
1 11 2
152 163
1 4 2
682 25
1 15 2
997 869
1 2 2
45 94
1 6 2
666 851
1 3 2
364 229
1 12 2
530 858
1 15 2
736 190
1 5 2
710 626
1 9 2
699 628
1 8 2
248 515
1 5 2
42 584
1 9 2
701 609
1 5 2
899 975
1 15 2
252 235
1 10 2
703 575
1 5 2
142 755
1 8 2
590 733
1 13 2
996 357
1 14 2
12 589
1 14 2
871 290
1 5 2
697 751
1 12 2
972 243
1 10 2
129 962
1 10 2
617 336
1 8 2
620 95
1 10 2
239 838
1 6 2
438 792
1 13 2
560 865
1 13 2
538 698
1 7 2
288 374
1 15 2
646 48
1 13 2
421 841
1 12 2
216 842
1 2 2
193 722
1 5 2
103 503
1 6 2
493 494
1 12 2
183 398
1 3 2
283 375
1 8 2
999 621
1 2 2
919 304
1 12 2
86 550
1 14 2
661 649
1 13 2
85 986
1 11 2
897 730
1 6 2
335 284
1 6 2
64 666
1 13 2
811 690
1 14 2
562 434
1 4 2
170 386
1 10 2
631 143
1 11 2
52 367
1 12 2
446 537
1 15 2
983 234
1 14 2
988 579
1 14 2
64 456
1 7 2
465 450
1 15 2
582 761
1 12 2
477 200
1 15 2
66 740
1 3 2
692 866
1 14 2
169 468
1 10 2
611 424
1 7 2
606 846
1 10 2
792 753
1 7 2
613 726
1 4 2
204 75
1 8 2
290 821
1 11 2
225 165
1 2 2
926 273
1 5 2
484 62
1 11 2
487 938
1 5 2
440 790
1 2 2
998 852
1 8 2
573 290
1 14 2
100 856
1 2 2
318 429
1 4 2
420 631
1 8 2
779 955
1 12 2
24 657
1 15 2
53 185
1 10 2
490 808
1 12 2
216 580
1 11 2
138 650
1 3 2
497 694
1 13 2
704 545
1 3 2
877 635
1 11 2
61 39
1 12 2
922 941
1 6 2
337 374
1 3 2
548 173
1 15 2
674 841
1 2 2
163 310
1 12 2
635 770
1 15 2
44 429
1 9 2
388 900
1 13 2
363 415
1 3 2
482 491
1 2 2
909 763
1 4 2
337 965
1 9 2
450 186
1 3 2
596 498
1 2 2
544 430
1 3 2
610 44
1 12 2
238 250
1 9 2
757 933
1 11 2
286 744
1 5 2
861 427
1 3 2
767 173
1 9 2
413 240
1 12 2
850 793
1 12 2
95 398
1 15 2
320 401
1 11 2
135 827
1 3 2
603 28
1 6 2
814 890
1 5 2
990 570
1 15 2
707 919
1 5 2
404 888
1 5 2
274 553
1 5 2
172 62
1 9 2
55 445
1 3 2
58 148
1 10 2
588 713
1 7 2
513 846
1 10 2
983 266
1 15 2
973 304
1 8 2
234 893
1 8 2
221 944
1 8 2
527 991
1 14 2
396 260
1 7 2
778 343
1 13 2
25 862
1 11 2
503 578
1 4 2
779 928
1 9 2
796 854
1 8 2
89 549
1 6 2
589 330
1 4 2
691 409
1 5 2
315 469
1 3 2
876 546
1 13 2
223 30
1 3 2
628 155
1 8 2
332 344
1 14 2
738 901
1 9 2
368 619
1 5 2
275 678
1 11 2
505 319
1 9 2
939 105
1 13 2
327 875
1 15 2
726 869
1 9 2
64 230
1 7 2
669 722
1 3 2
606 599
1 15 2
768 409
1 14 2
787 738
1 14 2
58 555
1 11 2
14 748
1 11 2
478 818
1 2 2
394 168
1 5 2
350 478
1 15 2
923 170
1 7 2
690 81
1 6 2
534 629
1 6 2
824 218
1 3 2
233 575
1 14 2
290 65
1 14 2
419 344
1 7 2
433 78
1 5 2
837 596
1 7 2
474 840
1 11 2
464 625
1 2 2
892 14
1 6 2
434 892
1 11 2
85 270
1 11 2
99 859
1 13 2
598 501
1 6 2
627 840
1 9 2
371 885
1 4 2
248 688
1 10 2
474 175
1 8 2
472 903
1 9 2
53 494
1 10 2
888 158
1 9 2
447 584
1 8 2
20 611
1 9 2
183 62
1 5 2
685 16
1 15 2
172 945
1 13 2
428 198
1 12 2
936 30
1 4 2
509 582
1 4 2
775 421
1 7 2
164 897
1 10 2
755 594
1 7 2
883 192
1 7 2
611 64
1 4 2
241 214
1 4 2
962 334
1 6 2
496 781
1 13 2
307 822
1 15 2
280 86
1 4 2
849 126
1 12 2
327 636
1 10 2
922 611
1 15 2
624 303
1 2 2
426 276
1 10 2
802 28
1 14 2
565 933
1 4 2
3 155
1 3 2
596 164
1 4 2
536 668
1 15 2
400 202
1 6 2
737 327
1 4 2
255 129
1 9 2
562 530
1 8 2
364 114
1 12 2
267 998
1 6 2
231 849
1 8 2
709 244
1 15 2
809 144
1 6 2
619 242
1 7 2
626 419
1 14 2
741 396
1 5 2
874 729
1 14 2
167 369
1 5 2
258 760
1 12 2
764 571
1 7 2
97 292
1 3 2
982 321
1 13 2
500 497
1 13 2
684 915
1 3 2
737 221
1 9 2
437 926
1 7 2
517 39
1 11 2
229 929
1 9 2
905 9
1 7 2
626 664
1 2 2
639 355
1 15 2
398 308
1 6 2
812 369
1 9 2
668 225
1 4 2
296 575
1 5 2
550 955
1 7 2
348 100
1 3 2
864 321
1 8 2
806 20
1 6 2
926 869
1 10 2
67 519
1 4 2
503 651
1 14 2
336 818
1 9 2
527 126
1 2 2
811 536
1 4 2
308 985
1 3 2
866 802
1 2 2
115 378
1 9 2
280 413
1 15 2
504 645
1 11 2
87 591
1 15 2
520 18
1 8 2
20 2
1 11 2
557 240
1 3 2
950 559
1 11 2
658 106
1 8 2
216 870
1 15 2
698 761
1 7 2
473 564
1 15 2
285 317
1 10 2
752 832
1 2 2
2 599
1 15 2
903 162
1 9 2
970 354
1 13 2
220 102
1 12 2
56 450
1 7 2
935 4
1 4 2
438 941
1 10 2
487 621
1 4 2
154 476
1 10 2
837 633
1 5 2
998 672
1 4 2
38 144
1 14 2
863 121
1 11 2
382 88
1 9 2
126 76
1 7 2
603 139
1 13 2
339 438
1 8 2
496 946
1 2 2
890 590
1 7 2
618 835
1 15 2
508 474
1 10 2
340 258
1 14 2
509 816
1 2 2
219 518
1 10 2
714 301
1 9 2
336 99
1 13 2
381 103
1 15 2
230 795
1 15 2
740 14
1 10 2
141 212
1 5 2
848 997
1 5 2
699 641
1 11 2
676 440
1 8 2
992 163
1 7 2
801 72
1 14 2
55 191
1 6 2
325 479
1 13 2
272 918
1 8 2
284 768
1 12 2
452 925
1 11 2
508 810
1 4 2
548 903
1 10 2
466 700
1 4 2
862 600
1 8 2
751 340
1 6 2
397 829
1 6 2
932 780
1 4 2
265 360
1 8 2
153 989
1 4 2
521 355
1 4 2
98 148
1 6 2
610 305
1 5 2
276 838
1 14 2
803 658
1 13 2
273 77
1 15 2
961 935
1 12 2
594 20
1 3 2
913 259
1 14 2
309 656
1 14 2
549 647
1 13 2
18 715
1 14 2
874 450
1 14 2
15 91
1 13 2
736 394
1 4 2
930 252
1 12 2
128 701
1 11 2
981 526
1 9 2
160 623
1 7 2
201 990
1 9 2
113 47
1 6 2
829 843
1 10 2
4 517
1 6 2
803 397
1 15 2
748 825
1 5 2
24 186
1 8 2
8 335
1 7 2
585 642
1 9 2
215 999
1 14 2
673 630
1 2 2
201 202
1 14 2
802 772
1 13 2
295 577
1 4 2
555 91
1 15 2
893 424
1 2 2
841 777
1 12 2
747 508
1 8 2
810 0
1 2 2
748 965
1 9 2
335 225
1 2 2
144 280
1 15 2
27 286
1 6 2
553 271
1 3 2
894 60
1 12 2
690 352
1 6 2
384 941
1 10 2
345 782
1 7 2
59 568
1 2 2
644 777
1 4 2
766 417
1 12 2
777 866
1 14 2
859 611
1 3 2
783 510
1 7 2
831 643
1 5 2
144 788
1 5 2
290 348
1 10 2
400 448
1 5 2
43 263
1 5 2
296 191
1 13 2
602 932
1 6 2
542 293
1 5 2
603 544
1 5 2
633 893
1 7 2
846 298
1 11 2
851 322
1 14 2
493 958
1 12 2
834 495
1 4 2
596 935
1 5 2
686 780
1 13 2
913 77
1 15 2
650 927
1 14 2
804 828
1 8 2
318 331
1 15 2
77 696
1 9 2
160 897
1 9 2
297 511
1 13 2
92 13
1 2 2
122 370
1 3 2
686 898
1 6 2
514 667
1 8 2
173 799
1 10 2
750 23
1 12 2
760 676
1 11 2
290 757
1 4 2
547 581
1 2 2
816 901
1 6 2
557 434
1 4 2
27 567
1 12 2
956 133
1 2 2
648 985
1 11 2
695 48
1 5 2
792 489
1 9 2
884 598
1 10 2
919 437
1 2 2
292 151
1 15 2
254 165
1 3 2
410 855
1 8 2
994 524
1 7 2
14 90
1 3 2
363 668
1 12 2
613 360
1 7 2
880 339
1 8 2
615 866
1 13 2
483 406
1 7 2
679 559
1 6 2
426 796
1 12 2
328 571
1 12 2
798 577
1 12 2
145 277
1 6 2
309 765
1 9 2
924 416
1 9 2
322 62
1 9 2
378 80
1 2 2
322 626
1 3 2
985 291
1 4 2
14 847
1 4 2
301 544
1 10 2
180 60
1 15 2
219 180
1 11 2
149 463
1 12 2
853 397
1 9 2
306 77
1 10 2
768 83
1 2 2
195 297
1 9 2
156 580
1 5 2
25 59
1 11 2
916 121
1 10 2
618 136
1 15 2
755 591
1 10 2
204 577
1 3 2
161 421
1 12 2
30 279
1 11 2
155 685
1 11 2
366 954
1 8 2
608 846
1 11 2
185 732
1 13 2
620 206
1 15 2
530 667
1 4 2
618 509
1 2 2
448 780
1 15 2
363 353
1 9 2
215 325
1 4 2
531 439
1 11 2
387 616
1 14 2
844 643
1 8 2
964 63
1 9 2
888 66
1 5 2
580 512
1 3 2
325 21
1 6 2
396 195
1 5 2
935 843
1 13 2
288 365
1 10 2
344 735
1 15 2
490 837
1 12 2
512 875
1 5 2
736 512
1 11 2
961 583
1 4 2
944 676
1 8 2
899 287
1 4 2
133 416
1 3 2
251 559
1 15 2
902 291
1 2 2
319 251
1 4 2
149 768
1 6 2
644 107
1 7 2
972 602
1 10 2
612 695
1 15 2
351 84
1 10 2
493 95
1 15 2
913 741
1 12 2
812 499
1 15 2
703 206
1 3 2
861 56
1 2 2
600 301
1 10 2
341 751
1 3 2
572 245
1 2 2
387 585
1 5 2
654 666
1 3 2
681 679
1 10 2
616 310
1 6 2
700 812
1 15 2
108 769
1 15 2
503 317
1 5 2
569 909
1 15 2
399 892
1 3 2
979 574
1 13 2
664 351
1 13 2
640 720
1 7 2
765 5
1 6 2
12 593
1 10 2
242 49
1 8 2
129 410
1 8 2
316 220
1 7 2
953 455
1 4 2
663 116
1 2 2
136 288
1 10 2
459 392
1 2 2
137 915
1 11 2
507 802
1 10 2
939 959
1 3 2
250 190
1 13 2
916 248
1 9 2
104 734
1 2 2
506 327
1 12 2
967 868
1 14 2
187 929
1 14 2
99 17
1 5 2
767 435
1 3 2
241 941
1 9 2
640 560
1 14 2
37 451
1 14 2
8 38
1 13 2
310 645
1 12 2
564 847
1 10 2
490 174
1 13 2
326 844
1 10 2
559 469
1 10 2
487 216
1 10 2
664 702
1 12 2
687 525
1 3 2
822 273
1 6 2
859 405
1 14 2
911 988
1 2 2
267 823
1 5 2
902 928
1 4 2
407 256
1 10 2
632 522
1 2 2
225 494
1 5 2
288 388
1 9 2
612 345
1 3 2
650 458
1 3 2
862 221
1 14 2
625 814
1 4 2
750 567
1 13 2
934 871
1 13 2
468 47
1 14 2
92 899
1 11 2
850 626
1 13 2
486 165
1 13 2
773 188
1 10 2
694 796
1 15 2
846 831
1 10 2
96 862
1 13 2
41 760
1 10 2
188 564
1 10 2
864 583
1 9 2
336 831
1 14 2
417 72
1 8 2
935 304
1 10 2
372 945
1 9 2
739 105
1 5 2
719 627
1 11 2
152 218
1 9 2
588 40
1 12 2
321 279
1 6 2
15 294
1 15 2
41 615
1 5 2
86 423
1 14 2
71 874
1 3 2
758 903
1 13 2
901 48
1 14 2
615 605
1 2 2
897 146
1 14 2
25 716
1 13 2
251 732
1 5 2
549 32
1 4 2
88 883
1 13 2
930 576
1 15 2
258 534
1 12 2
227 323
1 14 2
324 65
1 6 2
120 851
1 12 2
980 228
1 15 2
732 880
1 6 2
217 349
1 12 2
864 909
1 3 2
928 953
1 2 2
779 33
1 5 2
452 531
1 7 2
573 735
1 4 2
659 518
1 6 2
696 862
1 11 2
185 516
1 2 2
630 548
1 5 2
14 85
1 10 2
836 860
1 4 2
385 68
1 15 2
474 926
1 8 2
572 339
1 12 2
707 506
1 15 2
403 903
1 3 2
427 932
1 13 2
757 828
1 2 2
12 460
1 2 2
259 799
1 3 2
62 418
1 9 2
784 415
1 5 2
661 974
1 11 2
174 726
1 13 2
752 818
1 6 2
670 901
1 7 2
970 400
1 10 2
738 830
1 14 2
703 906
1 11 2
101 916
1 15 2
720 696
1 6 2
36 25
1 3 2
131 485
1 3 2
973 89
1 10 2
966 161
1 6 2
277 173
1 6 2
256 4
1 2 2
940 223
1 13 2
573 625
1 6 2
941 100
1 6 2
954 477
1 8 2
852 316
1 2 2
983 764
1 8 2
8 465
1 4 2
577 571
1 15 2
8 476
1 11 2
681 108
1 11 2
397 356
1 9 2
555 452
1 11 2
591 650
1 6 2
590 764
1 14 2
125 201
1 13 2
621 195
1 10 2
806 986
1 4 2
534 136
1 10 2
846 12
1 9 2
569 796
1 15 2
297 696
1 4 2
403 301
1 14 2
587 942
1 5 2
120 501
1 15 2
227 134
1 15 2
212 102
1 2 2
504 942
1 9 2
699 64
1 11 2
750 836
1 12 2
469 862
1 8 2
943 923
1 15 2
458 760
1 10 2
887 6
1 11 2
913 265
1 9 2
28 863
1 10 2
836 321
1 6 2
112 766
1 10 2
455 444
1 14 2
10 589
1 6 2
400 721
1 11 2
997 801
1 7 2
955 289
1 14 2
739 38
1 2 2
953 284
1 6 2
963 874
1 7 2
878 873
1 14 2
122 379
1 9 2
640 341
1 10 2
353 536
1 7 2
28 84
1 3 2
630 767
1 15 2
715 424
1 6 2
22 378
1 4 2
93 923
1 12 2
664 47
1 8 2
645 57
1 13 2
183 432
1 8 2
517 175
1 5 2
983 508
1 9 2
124 314
1 6 2
578 840
1 15 2
875 38
1 15 2
618 641
1 10 2
409 7
1 5 2
436 681
1 12 2
49 260
1 12 2
517 653
1 14 2
355 537
1 11 2
424 257
1 12 2
806 111
1 12 2
526 533
1 15 2
986 106
1 15 2
80 240
1 12 2
748 642
1 9 2
543 296
1 9 2
489 164
1 8 2
864 546
1 6 2
643 61
1 3 2
357 39
1 12 2
194 231
1 10 2
153 879
1 5 2
909 385
1 11 2
508 933
1 2 2
174 707
1 13 2
502 876
1 15 2
822 358
1 8 2
848 295
1 13 2
308 640
1 6 2
117 735
1 8 2
339 721
1 3 2
684 58
1 9 2
499 710
1 10 2
289 634
1 13 2
180 252
1 9 2
660 184
1 11 2
553 80
1 12 2
444 85
1 5 2
999 521
1 6 2
518 913
1 10 2
681 736
1 3 2
188 500
1 14 2
315 680
1 3 2
512 167
1 14 2
311 661
1 6 2
405 89
1 3 2
932 952
1 6 2
947 24
1 3 2
624 244
1 7 2
447 207
1 2 2
927 808
1 6 2
905 950
1 6 2
901 978
1 10 2
827 247
1 6 2
271 872
1 6 2
327 83
1 13 2
947 805
1 11 2
649 357
1 6 2
102 824
1 8 2
13 288
1 13 2
64 90
1 8 2
260 626
1 8 2
966 270
1 9 2
321 758
1 11 2
996 739
1 12 2
242 685
1 2 2
931 6
1 3 2
167 385
1 14 2
603 680
1 9 2
210 793
1 15 2
966 113
1 14 2
565 445
1 10 2
7 710
1 9 2
281 551
1 8 2
750 965
1 9 2
252 626
1 15 2
439 673
1 15 2
610 990
1 14 2
302 349
1 11 2
52 691
1 5 2
311 527
1 11 2
908 981
1 8 2
300 56
1 11 2
341 957
1 2 2
344 67
1 5 2
83 720
1 4 2
437 766
1 15 2
442 233
1 3 2
749 416
1 12 2
293 466
1 14 2
376 429
1 13 2
943 417
1 13 2
41 277
1 10 2
566 696
1 10 2
74 303
1 13 2
94 788
1 2 2
117 427
1 13 2
486 15
1 12 2
180 508
1 12 2
558 78
1 5 2
90 497
1 4 2
920 781
1 7 2
78 737
1 12 2
693 707
1 8 2
110 799
1 4 2
665 331
1 2 2
582 128
1 6 2
435 702
1 13 2
232 46
1 11 2
535 814
1 4 2
806 375
1 14 2
532 430
1 4 2
81 238
1 7 2
621 854
1 12 2
645 235
1 2 2
292 410
1 9 2
406 151
1 4 2
590 650
1 9 2
325 487
1 12 2
715 818
1 10 2
858 987
1 6 2
42 902
1 7 2
736 198
1 4 2
783 358
1 3 2
619 743
1 14 2
27 761
1 3 2
947 927
1 11 2
955 692
1 12 2
469 165
1 7 2
530 776
1 6 2
341 61
1 15 2
811 628
1 9 2
424 203
1 14 2
718 128
1 9 2
255 513
1 4 2
803 377
1 5 2
818 916
1 11 2
947 2
1 5 2
741 227
1 6 2
730 427
1 14 2
803 776
1 8 2
547 475
1 10 2
501 807
1 14 2
780 884
1 2 2
678 102
1 2 2
160 486
1 9 2
485 251
1 10 2
245 124
1 2 2
965 117
1 4 2
657 194
1 7 2
493 683
1 5 2
43 785
1 7 2
835 33
1 13 2
861 941
1 2 2
437 261
1 7 2
182 917
1 3 2
226 484
1 9 2
723 330
1 2 2
891 477
1 9 2
127 608
1 5 2
798 402
1 13 2
488 329
1 15 2
240 487
1 8 2
293 727
1 8 2
672 951
1 2 2
741 524
1 9 2
655 736
1 4 2
936 178
1 9 2
707 725
1 4 2
63 23
1 12 2
642 992
1 13 2
962 420
1 4 2
51 899
1 2 2
565 716
1 7 2
435 59
1 13 2
589 704
1 10 2
628 787
1 8 2
34 530
1 14 2
832 943
1 12 2
712 514
1 7 2
158 977
1 5 2
823 446
1 5 2
232 163
1 6 2
109 819
1 8 2
542 955
1 10 2
847 737
1 5 2
485 255
1 8 2
131 973
1 2 2
918 550
1 10 2
833 690
1 8 2
414 895
1 7 2
159 460
1 15 2
274 327
1 14 2
800 995
1 9 2
293 848
1 7 2
490 252
1 14 2
832 112
1 10 2
265 752
1 7 2
626 838
1 9 2
573 218
1 10 2
41 119
1 13 2
965 702
1 11 2
968 239
1 9 2
281 283
1 7 2
497 601
1 9 2
256 159
1 2 2
561 664
1 9 2
573 86
1 6 2
551 676
1 14 2
575 255
1 13 2
480 535
1 9 2
945 750
1 15 2
539 533
1 4 2
46 697
1 6 2
190 284
1 13 2
818 767
1 7 2
422 607
1 12 2
14 536
1 12 2
376 766
1 9 2
98 658
1 14 2
787 810
1 3 2
814 962
1 9 2
375 488
1 11 2
686 168
1 9 2
150 203
1 13 2
422 916
1 13 2
875 121
1 7 2
836 608
1 7 2
898 214
1 9 2
633 843
1 6 2
569 75
1 9 2
349 58
1 4 2
794 471
1 10 2
229 360
1 10 2
14 809
1 15 2
896 534
1 11 2
520 798
1 4 2
308 26
1 14 2
822 501
1 2 2
685 543
1 11 2
41 798
1 6 2
987 32
1 5 2
721 158
1 9 2
51 487
1 2 2
62 282
1 4 2
596 763
1 12 2
668 768
1 5 2
447 706
1 5 2
735 874
1 4 2
183 345
1 8 2
804 966
1 2 2
16 762
1 13 2
516 161
1 13 2
405 948
1 5 2
493 312
1 7 2
69 982
1 2 2
656 606
1 15 2
597 503
1 4 2
984 475
1 13 2
645 292
1 6 2
785 82
1 3 2
903 591
1 7 2
96 170
1 3 2
311 15
1 6 2
842 479
1 3 2
974 141
1 14 2
649 441
1 13 2
110 168
1 15 2
946 315
1 3 2
6 218
1 9 2
738 755
1 15 2
957 408
1 8 2
863 567
1 5 2
86 288
1 14 2
453 702
1 2 2
899 834
1 9 2
488 255
1 9 2
392 719
1 5 2
340 509
1 10 2
58 778
1 12 2
799 298
1 14 2
339 107
1 6 2
515 760
1 15 2
902 606
1 2 2
929 677
1 3 2
198 230
1 11 2
4 911
1 15 2
136 124
1 14 2
586 650
1 3 2
317 490
1 5 2
175 78
1 14 2
349 267
1 3 2
326 185
1 15 2
279 88
1 12 2
221 793
1 12 2
198 694
1 4 2
472 939
1 11 2
796 321
1 11 2
89 29
1 2 2
365 717
1 8 2
888 851
1 7 2
438 419
1 2 2
519 829
1 9 2
512 290
1 12 2
161 302
1 8 2
526 899
1 12 2
455 929
1 4 2
914 217
1 13 2
815 223
1 2 2
91 157
1 14 2
66 778
1 5 2
828 490
1 9 2
554 825
1 13 2
500 508
1 13 2
7 18
1 4 2
115 828
1 13 2
385 987
1 9 2
315 690
1 5 2
817 26
1 13 2
121 4
1 8 2
136 281
1 4 2
221 716
1 4 2
722 723
1 5 2
182 901
1 7 2
632 689
1 13 2
420 49
1 8 2
642 67
1 8 2
964 679
1 14 2
228 920
1 3 2
131 730
1 9 2
360 389
1 15 2
829 17
1 8 2
68 145
1 15 2
690 220
1 12 2
145 401
1 5 2
689 807
1 9 2
883 486
1 15 2
414 208
1 13 2
633 852
1 14 2
809 709
1 10 2
556 159
1 10 2
568 705
1 5 2
658 618
1 6 2
872 912
1 7 2
232 716
1 10 2
145 789
1 3 2
437 216
1 6 2
214 937
1 8 2
636 181
1 5 2
220 321
1 4 2
295 70
1 12 2
435 786
1 3 2
374 367
1 14 2
36 396
1 8 2
412 427
1 2 2
13 918
1 12 2
849 302
1 8 2
412 608
1 8 2
916 425
1 12 2
62 502
1 14 2
834 367
1 11 2
584 366
1 11 2
666 42
1 12 2
244 729
1 8 2
130 928
1 9 2
628 410
1 10 2
44 203
1 5 2
212 599
1 11 2
975 616
1 5 2
67 469
1 14 2
854 625
1 15 2
668 953
1 3 2
884 463
1 4 2
426 688
1 8 2
283 962
1 13 2
17 747
1 15 2
560 724
1 12 2
255 988
1 12 2
770 791
1 2 2
214 571
1 11 2
624 701
1 10 2
974 770
1 6 2
478 74
1 7 2
180 186
1 9 2
437 967
1 7 2
155 971
1 2 2
474 900
1 13 2
513 239
1 4 2
577 210
1 7 2
603 912
1 2 2
644 675
1 7 2
9 880
1 3 2
288 282
1 5 2
65 359
1 6 2
884 953
1 6 2
475 264
1 6 2
113 860
1 4 2
657 837
1 8 2
733 252
1 3 2
986 458
1 15 2
606 40
1 2 2
361 117
1 2 2
503 446
1 6 2
96 742
1 5 2
937 863
1 4 2
494 277
1 14 2
794 953
1 7 2
196 158
1 10 2
844 678
1 13 2
60 828
1 8 2
748 149
1 4 2
461 193
1 15 2
402 563
1 14 2
35 316
1 8 2
215 463
1 12 2
791 50
1 11 2
474 592
1 9 2
404 500
1 4 2
675 368
1 9 2
79 698
1 3 2
840 607
1 10 2
763 645
1 13 2
454 766
1 4 2
26 596
1 12 2
955 861
1 7 2
68 991
1 6 2
112 730
1 3 2
298 482
1 7 2
624 968
1 10 2
419 520
1 12 2
124 27
1 9 2
442 899
1 9 2
797 550
1 4 2
766 649
1 7 2
255 168
1 14 2
966 86
1 6 2
194 988
1 13 2
542 892
1 5 2
638 531
1 14 2
868 451
1 7 2
355 47
1 2 2
75 377
1 9 2
274 500
1 8 2
750 569
1 3 2
665 982
1 6 2
151 621
1 4 2
911 870
1 11 2
12 330
1 15 2
204 480
1 11 2
734 63
1 11 2
582 244
1 10 2
763 447
1 2 2
461 88
1 4 2
64 833
1 12 2
215 85
1 4 2
860 812
1 5 2
312 442
1 6 2
318 66
1 12 2
303 246
1 8 2
763 764
1 7 2
848 893
1 11 2
689 91
1 15 2
645 765
1 7 2
974 450
1 15 2
903 699
1 3 2
999 403
1 10 2
28 266
1 6 2
219 706
1 14 2
641 171
1 15 2
209 400
1 2 2
983 864
1 7 2
74 239
1 11 2
109 842
1 4 2
979 923
1 10 2
561 363
1 11 2
621 121
1 2 2
456 785
1 14 2
328 677
1 9 2
149 625
1 11 2
255 16
1 10 2
844 681
1 5 2
979 0
1 12 2
281 254
1 5 2
838 209
1 3 2
66 934
1 2 2
733 674
1 13 2
382 580
1 10 2
41 870
1 4 2
682 483
1 15 2
134 31
1 3 2
507 334
1 13 2
424 136
1 2 2
625 636
1 12 2
202 664
1 2 2
5 864
1 2 2
867 549
1 14 2
927 620
1 3 2
129 769
1 13 2
58 174
1 10 2
790 26
1 10 2
356 470
1 4 2
69 298
1 12 2
346 501
1 12 2
908 122
1 3 2
171 121
1 13 2
218 991
1 7 2
910 477
1 5 2
619 585
1 13 2
985 213
1 8 2
148 102
1 10 2
131 459
1 2 2
300 869
1 3 2
393 146
1 14 2
587 824
1 15 2
702 594
1 9 2
914 182
1 10 2
108 5
1 11 2
468 411
1 14 2
28 110
1 10 2
293 521
1 13 2
955 559
1 10 2
151 177
1 8 2
111 265
1 4 2
902 800
1 11 2
821 187
1 7 2
428 602
1 12 2
38 157
1 11 2
940 303
1 8 2
135 224
1 6 2
847 545
1 4 2
240 196
1 28 2
61 45
1 12 2
797 9
1 10 2
312 396
1 18 2
501 448
1 8 2
567 14
1 28 2
311 218
1 28 2
282 89
1 18 2
30 118
1 24 2
118 350
1 28 2
290 331
1 26 2
519 973
1 10 2
473 534
1 20 2
134 619
1 30 2
843 660
