1000 5988 3000
14 22 9 20 15 15 24 14 25 20 7 5 5 7 12 10 7 5 14 16 10 8 9 23 16 18 14 5 5 16 24 13 7 18 8 15 5 25 20 22 23 20 8 22 6 5 17 6 22 9 22 8 5 10 13 14 9 20 22 23 19 19 9 7 23 6 10 9 6 9 21 25 23 10 23 20 22 14 5 5 6 11 7 5 14 9 24 19 18 16 22 9 23 11 22 25 20 15 16 17 9 6 24 11 19 12 22 23 23 8 20 5 13 13 20 11 9 12 15 20 23 6 24 17 24 23 8 13 19 8 25 15 5 21 16 25 24 12 19 17 25 20 16 11 13 10 9 9 23 20 5 13 11 6 13 5 5 23 13 8 12 22 22 5 9 24 15 18 18 5 25 10 15 13 7 25 19 21 25 24 16 9 20 8 5 6 11 13 18 8 22 17 7 21 7 18 19 11 7 20 23 22 23 11 6 25 8 15 7 17 20 7 15 16 21 18 13 25 17 13 5 25 24 22 10 15 22 5 17 23 21 16 16 18 23 11 24 17 21 10 8 13 19 24 5 9 19 12 20 9 21 5 15 16 16 22 13 9 5 19 23 6 17 13 8 15 8 23 19 5 14 9 25 19 22 14 11 15 12 6 20 19 10 20 21 6 18 14 24 23 25 22 15 19 6 23 16 7 7 17 24 24 23 15 13 15 12 12 22 12 25 20 24 9 15 15 22 24 14 5 13 19 5 24 10 8 18 15 24 17 6 15 23 17 12 24 15 9 11 5 21 24 21 11 23 5 9 17 7 16 14 16 6 24 18 10 16 25 11 18 6 9 5 7 12 10 18 15 17 19 20 19 9 19 16 16 10 8 12 15 6 8 8 13 25 5 22 7 21 23 22 13 8 25 23 6 22 24 20 10 8 10 19 12 20 17 12 17 8 17 12 20 7 8 10 19 21 16 24 15 7 19 8 18 5 24 18 13 10 19 5 7 9 12 22 18 13 20 11 24 6 6 16 13 7 6 11 18 7 17 12 11 22 11 22 14 24 5 11 5 21 16 20 12 25 6 23 25 17 21 8 7 21 11 6 16 17 22 5 14 8 17 5 5 18 9 12 19 12 10 7 8 25 18 16 15 15 19 8 21 16 24 8 15 20 16 10 22 20 18 20 12 24 14 12 5 19 18 6 7 8 18 8 14 24 5 24 12 6 25 13 19 7 17 9 23 10 22 15 12 7 18 9 14 18 22 12 20 11 25 10 18 19 11 6 16 16 18 25 14 22 14 18 16 13 23 25 9 9 9 17 16 18 12 11 25 18 25 25 13 22 14 18 21 8 12 6 18 5 20 20 24 25 23 14 24 20 15 7 22 14 14 13 10 16 19 5 19 12 24 18 5 13 25 15 13 6 20 6 20 18 12 19 15 11 12 10 21 23 8 12 5 15 22 20 7 19 13 21 9 22 25 17 20 13 8 21 25 22 8 12 15 24 19 12 14 16 13 17 6 10 19 18 18 11 20 14 14 8 18 14 18 12 11 24 18 9 5 22 19 18 20 5 12 8 15 17 25 17 11 6 19 16 24 16 25 21 6 8 10 13 20 10 24 24 10 13 23 5 5 5 7 24 11 14 15 24 13 11 12 19 15 13 6 20 11 12 21 14 23 13 11 7 15 7 24 9 10 21 16 11 16 15 8 7 20 9 24 25 11 5 13 20 19 20 15 8 15 17 23 8 24 17 25 20 21 22 5 16 18 24 21 10 17 14 19 12 22 25 9 16 22 5 16 18 19 7 18 23 7 7 11 9 11 13 5 25 12 10 5 8 23 20 7 5 14 19 12 8 12 9 23 10 21 6 23 20 15 10 19 20 12 25 7 13 8 11 16 10 10 6 25 18 12 13 10 5 23 11 10 22 11 9 14 20 25 25 8 12 22 13 20 13 11 10 11 13 6 17 18 6 11 9 15 10 5 21 13 22 9 18 19 20 20 24 17 16 7 13 22 12 16 14 16 23 12 21 21 18 14 10 15 21 13 23 16 23 18 9 21 6 25 6 8 24 12 17 15 10 8 24 6 8 13 22 11 18 10 9 19 25 6 14 19 20 14 8 9 16 23 12 7 10 23 6 16 21 7 21 14 17 8 12 24 20 21 18 6 12 19 25 9 5 21 10 23 22 9 21 12 8 12 13 21 5 21 23 13 15 19 23 6 15 25 22 21 21 7 5 8 21 19 11 8 6 13 11 23 20 8 15 16 15 11 18 9 8 25 24 23
3 18 15 16 19 5 19 20 3 15 3 16 20 19 18 8 17 5 17 4 11 14 13 5 16 10 12 20 16 11 5 4 6 20 5 14 4 15 16 18 19 14 17 4 3 14 14 11 15 11 16 5 18 5 16 16 20 15 9 12 4 16 20 17 17 12 9 11 6 7 7 13 12 18 10 5 9 11 9 20 5 12 10 17 13 10 12 14 14 4 11 6 7 11 19 7 3 5 7 7 6 16 16 5 20 13 20 5 4 16 4 12 5 11 16 11 3 15 3 5 4 9 11 12 17 19 15 6 12 4 6 9 13 5 16 11 18 14 5 7 10 6 3 5 12 17 10 16 12 20 5 8 6 10 9 16 18 9 16 14 18 19 11 4 12 14 18 19 12 14 3 18 3 4 13 18 18 16 5 10 13 20 7 6 9 19 17 15 13 7 4 8 20 14 7 15 5 9 16 9 5 20 4 15 10 20 12 9 3 18 5 7 11 10 5 9 17 16 5 11 17 13 9 3 18 3 6 19 19 18 15 15 15 19 5 13 13 9 13 19 12 15 17 12 10 14 17 15 16 14 11 6 17 10 5 3 20 6 4 12 15 9 20 5 12 11 10 14 10 7 5 14 17 20 3 17 12 19 17 5 3 5 15 9 11 3 4 9 12 12 11 20 3 4 11 13 7 7 13 3 5 4 16 4 7 13 5 5 4 17 20 10 11 5 6 19 11 17 3 14 20 16 10 8 8 10 6 11 10 14 7 3 14 11 13 16 3 11 17 20 9 11 5 13 4 15 17 8 4 6 4 11 12 3 11 16 6 9 5 6 14 5 10 17 5 18 12 14 5 8 14 12 11 18 11 16 20 3 8 20 20 16 13 9 9 13 17 13 7 15 16 11 12 16 6 10 5 19 11 8 14 16 16 14 13 12 13 6 20 16 7 19 13 4 10 9 12 8 12 4 16 9 3 6 12 12 13 15 14 16 15 20 17 10 18 5 14 20 6 17 17 8 5 14 10 10 17 18 3 4 19 19 18 16 20 15 3 14 3 11 10 8 17 5 15 18 4 16 15 16 11 7 4 8 10 8 3 7 14 20 7 16 14 15 6 3 4 14 16 7 10 19 15 19 13 9 20 18 4 16 7 4 14 16 16 8 4 20 9 3 11 14 6 8 9 13 20 18 3 10 11 5 8 10 9 8 9 15 5 3 7 18 15 6 14 13 17 16 20 17 12 9 8 18 9 5 5 8 14 7 20 20 17 4 19 17 15 18 6 11 11 14 18 4 18 15 3 15 3 5 15 7 6 8 8 12 15 11 20 3 8 16 13 7 7 4 15 19 8 19 12 12 17 12 6 8 6 14 6 19 15 19 20 5 10 11 19 20 9 5 16 13 5 12 7 7 13 3 15 15 3 10 14 4 13 14 14 4 18 3 15 7 4 19 12 16 13 16 9 16 3 6 5 17 13 8 15 10 14 20 3 6 4 18 10 19 5 15 8 9 12 6 18 15 14 4 10 11 16 14 20 17 13 7 16 11 11 10 12 5 15 18 8 14 9 15 8 4 16 12 15 5 14 8 3 13 19 14 5 13 15 19 9 9 9 14 16 5 10 14 7 8 17 5 6 9 15 8 20 13 4 11 6 10 13 3 16 17 7 11 11 11 16 4 18 7 13 20 12 16 16 17 12 14 14 6 3 8 17 3 20 17 7 3 5 17 11 12 19 14 15 16 19 5 12 7 6 15 6 19 6 9 19 6 11 7 12 7 20 6 4 13 10 19 7 17 3 20 10 11 6 11 17 15 19 12 13 10 12 3 5 15 5 18 15 9 4 13 8 13 17 20 14 16 5 3 15 12 15 4 14 11 4 8 5 16 14 14 4 10 8 18 11 18 18 18 20 3 17 14 12 19 4 19 18 11 12 4 11 17 4 13 5 17 16 15 4 10 4 14 17 5 17 8 10 13 13 8 11 11 6 7 16 17 15 13 4 10 15 20 4 8 7 16 10 13 15 17 11 12 12 3 18 7 4 12 13 13 16 17 19 16 13 4 10 5 4 3 6 13 18 7 5 13 20 9 5 14 4 3 3 7 10 9 8 19 14 8 18 8 15 15 16 4 11 7 12 17 9 12 4 20 9 3 8 6 7 11 7 15 4 15 5 20 9 11 11 18 12 11 13 18 8 19 11 13 9 3 18 16 17 18 17 15 8 5 6 17 5 19 13 6 10 15 19 8 5 12 4 9 17 10 19 8 13 18 20 16 8 10
1 14 2
706 595
1 4 2
223 923
1 15 2
859 39
1 8 2
343 916
1 2 2
437 900
1 4 2
864 723
1 8 2
647 239
1 9 2
282 531
1 11 2
838 880
1 5 2
330 723
1 14 2
908 714
1 15 2
480 492
1 6 2
140 25
1 2 2
61 456
1 11 2
777 640
1 4 2
691 194
1 15 2
558 59
1 12 2
306 263
1 4 2
18 933
1 6 2
730 194
1 8 2
193 983
1 9 2
281 774
1 11 2
256 317
1 2 2
105 364
1 2 2
336 491
1 12 2
73 367
1 3 2
456 739
1 3 2
894 466
1 2 2
324 517
1 15 2
347 282
1 3 2
455 929
1 10 2
796 451
1 13 2
154 740
1 9 2
34 300
1 4 2
815 538
1 4 2
623 954
1 12 2
417 613
1 6 2
455 549
1 2 2
232 398
1 13 2
459 627
1 14 2
11 495
1 9 2
480 556
1 9 2
308 807
1 13 2
529 710
1 2 2
18 503
1 14 2
616 765
1 8 2
926 723
1 14 2
553 982
1 12 2
325 90
1 7 2
539 932
1 2 2
601 384
1 15 2
648 318
1 12 2
521 702
1 8 2
164 498
1 2 2
782 844
1 4 2
461 476
1 8 2
546 957
1 10 2
168 732
1 8 2
230 419
1 15 2
279 477
1 9 2
607 22
1 7 2
520 220
1 2 2
986 333
1 3 2
496 271
1 11 2
201 499
1 11 2
801 234
1 13 2
515 913
1 11 2
809 494
1 13 2
958 472
1 12 2
657 921
1 3 2
742 748
1 2 2
817 989
1 11 2
840 695
1 2 2
939 283
1 14 2
18 402
1 10 2
813 173
1 5 2
644 263
1 15 2
508 340
1 3 2
245 31
1 13 2
65 798
1 9 2
838 173
1 2 2
441 45
1 9 2
650 991
1 15 2
672 188
1 12 2
166 714
1 8 2
474 838
1 9 2
793 281
1 12 2
891 469
1 13 2
659 900
1 12 2
453 754
1 4 2
755 486
1 5 2
398 375
1 11 2
81 25
1 15 2
383 916
1 4 2
661 153
1 3 2
983 562
1 2 2
375 685
1 11 2
682 618
1 3 2
993 631
1 10 2
541 649
1 15 2
38 911
1 9 2
195 975
1 10 2
144 867
1 7 2
340 911
1 14 2
663 289
1 4 2
244 999
1 5 2
497 430
1 9 2
792 339
1 3 2
416 484
1 5 2
171 661
1 5 2
152 5
1 15 2
8 842
1 6 2
423 36
1 8 2
447 533
1 6 2
314 715
1 14 2
739 479
1 9 2
283 502
1 5 2
646 475
1 5 2
327 85
1 15 2
893 161
1 9 2
38 646
1 10 2
896 294
1 14 2
116 42
1 14 2
45 278
1 8 2
675 230
1 13 2
552 59
1 8 2
21 119
1 13 2
371 887
1 9 2
820 93
1 8 2
395 770
1 7 2
561 317
1 5 2
254 531
1 5 2
805 443
1 8 2
183 6
1 2 2
566 363
1 3 2
964 796
1 6 2
954 450
1 6 2
396 474
1 8 2
674 729
1 6 2
389 867
1 14 2
825 281
1 14 2
925 461
1 14 2
672 704
1 13 2
538 95
1 14 2
714 800
1 12 2
956 544
1 14 2
964 945
1 6 2
916 778
1 15 2
263 319
1 13 2
853 898
1 5 2
86 308
1 12 2
195 711
1 3 2
353 51
1 10 2
496 356
1 4 2
801 148
1 12 2
532 749
1 8 2
852 83
1 15 2
233 35
1 12 2
543 117
1 11 2
518 33
1 13 2
432 641
1 11 2
784 325
1 2 2
744 539
1 13 2
679 974
1 11 2
776 379
1 12 2
829 592
1 8 2
845 914
1 11 2
878 635
1 12 2
364 394
1 4 2
174 972
1 3 2
590 752
1 6 2
826 351
1 13 2
370 646
1 9 2
875 683
1 5 2
319 769
1 7 2
643 443
1 2 2
382 687
1 15 2
684 992
1 4 2
512 164
1 12 2
713 828
1 3 2
255 623
1 3 2
666 867
1 6 2
575 372
1 9 2
788 468
1 14 2
259 104
1 3 2
307 341
1 5 2
918 178
1 11 2
725 226
1 13 2
156 188
1 9 2
454 308
1 7 2
896 774
1 15 2
866 697
1 3 2
152 335
1 7 2
474 788
1 7 2
220 978
1 12 2
572 436
1 6 2
659 778
1 10 2
323 769
1 2 2
985 713
1 12 2
269 202
1 5 2
593 840
1 6 2
243 310
1 9 2
588 226
1 15 2
337 795
1 9 2
960 900
1 12 2
829 665
1 4 2
114 706
1 15 2
691 272
1 14 2
494 882
1 2 2
279 608
1 10 2
568 291
1 12 2
215 246
1 10 2
419 890
1 6 2
162 161
1 11 2
9 422
1 5 2
764 951
1 5 2
128 104
1 7 2
832 551
1 11 2
491 308
1 14 2
848 55
1 6 2
785 248
1 5 2
437 884
1 7 2
871 877
1 15 2
556 214
1 13 2
74 821
1 3 2
432 997
1 6 2
690 450
1 12 2
601 387
1 6 2
366 254
1 12 2
230 780
1 4 2
315 435
1 10 2
679 98
1 7 2
104 557
1 5 2
591 233
1 15 2
329 858
1 7 2
73 301
1 11 2
732 376
1 10 2
823 313
1 5 2
382 484
1 7 2
71 240
1 9 2
8 536
1 6 2
844 112
1 12 2
857 890
1 3 2
654 597
1 11 2
842 510
1 8 2
911 647
1 11 2
175 747
1 3 2
156 251
1 8 2
352 96
1 11 2
86 960
1 12 2
865 337
1 6 2
551 930
1 10 2
785 913
1 4 2
766 661
1 5 2
781 917
1 10 2
214 929
1 12 2
109 902
1 6 2
430 485
1 10 2
186 974
1 3 2
727 695
1 8 2
110 115
1 13 2
853 320
1 9 2
113 316
1 2 2
533 215
1 11 2
429 633
1 2 2
496 391
1 8 2
477 997
1 3 2
719 611
1 6 2
601 841
1 10 2
394 188
1 4 2
314 770
1 13 2
889 715
1 4 2
490 915
1 11 2
362 462
1 15 2
334 388
1 3 2
455 443
1 2 2
214 52
1 11 2
602 806
1 3 2
902 973
1 3 2
679 433
1 4 2
84 238
1 4 2
68 444
1 7 2
310 185
1 3 2
905 113
1 11 2
943 412
1 10 2
227 142
1 5 2
433 557
1 15 2
593 967
1 12 2
525 837
1 2 2
425 820
1 3 2
121 151
1 13 2
801 998
1 10 2
60 754
1 2 2
964 531
1 9 2
554 486
1 8 2
620 433
1 4 2
741 815
1 9 2
380 842
1 10 2
797 340
1 2 2
106 574
1 15 2
351 879
1 6 2
3 738
1 11 2
7 415
1 5 2
697 502
1 14 2
626 946
1 11 2
289 209
1 2 2
708 15
1 5 2
751 626
1 7 2
306 526
1 6 2
131 821
1 7 2
896 541
1 13 2
957 12
1 4 2
686 803
1 15 2
423 24
1 5 2
389 751
1 14 2
173 597
1 4 2
619 361
1 12 2
279 848
1 6 2
570 424
1 11 2
327 718
1 5 2
803 547
1 2 2
810 251
1 3 2
114 735
1 8 2
243 805
1 5 2
654 7
1 13 2
55 747
1 6 2
119 937
1 15 2
691 422
1 4 2
538 218
1 4 2
901 824
1 11 2
559 849
1 14 2
432 181
1 14 2
758 59
1 2 2
112 278
1 13 2
14 556
1 11 2
931 195
1 12 2
844 684
1 8 2
496 627
1 9 2
491 701
1 11 2
644 812
1 3 2
289 32
1 3 2
875 106
1 11 2
9 537
1 14 2
894 308
1 2 2
901 873
1 10 2
955 527
1 14 2
963 426
1 11 2
589 737
1 4 2
665 563
1 4 2
497 92
1 15 2
203 517
1 12 2
947 842
1 15 2
527 565
1 15 2
782 414
1 2 2
131 49
1 9 2
207 230
1 9 2
293 201
1 6 2
874 621
1 14 2
453 523
1 7 2
461 919
1 9 2
743 186
1 9 2
921 657
1 15 2
949 673
1 12 2
737 877
1 15 2
948 585
1 13 2
660 446
1 7 2
887 869
1 12 2
204 104
1 13 2
23 54
1 8 2
823 45
1 10 2
344 438
1 3 2
648 752
1 7 2
679 559
1 12 2
101 675
1 15 2
224 933
1 14 2
36 475
1 10 2
764 240
1 12 2
329 538
1 14 2
505 545
1 14 2
870 892
1 6 2
835 241
1 11 2
435 964
1 6 2
78 450
1 2 2
888 467
1 9 2
987 95
1 12 2
779 835
1 14 2
964 157
1 2 2
640 624
1 12 2
938 59
1 3 2
199 202
1 3 2
451 211
1 3 2
511 944
1 6 2
724 840
1 10 2
839 215
1 15 2
955 411
1 11 2
563 22
1 11 2
744 753
1 7 2
550 126
1 3 2
609 6
1 5 2
588 906
1 10 2
231 343
1 8 2
256 520
1 6 2
667 168
1 13 2
885 641
1 12 2
938 681
1 12 2
348 867
1 8 2
452 600
1 4 2
788 830
1 3 2
263 56
1 7 2
622 32
1 3 2
539 527
1 3 2
765 926
1 10 2
261 827
1 2 2
484 403
1 5 2
294 365
1 14 2
348 951
1 2 2
18 699
1 4 2
457 207
1 15 2
593 861
1 11 2
483 684
1 13 2
975 903
1 15 2
63 656
1 6 2
92 227
1 15 2
516 620
1 9 2
441 226
1 11 2
745 269
1 6 2
323 764
1 2 2
875 4
1 15 2
473 469
1 15 2
222 541
1 13 2
29 728
1 12 2
441 419
1 15 2
882 552
1 9 2
688 327
1 2 2
913 62
1 6 2
544 709
1 3 2
549 764
1 4 2
300 417
1 2 2
115 156
1 14 2
194 824
1 12 2
578 985
1 15 2
269 951
1 11 2
372 718
1 14 2
269 844
1 12 2
130 839
1 15 2
143 694
1 6 2
570 771
1 8 2
505 665
1 7 2
467 610
1 6 2
294 154
1 12 2
835 175
1 14 2
30 58
1 15 2
390 578
1 8 2
446 184
1 8 2
103 316
1 14 2
461 678
1 13 2
653 407
1 2 2
402 108
1 13 2
932 820
1 14 2
943 84
1 9 2
557 345
1 7 2
320 364
1 3 2
587 270
1 3 2
945 6
1 6 2
935 885
1 10 2
914 550
1 14 2
345 251
1 10 2
545 304
1 3 2
2 32
1 3 2
203 955
1 11 2
998 725
1 2 2
911 156
1 13 2
288 305
1 11 2
9 570
1 5 2
240 404
1 9 2
222 164
1 4 2
978 57
1 14 2
116 243
1 5 2
970 150
1 6 2
402 185
1 2 2
906 691
1 6 2
907 171
1 12 2
661 568
1 12 2
603 556
1 3 2
782 132
1 9 2
968 713
1 12 2
198 285
1 11 2
904 159
1 12 2
942 121
1 4 2
193 417
1 4 2
223 979
1 10 2
843 658
1 12 2
213 517
1 14 2
600 173
1 14 2
222 194
1 12 2
411 599
1 8 2
677 839
1 3 2
20 223
1 15 2
355 47
1 14 2
117 994
1 11 2
293 226
1 13 2
947 510
1 14 2
728 925
1 11 2
682 492
1 2 2
420 373
1 12 2
381 85
1 9 2
254 521
1 8 2
3 276
1 12 2
997 994
1 11 2
578 594
1 15 2
167 430
1 4 2
645 226
1 9 2
655 466
1 5 2
546 712
1 12 2
105 506
1 2 2
33 530
1 2 2
737 428
1 7 2
759 948
1 3 2
449 706
1 11 2
321 578
1 7 2
628 966
1 8 2
798 85
1 9 2
949 819
1 6 2
671 803
1 14 2
112 787
1 7 2
990 808
1 7 2
335 632
1 14 2
915 780
1 14 2
30 793
1 6 2
314 660
1 9 2
101 714
1 8 2
716 338
1 3 2
898 303
1 3 2
774 154
1 11 2
764 807
1 12 2
762 385
1 2 2
203 785
1 15 2
482 843
1 3 2
335 555
1 6 2
937 740
1 12 2
801 686
1 2 2
827 489
1 6 2
542 28
1 8 2
278 24
1 9 2
584 522
1 15 2
521 440
1 13 2
225 357
1 8 2
735 995
1 7 2
912 481
1 5 2
135 281
1 7 2
522 544
1 12 2
179 762
1 4 2
901 989
1 7 2
251 602
1 2 2
550 441
1 8 2
913 657
1 13 2
386 671
1 7 2
418 420
1 13 2
533 318
1 14 2
259 517
1 5 2
963 673
1 4 2
203 210
1 13 2
270 161
1 8 2
258 568
1 3 2
641 347
1 2 2
478 997
1 15 2
275 317
1 2 2
86 100
1 7 2
884 235
1 6 2
442 641
1 9 2
447 157
1 7 2
680 174
1 15 2
645 954
1 8 2
832 928
1 4 2
514 388
1 15 2
694 269
1 7 2
654 849
1 3 2
933 540
1 3 2
880 313
1 6 2
660 52
1 4 2
917 728
1 15 2
728 647
1 12 2
483 308
1 5 2
350 488
1 13 2
315 29
1 8 2
627 835
1 13 2
795 5
1 10 2
169 994
1 10 2
655 522
1 5 2
946 278
1 14 2
954 645
1 15 2
983 496
1 2 2
997 202
1 4 2
9 322
1 7 2
181 868
1 15 2
258 999
1 3 2
757 419
1 4 2
639 488
1 12 2
36 129
1 8 2
812 107
1 2 2
869 794
1 15 2
372 910
1 10 2
46 161
1 8 2
57 982
1 2 2
9 700
1 15 2
304 206
1 5 2
303 408
1 15 2
726 802
1 8 2
569 220
1 11 2
61 988
1 7 2
23 878
1 11 2
340 879
1 9 2
197 64
1 9 2
98 146
1 8 2
123 808
1 15 2
570 652
1 14 2
937 925
1 11 2
373 558
1 9 2
378 989
1 2 2
109 163
1 14 2
217 685
1 5 2
95 972
1 2 2
833 431
1 4 2
772 516
1 9 2
766 603
1 2 2
783 712
1 14 2
240 289
1 15 2
454 412
1 15 2
359 158
1 3 2
148 701
1 2 2
66 190
1 9 2
63 834
1 4 2
871 894
1 5 2
105 839
1 11 2
913 798
1 5 2
243 696
1 7 2
917 600
1 9 2
139 957
1 8 2
37 158
1 11 2
943 974
1 4 2
646 604
1 4 2
947 720
1 3 2
163 436
1 13 2
99 73
1 13 2
343 547
1 7 2
976 483
1 14 2
359 303
1 10 2
921 6
1 5 2
942 367
1 3 2
363 873
1 15 2
196 320
1 5 2
495 86
1 8 2
234 204
1 14 2
211 687
1 4 2
867 175
1 2 2
579 967
1 7 2
391 402
1 7 2
38 662
1 4 2
366 957
1 8 2
60 709
1 13 2
960 4
1 15 2
151 914
1 12 2
819 535
1 9 2
814 468
1 14 2
494 358
1 9 2
182 648
1 3 2
621 435
1 9 2
744 900
1 5 2
370 761
1 15 2
117 556
1 12 2
633 182
1 9 2
848 681
1 15 2
333 206
1 6 2
556 485
1 13 2
468 377
1 13 2
955 78
1 4 2
24 732
1 7 2
556 97
1 11 2
981 960
1 14 2
200 701
1 4 2
549 327
1 15 2
957 401
1 14 2
262 332
1 15 2
432 918
1 7 2
455 207
1 4 2
892 829
1 6 2
985 730
1 6 2
539 846
1 15 2
84 312
1 4 2
119 326
1 4 2
930 870
1 14 2
109 807
1 6 2
31 602
1 8 2
795 404
1 10 2
953 314
1 14 2
793 121
1 13 2
20 701
1 7 2
29 441
1 7 2
913 781
1 14 2
965 582
1 7 2
421 395
1 9 2
152 804
1 11 2
678 815
1 9 2
782 154
1 13 2
325 476
1 6 2
214 186
1 10 2
548 905
1 13 2
41 443
1 6 2
677 306
1 3 2
9 522
1 13 2
848 17
1 15 2
763 109
1 7 2
868 938
1 4 2
634 710
1 2 2
593 789
1 3 2
817 836
1 2 2
44 575
1 15 2
557 404
1 11 2
579 991
1 4 2
244 917
1 3 2
251 250
1 14 2
596 773
1 2 2
394 148
1 8 2
773 777
1 10 2
694 960
1 13 2
778 573
1 6 2
625 537
1 7 2
639 741
1 14 2
169 776
1 9 2
850 432
1 10 2
998 357
1 10 2
680 839
1 8 2
304 511
1 2 2
66 947
1 8 2
72 503
1 6 2
457 722
1 4 2
380 796
1 13 2
773 515
1 8 2
153 913
1 10 2
620 805
1 8 2
303 114
1 14 2
856 266
1 5 2
860 526
1 13 2
856 509
1 14 2
573 639
1 3 2
305 759
1 11 2
710 748
1 3 2
449 432
1 14 2
235 803
1 15 2
564 866
1 2 2
347 151
1 6 2
466 748
1 6 2
49 598
1 8 2
723 458
1 7 2
267 634
1 13 2
910 56
1 9 2
591 929
1 14 2
497 401
1 3 2
376 750
1 6 2
949 788
1 13 2
579 979
1 10 2
271 931
1 2 2
286 380
1 8 2
9 216
1 12 2
494 347
1 3 2
518 97
1 14 2
716 416
1 13 2
292 18
1 13 2
955 872
1 8 2
387 525
1 4 2
219 625
1 6 2
143 73
1 15 2
939 481
1 13 2
718 64
1 8 2
561 172
1 3 2
586 212
1 6 2
567 879
1 12 2
341 29
1 3 2
576 123
1 14 2
628 500
1 2 2
513 304
1 14 2
589 450
1 6 2
121 324
1 7 2
438 504
1 3 2
331 26
1 6 2
758 623
1 8 2
97 685
1 3 2
825 372
1 10 2
443 68
1 10 2
74 219
1 15 2
713 569
1 8 2
702 212
1 12 2
297 716
1 2 2
843 787
1 5 2
677 951
1 15 2
874 650
1 7 2
813 323
1 9 2
948 979
1 2 2
814 525
1 12 2
771 92
1 5 2
219 445
1 9 2
61 554
1 5 2
976 706
1 5 2
905 627
1 13 2
616 92
1 15 2
715 345
1 12 2
591 599
1 15 2
149 421
1 3 2
996 376
1 14 2
399 839
1 6 2
442 107
1 14 2
891 707
1 9 2
602 830
1 14 2
198 89
1 2 2
974 289
1 4 2
421 270
1 14 2
417 950
1 5 2
389 408
1 9 2
583 817
1 3 2
668 273
1 9 2
27 743
1 15 2
346 448
1 9 2
478 163
1 5 2
216 760
1 14 2
773 821
1 8 2
549 717
1 6 2
653 977
1 13 2
555 359
1 9 2
399 743
1 5 2
4 671
1 13 2
981 36
1 3 2
160 919
1 12 2
417 311
1 2 2
915 488
1 15 2
509 734
1 8 2
637 976
1 6 2
693 568
1 12 2
43 216
1 7 2
254 802
1 3 2
983 306
1 4 2
912 306
1 7 2
861 8
1 6 2
929 354
1 8 2
872 983
1 5 2
983 227
1 8 2
63 44
1 2 2
64 773
1 10 2
412 482
1 12 2
185 279
1 15 2
868 306
1 9 2
804 112
1 9 2
308 772
1 10 2
380 921
1 12 2
498 368
1 8 2
175 525
1 14 2
608 55
1 3 2
785 778
1 2 2
409 445
1 11 2
35 861
1 12 2
813 106
1 11 2
508 332
1 13 2
309 111
1 8 2
631 242
1 15 2
396 528
1 7 2
570 101
1 6 2
201 342
1 8 2
799 683
1 15 2
684 229
1 10 2
632 900
1 15 2
518 690
1 3 2
217 858
1 11 2
766 211
1 11 2
136 809
1 6 2
515 162
1 13 2
557 898
1 15 2
77 484
1 3 2
495 974
1 2 2
708 700
1 2 2
898 609
1 13 2
762 256
1 3 2
507 518
1 4 2
237 272
1 15 2
888 818
1 3 2
720 366
1 15 2
996 169
1 3 2
774 975
1 8 2
986 270
1 5 2
400 774
1 11 2
233 627
1 13 2
947 536
1 5 2
200 753
1 7 2
609 356
1 10 2
43 793
1 8 2
883 456
1 14 2
833 577
1 14 2
448 613
1 11 2
611 630
1 12 2
716 414
1 4 2
887 569
1 4 2
52 227
1 7 2
608 645
1 8 2
827 406
1 9 2
522 407
1 6 2
768 416
1 9 2
937 161
1 14 2
544 355
1 2 2
144 57
1 11 2
394 4
1 7 2
667 432
1 2 2
887 349
1 2 2
332 436
1 14 2
16 49
1 4 2
586 866
1 2 2
163 733
1 15 2
821 383
1 7 2
319 313
1 14 2
956 297
1 15 2
506 116
1 12 2
953 616
1 7 2
952 942
1 14 2
437 345
1 2 2
960 562
1 7 2
585 648
1 14 2
410 214
1 12 2
788 44
1 9 2
448 742
1 10 2
969 212
1 15 2
52 570
1 7 2
56 887
1 7 2
657 680
1 6 2
209 477
1 5 2
673 538
1 12 2
23 853
1 5 2
385 364
1 4 2
100 212
1 9 2
249 663
1 13 2
935 752
1 3 2
138 296
1 7 2
832 518
1 12 2
644 910
1 14 2
681 663
1 13 2
58 3
1 3 2
670 462
1 13 2
151 385
1 4 2
590 258
1 15 2
764 783
1 10 2
883 963
1 3 2
35 998
1 7 2
137 320
1 8 2
781 612
1 13 2
256 602
1 6 2
190 333
1 13 2
487 952
1 11 2
766 491
1 12 2
126 658
1 3 2
749 168
1 11 2
219 861
1 11 2
783 12
1 4 2
512 101
1 3 2
179 230
1 8 2
285 499
1 12 2
326 514
1 6 2
434 724
1 14 2
514 928
1 14 2
647 627
1 2 2
522 329
1 10 2
920 593
1 13 2
669 342
1 10 2
218 229
1 9 2
370 908
1 5 2
933 856
1 6 2
738 24
1 12 2
642 912
1 3 2
774 790
1 15 2
554 884
1 10 2
745 208
1 2 2
404 295
1 3 2
378 1
1 10 2
65 192
1 10 2
645 889
1 7 2
82 720
1 6 2
630 888
1 12 2
486 981
1 9 2
759 990
1 15 2
214 896
1 13 2
703 812
1 4 2
147 183
1 15 2
587 118
1 10 2
74 212
1 15 2
500 952
1 12 2
186 882
1 2 2
669 112
1 5 2
259 182
1 6 2
941 232
1 6 2
477 915
1 5 2
979 65
1 3 2
488 315
1 5 2
821 472
1 12 2
702 418
1 8 2
230 82
1 3 2
642 170
1 7 2
520 610
1 12 2
726 414
1 7 2
60 899
1 12 2
980 635
1 4 2
558 746
1 2 2
421 178
1 14 2
638 654
1 2 2
254 457
1 15 2
478 647
1 6 2
933 16
1 4 2
314 687
1 14 2
369 701
1 3 2
922 624
1 11 2
543 398
1 3 2
644 735
1 15 2
337 297
1 13 2
915 504
1 5 2
905 41
1 9 2
454 764
1 8 2
721 478
1 15 2
623 500
1 9 2
675 739
1 2 2
859 449
1 4 2
131 272
1 7 2
700 960
1 5 2
88 408
1 8 2
657 851
1 5 2
674 690
1 13 2
441 981
1 13 2
668 343
1 15 2
200 631
1 2 2
38 148
1 3 2
695 57
1 13 2
790 891
1 15 2
470 137
1 5 2
768 728
1 2 2
548 14
1 11 2
971 827
1 11 2
815 539
1 7 2
314 347
1 13 2
919 418
1 8 2
432 502
1 9 2
741 479
1 12 2
636 239
1 3 2
369 434
1 13 2
314 333
1 9 2
364 843
1 13 2
598 739
1 10 2
481 542
1 7 2
270 378
1 15 2
61 812
1 6 2
768 650
1 8 2
37 601
1 9 2
315 764
1 13 2
548 36
1 8 2
915 54
1 12 2
303 69
1 2 2
194 789
1 7 2
459 54
1 11 2
248 219
1 14 2
849 901
1 2 2
964 155
1 13 2
546 225
1 7 2
59 462
1 6 2
179 835
1 9 2
879 826
1 3 2
409 926
1 12 2
441 604
1 14 2
899 499
1 4 2
557 231
1 4 2
400 728
1 14 2
185 332
1 6 2
715 888
1 10 2
833 779
1 10 2
387 633
1 7 2
198 240
1 11 2
1 45
1 13 2
594 852
1 15 2
818 208
1 6 2
856 477
1 10 2
618 549
1 4 2
305 687
1 10 2
584 0
1 13 2
509 982
1 5 2
827 56
1 6 2
243 20
1 15 2
291 672
1 9 2
289 796
1 8 2
283 30
1 11 2
254 549
1 7 2
365 469
1 7 2
441 159
1 10 2
657 743
1 7 2
52 67
1 14 2
419 337
1 13 2
706 960
1 4 2
237 831
1 2 2
445 616
1 6 2
801 792
1 8 2
216 873
1 6 2
356 103
1 10 2
401 286
1 13 2
972 159
1 3 2
241 428
1 11 2
869 646
1 3 2
926 441
1 6 2
44 186
1 3 2
155 4
1 6 2
840 188
1 5 2
252 312
1 2 2
177 853
1 3 2
449 280
1 11 2
424 485
1 10 2
354 344
1 12 2
627 200
1 11 2
942 938
1 5 2
275 582
1 9 2
67 532
1 14 2
660 161
1 3 2
448 137
1 7 2
149 327
1 8 2
149 699
1 8 2
816 986
1 8 2
111 965
1 13 2
346 648
1 2 2
416 811
1 13 2
508 113
1 6 2
481 667
1 11 2
660 504
1 15 2
108 723
1 3 2
495 508
1 10 2
649 744
1 6 2
799 682
1 3 2
55 317
1 2 2
773 81
1 3 2
97 119
1 2 2
635 558
1 8 2
34 810
1 3 2
308 185
1 7 2
432 367
1 5 2
961 696
1 10 2
407 297
1 4 2
125 74
1 15 2
988 795
1 3 2
244 247
1 8 2
821 858
1 11 2
423 991
1 14 2
458 362
1 14 2
727 604
1 12 2
912 573
1 15 2
515 776
1 8 2
442 860
1 5 2
454 259
1 2 2
552 78
1 2 2
906 52
1 6 2
511 412
1 13 2
108 141
1 7 2
192 354
1 6 2
367 214
1 10 2
951 836
1 3 2
958 812
1 11 2
97 714
1 10 2
302 274
1 13 2
316 25
1 5 2
258 853
1 8 2
132 326
1 2 2
677 83
1 5 2
610 445
1 5 2
682 27
1 10 2
363 419
1 3 2
747 20
1 2 2
3 880
1 11 2
633 944
1 12 2
320 756
1 5 2
361 822
1 15 2
477 551
1 10 2
651 842
1 14 2
161 743
1 14 2
257 414
1 3 2
812 578
1 2 2
909 409
1 3 2
200 525
1 14 2
752 640
1 3 2
648 725
1 12 2
160 183
1 11 2
853 174
1 6 2
55 365
1 2 2
721 883
1 6 2
664 810
1 7 2
292 399
1 15 2
961 358
1 6 2
897 620
1 13 2
511 28
1 8 2
629 591
1 11 2
896 761
1 8 2
508 3
1 14 2
514 106
1 7 2
597 314
1 15 2
946 315
1 11 2
49 392
1 9 2
252 738
1 8 2
839 880
1 6 2
965 772
1 11 2
855 300
1 7 2
206 605
1 12 2
463 831
1 4 2
984 255
1 13 2
800 510
1 4 2
777 549
1 14 2
503 564
1 3 2
135 417
1 14 2
779 248
1 9 2
889 263
1 6 2
49 656
1 10 2
949 548
1 12 2
765 262
1 7 2
687 914
1 12 2
634 925
1 15 2
259 261
1 2 2
596 834
1 9 2
705 496
1 5 2
717 374
1 12 2
940 191
1 13 2
905 744
1 9 2
217 393
1 14 2
759 287
1 5 2
629 42
1 13 2
615 990
1 5 2
691 321
1 11 2
663 537
1 9 2
173 856
1 10 2
980 347
1 2 2
479 437
1 14 2
31 600
1 10 2
135 262
1 2 2
916 612
1 7 2
926 130
1 2 2
294 724
1 5 2
668 311
1 7 2
30 220
1 6 2
43 805
1 8 2
585 742
1 13 2
88 670
1 3 2
132 261
1 2 2
500 30
1 5 2
455 721
1 10 2
470 804
1 11 2
407 51
1 2 2
804 961
1 14 2
777 670
1 5 2
922 177
1 12 2
636 104
1 7 2
692 64
1 4 2
996 336
1 13 2
894 283
1 8 2
722 273
1 8 2
870 605
1 7 2
653 750
1 10 2
768 651
1 8 2
105 881
1 3 2
414 969
1 10 2
825 649
1 6 2
719 75
1 6 2
248 202
1 6 2
276 360
1 12 2
135 176
1 8 2
728 452
1 4 2
988 623
1 11 2
296 658
1 14 2
236 55
1 15 2
292 126
1 13 2
564 908
1 14 2
885 792
1 10 2
419 133
1 3 2
577 983
1 4 2
896 168
1 4 2
901 211
1 6 2
794 809
1 11 2
683 973
1 7 2
130 877
1 8 2
139 803
1 6 2
701 379
1 14 2
98 394
1 12 2
495 307
1 13 2
522 664
1 8 2
694 738
1 3 2
773 564
1 15 2
713 498
1 13 2
371 607
1 11 2
240 995
1 14 2
845 255
1 12 2
729 162
1 2 2
974 366
1 13 2
655 600
1 15 2
870 614
1 4 2
391 818
1 9 2
803 666
1 5 2
576 259
1 7 2
613 134
1 3 2
607 991
1 13 2
86 8
1 4 2
688 521
1 8 2
461 809
1 11 2
291 289
1 3 2
959 254
1 11 2
716 252
1 3 2
533 274
1 13 2
572 80
1 14 2
868 997
1 13 2
609 124
1 8 2
839 614
1 7 2
778 714
1 11 2
577 503
1 13 2
584 661
1 13 2
458 901
1 5 2
900 126
1 13 2
154 995
1 8 2
424 819
1 11 2
793 388
1 13 2
331 821
1 15 2
338 328
1 4 2
647 494
1 12 2
231 767
1 8 2
705 13
1 2 2
476 632
1 3 2
110 248
1 12 2
488 898
1 5 2
653 477
1 15 2
883 8
1 9 2
71 665
1 4 2
756 644
1 10 2
609 97
1 7 2
191 415
1 4 2
464 124
1 7 2
619 205
1 14 2
628 85
1 4 2
92 471
1 10 2
818 119
1 9 2
214 699
1 9 2
895 715
1 10 2
732 461
1 2 2
248 181
1 11 2
601 406
1 3 2
833 5
1 2 2
999 422
1 13 2
2 243
1 8 2
470 412
1 11 2
763 327
1 8 2
552 408
1 5 2
247 8
1 7 2
898 721
1 5 2
755 8
1 9 2
854 628
1 11 2
543 53
1 5 2
540 950
1 14 2
874 270
1 8 2
287 247
1 9 2
737 258
1 11 2
553 572
1 14 2
910 830
1 11 2
235 563
1 8 2
849 288
1 12 2
363 606
1 13 2
58 450
1 6 2
550 456
1 15 2
707 523
1 8 2
745 904
1 3 2
749 703
1 3 2
892 216
1 12 2
794 799
1 14 2
20 171
1 11 2
741 241
1 12 2
913 514
1 8 2
815 579
1 10 2
243 671
1 4 2
77 672
1 5 2
395 64
1 8 2
774 220
1 10 2
63 859
1 9 2
206 877
1 11 2
166 645
1 15 2
915 713
1 10 2
322 793
1 13 2
90 295
1 15 2
905 629
1 8 2
589 302
1 9 2
954 660
1 14 2
341 297
1 12 2
862 590
1 5 2
64 317
1 11 2
377 643
1 6 2
519 618
1 12 2
851 478
1 13 2
827 822
1 9 2
26 648
1 13 2
735 939
1 11 2
884 209
1 11 2
834 94
1 11 2
562 684
1 3 2
818 273
1 13 2
14 31
1 5 2
287 415
1 11 2
255 375
1 7 2
302 619
1 13 2
677 601
1 15 2
738 398
1 7 2
443 852
1 7 2
622 780
1 2 2
70 686
1 14 2
801 486
1 2 2
141 204
1 5 2
227 395
1 8 2
810 124
1 11 2
920 124
1 12 2
929 884
1 2 2
40 459
1 11 2
811 100
1 8 2
127 692
1 3 2
601 336
1 5 2
108 716
1 14 2
673 535
1 10 2
933 352
1 8 2
803 466
1 15 2
986 108
1 4 2
618 624
1 2 2
396 286
1 6 2
503 511
1 15 2
105 622
1 9 2
750 827
1 13 2
613 621
1 2 2
93 359
1 7 2
613 821
1 8 2
37 796
1 15 2
796 482
1 12 2
721 171
1 5 2
777 142
1 12 2
661 647
1 15 2
648 942
1 10 2
49 868
1 4 2
211 738
1 7 2
561 103
1 4 2
44 92
1 6 2
160 410
1 11 2
840 702
1 4 2
420 3
1 14 2
235 104
1 7 2
802 924
1 5 2
420 354
1 15 2
423 556
1 2 2
521 775
1 10 2
616 878
1 6 2
327 694
1 13 2
612 504
1 7 2
244 405
1 14 2
496 248
1 8 2
393 42
1 10 2
716 160
1 3 2
360 735
1 10 2
946 29
1 10 2
258 603
1 5 2
785 651
1 7 2
315 604
1 12 2
353 457
1 15 2
90 74
1 6 2
358 69
1 9 2
586 986
1 15 2
559 575
1 11 2
664 286
1 2 2
744 0
1 10 2
63 927
1 9 2
465 697
1 9 2
916 658
1 2 2
217 757
1 14 2
700 733
1 5 2
104 343
1 14 2
942 309
1 15 2
745 472
1 3 2
197 704
1 8 2
619 575
1 11 2
302 998
1 9 2
991 786
1 4 2
881 984
1 9 2
439 435
1 12 2
136 101
1 7 2
929 402
1 6 2
236 345
1 2 2
169 409
1 12 2
335 508
1 6 2
533 992
1 6 2
221 893
1 9 2
803 729
1 3 2
571 539
1 11 2
249 701
1 6 2
179 988
1 3 2
90 348
1 7 2
97 509
1 3 2
333 586
1 15 2
229 2
1 10 2
297 307
1 6 2
257 626
1 14 2
273 262
1 13 2
90 673
1 8 2
411 389
1 8 2
626 26
1 4 2
816 695
1 3 2
117 727
1 12 2
785 691
1 2 2
313 909
1 15 2
814 42
1 4 2
435 643
1 12 2
68 783
1 13 2
1 225
1 15 2
244 302
1 8 2
488 459
1 12 2
383 707
1 15 2
75 490
1 14 2
307 505
1 9 2
37 14
1 7 2
6 778
1 13 2
310 732
1 12 2
266 636
1 7 2
208 707
1 11 2
49 563
1 14 2
239 777
1 3 2
972 236
1 8 2
887 32
1 14 2
6 233
1 6 2
98 447
1 10 2
428 232
1 5 2
307 654
1 9 2
923 180
1 14 2
817 866
1 12 2
628 919
1 8 2
779 613
1 11 2
189 771
1 10 2
935 812
1 9 2
393 715
1 8 2
271 10
1 14 2
53 982
1 9 2
92 12
1 3 2
181 802
1 9 2
886 692
1 3 2
942 210
1 9 2
661 97
1 6 2
872 545
1 9 2
611 895
1 6 2
338 964
1 11 2
600 473
1 14 2
910 424
1 5 2
924 487
1 6 2
382 388
1 7 2
285 503
1 2 2
844 640
1 2 2
772 705
1 4 2
569 332
1 8 2
788 549
1 2 2
729 417
1 13 2
553 50
1 14 2
716 167
1 11 2
255 615
1 4 2
551 170
1 13 2
596 207
1 10 2
508 601
1 12 2
676 469
1 15 2
57 598
1 5 2
893 875
1 13 2
432 487
1 9 2
963 945
1 13 2
946 241
1 4 2
269 931
1 4 2
266 769
1 13 2
805 222
1 8 2
685 538
1 13 2
307 345
1 14 2
17 209
1 11 2
487 567
1 9 2
440 394
1 11 2
209 2
1 11 2
645 203
1 7 2
152 565
1 11 2
374 167
1 12 2
744 991
1 9 2
193 682
1 15 2
422 750
1 6 2
127 947
1 8 2
33 730
1 7 2
97 266
1 12 2
507 429
1 13 2
177 50
1 6 2
46 215
1 11 2
395 441
1 15 2
540 425
1 4 2
269 112
1 9 2
10 970
1 13 2
691 860
1 3 2
913 750
1 15 2
223 40
1 5 2
206 696
1 13 2
933 187
1 4 2
173 623
1 7 2
375 205
1 5 2
553 130
1 9 2
150 52
1 7 2
123 145
1 5 2
834 217
1 14 2
516 726
1 13 2
166 428
1 5 2
505 384
1 10 2
601 228
1 7 2
31 117
1 12 2
804 91
1 5 2
652 222
1 11 2
329 496
1 3 2
398 250
1 12 2
869 48
1 8 2
129 873
1 14 2
828 145
1 9 2
542 672
1 2 2
698 978
1 2 2
968 236
1 14 2
707 46
1 4 2
776 240
1 10 2
112 609
1 4 2
845 467
1 4 2
49 552
1 6 2
311 452
1 4 2
23 372
1 14 2
244 771
1 8 2
385 735
1 3 2
945 832
1 2 2
322 761
1 4 2
524 114
1 8 2
31 712
1 9 2
776 174
1 6 2
409 150
1 11 2
275 254
1 4 2
425 45
1 4 2
272 360
1 8 2
899 309
1 3 2
229 934
1 6 2
989 490
1 8 2
299 230
1 3 2
872 30
1 3 2
604 605
1 14 2
170 539
1 10 2
420 328
1 5 2
88 389
1 12 2
577 68
1 8 2
113 772
1 8 2
853 426
1 6 2
94 594
1 4 2
890 802
1 3 2
20 843
1 2 2
555 733
1 8 2
151 57
1 13 2
108 285
1 12 2
285 671
1 4 2
648 690
1 14 2
866 527
1 13 2
418 830
1 5 2
688 921
1 7 2
735 286
1 3 2
985 84
1 4 2
25 482
1 15 2
365 301
1 4 2
268 846
1 10 2
58 990
1 10 2
565 46
1 9 2
619 165
1 10 2
548 445
1 4 2
931 850
1 8 2
979 204
1 7 2
572 619
1 9 2
226 180
1 5 2
586 81
1 10 2
567 973
1 2 2
192 467
1 5 2
564 546
1 5 2
967 499
1 10 2
860 408
1 12 2
131 726
1 14 2
96 657
1 8 2
423 939
1 11 2
353 347
1 11 2
265 824
1 7 2
577 676
1 12 2
801 160
1 6 2
766 363
1 13 2
783 63
1 8 2
129 629
1 2 2
899 838
1 2 2
5 244
1 4 2
897 769
1 12 2
679 330
1 3 2
950 44
1 14 2
874 104
1 11 2
726 372
1 4 2
492 595
1 11 2
583 144
1 12 2
184 649
1 7 2
546 88
1 13 2
757 991
1 15 2
961 144
1 7 2
891 314
1 7 2
699 539
1 9 2
57 414
1 8 2
641 94
1 11 2
287 495
1 11 2
779 323
1 7 2
739 240
1 4 2
795 847
1 5 2
487 364
1 13 2
151 747
1 6 2
674 755
1 10 2
338 35
1 5 2
652 533
1 14 2
374 105
1 8 2
959 295
1 14 2
149 558
1 6 2
441 761
1 11 2
564 115
1 13 2
607 857
1 6 2
609 45
1 4 2
842 145
1 7 2
668 231
1 4 2
470 6
1 7 2
119 928
1 7 2
213 72
1 9 2
124 688
1 12 2
809 985
1 5 2
8 383
1 9 2
631 213
1 6 2
284 296
1 7 2
380 588
1 7 2
613 502
1 4 2
792 854
1 11 2
983 896
1 5 2
61 773
1 14 2
736 793
1 7 2
233 514
1 10 2
736 319
1 6 2
983 732
1 7 2
268 414
1 7 2
973 120
1 6 2
910 684
1 2 2
238 361
1 8 2
29 877
1 4 2
311 309
1 13 2
498 649
1 2 2
81 624
1 6 2
318 885
1 14 2
407 370
1 6 2
781 976
1 6 2
962 893
1 15 2
842 382
1 15 2
988 995
1 12 2
476 89
1 15 2
902 807
1 5 2
640 615
1 10 2
812 956
1 8 2
698 805
1 5 2
886 250
1 9 2
596 710
1 6 2
157 555
1 13 2
82 826
1 15 2
632 419
1 15 2
906 749
1 5 2
935 888
1 10 2
285 972
1 4 2
303 718
1 10 2
854 719
1 13 2
680 840
1 7 2
300 772
1 10 2
702 703
1 4 2
924 211
1 7 2
151 657
1 14 2
219 505
1 12 2
917 207
1 10 2
593 751
1 8 2
518 598
1 13 2
765 221
1 11 2
419 103
1 8 2
96 167
1 15 2
789 526
1 9 2
263 127
1 7 2
675 909
1 13 2
997 976
1 10 2
130 726
1 7 2
825 885
1 9 2
195 921
1 6 2
766 747
1 13 2
424 359
1 15 2
363 143
1 8 2
966 246
1 14 2
357 354
1 2 2
653 788
1 6 2
729 221
1 10 2
343 495
1 13 2
827 702
1 15 2
243 252
1 12 2
474 659
1 15 2
761 987
1 9 2
3 177
1 15 2
268 734
1 14 2
253 579
1 6 2
736 878
1 4 2
544 521
1 9 2
39 272
1 3 2
79 933
1 14 2
638 134
1 15 2
353 373
1 10 2
627 336
1 12 2
546 129
1 2 2
711 364
1 15 2
584 395
1 11 2
685 114
1 14 2
689 727
1 8 2
89 855
1 14 2
431 878
1 11 2
156 906
1 7 2
834 357
1 6 2
778 723
1 11 2
865 885
1 12 2
42 186
1 9 2
773 559
1 12 2
894 494
1 13 2
932 251
1 14 2
874 534
1 6 2
550 243
1 8 2
743 996
1 8 2
422 769
1 9 2
624 364
1 7 2
199 767
1 8 2
392 524
1 3 2
373 104
1 12 2
706 291
1 2 2
184 588
1 15 2
244 412
1 13 2
639 116
1 9 2
381 692
1 7 2
560 232
1 14 2
994 471
1 11 2
59 72
1 13 2
399 688
1 7 2
113 975
1 8 2
149 805
1 13 2
617 292
1 10 2
544 348
1 8 2
311 507
1 7 2
908 393
1 14 2
100 389
1 14 2
508 231
1 5 2
975 131
1 6 2
347 217
1 5 2
180 109
1 6 2
290 213
1 8 2
804 731
1 12 2
256 126
1 9 2
885 413
1 7 2
222 373
1 5 2
246 333
1 6 2
255 894
1 15 2
276 160
1 4 2
153 50
1 5 2
752 644
1 14 2
973 13
1 7 2
623 230
1 6 2
243 427
1 15 2
880 943
1 9 2
502 267
1 2 2
132 897
1 15 2
402 556
1 14 2
775 422
1 9 2
418 451
1 7 2
405 381
1 15 2
484 111
1 12 2
987 927
1 14 2
132 45
1 12 2
994 566
1 4 2
819 459
1 14 2
579 911
1 9 2
233 372
1 4 2
643 300
1 7 2
201 40
1 2 2
925 408
1 6 2
247 37
1 7 2
400 789
1 14 2
841 703
1 14 2
164 251
1 14 2
333 200
1 7 2
794 17
1 11 2
220 184
1 15 2
531 799
1 13 2
859 543
1 6 2
387 108
1 2 2
732 628
1 9 2
491 427
1 15 2
380 254
1 10 2
373 284
1 13 2
583 180
1 4 2
801 774
1 8 2
820 450
1 2 2
823 193
1 7 2
557 959
1 13 2
587 476
1 8 2
878 140
1 8 2
693 710
1 10 2
49 734
1 11 2
293 758
1 2 2
106 312
1 14 2
149 158
1 9 2
816 929
1 2 2
588 536
1 6 2
104 971
1 13 2
256 885
1 5 2
553 908
1 13 2
554 701
1 12 2
802 198
1 14 2
546 655
1 7 2
532 329
1 14 2
454 604
1 15 2
256 136
1 4 2
971 52
1 14 2
783 88
1 4 2
307 784
1 7 2
510 48
1 10 2
845 581
1 14 2
301 383
1 11 2
666 605
1 15 2
104 637
1 3 2
203 940
1 13 2
455 959
1 4 2
1 942
1 7 2
364 41
1 9 2
698 485
1 5 2
808 481
1 2 2
797 692
1 11 2
814 934
1 10 2
668 506
1 15 2
36 653
1 3 2
314 734
1 7 2
880 351
1 13 2
700 336
1 10 2
965 540
1 15 2
831 542
1 7 2
224 853
1 6 2
950 240
1 10 2
409 142
1 2 2
863 359
1 3 2
712 83
1 13 2
910 21
1 6 2
277 475
1 15 2
391 15
1 9 2
747 478
1 15 2
647 303
1 2 2
536 22
1 15 2
0 48
1 5 2
887 61
1 3 2
824 342
1 8 2
684 147
1 12 2
247 776
1 10 2
12 138
1 6 2
623 207
1 2 2
592 463
1 10 2
467 660
1 2 2
234 627
1 7 2
474 236
1 5 2
753 611
1 10 2
404 888
1 8 2
872 895
1 7 2
812 171
1 7 2
607 203
1 3 2
399 350
1 12 2
791 435
1 10 2
33 539
1 6 2
719 715
1 9 2
394 624
1 6 2
373 994
1 8 2
736 652
1 2 2
626 595
1 4 2
528 980
1 13 2
314 57
1 15 2
469 318
1 4 2
539 188
1 2 2
674 635
1 9 2
287 639
1 15 2
751 238
1 12 2
98 417
1 9 2
569 582
1 9 2
858 70
1 9 2
641 60
1 9 2
623 79
1 4 2
223 589
1 12 2
633 596
1 11 2
367 91
1 11 2
422 557
1 10 2
336 953
1 8 2
754 600
1 4 2
938 929
1 8 2
937 224
1 11 2
667 69
1 6 2
219 103
1 6 2
315 935
1 15 2
124 418
1 10 2
893 900
1 11 2
641 923
1 6 2
173 615
1 12 2
555 458
1 14 2
630 2
1 12 2
386 665
1 15 2
549 144
1 7 2
328 755
1 6 2
196 327
1 6 2
280 888
1 6 2
60 577
1 14 2
186 275
1 4 2
265 745
1 4 2
76 962
1 12 2
601 82
1 12 2
785 410
1 3 2
62 998
1 6 2
876 768
1 5 2
260 823
1 8 2
732 247
1 10 2
554 769
1 15 2
534 58
1 14 2
531 457
1 6 2
790 744
1 2 2
243 674
1 10 2
308 602
1 13 2
995 248
1 12 2
633 294
1 8 2
682 164
1 15 2
255 806
1 14 2
590 830
1 3 2
168 958
1 13 2
71 960
1 12 2
614 521
1 4 2
633 215
1 2 2
623 101
1 12 2
982 700
1 8 2
606 260
1 15 2
992 638
1 15 2
535 252
1 5 2
357 797
1 6 2
939 376
1 15 2
686 595
1 8 2
488 207
1 9 2
55 123
1 15 2
196 794
1 6 2
184 655
1 4 2
858 112
1 6 2
916 870
1 2 2
804 377
1 2 2
848 124
1 8 2
308 975
1 14 2
716 37
1 11 2
25 232
1 2 2
219 752
1 13 2
510 424
1 6 2
746 57
1 8 2
879 666
1 5 2
911 42
1 15 2
72 575
1 6 2
224 467
1 8 2
96 229
1 3 2
887 10
1 5 2
740 238
1 6 2
657 724
1 13 2
433 922
1 10 2
828 482
1 3 2
501 447
1 2 2
762 231
1 7 2
469 528
1 11 2
760 173
1 13 2
829 619
1 7 2
770 317
1 15 2
707 251
1 2 2
872 630
1 5 2
625 783
1 15 2
296 873
1 10 2
276 145
1 7 2
209 249
1 2 2
307 803
1 5 2
889 313
1 11 2
466 559
1 9 2
517 666
1 15 2
972 648
1 11 2
233 220
1 4 2
425 641
1 7 2
717 29
1 6 2
120 761
1 14 2
294 734
1 13 2
259 358
1 11 2
441 987
1 12 2
791 424
1 12 2
975 592
1 12 2
710 265
1 10 2
502 536
1 4 2
468 18
1 2 2
364 182
1 12 2
386 620
1 14 2
992 140
1 4 2
897 685
1 14 2
981 685
1 2 2
205 539
1 14 2
917 193
1 2 2
183 797
1 5 2
768 875
1 3 2
518 511
1 8 2
525 250
1 8 2
185 421
1 11 2
173 789
1 4 2
605 167
1 14 2
962 833
1 4 2
745 298
1 6 2
453 317
1 12 2
953 137
1 4 2
893 381
1 7 2
177 526
1 14 2
621 902
1 4 2
239 915
1 8 2
966 794
1 14 2
353 166
1 2 2
292 765
1 13 2
963 724
1 10 2
0 845
1 10 2
765 863
1 5 2
433 626
1 15 2
119 496
1 5 2
727 98
1 10 2
465 324
1 15 2
867 506
1 6 2
972 508
1 13 2
564 831
1 14 2
749 36
1 12 2
952 43
1 5 2
17 284
1 15 2
114 302
1 7 2
478 411
1 2 2
383 174
1 2 2
751 718
1 5 2
388 800
1 2 2
28 964
1 15 2
426 218
1 12 2
140 294
1 6 2
324 331
1 12 2
673 194
1 5 2
246 920
1 9 2
241 917
1 3 2
583 530
1 7 2
722 874
1 3 2
666 248
1 2 2
904 487
1 11 2
248 388
1 13 2
426 709
1 6 2
689 253
1 15 2
567 280
1 7 2
685 568
1 14 2
730 150
1 2 2
538 140
1 5 2
841 852
1 12 2
607 770
1 5 2
815 910
1 9 2
878 448
1 13 2
723 186
1 8 2
116 784
1 4 2
615 890
1 5 2
360 288
1 11 2
669 654
1 11 2
44 533
1 10 2
745 876
1 11 2
131 804
1 7 2
773 282
1 15 2
438 781
1 10 2
515 34
1 5 2
172 188
1 8 2
95 639
1 4 2
485 4
1 14 2
52 980
1 7 2
133 116
1 5 2
589 534
1 15 2
302 215
1 7 2
927 504
1 11 2
493 157
1 2 2
507 548
1 7 2
794 868
1 3 2
706 914
1 10 2
998 485
1 12 2
107 546
1 4 2
372 862
1 2 2
844 406
1 14 2
261 489
1 2 2
18 582
1 8 2
26 599
1 3 2
14 511
1 14 2
726 728
1 7 2
406 893
1 15 2
336 604
1 12 2
665 496
1 13 2
574 723
1 13 2
567 386
1 12 2
563 699
1 14 2
158 241
1 4 2
724 762
1 4 2
513 424
1 11 2
364 519
1 10 2
932 97
1 3 2
572 191
1 5 2
681 502
1 3 2
388 998
1 13 2
156 101
1 8 2
105 792
1 9 2
338 211
1 4 2
223 104
1 2 2
228 465
1 14 2
403 756
1 8 2
608 7
1 4 2
526 829
1 15 2
996 708
1 6 2
470 425
1 6 2
756 320
1 3 2
299 959
1 14 2
864 445
1 11 2
85 873
1 4 2
396 161
1 2 2
839 165
1 7 2
196 399
1 13 2
746 754
1 13 2
22 933
1 9 2
334 871
1 9 2
798 969
1 7 2
261 726
1 10 2
259 397
1 9 2
189 135
1 8 2
178 820
1 2 2
369 902
1 13 2
741 285
1 8 2
885 108
1 7 2
792 970
1 11 2
773 620
1 2 2
732 998
1 9 2
431 586
1 10 2
4 968
1 2 2
931 783
1 13 2
678 239
1 6 2
21 796
1 14 2
672 935
1 14 2
564 498
1 2 2
727 399
1 11 2
635 625
1 9 2
774 80
1 9 2
780 439
1 3 2
508 355
1 5 2
323 644
1 2 2
339 888
1 4 2
781 955
1 15 2
150 471
1 4 2
145 420
1 2 2
302 391
1 13 2
628 654
1 4 2
837 967
1 12 2
802 722
1 11 2
391 407
1 12 2
799 731
1 7 2
175 31
1 14 2
969 326
1 13 2
362 187
1 8 2
300 183
1 5 2
535 684
1 11 2
24 187
1 3 2
182 170
1 5 2
667 967
1 12 2
175 669
1 2 2
233 163
1 13 2
812 946
1 7 2
712 53
1 2 2
920 154
1 3 2
565 920
1 4 2
265 453
1 13 2
528 914
1 6 2
272 367
1 8 2
423 561
1 3 2
882 712
1 15 2
480 867
1 2 2
59 314
1 4 2
285 723
1 7 2
975 893
1 7 2
78 181
1 6 2
416 293
1 7 2
532 123
1 5 2
150 514
1 14 2
633 153
1 10 2
446 594
1 8 2
781 375
1 13 2
350 430
1 7 2
73 586
1 9 2
35 906
1 2 2
371 282
1 15 2
655 383
1 7 2
205 457
1 6 2
353 192
1 15 2
203 726
1 6 2
868 527
1 11 2
775 526
1 8 2
987 45
1 13 2
588 942
1 12 2
926 890
1 9 2
212 948
1 15 2
813 315
1 2 2
154 541
1 13 2
44 818
1 13 2
179 175
1 13 2
735 402
1 12 2
501 852
1 14 2
581 555
1 2 2
200 774
1 4 2
629 339
1 15 2
38 586
1 7 2
223 433
1 8 2
601 708
1 9 2
553 399
1 8 2
15 254
1 2 2
666 766
1 15 2
687 988
1 15 2
788 50
1 13 2
938 388
1 14 2
107 673
1 15 2
43 369
1 3 2
442 634
1 3 2
175 363
1 9 2
302 94
1 6 2
222 112
1 3 2
537 433
1 8 2
79 878
1 11 2
918 210
1 9 2
228 878
1 15 2
644 96
1 2 2
298 13
1 13 2
748 390
1 13 2
254 743
1 15 2
137 86
1 9 2
785 495
1 7 2
373 628
1 6 2
220 12
1 2 2
635 29
1 9 2
821 975
1 8 2
967 929
1 9 2
711 248
1 13 2
171 796
1 12 2
646 489
1 10 2
902 318
1 4 2
198 933
1 11 2
821 131
1 8 2
94 863
1 10 2
418 20
1 7 2
94 232
1 8 2
58 233
1 2 2
161 950
1 15 2
160 363
1 8 2
747 309
1 4 2
918 451
1 12 2
780 360
1 12 2
872 873
1 13 2
327 288
1 15 2
806 742
1 10 2
369 881
1 5 2
662 91
1 10 2
857 993
1 2 2
205 304
1 2 2
167 996
1 15 2
11 189
1 12 2
733 162
1 2 2
865 568
1 13 2
931 738
1 8 2
594 419
1 14 2
132 340
1 7 2
420 873
1 2 2
441 715
1 14 2
64 391
1 13 2
944 606
1 5 2
636 162
1 10 2
732 196
1 9 2
473 292
1 10 2
449 853
1 9 2
948 702
1 5 2
199 136
1 14 2
389 943
1 3 2
945 166
1 10 2
33 28
1 15 2
868 715
1 3 2
223 16
1 8 2
489 521
1 11 2
102 650
1 8 2
968 808
1 13 2
555 101
1 10 2
946 793
1 9 2
9 153
1 14 2
147 264
1 4 2
335 247
1 11 2
366 112
1 6 2
731 888
1 10 2
388 689
1 12 2
238 538
1 5 2
710 552
1 10 2
833 485
1 15 2
942 477
1 5 2
127 278
1 8 2
977 812
1 11 2
144 624
1 11 2
144 542
1 2 2
181 244
1 7 2
73 172
1 4 2
966 445
1 12 2
863 660
1 15 2
476 361
1 12 2
317 645
1 14 2
442 26
1 14 2
657 842
1 2 2
988 750
1 7 2
175 429
1 10 2
15 962
1 11 2
857 878
1 8 2
239 338
1 7 2
519 810
1 4 2
918 424
1 2 2
160 782
1 10 2
378 666
1 11 2
197 547
1 5 2
159 953
1 8 2
840 522
1 3 2
70 693
1 5 2
510 997
1 14 2
137 613
1 7 2
913 958
1 13 2
841 178
1 6 2
670 135
1 3 2
321 318
1 14 2
448 989
1 7 2
516 330
1 4 2
609 795
1 8 2
722 969
1 6 2
487 545
1 3 2
847 605
1 11 2
476 260
1 3 2
919 800
1 3 2
227 873
1 6 2
231 774
1 9 2
922 481
1 6 2
642 322
1 14 2
56 657
1 14 2
555 262
1 6 2
965 569
1 4 2
140 963
1 5 2
237 581
1 14 2
388 505
1 12 2
900 184
1 15 2
458 187
1 12 2
828 875
1 6 2
928 973
1 2 2
700 638
1 11 2
105 28
1 7 2
62 385
1 5 2
511 806
1 12 2
489 510
1 9 2
75 915
1 3 2
840 114
1 6 2
73 867
1 13 2
809 222
1 10 2
363 515
1 14 2
513 600
1 11 2
432 779
1 8 2
487 588
1 7 2
514 918
1 12 2
290 185
1 5 2
572 966
1 5 2
123 942
1 15 2
933 863
1 9 2
472 80
1 5 2
783 405
1 5 2
312 967
1 6 2
196 551
1 11 2
888 731
1 6 2
894 456
1 7 2
877 380
1 14 2
672 42
1 9 2
209 909
1 13 2
233 231
1 11 2
510 110
1 8 2
760 571
1 7 2
957 992
1 7 2
102 776
1 7 2
408 422
1 15 2
327 716
1 9 2
436 719
1 5 2
552 479
1 11 2
303 982
1 14 2
554 746
1 2 2
450 291
1 2 2
656 361
1 4 2
604 253
1 11 2
43 362
1 9 2
371 136
1 8 2
539 219
1 8 2
930 688
1 13 2
324 647
1 12 2
45 982
1 6 2
579 877
1 13 2
649 484
1 6 2
936 257
1 13 2
719 700
1 12 2
806 623
1 9 2
131 722
1 10 2
991 616
1 9 2
565 651
1 2 2
296 473
1 9 2
963 929
1 10 2
498 68
1 5 2
373 785
1 12 2
982 764
1 2 2
501 664
1 11 2
934 36
1 10 2
493 890
1 15 2
9 314
1 8 2
502 754
1 3 2
685 124
1 14 2
163 785
1 4 2
836 409
1 11 2
289 838
1 12 2
37 762
1 8 2
494 728
1 2 2
685 766
1 6 2
784 290
1 9 2
830 81
1 7 2
408 531
1 9 2
443 855
1 14 2
706 259
1 11 2
664 678
1 14 2
914 300
1 9 2
18 803
1 11 2
905 26
1 2 2
975 958
1 2 2
863 512
1 12 2
314 501
1 15 2
759 896
1 9 2
85 909
1 3 2
346 597
1 5 2
465 569
1 4 2
926 735
1 14 2
554 602
1 9 2
904 806
1 11 2
956 703
1 9 2
750 961
1 13 2
228 325
1 13 2
117 835
1 10 2
589 15
1 14 2
732 29
1 3 2
653 68
1 14 2
165 683
1 11 2
331 639
1 8 2
920 959
1 2 2
536 520
1 8 2
971 136
1 14 2
936 705
1 12 2
59 483
1 11 2
760 342
1 5 2
369 549
1 2 2
631 305
1 9 2
542 669
1 8 2
552 774
1 5 2
236 96
1 3 2
537 10
1 15 2
442 466
1 15 2
130 847
1 2 2
68 830
1 4 2
41 575
1 7 2
104 306
1 5 2
373 676
1 8 2
169 592
1 5 2
450 469
1 4 2
647 925
1 15 2
23 576
1 6 2
533 71
1 14 2
673 656
1 9 2
138 517
1 2 2
763 203
1 10 2
415 708
1 4 2
773 569
1 2 2
798 11
1 6 2
875 238
1 6 2
647 177
1 5 2
904 411
1 4 2
876 953
1 10 2
402 78
1 12 2
585 59
1 8 2
524 373
1 6 2
567 583
1 14 2
0 314
1 9 2
88 721
1 6 2
502 857
1 9 2
942 952
1 9 2
343 519
1 12 2
537 458
1 10 2
565 835
1 12 2
217 17
1 5 2
521 551
1 14 2
851 765
1 15 2
39 73
1 3 2
920 631
1 8 2
896 625
1 4 2
700 464
1 11 2
550 281
1 2 2
457 210
1 9 2
981 513
1 11 2
783 271
1 4 2
71 341
1 9 2
363 801
1 5 2
350 536
1 11 2
684 242
1 14 2
598 570
1 9 2
521 20
1 3 2
274 906
1 3 2
549 423
1 5 2
873 313
1 11 2
646 903
1 7 2
591 858
1 15 2
200 262
1 15 2
534 605
1 13 2
411 633
1 15 2
985 129
1 5 2
344 608
1 12 2
508 795
1 12 2
623 517
1 12 2
719 376
1 6 2
567 24
1 9 2
974 157
1 10 2
362 287
1 12 2
929 680
1 4 2
690 161
1 6 2
489 866
1 15 2
614 475
1 11 2
314 963
1 11 2
686 735
1 9 2
428 262
1 8 2
270 933
1 9 2
309 613
1 15 2
636 729
1 6 2
752 461
1 7 2
461 439
1 13 2
300 231
1 11 2
192 55
1 14 2
647 911
1 2 2
471 560
1 8 2
164 542
1 6 2
54 880
1 14 2
334 882
1 6 2
654 961
1 3 2
532 878
1 10 2
601 680
1 15 2
990 219
1 7 2
570 128
1 4 2
215 454
1 12 2
251 420
1 12 2
113 653
1 15 2
558 976
1 12 2
620 74
1 15 2
653 131
1 7 2
25 879
1 3 2
582 29
1 5 2
551 790
1 5 2
24 500
1 2 2
526 301
1 4 2
556 702
1 14 2
944 600
1 11 2
577 281
1 2 2
267 624
1 11 2
567 440
1 12 2
10 59
1 7 2
487 195
1 11 2
780 325
1 14 2
830 353
1 10 2
569 125
1 10 2
520 625
1 10 2
709 603
1 11 2
381 32
1 12 2
169 364
1 3 2
716 170
1 5 2
543 236
1 6 2
873 207
1 4 2
265 246
1 8 2
319 701
1 3 2
703 386
1 11 2
150 50
1 6 2
297 51
1 8 2
241 502
1 12 2
797 317
1 8 2
345 829
1 8 2
53 488
1 5 2
680 222
1 3 2
918 781
1 7 2
391 162
1 8 2
474 798
1 11 2
946 929
1 12 2
163 743
1 13 2
595 708
1 6 2
588 97
1 5 2
408 415
1 10 2
519 643
1 7 2
711 814
1 15 2
624 923
1 8 2
68 178
1 15 2
375 952
1 3 2
659 89
1 14 2
587 48
1 8 2
930 194
1 8 2
294 142
1 15 2
757 568
1 9 2
501 684
1 10 2
199 985
1 14 2
968 286
1 5 2
23 559
1 15 2
745 964
1 14 2
384 463
1 14 2
7 360
1 7 2
44 88
1 12 2
725 473
1 4 2
601 906
1 13 2
529 237
1 2 2
386 243
1 6 2
92 809
1 11 2
735 109
1 15 2
280 841
1 13 2
153 977
1 6 2
270 186
1 6 2
317 572
1 4 2
515 528
1 7 2
167 182
1 13 2
444 379
1 9 2
758 355
1 15 2
374 574
1 10 2
815 365
1 2 2
228 415
1 11 2
900 260
1 3 2
734 847
1 7 2
204 525
1 14 2
219 23
1 13 2
336 357
1 6 2
81 501
1 14 2
463 567
1 2 2
836 213
1 4 2
89 424
1 7 2
305 544
1 11 2
181 422
1 13 2
701 964
1 8 2
870 479
1 5 2
103 66
1 3 2
260 663
1 4 2
813 398
1 8 2
18 572
1 14 2
17 335
1 6 2
729 48
1 4 2
812 413
1 15 2
945 275
1 4 2
150 545
1 6 2
41 184
1 12 2
75 303
1 2 2
950 407
1 14 2
648 75
1 7 2
495 248
1 3 2
128 488
1 14 2
261 879
1 15 2
601 988
1 3 2
678 965
1 8 2
956 905
1 10 2
296 232
1 3 2
415 217
1 13 2
501 995
1 14 2
959 160
1 15 2
846 871
1 11 2
169 191
1 5 2
898 917
1 14 2
698 180
1 4 2
270 480
1 10 2
504 365
1 9 2
133 343
1 4 2
740 305
1 7 2
908 992
1 2 2
903 512
1 2 2
235 742
1 7 2
322 274
1 12 2
808 606
1 10 2
429 70
1 2 2
22 835
1 14 2
742 175
1 13 2
955 972
1 15 2
783 171
1 12 2
167 109
1 8 2
285 251
1 12 2
136 761
1 9 2
434 445
1 5 2
821 627
1 10 2
717 812
1 12 2
939 795
1 8 2
247 35
1 11 2
260 532
1 9 2
129 221
1 15 2
692 365
1 8 2
680 132
1 13 2
457 138
1 7 2
422 373
1 6 2
182 314
1 2 2
714 218
1 2 2
485 319
1 13 2
90 1
1 10 2
877 187
1 14 2
781 867
1 8 2
922 530
1 12 2
307 926
1 3 2
810 498
1 5 2
387 402
1 5 2
109 465
1 13 2
405 843
1 9 2
780 317
1 4 2
718 114
1 15 2
574 973
1 13 2
196 829
1 5 2
860 380
1 13 2
85 748
1 2 2
829 184
1 13 2
2 652
1 9 2
69 715
1 8 2
331 776
1 4 2
902 784
1 7 2
789 149
1 10 2
205 352
1 4 2
924 524
1 6 2
223 499
1 13 2
781 365
1 12 2
799 654
1 2 2
278 416
1 14 2
390 450
1 12 2
924 895
1 8 2
926 433
1 8 2
700 855
1 10 2
163 486
1 11 2
316 421
1 14 2
540 241
1 3 2
531 261
1 13 2
348 888
1 3 2
998 913
1 11 2
384 358
1 8 2
546 877
1 6 2
23 404
1 12 2
226 699
1 6 2
417 898
1 12 2
1 720
1 11 2
557 645
1 9 2
314 674
1 12 2
346 161
1 10 2
522 10
1 14 2
172 631
1 10 2
126 498
1 5 2
761 46
1 10 2
215 572
1 3 2
256 397
1 12 2
888 530
1 8 2
148 235
1 8 2
821 425
1 14 2
708 567
1 4 2
655 56
1 11 2
111 256
1 7 2
332 992
1 13 2
645 683
1 13 2
350 244
1 14 2
217 317
1 14 2
753 698
1 7 2
240 634
1 8 2
126 358
1 13 2
888 185
1 2 2
841 859
1 4 2
980 681
1 14 2
16 355
1 7 2
565 770
1 5 2
303 85
1 6 2
341 171
1 8 2
634 963
1 4 2
817 462
1 13 2
305 713
1 6 2
676 20
1 7 2
75 756
1 4 2
178 407
1 15 2
905 803
1 9 2
647 862
1 10 2
413 164
1 6 2
867 622
1 13 2
31 831
1 3 2
945 200
1 13 2
486 452
1 7 2
673 156
1 5 2
175 929
1 2 2
291 2
1 3 2
411 453
1 9 2
427 322
1 9 2
187 100
1 9 2
407 764
1 10 2
627 742
1 10 2
734 707
1 13 2
428 908
1 9 2
548 352
1 10 2
584 965
1 15 2
701 910
1 8 2
612 109
1 10 2
93 24
1 13 2
68 923
1 9 2
667 108
1 15 2
301 174
1 5 2
304 315
1 15 2
553 57
1 4 2
729 623
1 15 2
910 255
1 14 2
481 427
1 4 2
972 334
1 9 2
464 914
1 11 2
679 42
1 12 2
171 947
1 15 2
238 445
1 13 2
442 705
1 2 2
499 771
1 3 2
96 203
1 9 2
833 944
1 4 2
677 54
1 7 2
930 509
1 15 2
969 673
1 3 2
707 813
1 14 2
113 572
1 15 2
232 52
1 4 2
154 483
1 4 2
937 982
1 5 2
403 404
1 11 2
739 88
1 12 2
800 741
1 10 2
62 403
1 7 2
422 313
1 13 2
644 608
1 12 2
124 101
1 11 2
480 615
1 11 2
654 363
1 6 2
729 338
1 15 2
563 188
1 14 2
892 845
1 11 2
941 527
1 8 2
14 595
1 9 2
679 165
1 13 2
98 298
1 6 2
395 471
1 12 2
756 276
1 13 2
96 780
1 8 2
990 957
1 7 2
709 844
1 7 2
300 861
1 10 2
231 644
1 3 2
992 573
1 10 2
325 990
1 3 2
663 788
1 13 2
507 3
1 6 2
478 72
1 14 2
62 773
1 9 2
784 362
1 7 2
263 908
1 6 2
405 701
1 13 2
930 264
1 11 2
551 492
1 12 2
751 687
1 11 2
198 243
1 6 2
147 139
1 13 2
981 49
1 4 2
682 51
1 7 2
602 778
1 13 2
705 318
1 6 2
660 760
1 3 2
737 574
1 9 2
661 425
1 14 2
429 524
1 15 2
621 589
1 8 2
38 793
1 11 2
346 627
1 2 2
676 731
1 4 2
146 36
1 11 2
113 13
1 8 2
575 816
1 9 2
158 799
1 12 2
20 100
1 3 2
460 15
1 15 2
784 984
1 8 2
213 364
1 15 2
491 506
1 13 2
65 409
1 3 2
803 744
1 10 2
456 179
1 10 2
217 226
1 3 2
174 765
1 9 2
198 615
1 5 2
192 157
1 11 2
766 642
1 11 2
202 894
1 6 2
862 843
1 11 2
881 157
1 14 2
641 494
1 6 2
221 20
1 10 2
822 844
1 15 2
646 702
1 2 2
811 357
1 3 2
595 275
1 3 2
735 44
1 9 2
668 597
1 14 2
249 583
1 3 2
993 445
1 5 2
683 833
1 3 2
209 95
1 10 2
497 270
1 13 2
320 887
1 4 2
649 770
1 7 2
771 90
1 10 2
296 866
1 4 2
562 101
1 12 2
970 894
1 4 2
794 115
1 10 2
206 33
1 12 2
162 507
1 4 2
723 143
1 11 2
630 340
1 5 2
706 134
1 6 2
324 69
1 6 2
697 788
1 10 2
533 893
1 4 2
499 170
1 13 2
672 417
1 11 2
410 739
1 8 2
854 528
1 5 2
97 198
1 12 2
402 563
1 4 2
908 439
1 13 2
131 8
1 12 2
245 122
1 13 2
654 911
1 7 2
735 931
1 15 2
411 11
1 5 2
104 366
1 2 2
343 344
1 14 2
36 191
1 8 2
991 986
1 4 2
327 949
1 14 2
326 2
1 5 2
465 10
1 11 2
821 716
1 11 2
668 335
1 5 2
540 974
1 2 2
619 842
1 13 2
853 906
1 6 2
663 527
1 13 2
606 917
1 13 2
643 750
1 15 2
303 826
1 14 2
321 576
1 9 2
817 297
1 5 2
428 792
1 12 2
128 894
1 9 2
840 132
1 6 2
596 240
1 15 2
392 820
1 10 2
418 777
1 7 2
590 857
1 7 2
403 582
1 14 2
318 747
1 7 2
110 674
1 15 2
492 147
1 11 2
996 308
1 8 2
158 426
1 9 2
365 360
1 13 2
132 640
1 9 2
446 542
1 12 2
250 617
1 12 2
365 554
1 8 2
645 461
1 2 2
886 727
1 9 2
473 950
1 12 2
826 540
1 9 2
681 676
1 2 2
881 290
1 7 2
39 958
1 11 2
638 710
1 15 2
50 628
1 12 2
535 852
1 2 2
38 823
1 5 2
306 148
1 13 2
589 725
1 6 2
483 449
1 8 2
97 253
1 8 2
347 69
1 13 2
959 602
1 12 2
313 489
1 15 2
949 821
1 6 2
873 253
1 12 2
851 857
1 4 2
501 991
1 6 2
883 547
1 12 2
978 205
1 7 2
898 156
1 12 2
13 889
1 8 2
823 909
1 10 2
342 772
1 7 2
53 749
1 6 2
838 107
1 6 2
4 24
1 14 2
907 244
1 13 2
508 354
1 12 2
886 943
1 14 2
698 136
1 2 2
920 762
1 13 2
405 873
1 5 2
50 636
1 12 2
863 949
1 9 2
96 406
1 6 2
374 770
1 11 2
940 103
1 14 2
466 341
1 11 2
774 367
1 6 2
225 612
1 15 2
961 357
1 8 2
334 907
1 10 2
234 123
1 8 2
959 122
1 7 2
701 935
1 9 2
728 705
1 15 2
203 434
1 14 2
53 30
1 5 2
890 856
1 13 2
141 751
1 4 2
876 656
1 11 2
541 269
1 8 2
639 949
1 13 2
103 56
1 12 2
537 82
1 7 2
263 22
1 7 2
737 58
1 5 2
298 412
1 4 2
175 944
1 9 2
741 370
1 2 2
980 850
1 6 2
339 446
1 11 2
507 253
1 12 2
528 83
1 5 2
524 27
1 11 2
596 786
1 9 2
793 315
1 7 2
600 595
1 5 2
305 208
1 14 2
495 682
1 9 2
80 558
1 3 2
536 738
1 3 2
545 964
1 3 2
874 114
1 15 2
85 502
1 7 2
417 503
1 13 2
1 459
1 5 2
880 34
1 15 2
533 839
1 8 2
59 286
1 10 2
325 758
1 10 2
488 827
1 9 2
216 654
1 8 2
178 671
1 13 2
288 148
1 12 2
325 793
1 15 2
561 454
1 14 2
252 936
1 9 2
531 590
1 4 2
377 514
1 5 2
197 266
1 15 2
399 693
1 11 2
323 463
1 10 2
944 491
1 2 2
594 899
1 2 2
760 964
1 4 2
509 609
1 11 2
756 413
1 13 2
958 50
1 14 2
376 705
1 5 2
423 405
1 3 2
583 633
1 13 2
964 167
1 15 2
746 395
1 7 2
346 524
1 6 2
355 916
1 14 2
361 21
1 11 2
517 538
1 15 2
484 274
1 2 2
490 225
1 10 2
181 199
1 8 2
169 166
1 12 2
555 542
1 15 2
174 449
1 4 2
129 881
1 9 2
980 67
1 7 2
670 500
1 2 2
983 421
1 15 2
888 410
1 13 2
118 274
1 10 2
784 175
1 12 2
308 464
1 10 2
34 802
1 6 2
931 50
1 8 2
980 924
1 14 2
643 261
1 9 2
901 156
1 13 2
279 595
1 10 2
576 219
1 5 2
976 801
1 3 2
254 609
1 6 2
900 918
1 9 2
552 898
1 13 2
81 243
1 6 2
351 20
1 9 2
30 274
1 6 2
486 931
1 12 2
193 359
1 5 2
273 837
1 6 2
733 212
1 6 2
726 527
1 15 2
418 941
1 4 2
386 882
1 11 2
673 182
1 12 2
988 706
1 2 2
30 878
1 3 2
997 346
1 7 2
340 786
1 6 2
340 504
1 11 2
927 975
1 14 2
654 912
1 5 2
374 855
1 13 2
242 497
1 4 2
120 336
1 7 2
488 755
1 4 2
641 516
1 2 2
224 789
1 8 2
678 494
1 10 2
857 154
1 4 2
357 738
1 12 2
577 373
1 2 2
724 805
1 7 2
344 66
1 7 2
320 262
1 4 2
518 139
1 3 2
35 423
1 11 2
108 89
1 10 2
698 9
1 5 2
597 358
1 6 2
193 815
1 10 2
282 960
1 7 2
301 907
1 2 2
741 953
1 4 2
659 624
1 4 2
617 388
1 3 2
363 988
1 15 2
345 787
1 14 2
166 727
1 6 2
531 78
1 8 2
747 523
1 9 2
493 910
1 11 2
189 583
1 6 2
559 803
1 12 2
221 402
1 11 2
712 709
1 11 2
963 946
1 2 2
591 829
1 15 2
98 496
1 5 2
899 757
1 12 2
355 531
1 12 2
603 367
1 6 2
565 987
1 12 2
680 369
1 11 2
638 864
1 14 2
618 104
1 10 2
215 213
1 14 2
850 886
1 4 2
604 332
1 9 2
525 661
1 10 2
420 898
1 14 2
521 824
1 4 2
998 718
1 5 2
639 742
1 3 2
335 514
1 2 2
81 216
1 9 2
281 162
1 7 2
470 721
1 13 2
180 824
1 9 2
303 93
1 11 2
245 32
1 2 2
584 662
1 10 2
380 77
1 5 2
946 85
1 12 2
993 780
1 13 2
585 626
1 6 2
143 391
1 11 2
867 390
1 8 2
709 392
1 2 2
49 762
1 2 2
332 675
1 10 2
199 418
1 12 2
270 956
1 11 2
722 428
1 13 2
98 239
1 10 2
64 811
1 13 2
980 879
1 7 2
676 810
1 5 2
730 521
1 13 2
69 382
1 14 2
585 945
1 12 2
519 518
1 12 2
233 253
1 2 2
72 347
1 4 2
100 309
1 9 2
234 725
1 13 2
68 484
1 2 2
462 165
1 11 2
502 580
1 13 2
879 198
1 14 2
215 540
1 3 2
183 855
1 15 2
548 658
1 10 2
638 315
1 10 2
430 930
1 13 2
60 440
1 4 2
939 5
1 3 2
860 887
1 6 2
711 547
1 2 2
246 394
1 8 2
547 43
1 2 2
477 206
1 11 2
143 810
1 15 2
635 134
1 3 2
569 755
1 9 2
508 334
1 5 2
766 976
1 9 2
806 953
1 6 2
737 468
1 3 2
744 229
1 10 2
595 505
1 2 2
350 758
1 7 2
79 557
1 12 2
633 388
1 7 2
11 556
1 11 2
337 995
1 4 2
688 660
1 8 2
376 531
1 11 2
728 65
1 4 2
813 343
1 5 2
234 960
1 3 2
494 293
1 13 2
745 769
1 12 2
789 263
1 5 2
424 211
1 5 2
414 453
1 15 2
876 635
1 8 2
828 514
1 14 2
907 640
1 7 2
973 226
1 5 2
566 745
1 9 2
264 780
1 13 2
166 674
1 9 2
213 692
1 11 2
91 153
1 8 2
821 30
1 13 2
542 138
1 11 2
151 613
1 9 2
822 139
1 13 2
266 340
1 3 2
833 264
1 12 2
707 889
1 2 2
806 463
1 2 2
797 761
1 15 2
227 166
1 7 2
554 730
1 9 2
937 743
1 3 2
37 622
1 10 2
625 291
1 15 2
982 43
1 14 2
349 751
1 13 2
350 357
1 13 2
590 234
1 8 2
205 294
1 7 2
96 99
1 7 2
763 464
1 10 2
515 232
1 7 2
413 708
1 8 2
328 683
1 6 2
542 841
1 3 2
909 248
1 2 2
782 286
1 15 2
45 707
1 3 2
116 191
1 5 2
156 921
1 7 2
834 261
1 7 2
711 307
1 13 2
768 543
1 15 2
482 935
1 5 2
836 68
1 6 2
775 191
1 15 2
433 363
1 12 2
491 404
1 8 2
455 329
1 10 2
191 953
1 4 2
52 774
1 2 2
759 912
1 5 2
552 79
1 10 2
793 971
1 5 2
636 679
1 5 2
120 256
1 2 2
962 346
1 15 2
223 588
1 6 2
186 710
1 15 2
161 208
1 15 2
329 775
1 7 2
986 535
1 2 2
573 717
1 2 2
389 711
1 11 2
45 565
1 13 2
442 33
1 3 2
813 247
1 14 2
796 186
1 5 2
761 809
1 15 2
47 154
1 7 2
813 327
1 6 2
506 811
1 11 2
775 100
1 10 2
153 56
1 3 2
960 343
1 14 2
695 974
1 7 2
490 565
1 2 2
405 402
1 6 2
969 907
1 14 2
386 816
1 8 2
18 336
1 14 2
234 622
1 3 2
121 681
1 15 2
136 677
1 15 2
270 424
1 11 2
80 437
1 11 2
845 681
1 15 2
527 852
1 3 2
943 324
1 6 2
46 428
1 9 2
912 65
1 14 2
823 358
1 13 2
166 326
1 11 2
614 633
1 6 2
719 256
1 3 2
293 213
1 6 2
630 317
1 11 2
626 930
1 7 2
122 740
1 11 2
881 450
1 5 2
476 864
1 7 2
767 437
1 7 2
566 572
1 15 2
918 774
1 7 2
600 945
1 14 2
258 591
1 6 2
736 552
1 13 2
757 359
1 13 2
757 2
1 3 2
14 594
1 14 2
94 287
1 5 2
728 170
1 13 2
879 929
1 13 2
67 580
1 2 2
245 776
1 6 2
908 262
1 7 2
378 707
1 10 2
190 728
1 9 2
398 992
1 10 2
647 992
1 11 2
788 931
1 7 2
849 72
1 11 2
174 902
1 12 2
704 711
1 4 2
624 586
1 2 2
62 80
1 4 2
285 787
1 15 2
950 234
1 13 2
465 12
1 12 2
657 543
1 6 2
957 143
1 15 2
218 333
1 13 2
391 901
1 6 2
435 294
1 5 2
69 579
1 4 2
62 5
1 8 2
142 565
1 5 2
303 809
1 10 2
949 16
1 6 2
854 560
1 15 2
315 121
1 3 2
995 629
1 5 2
398 305
1 14 2
839 115
1 6 2
880 918
1 13 2
74 233
1 14 2
108 705
1 8 2
629 556
1 4 2
386 749
1 9 2
710 841
1 13 2
264 310
1 5 2
528 417
1 14 2
718 477
1 11 2
332 845
1 9 2
849 250
1 7 2
574 570
1 6 2
941 543
1 2 2
15 244
1 5 2
51 398
1 2 2
785 507
1 11 2
130 45
1 10 2
318 771
1 2 2
956 643
1 12 2
742 444
1 13 2
784 950
1 13 2
2 853
1 5 2
88 303
1 15 2
958 959
1 10 2
221 312
1 2 2
625 928
1 9 2
920 896
1 14 2
794 448
1 2 2
425 163
1 4 2
726 758
1 8 2
670 361
1 10 2
573 221
1 6 2
556 384
1 6 2
867 469
1 5 2
572 926
1 10 2
729 66
1 13 2
152 174
1 7 2
239 144
1 11 2
926 586
1 13 2
678 506
1 4 2
633 692
1 6 2
893 505
1 15 2
158 552
1 8 2
811 968
1 13 2
510 230
1 9 2
686 61
1 13 2
257 834
1 10 2
891 776
1 15 2
733 502
1 10 2
879 364
1 7 2
316 906
1 3 2
853 728
1 14 2
819 120
1 9 2
142 925
1 15 2
239 211
1 6 2
163 941
1 15 2
879 732
1 12 2
707 870
1 2 2
38 60
1 13 2
85 394
1 4 2
212 967
1 8 2
38 849
1 11 2
525 189
1 14 2
625 462
1 4 2
247 561
1 9 2
583 625
1 15 2
298 653
1 9 2
354 865
1 15 2
448 842
1 5 2
153 997
1 12 2
646 57
1 9 2
950 192
1 9 2
853 18
1 13 2
277 820
1 14 2
815 458
1 5 2
590 787
1 14 2
171 718
1 5 2
981 613
1 12 2
328 255
1 2 2
859 987
1 3 2
510 324
1 3 2
470 617
1 3 2
58 697
1 2 2
988 468
1 11 2
415 229
1 5 2
935 139
1 6 2
287 79
1 12 2
565 493
1 13 2
115 259
1 13 2
548 127
1 4 2
425 487
1 8 2
693 108
1 5 2
384 572
1 11 2
788 132
1 13 2
725 55
1 2 2
676 750
1 5 2
744 988
1 8 2
724 93
1 2 2
755 990
1 4 2
303 447
1 14 2
646 667
1 7 2
725 769
1 15 2
914 799
1 14 2
882 344
1 6 2
733 675
1 7 2
787 307
1 5 2
680 337
1 7 2
590 967
1 13 2
934 522
1 2 2
940 206
1 3 2
949 327
1 5 2
535 751
1 10 2
352 610
1 15 2
457 515
1 8 2
753 251
1 5 2
836 545
1 9 2
823 647
1 5 2
238 93
1 9 2
203 245
1 3 2
431 508
1 4 2
118 189
1 9 2
893 398
1 14 2
652 856
1 12 2
333 118
1 14 2
875 366
1 14 2
353 154
1 4 2
702 862
1 6 2
312 48
1 11 2
45 482
1 2 2
540 830
1 7 2
255 776
1 8 2
579 421
1 13 2
713 754
1 9 2
817 692
1 3 2
187 674
1 6 2
797 821
1 6 2
15 588
1 6 2
60 230
1 14 2
640 381
1 7 2
710 55
1 2 2
406 430
1 4 2
165 361
1 9 2
502 948
1 14 2
713 744
1 13 2
703 719
1 5 2
829 306
1 7 2
279 948
1 8 2
146 585
1 2 2
604 682
1 5 2
589 957
1 3 2
966 930
1 7 2
570 928
1 2 2
54 142
1 11 2
276 982
1 3 2
667 301
1 12 2
637 592
1 4 2
832 312
1 14 2
592 556
1 11 2
161 58
1 4 2
22 387
1 3 2
865 748
1 12 2
509 492
1 12 2
409 435
1 12 2
699 35
1 9 2
939 254
1 8 2
517 403
1 10 2
440 271
1 12 2
63 652
1 6 2
649 531
1 2 2
243 205
1 15 2
377 272
1 15 2
609 358
1 9 2
463 243
1 12 2
217 71
1 4 2
565 764
1 7 2
532 945
1 15 2
940 145
1 11 2
89 61
1 3 2
897 150
1 6 2
243 155
1 14 2
860 427
1 9 2
421 23
1 6 2
164 289
1 5 2
935 883
1 7 2
803 141
1 13 2
898 902
1 4 2
60 118
1 7 2
892 768
1 8 2
162 210
1 6 2
652 482
1 13 2
813 75
1 5 2
515 98
1 3 2
374 408
1 3 2
723 578
1 3 2
139 25
1 2 2
182 23
1 13 2
784 780
1 6 2
393 548
1 15 2
742 338
1 5 2
616 15
1 7 2
90 599
1 15 2
450 932
1 15 2
132 1
1 10 2
511 60
1 3 2
291 637
1 7 2
826 935
1 10 2
858 199
1 10 2
223 133
1 11 2
737 859
1 10 2
795 612
1 14 2
473 81
1 11 2
194 355
1 14 2
317 374
1 10 2
457 550
1 13 2
162 141
1 6 2
911 10
1 9 2
553 743
1 2 2
16 58
1 15 2
30 534
1 12 2
924 169
1 7 2
199 602
1 6 2
670 395
1 12 2
258 60
1 8 2
702 706
1 6 2
605 40
1 3 2
334 3
1 4 2
975 430
1 7 2
735 84
1 10 2
295 262
1 12 2
413 639
1 10 2
656 603
1 12 2
12 879
1 3 2
373 753
1 9 2
934 113
1 2 2
657 310
1 8 2
188 15
1 15 2
355 486
1 11 2
685 780
1 13 2
904 393
1 3 2
513 464
1 2 2
882 222
1 3 2
917 165
1 9 2
208 488
1 3 2
776 52
1 5 2
703 182
1 15 2
613 712
1 8 2
371 6
1 7 2
807 190
1 4 2
216 824
1 11 2
199 843
1 2 2
204 241
1 5 2
486 210
1 8 2
13 873
1 12 2
460 666
1 5 2
925 208
1 5 2
872 344
1 3 2
943 291
1 3 2
421 650
1 2 2
285 54
1 11 2
551 187
1 10 2
268 646
1 4 2
623 757
1 3 2
522 108
1 7 2
464 522
1 10 2
597 198
1 4 2
650 934
1 9 2
608 601
1 15 2
456 611
1 2 2
608 541
1 15 2
110 386
1 4 2
881 576
1 7 2
3 35
1 15 2
80 145
1 11 2
484 446
1 9 2
318 225
1 15 2
446 25
1 5 2
583 217
1 7 2
409 777
1 7 2
37 718
1 2 2
852 973
1 12 2
914 53
1 9 2
218 231
1 4 2
252 124
1 2 2
767 332
1 15 2
778 306
1 3 2
777 390
1 12 2
929 372
1 9 2
475 162
1 2 2
778 749
1 12 2
992 390
1 8 2
705 602
1 7 2
475 423
1 9 2
906 252
1 8 2
825 283
1 12 2
385 376
1 13 2
928 95
1 2 2
688 676
1 2 2
685 763
1 13 2
895 307
1 13 2
687 130
1 5 2
923 185
1 11 2
944 228
1 7 2
221 975
1 15 2
661 369
1 14 2
378 110
1 15 2
843 478
1 3 2
354 526
1 6 2
528 181
1 2 2
389 208
1 2 2
686 703
1 12 2
343 758
1 10 2
282 400
1 11 2
649 70
1 14 2
232 64
1 8 2
91 600
1 13 2
530 222
1 12 2
932 315
1 4 2
861 17
1 13 2
833 253
1 6 2
202 827
1 6 2
349 157
1 15 2
831 99
1 11 2
961 976
1 6 2
782 859
1 10 2
928 288
1 13 2
348 710
1 2 2
58 672
1 7 2
171 833
1 12 2
130 398
1 5 2
465 104
1 7 2
810 808
1 5 2
222 205
1 3 2
896 950
1 14 2
284 388
1 11 2
67 714
1 2 2
743 38
1 9 2
166 143
1 14 2
236 385
1 4 2
634 14
1 6 2
129 259
1 14 2
436 727
1 10 2
482 516
1 9 2
707 379
1 11 2
642 135
1 11 2
783 896
1 8 2
979 379
1 8 2
321 799
1 3 2
508 82
1 6 2
512 233
1 10 2
150 290
1 7 2
81 762
1 15 2
658 744
1 3 2
834 817
1 4 2
786 237
1 4 2
407 828
1 6 2
999 611
1 8 2
619 174
1 4 2
993 404
1 2 2
743 468
1 2 2
849 477
1 4 2
916 60
1 13 2
138 250
1 15 2
14 104
1 4 2
999 775
1 12 2
717 455
1 7 2
747 533
1 12 2
900 541
1 9 2
14 927
1 7 2
612 811
1 14 2
973 854
1 14 2
313 446
1 6 2
26 209
1 15 2
54 738
1 10 2
582 5
1 8 2
616 139
1 12 2
173 797
1 4 2
280 25
1 9 2
523 162
1 6 2
598 466
1 7 2
72 409
1 15 2
485 972
1 14 2
709 775
1 2 2
919 708
1 15 2
838 66
1 13 2
849 337
1 4 2
242 930
1 3 2
394 68
1 5 2
774 57
1 13 2
712 115
1 3 2
76 315
1 6 2
633 341
1 6 2
215 278
1 12 2
452 445
1 15 2
61 560
1 13 2
897 383
1 5 2
658 685
1 2 2
234 485
1 12 2
453 477
1 6 2
872 626
1 8 2
810 612
1 5 2
469 835
1 9 2
130 919
1 11 2
801 525
1 14 2
303 859
1 10 2
721 749
1 11 2
244 366
1 10 2
132 815
1 4 2
821 67
1 8 2
503 612
1 13 2
28 126
1 3 2
781 610
1 2 2
183 727
1 12 2
659 459
1 4 2
435 878
1 14 2
771 112
1 9 2
941 602
1 2 2
43 993
1 7 2
702 52
1 13 2
957 663
1 11 2
365 221
1 2 2
830 385
1 6 2
422 990
1 8 2
619 423
1 2 2
192 801
1 14 2
850 778
1 5 2
575 28
1 5 2
758 52
1 15 2
554 239
1 9 2
849 182
1 8 2
57 106
1 12 2
624 573
1 13 2
915 782
1 6 2
598 312
1 3 2
686 874
1 10 2
641 137
1 2 2
719 755
1 8 2
773 931
1 11 2
690 637
1 2 2
566 308
1 8 2
122 992
1 14 2
668 786
1 14 2
172 69
1 4 2
840 390
1 12 2
824 833
1 6 2
128 257
1 5 2
55 152
1 7 2
448 954
1 12 2
152 748
1 5 2
548 418
1 13 2
802 958
1 10 2
810 507
1 5 2
842 998
1 5 2
766 613
1 7 2
99 771
1 11 2
934 82
1 8 2
379 8
1 3 2
415 921
1 4 2
74 226
1 8 2
937 69
1 5 2
89 816
1 8 2
743 645
1 13 2
925 944
1 6 2
871 79
1 13 2
118 453
1 8 2
125 174
1 12 2
860 810
1 4 2
46 867
1 14 2
264 738
1 11 2
813 152
1 8 2
454 402
1 3 2
513 168
1 7 2
288 272
1 12 2
373 280
1 12 2
187 86
1 14 2
231 693
1 15 2
551 847
1 5 2
925 40
1 6 2
169 850
1 2 2
896 481
1 6 2
705 900
1 9 2
470 341
1 2 2
196 454
1 4 2
410 234
1 11 2
82 719
1 4 2
383 804
1 6 2
210 223
1 7 2
960 535
1 6 2
950 214
1 14 2
723 422
1 11 2
135 143
1 11 2
962 102
1 10 2
858 117
1 15 2
332 838
1 6 2
674 570
1 5 2
28 990
1 6 2
765 6
1 9 2
32 547
1 15 2
761 755
1 6 2
328 366
1 15 2
7 955
1 3 2
56 185
1 15 2
44 482
1 9 2
24 226
1 3 2
368 451
1 5 2
979 630
1 13 2
568 142
1 5 2
719 622
1 15 2
261 76
1 11 2
821 434
1 8 2
777 596
1 6 2
214 424
1 13 2
503 377
1 8 2
664 929
1 8 2
453 219
1 4 2
830 253
1 5 2
459 692
1 2 2
866 929
1 10 2
747 331
1 13 2
662 987
1 9 2
321 107
1 7 2
484 644
1 5 2
451 382
1 15 2
356 422
1 8 2
414 529
1 7 2
977 961
1 10 2
506 51
1 8 2
620 498
1 14 2
963 301
1 8 2
135 22
1 15 2
107 768
1 12 2
490 267
1 12 2
334 107
1 7 2
221 902
1 13 2
445 320
1 15 2
604 183
1 3 2
607 995
1 5 2
883 758
1 15 2
826 1
1 14 2
779 746
1 4 2
45 640
1 11 2
334 128
1 2 2
125 119
1 8 2
645 900
1 3 2
782 953
1 10 2
719 582
1 7 2
76 746
1 15 2
756 773
1 7 2
683 501
1 10 2
22 462
1 8 2
54 755
1 5 2
942 426
1 5 2
452 436
1 12 2
720 532
1 7 2
499 791
1 7 2
776 338
1 13 2
119 630
1 12 2
628 413
1 6 2
182 284
1 10 2
490 994
1 13 2
958 735
1 11 2
633 359
1 7 2
614 659
1 2 2
771 847
1 5 2
536 981
1 15 2
890 289
1 2 2
137 661
1 4 2
766 160
1 2 2
371 213
1 2 2
561 814
1 15 2
503 31
1 6 2
246 651
1 3 2
581 536
1 7 2
789 354
1 12 2
137 48
1 12 2
897 883
1 6 2
663 965
1 15 2
502 412
1 7 2
717 568
1 13 2
546 493
1 12 2
482 314
1 8 2
342 344
1 13 2
735 983
1 3 2
368 237
1 11 2
810 531
1 8 2
599 711
1 2 2
853 358
1 2 2
979 941
1 2 2
867 627
1 8 2
946 439
1 3 2
720 269
1 11 2
751 573
1 4 2
505 940
1 4 2
165 340
1 5 2
806 879
1 8 2
47 514
1 12 2
373 374
1 6 2
252 729
1 6 2
906 387
1 11 2
394 807
1 13 2
211 218
1 3 2
451 698
1 9 2
923 690
1 8 2
829 212
1 7 2
8 751
1 10 2
478 940
1 12 2
794 864
1 11 2
954 19
1 14 2
343 898
1 15 2
378 36
1 14 2
839 585
1 13 2
444 383
1 6 2
485 949
1 13 2
909 103
1 11 2
229 803
1 4 2
562 520
1 10 2
229 271
1 9 2
373 376
1 3 2
51 188
1 2 2
163 470
1 12 2
340 846
1 9 2
609 149
1 10 2
495 394
1 12 2
769 216
1 4 2
99 831
1 14 2
106 466
1 2 2
755 865
1 13 2
61 695
1 9 2
72 392
1 10 2
204 544
1 11 2
487 278
1 13 2
177 95
1 6 2
983 148
1 7 2
973 681
1 14 2
503 845
1 15 2
315 19
1 4 2
17 193
1 5 2
110 317
1 8 2
618 1
1 3 2
501 74
1 2 2
327 588
1 2 2
525 255
1 3 2
695 491
1 5 2
630 686
1 2 2
518 664
1 13 2
753 534
1 3 2
161 852
1 6 2
106 309
1 10 2
88 995
1 9 2
927 271
1 12 2
751 101
1 3 2
345 841
1 2 2
837 943
1 11 2
551 775
1 3 2
838 613
1 4 2
506 826
1 11 2
185 451
1 13 2
506 471
1 12 2
939 435
1 5 2
338 884
1 13 2
353 953
1 15 2
116 677
1 12 2
607 108
1 5 2
42 683
1 11 2
297 747
1 10 2
781 908
1 10 2
612 733
1 5 2
369 559
1 11 2
956 23
1 10 2
234 815
1 8 2
498 433
1 13 2
130 553
1 8 2
827 137
1 10 2
904 968
1 13 2
943 811
1 14 2
916 99
1 5 2
963 224
1 4 2
260 328
1 8 2
643 99
1 9 2
494 533
1 14 2
424 388
1 4 2
71 997
1 11 2
826 944
1 13 2
657 159
1 12 2
26 727
1 15 2
455 217
1 13 2
515 209
1 13 2
290 979
1 13 2
566 993
1 13 2
84 20
1 4 2
535 160
1 13 2
172 591
1 4 2
189 35
1 12 2
341 492
1 9 2
670 577
1 12 2
55 884
1 7 2
200 883
1 9 2
762 137
1 11 2
576 372
1 12 2
139 697
1 13 2
877 388
1 11 2
531 212
1 8 2
326 762
1 9 2
291 614
1 5 2
960 646
1 10 2
166 818
1 3 2
807 979
1 15 2
147 926
1 8 2
182 201
1 5 2
252 904
1 11 2
521 171
1 7 2
628 433
1 9 2
736 887
1 7 2
276 69
1 6 2
96 196
1 13 2
526 264
1 5 2
796 982
1 14 2
932 107
1 4 2
722 965
1 7 2
790 881
1 12 2
100 237
1 9 2
690 762
1 5 2
268 369
1 15 2
48 264
1 14 2
341 978
1 5 2
815 215
1 9 2
576 216
1 10 2
591 1
1 3 2
912 710
1 7 2
400 439
1 14 2
476 187
1 12 2
784 886
1 8 2
112 473
1 10 2
72 935
1 2 2
95 896
1 9 2
890 351
1 2 2
727 651
1 14 2
662 192
1 11 2
996 345
1 15 2
948 885
1 11 2
433 761
1 2 2
23 886
1 3 2
73 721
1 8 2
175 647
1 9 2
701 313
1 8 2
125 80
1 12 2
216 492
1 6 2
29 730
1 7 2
938 887
1 4 2
237 784
1 13 2
762 595
1 14 2
74 803
1 7 2
861 494
1 2 2
313 513
1 8 2
337 829
1 8 2
650 153
1 4 2
866 517
1 15 2
950 804
1 15 2
803 939
1 5 2
388 12
1 14 2
225 782
1 6 2
922 942
1 6 2
106 360
1 3 2
511 583
1 2 2
400 641
1 15 2
194 169
1 14 2
836 899
1 7 2
231 875
1 9 2
416 721
1 11 2
4 122
1 5 2
128 698
1 5 2
581 931
1 14 2
192 910
1 13 2
132 898
1 4 2
886 811
1 10 2
497 428
1 7 2
711 659
1 11 2
837 577
1 13 2
68 966
1 10 2
760 92
1 13 2
322 631
1 7 2
607 156
1 9 2
36 73
1 5 2
43 354
1 2 2
345 0
1 14 2
633 229
1 4 2
497 739
1 2 2
192 896
1 14 2
551 319
1 2 2
949 30
1 15 2
461 437
1 13 2
996 653
1 11 2
359 384
1 4 2
554 668
1 3 2
333 678
1 9 2
252 48
1 3 2
529 73
1 10 2
600 626
1 7 2
998 366
1 15 2
356 807
1 15 2
445 411
1 2 2
476 121
1 10 2
184 20
1 14 2
417 737
1 7 2
13 948
1 12 2
893 964
1 9 2
996 627
1 12 2
958 856
1 6 2
999 855
1 4 2
489 673
1 6 2
913 673
1 5 2
153 547
1 3 2
720 740
1 12 2
643 552
1 10 2
35 152
1 12 2
561 415
1 14 2
740 691
1 3 2
301 854
1 11 2
617 744
1 11 2
307 924
1 10 2
651 966
1 3 2
800 270
1 12 2
527 513
1 13 2
764 126
1 6 2
590 391
1 3 2
692 304
1 13 2
655 127
1 4 2
360 380
1 4 2
528 617
1 9 2
863 295
1 3 2
42 782
1 13 2
960 327
1 13 2
90 177
1 15 2
453 627
1 11 2
475 477
1 3 2
950 789
1 2 2
217 602
1 4 2
444 297
1 8 2
513 444
1 9 2
171 24
1 5 2
486 575
1 3 2
452 39
1 3 2
552 367
1 13 2
194 499
1 6 2
114 666
1 13 2
580 56
1 9 2
719 371
1 8 2
216 494
1 11 2
736 964
1 9 2
166 471
1 7 2
110 517
1 8 2
94 153
1 3 2
821 279
1 12 2
513 884
1 8 2
945 952
1 4 2
308 372
1 15 2
689 653
1 3 2
96 59
1 11 2
667 251
1 8 2
904 845
1 8 2
392 970
1 10 2
110 59
1 5 2
191 414
1 11 2
514 795
1 11 2
779 144
1 13 2
67 840
1 5 2
646 867
1 8 2
387 518
1 8 2
974 689
1 13 2
321 655
1 7 2
305 154
1 15 2
504 141
1 3 2
482 468
1 5 2
369 588
1 14 2
225 116
1 4 2
531 147
1 7 2
542 515
1 9 2
475 987
1 6 2
974 454
1 6 2
869 147
1 14 2
599 435
1 8 2
311 108
1 5 2
658 801
1 2 2
773 482
1 15 2
639 762
1 6 2
837 531
1 13 2
314 599
1 15 2
35 52
1 14 2
751 802
1 4 2
875 707
1 10 2
532 620
1 9 2
116 435
1 5 2
535 867
1 6 2
872 280
1 13 2
884 381
1 12 2
25 977
1 15 2
931 564
1 3 2
104 65
1 8 2
532 516
1 9 2
157 783
1 10 2
154 472
1 2 2
975 951
1 13 2
648 228
1 6 2
831 823
1 3 2
275 401
1 4 2
890 522
1 5 2
475 106
1 2 2
699 647
1 12 2
567 206
1 11 2
977 485
1 5 2
721 720
1 10 2
922 256
1 14 2
240 648
1 5 2
240 657
1 9 2
241 244
1 5 2
716 360
1 15 2
538 131
1 11 2
795 928
1 12 2
31 194
1 11 2
358 231
1 5 2
632 666
1 12 2
785 199
1 3 2
770 162
1 5 2
920 36
1 12 2
550 440
1 10 2
345 609
1 5 2
324 138
1 12 2
611 591
1 5 2
668 594
1 9 2
717 359
1 13 2
582 380
1 7 2
11 594
1 11 2
696 438
1 5 2
813 958
1 14 2
753 882
1 6 2
118 602
1 10 2
838 485
1 15 2
588 374
1 7 2
429 144
1 7 2
435 205
1 2 2
841 505
1 2 2
109 488
1 5 2
927 641
1 4 2
197 745
1 14 2
876 820
1 13 2
39 353
1 5 2
776 50
1 2 2
754 614
1 5 2
694 620
1 4 2
661 60
1 13 2
724 365
1 9 2
399 876
1 13 2
430 797
1 12 2
829 999
1 11 2
151 518
1 15 2
480 990
1 6 2
936 166
1 13 2
517 881
1 11 2
986 327
1 14 2
787 711
1 15 2
533 804
1 8 2
611 418
1 9 2
531 598
1 2 2
917 439
1 13 2
724 181
1 6 2
878 351
1 7 2
835 337
1 12 2
211 562
1 9 2
454 891
1 15 2
138 550
1 4 2
813 888
1 15 2
426 514
1 15 2
154 39
1 13 2
277 7
1 12 2
537 639
1 9 2
303 11
1 15 2
391 910
1 11 2
401 156
1 7 2
1 947
1 13 2
1 232
1 10 2
674 841
1 7 2
646 529
1 14 2
672 266
1 12 2
967 381
1 5 2
178 103
1 6 2
489 804
1 4 2
710 327
1 3 2
739 497
1 6 2
357 403
1 2 2
709 614
1 8 2
706 991
1 8 2
618 731
1 3 2
432 249
1 3 2
635 486
1 5 2
101 444
1 5 2
526 843
1 11 2
535 835
1 7 2
694 628
1 10 2
607 190
1 12 2
42 758
1 4 2
527 206
1 4 2
103 918
1 6 2
653 950
1 6 2
643 859
1 11 2
934 279
1 6 2
342 405
1 14 2
419 587
1 6 2
525 563
1 6 2
62 957
1 13 2
847 962
1 9 2
854 808
1 8 2
442 616
1 14 2
904 827
1 6 2
585 733
1 9 2
593 606
1 6 2
189 62
1 7 2
37 377
1 6 2
769 659
1 3 2
587 734
1 11 2
595 918
1 9 2
227 381
1 3 2
284 751
1 13 2
284 503
1 13 2
951 815
1 15 2
820 328
1 8 2
290 934
1 10 2
273 878
1 10 2
172 874
1 8 2
755 544
1 9 2
178 737
1 8 2
660 530
1 11 2
739 957
1 13 2
685 134
1 3 2
101 33
1 12 2
261 246
1 3 2
522 55
1 14 2
955 540
1 14 2
83 727
1 14 2
779 285
1 15 2
558 600
1 14 2
725 761
1 12 2
469 706
1 9 2
139 748
1 11 2
70 201
1 11 2
396 943
1 11 2
134 994
1 9 2
580 988
1 7 2
738 402
1 13 2
659 881
1 6 2
983 459
1 10 2
125 158
1 4 2
788 559
1 8 2
248 713
1 14 2
345 519
1 10 2
398 400
1 6 2
498 487
1 2 2
440 274
1 2 2
615 869
1 9 2
846 335
1 10 2
125 464
1 9 2
928 286
1 4 2
906 422
1 12 2
26 450
1 9 2
140 256
1 12 2
888 114
1 2 2
149 798
1 15 2
419 978
1 12 2
345 594
1 5 2
787 240
1 13 2
151 551
1 2 2
495 926
1 9 2
936 114
1 12 2
641 97
1 4 2
578 28
1 3 2
720 48
1 8 2
327 364
1 11 2
309 846
1 10 2
946 825
1 14 2
857 986
1 10 2
1 841
1 15 2
85 221
1 12 2
218 292
1 14 2
64 372
1 11 2
487 756
1 5 2
862 388
1 2 2
322 645
1 10 2
605 160
1 13 2
730 678
1 13 2
613 936
1 7 2
926 143
1 11 2
66 86
1 7 2
837 457
1 12 2
501 226
1 3 2
453 110
1 9 2
439 396
1 14 2
59 933
1 13 2
468 299
1 6 2
771 301
1 14 2
544 769
1 7 2
674 392
1 10 2
405 993
1 15 2
184 813
1 2 2
308 930
1 6 2
486 668
1 6 2
87 391
1 9 2
31 899
1 3 2
330 445
1 9 2
860 26
1 12 2
138 458
1 2 2
57 786
1 10 2
253 242
1 12 2
395 197
1 4 2
882 499
1 5 2
306 164
1 11 2
601 681
1 10 2
254 974
1 12 2
807 461
1 11 2
998 503
1 11 2
694 978
1 5 2
900 579
1 8 2
258 11
1 14 2
656 796
1 13 2
510 177
1 4 2
623 598
1 13 2
551 447
1 12 2
984 767
1 11 2
264 954
1 4 2
368 768
1 7 2
982 20
1 7 2
991 493
1 15 2
233 362
1 4 2
177 730
1 6 2
597 752
1 15 2
923 70
1 2 2
785 392
1 2 2
753 31
1 9 2
0 816
1 7 2
656 330
1 11 2
645 448
1 3 2
98 795
1 15 2
997 795
1 6 2
274 12
1 13 2
419 169
1 12 2
732 421
1 10 2
63 709
1 9 2
588 532
1 5 2
914 827
1 6 2
721 229
1 8 2
224 822
1 5 2
799 684
1 2 2
661 602
1 6 2
973 596
1 11 2
930 873
1 6 2
414 994
1 13 2
44 475
1 13 2
857 648
1 13 2
911 560
1 12 2
14 218
1 4 2
815 174
1 9 2
879 780
1 12 2
709 678
1 14 2
956 403
1 15 2
798 881
1 7 2
152 321
1 6 2
539 920
1 7 2
126 509
1 10 2
910 526
1 10 2
17 656
1 5 2
355 204
1 2 2
515 465
1 12 2
0 977
1 5 2
515 801
1 8 2
926 885
1 3 2
436 43
1 9 2
503 794
1 8 2
177 849
1 12 2
188 280
1 7 2
783 772
1 14 2
277 999
1 12 2
757 519
1 2 2
87 815
1 4 2
612 255
1 7 2
574 839
1 10 2
838 76
1 12 2
281 200
1 5 2
370 65
1 11 2
199 553
1 8 2
260 398
1 13 2
104 686
1 10 2
710 572
1 12 2
715 774
1 12 2
490 323
1 11 2
439 534
1 10 2
704 277
1 6 2
661 320
1 8 2
510 561
1 12 2
312 810
1 6 2
943 6
1 5 2
804 926
1 12 2
842 265
1 10 2
913 380
1 4 2
723 484
1 13 2
60 670
1 7 2
803 467
1 8 2
408 837
1 3 2
907 73
1 5 2
136 229
1 12 2
109 821
1 11 2
852 915
1 9 2
928 207
1 6 2
740 242
1 2 2
499 135
1 11 2
824 963
1 5 2
71 208
1 10 2
751 973
1 8 2
108 952
1 10 2
729 84
1 5 2
213 426
1 12 2
23 335
1 10 2
27 14
1 4 2
211 831
1 14 2
531 3
1 13 2
328 188
1 7 2
238 390
1 3 2
719 442
1 3 2
819 36
1 6 2
240 212
1 12 2
198 506
1 11 2
849 580
1 10 2
806 818
1 10 2
143 106
1 9 2
251 741
1 11 2
647 622
1 7 2
884 91
1 11 2
797 766
1 15 2
683 296
1 7 2
428 903
1 5 2
910 454
1 15 2
92 884
1 8 2
535 580
1 7 2
954 623
1 10 2
81 22
1 4 2
933 303
1 6 2
968 858
1 11 2
22 880
1 2 2
591 405
1 12 2
429 928
1 6 2
651 736
1 7 2
593 678
1 11 2
268 67
1 8 2
770 425
1 9 2
747 640
1 6 2
625 7
1 10 2
13 225
1 12 2
528 149
1 13 2
803 952
1 6 2
336 253
1 2 2
542 855
1 10 2
821 865
1 7 2
399 197
1 9 2
309 992
1 4 2
496 30
1 3 2
506 255
1 14 2
884 645
1 10 2
756 725
1 14 2
946 814
1 3 2
354 157
1 5 2
308 348
1 13 2
948 196
1 12 2
353 806
1 15 2
171 658
1 2 2
680 168
1 6 2
557 79
1 8 2
263 100
1 2 2
246 643
1 13 2
652 133
1 12 2
560 26
1 9 2
808 365
1 4 2
903 920
1 15 2
977 273
1 7 2
902 923
1 10 2
913 354
1 14 2
859 702
1 12 2
779 364
1 7 2
553 799
1 8 2
887 832
1 14 2
123 971
1 15 2
420 434
1 15 2
315 513
1 15 2
808 474
1 9 2
456 731
1 7 2
851 52
1 14 2
119 165
1 14 2
688 697
1 15 2
785 356
1 2 2
196 98
1 5 2
319 854
1 15 2
317 359
1 6 2
926 685
1 5 2
959 625
1 14 2
969 234
1 6 2
504 735
1 8 2
827 539
1 8 2
364 2
1 8 2
775 574
1 8 2
246 274
1 9 2
662 789
1 9 2
890 798
1 14 2
249 651
1 15 2
0 944
1 9 2
816 228
1 12 2
408 109
1 15 2
659 28
1 11 2
602 497
1 8 2
635 893
1 2 2
944 474
1 4 2
783 390
1 9 2
811 339
1 5 2
756 661
1 4 2
820 367
1 12 2
471 165
1 13 2
815 683
1 13 2
99 516
1 4 2
100 955
1 4 2
963 556
1 2 2
442 142
1 3 2
455 987
1 3 2
700 727
1 4 2
424 758
1 4 2
585 659
1 9 2
145 572
1 13 2
881 939
1 3 2
909 581
1 15 2
501 191
1 3 2
922 16
1 8 2
787 454
1 12 2
228 371
1 8 2
845 715
1 14 2
658 472
1 11 2
418 517
1 15 2
401 132
1 15 2
120 683
1 2 2
151 318
1 8 2
459 164
1 2 2
778 178
1 2 2
770 699
1 14 2
802 427
1 8 2
85 16
1 12 2
817 800
1 6 2
457 935
1 9 2
394 360
1 4 2
883 492
1 14 2
730 711
1 13 2
708 714
1 8 2
657 13
1 10 2
134 315
1 9 2
345 928
1 6 2
245 580
1 8 2
25 24
1 14 2
301 932
1 4 2
993 813
1 4 2
456 664
1 13 2
270 954
1 7 2
401 703
1 12 2
809 542
1 6 2
981 828
1 9 2
114 704
1 15 2
583 174
1 13 2
853 965
1 9 2
381 363
1 5 2
822 225
1 11 2
614 557
1 10 2
163 91
1 6 2
986 223
1 2 2
644 942
1 8 2
122 754
1 4 2
874 923
1 10 2
281 434
1 14 2
871 908
1 15 2
112 203
1 6 2
491 113
1 14 2
591 305
1 7 2
26 941
1 8 2
750 764
1 11 2
457 463
1 9 2
695 555
1 6 2
670 981
1 12 2
622 414
1 8 2
704 898
1 9 2
215 616
1 3 2
460 812
1 15 2
730 99
1 15 2
337 95
1 6 2
794 753
1 8 2
367 281
1 8 2
852 560
1 15 2
318 489
1 4 2
792 190
1 5 2
780 759
1 3 2
332 660
1 9 2
256 267
1 9 2
817 51
1 13 2
968 909
1 13 2
226 1
1 15 2
119 73
1 7 2
722 983
1 7 2
635 909
1 15 2
964 589
1 11 2
492 421
1 12 2
123 241
1 5 2
213 672
1 6 2
448 499
1 10 2
632 664
1 14 2
163 764
1 9 2
633 177
1 15 2
471 968
1 13 2
938 821
1 6 2
84 587
1 4 2
539 24
1 4 2
238 689
1 6 2
663 984
1 10 2
593 465
1 8 2
837 238
1 4 2
878 979
1 10 2
555 30
1 7 2
46 279
1 3 2
274 516
1 8 2
211 500
1 5 2
894 576
1 14 2
715 138
1 14 2
350 88
1 4 2
362 887
1 4 2
547 863
1 14 2
112 849
1 12 2
666 496
1 5 2
210 525
1 8 2
658 426
1 12 2
450 614
1 11 2
33 984
1 6 2
500 22
1 4 2
385 453
1 11 2
170 296
1 15 2
222 176
1 14 2
108 316
1 11 2
645 219
1 3 2
591 678
1 7 2
774 740
1 4 2
727 338
1 5 2
449 845
1 7 2
714 738
1 5 2
284 331
1 9 2
926 704
1 3 2
161 802
1 13 2
638 946
1 7 2
846 489
1 5 2
571 84
1 10 2
882 443
1 10 2
135 827
1 8 2
560 115
1 14 2
792 427
1 10 2
610 259
1 4 2
583 380
1 3 2
308 636
1 10 2
625 6
1 14 2
913 496
1 6 2
468 191
1 15 2
636 935
1 15 2
709 801
1 11 2
808 508
1 11 2
94 261
1 8 2
16 933
1 2 2
690 35
1 5 2
164 458
1 15 2
743 602
1 10 2
937 217
1 6 2
127 442
1 12 2
415 349
1 5 2
908 703
1 13 2
935 737
1 15 2
388 930
1 7 2
642 216
1 10 2
957 340
1 7 2
763 397
1 8 2
513 429
1 13 2
216 32
1 13 2
850 331
1 12 2
96 353
1 5 2
915 311
1 14 2
201 800
1 4 2
474 117
1 5 2
939 954
1 6 2
812 668
1 7 2
197 736
1 6 2
960 472
1 14 2
639 960
1 7 2
846 479
1 8 2
634 154
1 9 2
864 686
1 6 2
296 201
1 15 2
44 238
1 12 2
718 559
1 3 2
133 465
1 13 2
771 381
1 11 2
639 25
1 15 2
455 723
1 11 2
87 718
1 8 2
285 446
1 4 2
833 102
1 11 2
339 511
1 14 2
141 976
1 2 2
447 568
1 11 2
947 457
1 9 2
992 20
1 13 2
820 701
1 7 2
821 565
1 15 2
735 293
1 4 2
868 84
1 3 2
932 407
1 15 2
405 533
1 14 2
967 687
1 8 2
398 187
1 15 2
560 156
1 6 2
835 637
1 13 2
928 501
1 10 2
782 986
1 6 2
674 942
1 12 2
361 908
1 11 2
673 102
1 14 2
513 695
1 4 2
964 411
1 3 2
36 392
1 3 2
859 171
1 12 2
531 105
1 6 2
864 778
1 15 2
7 143
1 15 2
140 125
1 11 2
282 543
1 15 2
64 303
1 6 2
995 528
1 5 2
895 333
1 2 2
173 401
1 4 2
609 145
1 11 2
700 178
1 3 2
720 297
1 14 2
752 183
1 7 2
556 100
1 10 2
390 260
1 5 2
154 158
1 8 2
871 522
1 3 2
301 896
1 14 2
356 205
1 3 2
23 772
1 9 2
879 803
1 5 2
713 786
1 7 2
318 458
1 10 2
553 18
1 6 2
133 480
1 15 2
77 753
1 6 2
404 161
1 7 2
759 367
1 2 2
903 53
1 11 2
57 694
1 15 2
727 241
1 7 2
556 331
1 11 2
552 102
1 7 2
364 987
1 2 2
55 787
1 14 2
916 246
1 3 2
276 589
1 3 2
270 590
1 2 2
778 958
1 6 2
735 203
1 9 2
161 768
1 15 2
749 258
1 4 2
854 521
1 12 2
211 856
1 3 2
656 513
1 8 2
361 546
1 12 2
94 217
1 15 2
536 248
1 2 2
384 450
1 2 2
266 474
1 13 2
368 449
1 5 2
771 764
1 4 2
495 440
1 10 2
533 831
1 6 2
730 948
1 12 2
98 852
1 15 2
36 976
1 4 2
49 751
1 12 2
888 479
1 5 2
178 768
1 2 2
947 973
1 13 2
516 338
1 12 2
367 483
1 2 2
178 229
1 3 2
39 386
1 3 2
777 719
1 8 2
194 639
1 2 2
891 75
1 10 2
6 578
1 13 2
658 933
1 3 2
263 850
1 10 2
246 304
1 8 2
869 65
1 3 2
347 198
1 13 2
24 477
1 5 2
847 449
1 3 2
722 912
1 6 2
748 717
1 15 2
929 910
1 11 2
203 629
1 13 2
965 265
1 12 2
872 58
1 15 2
199 938
1 14 2
105 708
1 7 2
11 322
1 11 2
713 957
1 5 2
331 961
1 6 2
835 687
1 14 2
897 529
1 14 2
674 941
1 2 2
31 33
1 11 2
931 428
1 4 2
328 216
1 7 2
664 917
1 5 2
900 878
1 8 2
350 49
1 10 2
649 366
1 15 2
519 275
1 5 2
949 882
1 10 2
403 974
1 8 2
960 113
1 14 2
480 691
1 14 2
500 457
1 14 2
844 490
1 4 2
181 110
1 11 2
682 895
1 14 2
971 452
1 6 2
186 381
1 7 2
208 134
1 2 2
765 383
1 12 2
570 790
1 6 2
725 474
1 3 2
90 967
1 12 2
972 137
1 14 2
700 136
1 7 2
428 431
1 15 2
695 22
1 5 2
34 501
1 7 2
493 443
1 2 2
292 225
1 2 2
576 695
1 11 2
408 660
1 13 2
968 309
1 4 2
32 562
1 8 2
572 67
1 7 2
9 683
1 15 2
301 955
1 3 2
489 55
1 12 2
385 921
1 9 2
937 38
1 2 2
531 176
1 13 2
359 312
1 10 2
326 211
1 11 2
188 645
1 7 2
657 562
1 3 2
506 346
1 2 2
547 492
1 6 2
223 562
1 4 2
308 275
1 5 2
700 677
1 6 2
719 429
1 2 2
798 236
1 10 2
248 0
1 7 2
27 797
1 10 2
280 988
1 13 2
776 619
1 4 2
708 222
1 7 2
310 704
1 14 2
337 356
1 4 2
529 572
1 2 2
898 687
1 15 2
598 599
1 6 2
711 584
1 15 2
205 358
1 8 2
504 559
1 7 2
516 150
1 10 2
354 630
1 5 2
291 81
1 13 2
620 19
1 15 2
846 162
1 3 2
249 225
1 8 2
640 268
1 15 2
92 59
1 13 2
988 504
1 7 2
801 576
1 10 2
334 279
1 4 2
920 322
1 7 2
607 79
1 13 2
626 92
1 9 2
312 623
1 2 2
799 324
1 15 2
475 414
1 7 2
822 274
1 12 2
952 539
1 8 2
577 331
1 14 2
443 153
1 10 2
670 888
1 8 2
839 160
1 15 2
448 783
1 3 2
930 41
1 4 2
541 386
1 3 2
353 678
1 13 2
800 665
1 3 2
970 344
1 7 2
917 82
1 8 2
119 332
1 5 2
181 396
1 6 2
280 821
1 2 2
85 566
1 3 2
237 465
1 15 2
251 215
1 14 2
825 849
1 10 2
455 725
1 7 2
336 836
1 9 2
831 696
1 5 2
275 209
1 6 2
151 392
1 14 2
974 613
1 6 2
321 49
1 9 2
359 816
1 15 2
852 599
1 14 2
629 845
1 2 2
593 6
1 5 2
122 297
1 12 2
171 290
1 4 2
470 903
1 4 2
154 523
1 9 2
406 102
1 2 2
709 332
1 11 2
442 199
1 15 2
902 998
1 12 2
920 968
1 2 2
26 737
1 13 2
353 952
1 8 2
603 785
1 5 2
739 848
1 13 2
799 255
1 11 2
973 214
1 4 2
954 392
1 7 2
10 250
1 14 2
380 759
1 15 2
871 563
1 12 2
257 947
1 12 2
704 846
1 12 2
497 578
1 9 2
782 652
1 12 2
515 394
1 10 2
772 298
1 11 2
62 853
1 6 2
208 435
1 13 2
318 588
1 6 2
983 27
1 11 2
461 702
1 15 2
876 273
1 10 2
138 556
1 7 2
544 251
1 12 2
886 550
1 8 2
126 494
1 2 2
986 35
1 12 2
660 588
1 6 2
264 145
1 2 2
229 433
1 10 2
646 416
1 6 2
19 329
1 12 2
820 486
1 11 2
497 244
1 7 2
797 990
1 4 2
963 290
1 11 2
876 805
1 12 2
685 656
1 6 2
680 808
1 4 2
848 847
1 5 2
528 38
1 6 2
180 833
1 7 2
330 814
1 14 2
723 521
1 2 2
655 376
1 14 2
416 674
1 14 2
337 870
1 9 2
888 89
1 3 2
110 625
1 5 2
440 382
1 13 2
620 236
1 6 2
173 153
1 11 2
228 283
1 2 2
116 133
1 8 2
545 876
1 10 2
129 579
1 11 2
771 87
1 12 2
876 604
1 8 2
427 192
1 15 2
597 307
1 11 2
229 481
1 13 2
505 594
1 7 2
472 41
1 14 2
977 526
1 5 2
711 591
1 13 2
306 861
1 8 2
147 855
1 6 2
267 441
1 5 2
186 350
1 5 2
247 105
1 7 2
371 596
1 4 2
23 100
1 4 2
222 899
1 4 2
452 593
1 5 2
501 178
1 13 2
558 781
1 2 2
866 978
1 7 2
645 398
1 3 2
963 999
1 12 2
419 179
1 14 2
624 912
1 9 2
842 691
1 2 2
823 654
1 8 2
957 124
1 6 2
631 381
1 9 2
292 79
1 2 2
753 549
1 8 2
978 781
1 13 2
683 812
1 8 2
441 810
1 10 2
71 497
1 9 2
79 842
1 11 2
936 406
1 11 2
215 981
1 14 2
931 210
1 6 2
312 245
1 6 2
287 61
1 6 2
447 418
1 11 2
984 875
1 4 2
790 55
1 6 2
490 745
1 2 2
790 652
1 5 2
538 467
1 6 2
56 215
1 3 2
758 187
1 8 2
837 225
1 8 2
736 224
1 5 2
488 798
1 15 2
843 786
1 5 2
779 620
1 15 2
836 90
1 13 2
605 930
1 2 2
226 174
1 6 2
998 840
1 4 2
69 643
1 6 2
554 148
1 9 2
956 486
1 13 2
692 695
1 13 2
988 69
1 9 2
633 86
1 10 2
423 67
1 12 2
906 612
1 3 2
108 982
1 3 2
895 89
1 7 2
191 800
1 7 2
401 815
1 2 2
264 402
1 15 2
762 531
1 3 2
155 349
1 2 2
267 358
1 14 2
345 700
1 8 2
601 746
1 6 2
457 117
1 9 2
387 765
1 3 2
143 476
1 5 2
816 257
1 12 2
552 87
1 4 2
311 897
1 10 2
187 553
1 3 2
321 160
1 3 2
104 503
1 4 2
827 238
1 15 2
129 987
1 15 2
510 291
1 7 2
918 702
1 4 2
744 255
1 13 2
562 135
1 10 2
539 566
1 10 2
710 641
1 7 2
778 187
1 8 2
875 680
1 13 2
319 690
1 14 2
551 276
1 3 2
536 692
1 5 2
546 47
1 2 2
797 543
1 9 2
783 478
1 8 2
85 825
1 4 2
421 813
1 8 2
221 284
1 3 2
895 396
1 2 2
4 722
1 14 2
229 771
1 3 2
161 837
1 8 2
170 657
1 9 2
822 311
1 12 2
734 963
1 2 2
409 729
1 8 2
691 492
1 9 2
723 543
1 12 2
946 699
1 2 2
950 382
1 14 2
898 21
1 9 2
294 668
1 9 2
985 622
1 13 2
41 666
1 11 2
179 709
1 13 2
765 188
1 13 2
384 343
1 4 2
896 37
1 9 2
245 863
1 5 2
301 777
1 10 2
702 777
1 5 2
447 802
1 2 2
670 413
1 13 2
657 359
1 9 2
931 950
1 7 2
163 134
1 8 2
471 928
1 12 2
999 125
1 9 2
951 598
1 4 2
469 322
1 12 2
229 387
1 2 2
676 624
1 12 2
117 493
1 13 2
703 772
1 5 2
687 714
1 2 2
156 393
1 3 2
268 940
1 3 2
491 147
1 10 2
280 101
1 12 2
711 905
1 6 2
783 447
1 14 2
54 518
1 10 2
382 961
1 11 2
365 784
1 2 2
761 278
1 12 2
277 525
1 10 2
442 422
1 13 2
963 651
1 9 2
759 647
1 15 2
424 150
1 3 2
920 816
1 6 2
752 896
1 7 2
583 656
1 4 2
604 220
1 9 2
137 207
1 15 2
310 636
1 12 2
206 99
1 3 2
647 106
1 9 2
90 650
1 4 2
282 606
1 15 2
328 240
1 4 2
559 195
1 12 2
485 22
1 4 2
269 337
1 7 2
555 666
1 10 2
830 725
1 7 2
410 315
1 11 2
877 43
1 11 2
510 17
1 4 2
871 886
1 2 2
539 317
1 5 2
267 28
1 2 2
189 555
1 14 2
171 361
1 10 2
537 647
1 14 2
322 534
1 14 2
125 622
1 4 2
893 595
1 12 2
32 372
1 9 2
423 770
1 12 2
100 325
1 11 2
963 455
1 8 2
50 368
1 6 2
909 714
1 14 2
357 113
1 15 2
397 485
1 15 2
527 875
1 12 2
883 656
1 9 2
265 777
1 5 2
144 421
1 3 2
662 572
1 10 2
805 886
1 3 2
815 40
1 2 2
76 362
1 3 2
905 858
1 3 2
682 449
1 6 2
963 132
1 11 2
757 57
1 13 2
158 690
1 6 2
364 606
1 3 2
618 277
1 6 2
963 938
1 15 2
364 716
1 10 2
791 360
1 11 2
463 305
1 6 2
837 114
1 11 2
646 504
1 2 2
854 715
1 5 2
385 164
1 7 2
808 428
1 4 2
828 954
1 13 2
119 53
1 10 2
682 388
1 3 2
818 656
1 8 2
330 887
1 14 2
386 406
1 15 2
673 974
1 6 2
268 174
1 14 2
630 108
1 14 2
402 423
1 4 2
953 535
1 9 2
191 951
1 8 2
229 153
1 7 2
820 3
1 11 2
167 847
1 7 2
967 584
1 7 2
210 824
1 14 2
732 570
1 9 2
787 308
1 11 2
934 180
1 9 2
630 908
1 6 2
800 181
1 15 2
563 688
1 10 2
787 126
1 2 2
101 911
1 7 2
409 970
1 9 2
53 571
1 2 2
56 88
1 11 2
601 711
1 14 2
799 918
1 15 2
367 889
1 9 2
953 946
1 7 2
687 934
1 14 2
100 486
1 2 2
508 785
1 12 2
172 40
1 15 2
108 346
1 9 2
849 987
1 8 2
823 976
1 12 2
111 811
1 10 2
175 887
1 7 2
713 180
1 5 2
110 354
1 11 2
194 616
1 8 2
154 808
1 14 2
583 358
1 13 2
770 396
1 3 2
560 378
1 15 2
47 38
1 11 2
652 444
1 7 2
183 739
1 15 2
278 5
1 12 2
121 837
1 8 2
303 302
1 10 2
644 752
1 5 2
927 45
1 5 2
171 986
1 4 2
245 279
1 7 2
813 403
1 15 2
832 984
1 7 2
620 162
1 13 2
577 479
1 10 2
996 279
1 7 2
404 932
1 5 2
475 270
1 11 2
807 577
1 11 2
917 233
1 5 2
124 47
1 8 2
917 903
1 14 2
393 924
1 5 2
4 639
1 3 2
503 862
1 11 2
50 504
1 7 2
423 18
1 4 2
53 278
1 12 2
177 530
1 13 2
22 456
1 10 2
652 471
1 10 2
814 963
1 13 2
394 726
1 3 2
694 199
1 5 2
349 235
1 13 2
991 58
1 11 2
552 637
1 15 2
443 449
1 9 2
673 542
1 15 2
985 787
1 3 2
304 74
1 7 2
400 586
1 11 2
818 820
1 8 2
610 2
1 14 2
764 274
1 7 2
661 563
1 12 2
303 357
1 12 2
938 968
1 10 2
337 668
1 9 2
909 641
1 2 2
691 8
1 12 2
618 484
1 11 2
598 171
1 14 2
320 131
1 11 2
108 983
1 13 2
859 289
1 12 2
314 368
1 8 2
753 468
1 11 2
584 314
1 6 2
866 229
1 12 2
970 580
1 8 2
655 232
1 2 2
358 293
1 4 2
510 459
1 14 2
948 993
1 6 2
141 728
1 9 2
926 470
1 9 2
983 630
1 8 2
100 783
1 14 2
211 351
1 13 2
671 422
1 4 2
786 228
1 2 2
812 847
1 7 2
610 807
1 8 2
254 473
1 4 2
872 230
1 3 2
777 781
1 12 2
970 527
1 7 2
147 187
1 4 2
408 948
1 15 2
965 928
1 15 2
121 205
1 14 2
691 107
1 8 2
641 699
1 6 2
420 346
1 11 2
522 251
1 3 2
400 310
1 15 2
64 387
1 12 2
541 369
1 12 2
638 760
1 2 2
413 535
1 6 2
68 402
1 8 2
331 763
1 10 2
311 539
1 3 2
801 618
1 3 2
607 384
1 5 2
477 462
1 14 2
944 922
1 7 2
781 63
1 4 2
7 731
1 4 2
776 455
1 15 2
585 795
1 7 2
28 424
1 2 2
549 450
1 2 2
404 41
1 7 2
801 125
1 10 2
523 124
1 8 2
566 930
1 11 2
371 486
1 14 2
859 771
1 12 2
179 142
1 4 2
889 936
1 7 2
20 960
1 2 2
454 894
1 12 2
653 115
1 4 2
798 972
1 13 2
495 919
1 5 2
813 448
1 9 2
184 932
1 6 2
85 206
1 9 2
336 241
1 11 2
590 776
1 13 2
184 196
1 11 2
833 60
1 13 2
969 172
1 4 2
142 675
1 6 2
722 507
1 4 2
432 862
1 8 2
279 147
1 15 2
132 723
1 3 2
810 571
1 14 2
725 375
1 9 2
560 685
1 2 2
464 86
1 5 2
977 714
1 9 2
367 709
1 3 2
867 752
1 9 2
589 775
1 2 2
420 822
1 13 2
596 787
1 11 2
275 300
1 14 2
3 560
1 6 2
367 542
1 10 2
551 113
1 4 2
544 668
1 6 2
537 844
1 8 2
869 382
1 4 2
396 155
1 14 2
937 954
1 10 2
934 271
1 2 2
407 425
1 8 2
791 359
1 9 2
653 401
1 3 2
37 320
1 14 2
326 750
1 13 2
125 156
1 14 2
917 24
1 5 2
134 329
1 4 2
937 193
1 11 2
460 109
1 12 2
348 726
1 6 2
205 237
1 5 2
576 395
1 2 2
640 989
1 4 2
10 749
1 11 2
104 517
1 14 2
924 157
1 6 2
53 127
1 15 2
38 746
1 12 2
209 761
1 6 2
462 628
1 11 2
903 663
1 12 2
750 33
1 12 2
520 30
1 14 2
301 455
1 14 2
334 141
1 4 2
705 637
1 2 2
402 484
1 9 2
355 726
1 10 2
610 705
1 4 2
133 132
1 15 2
845 598
1 6 2
949 423
1 11 2
172 506
1 9 2
172 719
1 4 2
89 561
1 9 2
936 92
1 4 2
824 840
1 2 2
886 782
1 9 2
637 324
1 6 2
390 309
1 15 2
987 254
1 7 2
540 614
1 13 2
581 440
1 9 2
215 389
1 8 2
793 261
1 5 2
671 300
1 13 2
638 489
1 13 2
577 128
1 15 2
384 181
1 13 2
348 709
1 3 2
92 53
1 4 2
679 618
1 4 2
916 375
1 9 2
367 585
1 15 2
712 519
1 9 2
642 775
1 7 2
52 965
1 4 2
11 699
1 2 2
700 96
1 6 2
389 744
1 14 2
723 313
1 5 2
914 9
1 4 2
724 97
1 5 2
213 362
1 9 2
648 696
1 15 2
252 373
1 6 2
629 741
1 2 2
35 855
1 8 2
217 687
1 8 2
193 8
1 15 2
422 861
1 4 2
88 362
1 15 2
830 688
1 7 2
496 38
1 11 2
921 870
1 7 2
786 713
1 6 2
646 673
1 9 2
741 716
1 7 2
470 182
1 8 2
35 900
1 10 2
692 701
1 3 2
441 901
1 10 2
430 65
1 12 2
983 192
1 3 2
903 132
1 3 2
40 560
1 15 2
240 945
1 3 2
642 845
1 5 2
653 18
1 13 2
488 471
1 2 2
960 278
1 10 2
415 787
1 2 2
89 198
1 5 2
900 193
1 12 2
946 384
1 15 2
931 943
1 13 2
611 927
1 2 2
127 431
1 4 2
452 442
1 9 2
687 64
1 7 2
159 293
1 11 2
286 501
1 10 2
205 411
1 10 2
490 918
1 8 2
14 662
1 6 2
699 310
1 9 2
834 955
1 6 2
488 771
1 12 2
70 660
1 8 2
3 648
1 6 2
733 301
1 2 2
456 827
1 8 2
504 832
1 9 2
330 683
1 7 2
552 186
1 9 2
65 924
1 13 2
387 690
1 6 2
178 648
1 6 2
965 314
1 14 2
826 149
1 14 2
147 317
1 14 2
576 144
1 10 2
697 703
1 13 2
58 156
1 3 2
792 908
1 9 2
581 600
1 4 2
258 782
1 12 2
740 657
1 8 2
878 798
1 13 2
993 866
1 14 2
55 354
1 7 2
339 665
1 7 2
557 814
1 4 2
410 503
1 14 2
387 206
1 7 2
236 60
1 9 2
479 694
1 4 2
813 700
1 9 2
146 730
1 9 2
148 89
1 12 2
981 904
1 15 2
848 189
1 8 2
112 498
1 11 2
226 604
1 3 2
745 722
1 9 2
330 190
1 9 2
711 5
1 5 2
548 590
1 14 2
431 441
1 5 2
697 318
1 7 2
563 386
1 4 2
362 65
1 5 2
832 800
1 6 2
82 680
1 15 2
419 521
1 11 2
274 356
1 5 2
346 93
1 11 2
902 310
1 10 2
168 3
1 2 2
471 418
1 15 2
926 848
1 15 2
696 593
1 14 2
754 417
1 7 2
240 975
1 8 2
193 122
1 11 2
41 903
1 9 2
189 602
1 12 2
671 449
1 4 2
536 160
1 9 2
633 615
1 3 2
904 800
1 7 2
901 411
1 15 2
345 386
1 7 2
986 305
1 9 2
153 385
1 14 2
719 79
1 7 2
984 936
1 15 2
334 185
1 4 2
299 609
1 14 2
463 853
1 14 2
632 219
1 6 2
10 597
1 10 2
122 760
1 8 2
843 694
1 10 2
204 150
1 5 2
900 973
1 14 2
790 440
1 13 2
992 431
1 13 2
187 834
1 6 2
474 695
1 7 2
115 531
1 12 2
226 321
1 5 2
141 733
1 14 2
616 154
1 10 2
1 452
1 6 2
837 703
1 6 2
328 693
1 7 2
184 818
1 3 2
54 270
1 2 2
768 296
1 5 2
104 117
1 5 2
301 843
1 10 2
653 825
1 8 2
959 3
1 12 2
542 174
1 7 2
181 193
1 10 2
765 106
1 10 2
810 987
1 8 2
262 444
1 9 2
23 685
1 13 2
172 590
1 3 2
830 820
1 4 2
114 972
1 7 2
760 859
1 7 2
699 829
1 11 2
470 29
1 13 2
971 404
1 13 2
574 576
1 14 2
630 823
1 8 2
288 73
1 15 2
19 369
1 5 2
388 394
1 8 2
800 193
1 9 2
41 274
1 12 2
323 149
1 11 2
235 459
1 7 2
341 283
1 2 2
780 895
1 3 2
587 709
1 8 2
653 14
1 11 2
727 270
1 10 2
599 391
1 15 2
525 863
1 4 2
127 600
1 15 2
185 93
1 3 2
40 369
1 5 2
705 607
1 14 2
12 923
1 13 2
783 175
1 9 2
980 264
1 15 2
160 274
1 14 2
50 75
1 10 2
29 520
1 12 2
882 466
1 4 2
222 48
1 4 2
301 64
1 12 2
128 58
1 3 2
258 636
1 5 2
816 953
1 7 2
0 661
1 5 2
202 6
1 9 2
367 946
1 3 2
576 160
1 9 2
670 302
1 8 2
101 784
1 15 2
427 914
1 28 2
204 616
1 20 2
870 63
1 6 2
279 557
1 22 2
542 87
1 24 2
988 781
1 30 2
274 524
1 28 2
259 675
1 20 2
105 403
1 12 2
781 163
1 18 2
826 954
1 22 2
213 618
1 20 2
141 246
