1000 5975 3000
22 16 20 18 12 25 15 23 22 9 17 22 25 16 5 15 7 24 6 10 11 6 6 22 24 8 16 19 22 12 11 12 19 21 24 7 24 11 12 20 25 24 14 16 16 18 7 24 16 17 12 6 5 12 17 12 18 17 21 25 15 10 11 8 10 9 25 16 12 25 17 21 22 16 18 9 9 17 18 21 19 10 13 7 10 12 17 25 15 24 5 25 8 7 8 21 24 6 21 9 16 10 19 9 6 7 21 24 22 8 7 18 11 6 19 14 7 13 15 8 13 10 8 16 22 15 5 13 6 13 7 14 13 11 20 7 15 23 18 22 5 6 9 5 13 16 19 21 23 20 14 19 23 19 5 13 8 20 19 8 6 15 18 24 9 7 12 14 15 20 15 7 23 7 8 7 17 17 5 14 5 25 6 20 19 6 11 10 18 20 12 20 12 19 13 5 11 20 13 14 6 21 12 19 9 21 16 5 20 11 11 5 16 22 6 13 21 18 19 24 10 12 25 12 20 18 14 13 8 24 5 17 22 7 8 12 8 12 14 6 8 7 9 11 17 6 7 16 11 5 5 9 12 24 7 12 17 12 21 6 13 18 17 22 5 17 17 7 20 7 5 20 12 23 14 10 8 21 8 15 14 16 21 7 16 20 20 23 23 7 8 17 23 19 18 17 21 24 24 15 25 21 5 11 6 6 7 21 5 11 25 20 19 5 22 6 18 7 15 18 16 6 25 25 25 15 8 17 24 10 25 15 10 17 11 17 5 15 13 23 11 9 8 22 20 10 7 21 11 19 22 8 20 19 20 7 15 13 21 23 17 18 12 22 14 13 22 11 5 16 5 13 16 21 12 24 22 20 18 7 16 23 15 14 24 13 11 22 7 15 9 18 25 14 21 5 6 18 17 5 6 22 20 10 17 18 17 8 24 23 8 17 12 11 6 13 6 11 16 17 6 19 19 12 23 14 20 15 9 11 13 17 12 17 9 12 24 14 6 13 19 7 19 7 7 24 25 15 24 13 24 18 19 24 18 19 10 13 15 7 7 13 6 5 8 8 5 13 11 19 21 8 11 21 23 13 25 17 20 5 14 15 13 18 22 13 20 20 16 17 10 24 23 8 14 25 12 13 25 13 14 10 22 13 11 16 23 21 17 19 7 16 8 8 13 6 5 7 8 8 13 15 6 9 19 18 16 17 10 23 13 22 25 20 14 19 8 9 9 9 23 10 14 20 16 7 24 19 17 14 18 15 15 20 7 15 16 15 6 18 24 16 21 19 5 8 9 14 20 15 24 25 5 10 22 14 21 12 13 7 24 22 5 16 20 9 15 13 5 17 11 24 9 22 23 9 11 11 24 20 25 25 7 14 10 25 23 5 21 11 10 18 22 12 7 7 6 14 19 18 9 16 22 13 16 17 25 8 20 22 11 16 24 17 11 17 24 7 16 15 13 10 6 9 5 14 7 22 18 10 18 16 16 14 22 13 25 5 24 18 20 5 17 15 8 17 25 25 14 8 12 10 21 19 15 22 5 6 25 11 13 16 21 13 13 13 14 25 13 17 15 8 25 6 25 25 24 6 17 16 15 16 6 13 12 22 13 20 5 8 5 7 23 19 17 24 16 10 12 23 10 7 10 25 19 15 21 12 23 6 19 24 9 18 9 20 25 15 25 7 19 7 22 15 19 6 22 5 18 5 17 25 18 9 24 23 10 5 7 21 15 13 17 10 6 15 19 18 11 19 19 5 22 8 25 21 20 17 13 17 24 18 14 22 7 25 10 19 8 7 7 20 21 6 14 20 22 18 20 23 7 5 8 21 25 14 16 14 9 5 15 7 21 18 6 23 21 18 12 25 17 16 7 15 9 13 5 19 18 12 18 16 12 7 7 6 8 18 15 23 19 12 16 15 16 7 22 20 6 11 15 9 21 22 8 16 16 14 9 21 11 5 11 22 17 5 20 6 20 15 19 22 14 14 20 18 19 8 10 15 9 22 10 8 14 10 14 13 12 16 21 7 23 13 6 8 15 19 14 23 21 20 13 10 16 6 18 5 10 25 24 22 17 13 13 21 25 13 25 10 24 15 23 7 14 10 9 15 5 14 14 25 9 7 23 12 5 22 11 19 7 12 20 11 23 24 7 16 18 17 5 5 22 14 13 10 13 11 11 9 25 18 17 12 24 14 11 14 20 5 20 8 18 18 9 20 9 20 18 22 21 23 12 16 19 25 21 7 18 7 12 23 14 18 16 22 9 11 22 23
3 12 18 13 18 7 7 20 4 18 16 8 6 18 9 5 13 9 12 20 5 18 4 6 10 6 4 8 10 4 14 10 12 8 16 18 17 18 11 4 17 5 3 6 7 14 8 7 8 15 6 12 12 18 17 10 14 17 18 6 10 18 10 16 10 9 17 3 16 8 7 9 8 10 7 5 15 18 15 12 8 3 18 4 19 3 5 20 14 20 3 17 4 18 11 20 13 15 17 18 7 18 16 5 8 13 11 4 4 15 17 11 15 10 7 3 11 14 4 16 14 3 12 5 12 16 19 19 13 20 3 14 17 7 12 9 18 16 13 19 19 19 13 8 3 7 10 13 13 14 4 7 15 20 7 9 10 13 5 5 17 7 9 16 8 19 17 19 3 5 15 14 14 13 13 4 19 12 4 6 9 14 18 8 13 19 17 5 13 9 8 11 17 12 10 14 17 4 3 11 10 14 15 11 7 3 12 16 19 11 8 17 17 18 11 10 6 12 19 20 13 8 8 17 17 15 18 20 11 12 20 14 19 17 16 7 14 18 10 9 6 3 19 5 14 12 17 3 10 18 11 6 10 17 4 16 4 7 17 19 12 12 13 10 19 5 10 14 15 5 16 6 15 12 10 17 7 18 14 4 10 10 3 18 8 20 19 12 9 12 14 9 15 7 3 10 9 3 4 7 14 5 12 17 18 8 11 4 15 5 9 5 20 14 11 14 11 8 14 16 16 8 4 5 4 7 18 19 19 15 11 9 14 20 19 14 18 15 5 4 6 9 12 20 8 5 16 14 4 4 13 20 17 20 4 19 20 3 8 17 18 13 4 17 10 12 20 17 3 19 4 8 9 11 20 13 16 7 14 3 16 7 10 11 6 15 15 17 17 20 14 10 16 19 13 19 20 5 10 9 10 8 6 12 14 9 10 13 6 11 11 18 6 17 13 19 12 16 17 10 5 16 18 16 3 16 13 3 5 20 16 7 10 3 3 5 14 16 17 11 19 3 5 14 10 18 3 5 18 8 19 11 9 11 20 5 8 19 4 9 6 11 14 10 6 12 11 10 19 14 15 12 7 7 6 9 9 11 5 9 15 3 11 19 3 13 6 14 17 17 9 18 11 3 16 10 10 3 17 3 12 11 19 7 3 20 19 11 15 13 20 7 16 15 20 4 13 4 19 19 17 15 19 7 16 14 10 19 14 18 3 15 5 12 15 15 16 7 15 8 20 8 18 6 7 8 5 10 3 11 9 13 15 7 18 19 16 13 11 7 17 10 4 6 17 17 11 11 16 9 12 5 13 3 13 9 6 15 16 5 16 9 12 11 6 18 20 10 5 18 9 7 20 16 8 15 12 18 14 14 19 4 8 14 5 3 20 5 4 14 8 9 3 18 6 18 6 12 19 18 5 17 4 3 7 12 16 14 19 7 6 8 5 6 5 18 9 4 4 19 20 5 7 19 19 5 18 11 4 10 3 12 6 12 11 13 15 8 3 8 20 4 12 7 8 11 6 6 13 13 16 3 7 14 11 6 17 16 12 8 6 17 8 15 12 20 3 19 3 4 10 14 20 9 15 11 11 8 18 20 17 13 7 9 18 3 3 6 19 12 15 20 16 4 3 9 10 16 15 15 8 5 12 3 16 12 5 11 15 9 10 6 15 19 13 5 17 13 4 11 15 13 13 14 9 15 4 11 17 7 4 3 20 4 20 11 14 20 13 8 19 16 10 20 19 19 12 19 15 6 16 10 12 18 15 12 16 20 7 16 14 3 4 4 9 11 16 18 20 15 17 5 14 17 15 16 5 6 12 19 14 8 7 13 3 17 20 8 3 19 13 6 13 10 13 9 11 14 9 5 12 4 5 17 14 10 8 12 18 6 19 10 7 20 11 12 5 14 12 18 19 3 5 8 15 5 11 9 4 18 12 15 6 3 16 16 4 20 15 14 12 7 6 10 11 18 17 16 5 10 12 16 9 8 6 15 10 17 17 8 16 5 7 19 6 10 7 4 7 11 16 11 5 15 20 14 14 20 8 17 17 5 20 5 13 17 3 18 7 11 3 3 18 3 14 16 8 20 13 17 9 4 19 15 11 13 20 12 13 9 8 15 5 7 4 16 13 7 16 13 16 17 14 18 17 10 9 11 10 6 10 14 16 10 16 18 19 13 12 14 7 17 19 8 16 3 18 12 14 7 18 11 14 18 17 13 13 8 14 19 9 5 3 16 7 15 18 7 16 14 10 17 18 14 8 18 19 17 18 7
1 6 2
914 966
1 15 2
143 179
1 15 2
720 271
1 6 2
466 109
1 12 2
889 120
1 2 2
794 542
1 12 2
165 130
1 12 2
868 37
1 3 2
355 978
1 12 2
626 434
1 6 2
700 158
1 5 2
223 607
1 3 2
30 445
1 4 2
965 492
1 13 2
812 291
1 5 2
983 614
1 15 2
232 142
1 12 2
940 985
1 3 2
737 564
1 6 2
694 786
1 2 2
158 142
1 6 2
619 734
1 15 2
80 526
1 8 2
177 255
1 4 2
492 390
1 14 2
353 991
1 10 2
225 830
1 11 2
301 642
1 10 2
545 881
1 14 2
725 621
1 9 2
541 630
1 10 2
969 347
1 2 2
429 647
1 15 2
162 199
1 12 2
530 176
1 5 2
619 983
1 10 2
84 209
1 15 2
860 107
1 13 2
840 490
1 5 2
168 28
1 10 2
539 914
1 13 2
919 858
1 4 2
924 382
1 9 2
724 106
1 3 2
643 207
1 12 2
191 139
1 12 2
605 537
1 14 2
751 241
1 7 2
323 408
1 8 2
219 986
1 9 2
407 0
1 7 2
971 213
1 4 2
421 617
1 14 2
815 197
1 14 2
357 895
1 3 2
686 694
1 10 2
134 262
1 7 2
922 541
1 10 2
826 384
1 9 2
138 535
1 9 2
781 952
1 7 2
632 708
1 4 2
31 859
1 8 2
443 788
1 5 2
86 503
1 8 2
268 895
1 14 2
656 697
1 3 2
78 200
1 12 2
801 763
1 11 2
351 502
1 10 2
17 845
1 10 2
674 77
1 9 2
777 173
1 12 2
640 853
1 3 2
903 755
1 14 2
252 339
1 13 2
462 585
1 6 2
844 366
1 11 2
796 944
1 8 2
591 506
1 9 2
794 978
1 7 2
478 699
1 14 2
772 566
1 15 2
871 397
1 2 2
386 782
1 3 2
980 126
1 5 2
245 752
1 12 2
826 625
1 11 2
200 71
1 5 2
258 585
1 6 2
182 744
1 14 2
634 428
1 6 2
932 565
1 15 2
812 464
1 4 2
608 543
1 12 2
361 97
1 11 2
713 912
1 6 2
366 102
1 7 2
732 52
1 5 2
477 112
1 6 2
385 11
1 9 2
97 63
1 6 2
266 899
1 2 2
593 139
1 3 2
883 936
1 15 2
392 237
1 15 2
69 489
1 14 2
229 832
1 4 2
974 447
1 6 2
569 496
1 15 2
402 779
1 4 2
451 884
1 8 2
328 382
1 7 2
839 99
1 12 2
245 873
1 10 2
469 827
1 7 2
406 33
1 7 2
551 696
1 14 2
613 737
1 8 2
730 792
1 8 2
665 420
1 14 2
128 502
1 13 2
397 591
1 4 2
386 783
1 4 2
678 312
1 5 2
95 543
1 11 2
436 357
1 5 2
96 275
1 10 2
842 258
1 5 2
677 684
1 7 2
767 606
1 15 2
614 211
1 3 2
127 959
1 14 2
589 500
1 7 2
241 885
1 2 2
632 946
1 15 2
547 386
1 9 2
178 496
1 10 2
78 349
1 9 2
830 776
1 15 2
458 730
1 4 2
161 604
1 3 2
130 420
1 4 2
92 646
1 10 2
915 59
1 6 2
406 846
1 11 2
373 637
1 2 2
432 852
1 14 2
216 598
1 9 2
319 990
1 12 2
517 339
1 5 2
19 668
1 14 2
815 588
1 13 2
970 832
1 4 2
461 482
1 7 2
550 723
1 14 2
564 498
1 12 2
977 294
1 7 2
331 140
1 5 2
110 276
1 7 2
363 952
1 5 2
270 279
1 2 2
34 357
1 13 2
993 614
1 15 2
489 144
1 12 2
57 470
1 9 2
746 523
1 10 2
679 204
1 15 2
164 463
1 10 2
785 21
1 7 2
967 768
1 10 2
644 48
1 3 2
709 270
1 14 2
578 785
1 15 2
469 327
1 2 2
162 622
1 15 2
12 245
1 15 2
213 131
1 13 2
532 63
1 13 2
362 100
1 5 2
68 565
1 15 2
967 674
1 6 2
829 21
1 3 2
271 896
1 5 2
190 878
1 9 2
598 552
1 11 2
144 562
1 8 2
963 283
1 10 2
639 709
1 14 2
36 699
1 6 2
264 321
1 15 2
615 121
1 5 2
319 41
1 4 2
254 916
1 9 2
890 183
1 11 2
439 819
1 6 2
330 679
1 14 2
696 107
1 7 2
573 581
1 14 2
460 425
1 14 2
576 747
1 4 2
824 225
1 8 2
313 402
1 11 2
119 183
1 10 2
639 618
1 6 2
14 335
1 9 2
729 687
1 5 2
979 470
1 5 2
84 898
1 9 2
833 649
1 15 2
326 871
1 10 2
446 998
1 15 2
473 209
1 8 2
348 95
1 6 2
47 218
1 7 2
530 516
1 5 2
189 927
1 2 2
810 521
1 13 2
405 385
1 12 2
103 427
1 10 2
894 367
1 12 2
579 283
1 5 2
848 816
1 14 2
334 384
1 9 2
316 709
1 12 2
867 98
1 10 2
652 58
1 7 2
617 811
1 10 2
818 770
1 4 2
937 91
1 3 2
436 337
1 4 2
906 87
1 14 2
824 923
1 8 2
292 403
1 8 2
830 988
1 11 2
670 580
1 5 2
528 711
1 7 2
674 419
1 10 2
784 364
1 7 2
88 12
1 2 2
926 710
1 2 2
381 687
1 9 2
164 762
1 15 2
134 999
1 7 2
659 820
1 11 2
364 935
1 6 2
217 718
1 5 2
590 646
1 13 2
770 243
1 4 2
502 929
1 3 2
824 91
1 6 2
949 204
1 14 2
811 895
1 9 2
678 660
1 11 2
57 56
1 10 2
73 654
1 10 2
437 825
1 6 2
871 512
1 10 2
255 322
1 7 2
979 828
1 15 2
95 952
1 12 2
42 601
1 12 2
964 523
1 2 2
667 866
1 5 2
39 617
1 14 2
485 292
1 9 2
846 411
1 9 2
640 646
1 8 2
906 210
1 2 2
207 35
1 3 2
298 695
1 7 2
851 879
1 9 2
985 36
1 3 2
712 133
1 3 2
563 332
1 10 2
927 379
1 14 2
161 43
1 2 2
332 185
1 8 2
290 505
1 3 2
798 506
1 12 2
450 197
1 8 2
976 681
1 2 2
671 410
1 12 2
549 990
1 15 2
753 709
1 13 2
380 712
1 6 2
80 443
1 4 2
393 971
1 6 2
104 190
1 3 2
206 696
1 10 2
608 828
1 14 2
696 524
1 7 2
612 798
1 14 2
175 500
1 6 2
601 747
1 14 2
292 614
1 6 2
450 165
1 8 2
215 465
1 6 2
504 455
1 3 2
536 712
1 13 2
449 887
1 14 2
198 779
1 12 2
79 141
1 14 2
926 400
1 4 2
82 713
1 11 2
173 245
1 6 2
143 431
1 5 2
776 726
1 13 2
102 397
1 2 2
857 399
1 12 2
894 240
1 3 2
531 345
1 10 2
318 403
1 12 2
3 290
1 15 2
889 447
1 13 2
429 84
1 15 2
75 191
1 13 2
678 833
1 4 2
873 232
1 3 2
129 936
1 10 2
763 322
1 9 2
904 67
1 12 2
221 17
1 7 2
756 316
1 4 2
963 947
1 13 2
124 957
1 3 2
433 397
1 15 2
230 381
1 15 2
707 255
1 5 2
193 28
1 11 2
26 474
1 8 2
624 404
1 4 2
983 602
1 14 2
97 548
1 2 2
463 165
1 2 2
33 879
1 7 2
941 714
1 7 2
99 82
1 7 2
341 412
1 14 2
958 921
1 9 2
259 574
1 11 2
211 52
1 3 2
157 990
1 10 2
611 517
1 14 2
644 463
1 11 2
618 770
1 9 2
371 438
1 3 2
440 151
1 14 2
25 265
1 11 2
118 224
1 13 2
482 771
1 7 2
219 819
1 4 2
660 751
1 5 2
615 850
1 10 2
490 179
1 8 2
223 689
1 15 2
275 354
1 10 2
588 943
1 6 2
378 939
1 6 2
99 803
1 15 2
275 201
1 4 2
211 73
1 7 2
196 491
1 7 2
17 399
1 8 2
604 380
1 14 2
360 528
1 12 2
121 462
1 4 2
460 148
1 2 2
895 282
1 12 2
420 327
1 9 2
840 592
1 2 2
785 591
1 14 2
215 793
1 12 2
358 582
1 6 2
932 174
1 3 2
468 670
1 11 2
463 906
1 4 2
206 401
1 6 2
341 410
1 14 2
245 95
1 15 2
770 683
1 6 2
305 213
1 8 2
506 394
1 4 2
860 174
1 12 2
483 247
1 12 2
643 357
1 12 2
357 390
1 6 2
178 580
1 14 2
575 924
1 13 2
248 251
1 13 2
493 990
1 3 2
110 406
1 4 2
574 955
1 2 2
211 884
1 7 2
598 452
1 14 2
597 474
1 10 2
415 704
1 7 2
817 613
1 2 2
466 703
1 15 2
959 763
1 12 2
33 768
1 7 2
927 86
1 3 2
382 163
1 12 2
106 677
1 6 2
196 866
1 6 2
896 462
1 9 2
422 646
1 3 2
356 282
1 15 2
688 198
1 10 2
619 883
1 14 2
97 266
1 10 2
605 122
1 3 2
769 515
1 14 2
798 285
1 5 2
918 220
1 12 2
929 285
1 15 2
179 765
1 9 2
529 28
1 11 2
669 731
1 9 2
37 184
1 5 2
86 539
1 12 2
350 783
1 9 2
873 874
1 11 2
19 867
1 6 2
12 197
1 6 2
722 523
1 12 2
415 107
1 2 2
219 590
1 8 2
463 929
1 4 2
297 136
1 10 2
175 106
1 15 2
668 602
1 15 2
729 524
1 2 2
722 788
1 2 2
139 930
1 11 2
557 456
1 10 2
687 746
1 7 2
378 618
1 7 2
36 907
1 11 2
606 472
1 13 2
555 950
1 9 2
890 829
1 15 2
141 340
1 5 2
212 7
1 12 2
49 480
1 9 2
255 898
1 4 2
205 261
1 15 2
626 40
1 10 2
360 547
1 6 2
283 932
1 13 2
172 920
1 11 2
846 610
1 10 2
326 217
1 7 2
687 528
1 9 2
359 924
1 14 2
823 6
1 3 2
527 386
1 2 2
988 979
1 3 2
969 342
1 8 2
83 940
1 10 2
44 550
1 13 2
569 236
1 8 2
277 471
1 5 2
416 899
1 6 2
469 290
1 9 2
25 991
1 15 2
837 971
1 13 2
961 36
1 11 2
429 913
1 6 2
616 243
1 4 2
463 54
1 13 2
636 269
1 4 2
985 176
1 7 2
582 559
1 4 2
765 386
1 8 2
185 522
1 6 2
224 302
1 6 2
309 696
1 4 2
793 946
1 11 2
123 433
1 3 2
342 650
1 7 2
708 153
1 15 2
390 395
1 14 2
60 813
1 8 2
423 92
1 3 2
856 367
1 10 2
648 473
1 12 2
516 61
1 11 2
67 306
1 8 2
922 840
1 13 2
119 372
1 8 2
308 677
1 9 2
583 168
1 2 2
499 348
1 10 2
990 764
1 15 2
465 915
1 4 2
177 89
1 4 2
508 385
1 10 2
708 803
1 8 2
223 452
1 11 2
942 245
1 5 2
116 225
1 8 2
165 873
1 3 2
328 495
1 9 2
777 40
1 12 2
297 922
1 3 2
997 267
1 12 2
47 476
1 12 2
932 420
1 14 2
846 641
1 6 2
212 18
1 5 2
84 895
1 6 2
135 809
1 11 2
351 230
1 11 2
974 613
1 12 2
281 988
1 8 2
145 256
1 6 2
981 677
1 14 2
894 93
1 12 2
444 994
1 2 2
846 211
1 13 2
25 390
1 14 2
533 909
1 3 2
587 709
1 11 2
732 353
1 10 2
571 95
1 2 2
827 647
1 12 2
778 194
1 5 2
954 325
1 4 2
920 107
1 14 2
609 220
1 12 2
140 898
1 14 2
136 972
1 12 2
340 47
1 5 2
328 359
1 3 2
361 509
1 8 2
507 316
1 15 2
211 374
1 5 2
397 678
1 13 2
922 945
1 9 2
519 868
1 7 2
953 822
1 9 2
606 120
1 14 2
679 541
1 3 2
579 739
1 9 2
619 982
1 15 2
872 401
1 10 2
886 19
1 10 2
21 615
1 7 2
439 213
1 8 2
590 10
1 6 2
956 421
1 10 2
375 639
1 13 2
66 55
1 9 2
635 693
1 2 2
333 628
1 4 2
118 1
1 3 2
762 7
1 15 2
781 486
1 15 2
56 172
1 3 2
295 200
1 6 2
234 896
1 11 2
216 495
1 12 2
697 50
1 4 2
864 117
1 8 2
273 876
1 4 2
45 22
1 2 2
380 725
1 12 2
78 819
1 12 2
831 630
1 11 2
363 164
1 15 2
465 64
1 4 2
344 215
1 5 2
179 968
1 11 2
660 762
1 15 2
176 233
1 7 2
406 120
1 3 2
333 56
1 7 2
548 138
1 5 2
462 949
1 5 2
175 698
1 6 2
277 449
1 14 2
533 54
1 4 2
537 545
1 5 2
380 374
1 3 2
711 112
1 14 2
568 106
1 14 2
373 363
1 6 2
242 525
1 9 2
520 911
1 8 2
375 712
1 6 2
726 475
1 8 2
376 150
1 11 2
75 701
1 7 2
322 801
1 10 2
654 324
1 8 2
50 322
1 8 2
823 365
1 3 2
595 840
1 2 2
249 678
1 14 2
456 113
1 13 2
443 784
1 4 2
352 295
1 5 2
368 718
1 11 2
598 940
1 10 2
470 973
1 15 2
903 428
1 13 2
944 706
1 14 2
673 727
1 12 2
962 968
1 13 2
975 762
1 10 2
523 983
1 15 2
376 68
1 8 2
484 953
1 2 2
908 854
1 10 2
599 134
1 15 2
81 588
1 6 2
806 41
1 5 2
671 374
1 7 2
973 528
1 6 2
697 158
1 8 2
453 369
1 2 2
473 148
1 4 2
970 43
1 11 2
38 619
1 5 2
997 631
1 2 2
91 737
1 15 2
498 927
1 10 2
329 401
1 15 2
853 679
1 8 2
550 89
1 2 2
432 513
1 3 2
710 294
1 3 2
184 883
1 6 2
847 673
1 13 2
237 192
1 7 2
767 474
1 11 2
862 327
1 14 2
729 57
1 4 2
916 937
1 5 2
933 832
1 12 2
876 815
1 10 2
436 81
1 8 2
133 243
1 6 2
874 666
1 3 2
207 349
1 3 2
214 310
1 7 2
601 541
1 5 2
242 467
1 3 2
694 986
1 3 2
974 620
1 9 2
839 798
1 10 2
920 31
1 15 2
8 502
1 2 2
202 682
1 6 2
224 571
1 2 2
216 347
1 10 2
618 813
1 7 2
603 978
1 7 2
636 945
1 12 2
464 590
1 8 2
12 688
1 14 2
433 667
1 8 2
354 688
1 2 2
955 429
1 13 2
979 313
1 7 2
136 294
1 5 2
382 86
1 2 2
466 851
1 8 2
647 657
1 9 2
210 607
1 12 2
722 779
1 4 2
730 98
1 6 2
913 377
1 13 2
33 246
1 13 2
502 17
1 2 2
763 573
1 12 2
815 885
1 9 2
874 850
1 15 2
510 135
1 6 2
501 551
1 5 2
394 724
1 5 2
830 667
1 13 2
795 143
1 14 2
877 106
1 7 2
569 820
1 8 2
947 86
1 4 2
176 472
1 4 2
621 839
1 3 2
274 167
1 2 2
222 216
1 2 2
580 361
1 5 2
829 452
1 9 2
418 428
1 14 2
83 384
1 15 2
682 533
1 4 2
476 825
1 6 2
673 140
1 7 2
745 162
1 7 2
636 783
1 7 2
647 642
1 6 2
513 981
1 8 2
543 339
1 6 2
599 986
1 12 2
153 834
1 4 2
330 455
1 9 2
337 858
1 8 2
267 651
1 7 2
767 579
1 4 2
604 773
1 2 2
282 175
1 4 2
63 714
1 8 2
82 122
1 5 2
393 130
1 10 2
816 235
1 5 2
261 247
1 3 2
62 151
1 11 2
561 750
1 11 2
622 335
1 11 2
556 610
1 7 2
248 108
1 12 2
906 994
1 11 2
160 592
1 15 2
926 406
1 5 2
867 931
1 11 2
785 645
1 15 2
185 719
1 4 2
302 869
1 12 2
698 157
1 9 2
841 677
1 6 2
381 676
1 3 2
436 829
1 12 2
975 398
1 3 2
852 257
1 5 2
561 494
1 4 2
652 443
1 15 2
277 502
1 3 2
506 158
1 11 2
165 106
1 10 2
895 614
1 6 2
751 653
1 8 2
964 707
1 10 2
74 541
1 9 2
99 828
1 5 2
861 882
1 5 2
657 487
1 4 2
654 213
1 4 2
473 187
1 5 2
841 990
1 10 2
445 820
1 5 2
455 977
1 5 2
981 493
1 6 2
810 900
1 14 2
153 640
1 11 2
288 733
1 5 2
421 671
1 9 2
192 666
1 2 2
656 537
1 15 2
530 827
1 5 2
913 352
1 3 2
964 389
1 15 2
943 556
1 2 2
396 925
1 9 2
610 212
1 8 2
480 992
1 10 2
307 318
1 15 2
259 122
1 4 2
30 918
1 15 2
408 342
1 11 2
229 787
1 13 2
296 905
1 8 2
778 276
1 2 2
192 957
1 2 2
498 341
1 6 2
253 611
1 6 2
487 255
1 9 2
859 346
1 2 2
501 285
1 9 2
711 551
1 6 2
891 254
1 3 2
620 656
1 15 2
309 919
1 10 2
14 402
1 11 2
114 546
1 11 2
738 108
1 4 2
500 396
1 6 2
542 100
1 3 2
415 409
1 2 2
671 198
1 6 2
609 759
1 7 2
907 932
1 12 2
492 108
1 6 2
976 835
1 4 2
427 12
1 4 2
695 372
1 15 2
261 395
1 3 2
568 333
1 15 2
204 802
1 10 2
677 873
1 3 2
978 21
1 13 2
2 394
1 6 2
835 574
1 6 2
180 548
1 15 2
924 749
1 11 2
172 317
1 13 2
173 775
1 15 2
9 57
1 7 2
785 786
1 15 2
783 863
1 11 2
62 742
1 8 2
732 672
1 5 2
568 320
1 6 2
957 350
1 14 2
526 368
1 4 2
683 387
1 15 2
876 144
1 4 2
70 922
1 9 2
423 735
1 5 2
11 763
1 13 2
578 876
1 10 2
862 842
1 2 2
90 413
1 6 2
785 169
1 12 2
843 107
1 6 2
763 463
1 6 2
210 402
1 13 2
347 814
1 11 2
475 365
1 4 2
360 215
1 13 2
347 136
1 14 2
746 211
1 2 2
79 14
1 7 2
307 718
1 15 2
550 738
1 7 2
75 972
1 14 2
608 115
1 6 2
875 101
1 4 2
870 569
1 8 2
259 738
1 3 2
402 648
1 14 2
727 972
1 10 2
131 727
1 10 2
822 214
1 14 2
324 403
1 8 2
131 644
1 11 2
193 242
1 4 2
524 101
1 3 2
580 820
1 7 2
559 726
1 14 2
976 448
1 15 2
673 42
1 5 2
367 765
1 3 2
446 432
1 5 2
930 267
1 12 2
429 968
1 2 2
642 334
1 3 2
35 315
1 10 2
125 849
1 10 2
699 315
1 12 2
825 542
1 6 2
798 352
1 11 2
645 205
1 7 2
199 792
1 6 2
7 127
1 15 2
123 901
1 8 2
496 326
1 7 2
769 807
1 7 2
193 205
1 9 2
354 907
1 14 2
32 584
1 12 2
870 815
1 14 2
800 512
1 14 2
591 996
1 2 2
417 721
1 10 2
938 767
1 7 2
171 193
1 8 2
877 939
1 14 2
929 812
1 15 2
616 199
1 10 2
386 206
1 5 2
224 540
1 15 2
950 400
1 2 2
42 936
1 13 2
638 378
1 10 2
642 376
1 5 2
796 986
1 4 2
190 671
1 15 2
802 56
1 3 2
500 267
1 2 2
168 490
1 8 2
945 156
1 2 2
954 527
1 10 2
74 967
1 9 2
733 718
1 12 2
836 692
1 9 2
102 969
1 8 2
553 699
1 9 2
925 729
1 5 2
299 985
1 11 2
669 792
1 8 2
673 576
1 7 2
527 692
1 4 2
553 95
1 8 2
70 572
1 14 2
686 146
1 7 2
70 963
1 11 2
497 985
1 12 2
154 23
1 2 2
129 697
1 7 2
367 506
1 11 2
141 151
1 3 2
216 732
1 9 2
381 156
1 14 2
765 998
1 13 2
801 195
1 10 2
516 659
1 6 2
271 812
1 6 2
568 995
1 13 2
88 53
1 10 2
985 361
1 8 2
154 327
1 15 2
202 158
1 6 2
498 384
1 14 2
668 265
1 3 2
180 249
1 12 2
817 641
1 6 2
603 367
1 10 2
592 574
1 4 2
870 107
1 9 2
966 681
1 14 2
707 316
1 15 2
911 944
1 11 2
902 814
1 11 2
117 504
1 8 2
751 9
1 6 2
415 785
1 4 2
508 387
1 14 2
246 533
1 10 2
43 869
1 5 2
122 428
1 5 2
227 2
1 7 2
24 594
1 10 2
926 920
1 5 2
916 871
1 5 2
249 443
1 13 2
422 788
1 11 2
749 883
1 2 2
972 891
1 3 2
874 963
1 9 2
842 170
1 6 2
740 516
1 6 2
495 985
1 7 2
692 527
1 8 2
517 652
1 8 2
79 637
1 11 2
665 82
1 14 2
26 294
1 10 2
33 611
1 12 2
32 744
1 10 2
405 110
1 3 2
258 265
1 7 2
588 290
1 14 2
426 635
1 11 2
974 57
1 5 2
740 674
1 10 2
876 380
1 14 2
668 361
1 7 2
871 218
1 2 2
153 470
1 10 2
448 149
1 3 2
243 551
1 13 2
741 880
1 4 2
312 584
1 3 2
12 307
1 14 2
60 203
1 11 2
833 33
1 4 2
771 598
1 12 2
269 440
1 15 2
574 366
1 2 2
821 381
1 15 2
611 813
1 10 2
106 981
1 9 2
546 349
1 14 2
84 722
1 2 2
369 600
1 4 2
690 29
1 12 2
743 588
1 6 2
234 154
1 3 2
986 691
1 6 2
413 978
1 5 2
49 12
1 14 2
799 437
1 7 2
441 19
1 9 2
531 160
1 5 2
145 264
1 3 2
577 402
1 7 2
772 926
1 9 2
306 989
1 5 2
861 275
1 13 2
392 431
1 8 2
370 93
1 5 2
287 562
1 4 2
715 419
1 14 2
63 815
1 8 2
659 173
1 10 2
321 320
1 15 2
323 196
1 12 2
906 831
1 14 2
976 12
1 11 2
826 323
1 6 2
231 625
1 13 2
190 446
1 7 2
293 836
1 14 2
613 760
1 15 2
834 649
1 14 2
846 300
1 14 2
236 231
1 5 2
268 619
1 7 2
934 152
1 14 2
81 806
1 5 2
413 782
1 12 2
245 700
1 6 2
525 442
1 14 2
124 797
1 10 2
461 314
1 4 2
15 562
1 15 2
235 347
1 14 2
118 745
1 6 2
966 261
1 12 2
911 759
1 12 2
152 233
1 13 2
680 372
1 4 2
687 389
1 7 2
13 373
1 15 2
302 540
1 9 2
150 507
1 9 2
927 117
1 5 2
28 308
1 5 2
88 25
1 10 2
106 162
1 11 2
548 584
1 14 2
31 735
1 12 2
908 528
1 9 2
686 413
1 10 2
757 834
1 12 2
120 334
1 11 2
779 372
1 11 2
766 844
1 2 2
284 575
1 3 2
976 385
1 7 2
654 529
1 14 2
966 1
1 14 2
98 850
1 6 2
829 952
1 10 2
167 474
1 8 2
608 160
1 12 2
917 180
1 6 2
922 23
1 4 2
159 594
1 15 2
891 527
1 14 2
782 801
1 5 2
180 156
1 6 2
362 492
1 4 2
388 213
1 6 2
202 365
1 5 2
887 580
1 11 2
331 204
1 5 2
917 365
1 3 2
524 982
1 11 2
362 477
1 8 2
395 370
1 5 2
621 979
1 12 2
485 874
1 15 2
313 10
1 2 2
722 251
1 3 2
155 729
1 6 2
871 624
1 11 2
852 365
1 8 2
547 516
1 5 2
747 200
1 11 2
736 370
1 6 2
19 28
1 4 2
154 68
1 3 2
812 593
1 6 2
362 253
1 9 2
951 602
1 4 2
842 351
1 7 2
749 31
1 14 2
52 844
1 12 2
625 819
1 5 2
362 240
1 3 2
884 560
1 12 2
855 210
1 9 2
657 352
1 3 2
598 533
1 4 2
804 911
1 6 2
980 973
1 6 2
22 733
1 8 2
631 490
1 11 2
285 441
1 12 2
61 177
1 8 2
201 380
1 11 2
500 414
1 11 2
66 750
1 11 2
2 21
1 7 2
57 851
1 14 2
819 196
1 5 2
273 463
1 13 2
91 378
1 14 2
890 147
1 11 2
263 909
1 9 2
370 619
1 9 2
294 129
1 9 2
302 553
1 11 2
665 393
1 12 2
806 16
1 9 2
129 675
1 7 2
283 492
1 15 2
597 346
1 14 2
991 537
1 10 2
715 965
1 8 2
139 636
1 6 2
961 716
1 6 2
340 707
1 5 2
876 494
1 8 2
638 666
1 2 2
172 89
1 13 2
14 21
1 2 2
61 303
1 5 2
703 528
1 15 2
240 440
1 4 2
175 349
1 14 2
778 680
1 13 2
891 709
1 5 2
265 338
1 3 2
892 986
1 8 2
383 278
1 2 2
917 837
1 5 2
840 817
1 3 2
221 245
1 4 2
522 633
1 2 2
520 244
1 7 2
838 654
1 13 2
598 825
1 3 2
458 898
1 4 2
624 322
1 10 2
911 115
1 9 2
968 820
1 12 2
449 230
1 10 2
231 439
1 11 2
702 804
1 8 2
232 50
1 4 2
126 995
1 6 2
861 369
1 6 2
242 151
1 4 2
411 767
1 15 2
419 552
1 15 2
642 862
1 9 2
452 770
1 13 2
921 330
1 13 2
725 818
1 12 2
307 906
1 14 2
420 725
1 4 2
94 692
1 9 2
817 368
1 12 2
481 835
1 12 2
937 525
1 8 2
199 303
1 6 2
764 893
1 8 2
531 740
1 3 2
592 597
1 8 2
289 608
1 8 2
804 998
1 8 2
453 137
1 12 2
677 930
1 12 2
117 536
1 13 2
307 572
1 7 2
421 951
1 12 2
131 452
1 13 2
663 823
1 7 2
757 974
1 7 2
344 71
1 11 2
547 929
1 5 2
519 267
1 14 2
908 435
1 15 2
816 662
1 5 2
178 551
1 10 2
636 718
1 3 2
64 122
1 3 2
340 545
1 14 2
269 0
1 2 2
259 319
1 12 2
374 117
1 9 2
341 816
1 8 2
944 823
1 15 2
202 801
1 14 2
973 602
1 3 2
352 690
1 15 2
87 122
1 2 2
376 591
1 15 2
341 220
1 9 2
545 735
1 10 2
245 551
1 10 2
577 152
1 6 2
370 744
1 11 2
926 538
1 11 2
935 895
1 9 2
514 607
1 8 2
591 749
1 13 2
600 168
1 14 2
333 695
1 5 2
897 212
1 7 2
391 845
1 3 2
462 880
1 14 2
173 709
1 4 2
794 927
1 10 2
572 61
1 15 2
62 276
1 15 2
356 760
1 11 2
804 796
1 11 2
979 756
1 9 2
76 212
1 3 2
319 632
1 13 2
129 701
1 2 2
219 231
1 7 2
706 277
1 9 2
357 534
1 4 2
802 319
1 11 2
608 984
1 6 2
694 174
1 7 2
669 496
1 11 2
388 760
1 10 2
419 430
1 7 2
969 94
1 12 2
352 759
1 2 2
985 488
1 5 2
411 85
1 2 2
370 114
1 2 2
358 325
1 13 2
975 58
1 13 2
625 810
1 12 2
939 769
1 5 2
320 791
1 8 2
108 962
1 11 2
402 669
1 6 2
576 346
1 12 2
769 252
1 15 2
855 526
1 9 2
178 545
1 6 2
379 387
1 7 2
180 215
1 3 2
743 819
1 12 2
423 341
1 7 2
605 987
1 15 2
593 757
1 12 2
580 776
1 9 2
968 764
1 3 2
65 25
1 7 2
497 42
1 10 2
945 608
1 7 2
448 511
1 7 2
457 494
1 9 2
639 387
1 4 2
619 846
1 14 2
857 176
1 11 2
109 978
1 11 2
838 974
1 14 2
539 728
1 2 2
208 848
1 12 2
92 558
1 3 2
79 829
1 10 2
462 28
1 7 2
171 706
1 2 2
859 530
1 5 2
473 389
1 8 2
774 923
1 10 2
164 808
1 14 2
63 761
1 4 2
856 441
1 4 2
350 187
1 3 2
494 266
1 7 2
877 454
1 5 2
917 621
1 3 2
152 134
1 5 2
63 296
1 3 2
514 992
1 6 2
420 864
1 9 2
540 774
1 2 2
608 177
1 4 2
984 398
1 14 2
343 893
1 10 2
206 932
1 11 2
626 90
1 4 2
915 999
1 2 2
252 918
1 3 2
626 369
1 12 2
123 911
1 9 2
684 133
1 5 2
497 409
1 9 2
549 185
1 14 2
22 563
1 3 2
507 832
1 15 2
175 923
1 8 2
754 774
1 2 2
134 842
1 10 2
835 960
1 13 2
859 553
1 15 2
619 566
1 8 2
671 580
1 2 2
957 423
1 4 2
10 893
1 12 2
876 627
1 6 2
757 42
1 9 2
924 821
1 11 2
203 897
1 4 2
887 1
1 8 2
390 537
1 15 2
9 254
1 2 2
92 825
1 6 2
591 497
1 5 2
589 230
1 11 2
903 318
1 10 2
876 414
1 4 2
302 206
1 14 2
255 269
1 6 2
969 875
1 6 2
336 688
1 11 2
826 26
1 8 2
361 446
1 3 2
784 452
1 10 2
686 268
1 15 2
873 363
1 11 2
104 730
1 12 2
833 920
1 4 2
216 799
1 9 2
831 649
1 14 2
199 793
1 15 2
225 214
1 2 2
500 393
1 8 2
612 441
1 5 2
950 618
1 12 2
418 775
1 13 2
652 438
1 12 2
860 523
1 4 2
948 330
1 4 2
384 347
1 14 2
364 431
1 11 2
46 855
1 10 2
834 704
1 6 2
29 241
1 11 2
111 737
1 14 2
407 31
1 7 2
812 281
1 13 2
934 539
1 3 2
805 258
1 10 2
377 692
1 11 2
125 628
1 12 2
190 84
1 4 2
851 394
1 5 2
148 238
1 11 2
502 778
1 14 2
79 955
1 3 2
701 237
1 14 2
99 346
1 6 2
556 554
1 7 2
639 688
1 4 2
635 849
1 8 2
386 279
1 6 2
657 130
1 5 2
79 363
1 3 2
26 370
1 12 2
72 546
1 7 2
762 797
1 14 2
163 770
1 14 2
923 67
1 14 2
327 430
1 12 2
279 899
1 15 2
48 777
1 12 2
719 863
1 2 2
274 969
1 10 2
560 524
1 10 2
989 131
1 3 2
365 221
1 9 2
618 928
1 9 2
532 949
1 6 2
956 824
1 14 2
589 42
1 14 2
38 319
1 2 2
978 16
1 2 2
990 404
1 13 2
677 771
1 15 2
801 515
1 5 2
601 658
1 14 2
609 662
1 2 2
122 624
1 2 2
333 61
1 11 2
72 961
1 2 2
816 674
1 2 2
46 454
1 14 2
947 335
1 2 2
625 58
1 6 2
297 6
1 12 2
390 503
1 13 2
859 233
1 3 2
429 282
1 15 2
373 741
1 13 2
795 279
1 14 2
789 521
1 11 2
852 223
1 8 2
456 218
1 3 2
669 867
1 11 2
930 421
1 3 2
222 29
1 3 2
135 995
1 9 2
983 411
1 10 2
467 687
1 12 2
470 663
1 14 2
110 306
1 12 2
297 859
1 10 2
430 306
1 3 2
665 987
1 15 2
889 410
1 9 2
965 371
1 3 2
298 723
1 2 2
593 525
1 8 2
912 593
1 9 2
911 984
1 13 2
433 419
1 15 2
110 667
1 12 2
441 375
1 8 2
866 737
1 5 2
801 152
1 3 2
96 54
1 14 2
826 762
1 4 2
529 991
1 5 2
570 281
1 7 2
634 693
1 11 2
677 808
1 14 2
618 628
1 10 2
558 616
1 4 2
844 122
1 6 2
659 770
1 15 2
991 99
1 15 2
182 404
1 14 2
726 274
1 11 2
699 516
1 5 2
242 171
1 7 2
160 438
1 2 2
428 771
1 13 2
934 654
1 5 2
950 192
1 9 2
167 221
1 4 2
61 646
1 15 2
285 804
1 13 2
795 854
1 7 2
585 588
1 11 2
810 624
1 15 2
996 375
1 14 2
126 609
1 5 2
66 994
1 6 2
309 58
1 14 2
796 641
1 13 2
629 909
1 8 2
874 347
1 13 2
270 16
1 5 2
666 783
1 13 2
775 312
1 10 2
427 808
1 7 2
155 645
1 5 2
450 426
1 10 2
215 960
1 2 2
768 894
1 7 2
39 469
1 12 2
631 43
1 11 2
105 359
1 12 2
297 904
1 10 2
991 57
1 9 2
774 868
1 11 2
146 782
1 9 2
830 628
1 6 2
854 361
1 6 2
292 880
1 7 2
736 558
1 3 2
714 745
1 8 2
796 462
1 2 2
573 325
1 10 2
160 685
1 11 2
607 401
1 11 2
933 773
1 12 2
376 379
1 14 2
595 640
1 3 2
355 938
1 10 2
544 911
1 11 2
365 683
1 5 2
27 894
1 3 2
683 767
1 14 2
317 222
1 12 2
750 445
1 6 2
828 603
1 5 2
28 674
1 6 2
52 24
1 7 2
822 85
1 12 2
177 320
1 2 2
456 174
1 15 2
712 225
1 3 2
576 65
1 6 2
731 78
1 15 2
989 853
1 7 2
97 622
1 12 2
16 210
1 12 2
158 428
1 4 2
773 108
1 6 2
547 617
1 3 2
556 396
1 6 2
530 986
1 3 2
762 669
1 11 2
687 579
1 9 2
339 811
1 6 2
713 551
1 2 2
477 530
1 11 2
347 158
1 12 2
166 224
1 6 2
72 491
1 11 2
830 17
1 9 2
140 128
1 5 2
935 746
1 4 2
209 20
1 4 2
867 700
1 9 2
242 209
1 6 2
285 333
1 11 2
409 57
1 13 2
756 696
1 15 2
70 81
1 12 2
157 538
1 12 2
771 709
1 6 2
333 514
1 5 2
720 278
1 14 2
875 99
1 9 2
98 890
1 12 2
350 672
1 3 2
195 672
1 12 2
41 183
1 3 2
686 843
1 2 2
745 326
1 13 2
216 194
1 4 2
162 477
1 4 2
540 320
1 5 2
959 43
1 10 2
409 262
1 12 2
862 545
1 7 2
895 856
1 13 2
639 957
1 7 2
728 71
1 12 2
27 138
1 2 2
396 23
1 14 2
827 182
1 11 2
127 179
1 8 2
357 504
1 8 2
299 155
1 10 2
642 837
1 15 2
428 702
1 14 2
768 271
1 4 2
251 583
1 5 2
86 801
1 3 2
346 866
1 14 2
976 110
1 4 2
359 837
1 4 2
362 42
1 13 2
650 59
1 5 2
952 259
1 4 2
562 49
1 15 2
64 868
1 2 2
258 138
1 15 2
692 625
1 3 2
884 604
1 14 2
707 535
1 2 2
740 993
1 3 2
971 550
1 8 2
715 852
1 9 2
581 89
1 3 2
313 756
1 15 2
962 817
1 14 2
852 615
1 12 2
618 34
1 9 2
379 148
1 2 2
514 460
1 3 2
844 622
1 2 2
188 300
1 14 2
382 391
1 15 2
614 622
1 2 2
834 2
1 5 2
125 190
1 5 2
114 481
1 6 2
729 135
1 3 2
248 8
1 5 2
900 18
1 14 2
888 835
1 5 2
816 483
1 8 2
464 511
1 5 2
545 25
1 3 2
870 524
1 15 2
808 801
1 4 2
520 302
1 9 2
716 709
1 7 2
261 960
1 14 2
421 807
1 8 2
573 578
1 14 2
61 322
1 9 2
615 934
1 9 2
327 815
1 13 2
558 588
1 5 2
18 486
1 14 2
764 624
1 2 2
881 515
1 5 2
640 8
1 5 2
734 668
1 2 2
584 216
1 8 2
974 765
1 10 2
5 987
1 2 2
901 288
1 7 2
423 948
1 13 2
735 857
1 10 2
342 631
1 12 2
325 310
1 10 2
305 616
1 2 2
610 14
1 12 2
727 803
1 13 2
109 529
1 14 2
259 277
1 9 2
507 321
1 7 2
705 908
1 12 2
475 95
1 6 2
608 390
1 4 2
820 196
1 5 2
763 177
1 13 2
792 805
1 10 2
998 306
1 4 2
760 70
1 8 2
194 48
1 10 2
810 907
1 10 2
325 317
1 2 2
595 350
1 10 2
24 609
1 11 2
398 770
1 14 2
472 52
1 6 2
300 476
1 11 2
225 354
1 9 2
34 841
1 4 2
662 669
1 15 2
852 862
1 8 2
818 924
1 2 2
896 775
1 13 2
199 215
1 7 2
939 812
1 7 2
836 242
1 9 2
763 878
1 3 2
575 128
1 5 2
269 444
1 14 2
854 692
1 5 2
858 707
1 2 2
221 841
1 15 2
254 130
1 7 2
121 235
1 9 2
490 721
1 4 2
741 367
1 10 2
734 693
1 3 2
57 603
1 7 2
659 982
1 3 2
391 729
1 5 2
181 718
1 3 2
714 333
1 9 2
357 611
1 2 2
586 333
1 4 2
896 160
1 5 2
871 139
1 15 2
445 496
1 4 2
535 965
1 4 2
792 86
1 14 2
80 190
1 6 2
253 830
1 13 2
665 353
1 10 2
249 169
1 12 2
367 366
1 10 2
811 111
1 6 2
515 433
1 6 2
494 810
1 12 2
523 512
1 4 2
839 908
1 12 2
263 448
1 10 2
914 927
1 7 2
2 507
1 7 2
968 312
1 10 2
906 322
1 13 2
34 799
1 5 2
795 777
1 12 2
988 698
1 3 2
686 472
1 10 2
133 720
1 8 2
532 95
1 5 2
696 161
1 8 2
175 783
1 12 2
627 654
1 13 2
827 988
1 14 2
755 124
1 6 2
1 528
1 7 2
829 162
1 8 2
589 942
1 13 2
335 601
1 10 2
119 631
1 15 2
160 552
1 8 2
112 898
1 9 2
913 191
1 6 2
433 553
1 9 2
788 625
1 5 2
485 25
1 7 2
166 604
1 7 2
781 668
1 5 2
191 964
1 13 2
272 474
1 10 2
235 308
1 2 2
700 586
1 11 2
454 21
1 12 2
593 589
1 5 2
531 662
1 4 2
315 668
1 2 2
900 764
1 12 2
546 230
1 13 2
261 986
1 8 2
778 892
1 4 2
700 528
1 2 2
404 788
1 9 2
324 203
1 10 2
929 225
1 13 2
22 460
1 4 2
280 149
1 4 2
376 877
1 9 2
322 427
1 10 2
160 950
1 12 2
93 464
1 3 2
198 775
1 4 2
207 925
1 4 2
474 544
1 12 2
505 385
1 10 2
182 619
1 15 2
666 267
1 3 2
32 616
1 7 2
805 617
1 4 2
219 541
1 12 2
78 113
1 7 2
96 320
1 7 2
340 455
1 15 2
723 392
1 4 2
752 364
1 3 2
38 958
1 8 2
684 91
1 8 2
692 910
1 12 2
719 22
1 7 2
427 121
1 11 2
376 658
1 15 2
856 795
1 15 2
71 212
1 10 2
677 580
1 14 2
335 75
1 12 2
986 740
1 6 2
379 663
1 10 2
105 547
1 13 2
300 854
1 11 2
470 829
1 3 2
818 292
1 15 2
38 188
1 8 2
575 5
1 15 2
998 488
1 13 2
227 302
1 2 2
406 341
1 7 2
448 524
1 8 2
617 697
1 6 2
160 560
1 15 2
897 723
1 14 2
291 456
1 5 2
14 324
1 13 2
414 901
1 5 2
709 926
1 14 2
810 821
1 14 2
171 453
1 13 2
218 806
1 12 2
776 683
1 15 2
514 582
1 5 2
965 295
1 2 2
939 345
1 7 2
771 447
1 2 2
856 399
1 2 2
755 867
1 15 2
101 989
1 10 2
800 752
1 5 2
4 808
1 3 2
859 803
1 15 2
718 611
1 10 2
850 981
1 6 2
374 653
1 2 2
359 86
1 13 2
480 895
1 2 2
459 899
1 7 2
388 635
1 10 2
608 809
1 9 2
517 811
1 5 2
917 292
1 2 2
128 921
1 12 2
48 389
1 8 2
386 76
1 7 2
973 128
1 6 2
166 191
1 14 2
39 162
1 3 2
682 310
1 9 2
804 255
1 7 2
373 303
1 5 2
416 654
1 12 2
996 663
1 7 2
559 908
1 3 2
847 664
1 7 2
473 257
1 6 2
86 121
1 14 2
270 674
1 3 2
189 196
1 5 2
195 48
1 15 2
540 798
1 3 2
67 807
1 4 2
488 650
1 14 2
251 890
1 8 2
294 623
1 4 2
57 847
1 14 2
852 934
1 15 2
228 173
1 4 2
864 137
1 11 2
777 310
1 7 2
862 530
1 5 2
362 38
1 2 2
956 835
1 8 2
444 300
1 4 2
604 787
1 11 2
213 734
1 4 2
564 888
1 4 2
973 917
1 8 2
307 16
1 2 2
605 707
1 4 2
235 581
1 15 2
344 460
1 7 2
279 883
1 7 2
600 439
1 10 2
871 580
1 2 2
881 559
1 15 2
236 418
1 8 2
269 845
1 3 2
44 544
1 14 2
350 544
1 6 2
195 852
1 10 2
449 956
1 15 2
889 578
1 7 2
364 212
1 9 2
798 627
1 7 2
686 558
1 10 2
124 812
1 11 2
115 960
1 13 2
452 250
1 4 2
812 400
1 5 2
206 458
1 15 2
23 487
1 2 2
734 763
1 11 2
157 897
1 8 2
880 457
1 8 2
436 608
1 2 2
871 347
1 13 2
577 215
1 9 2
454 222
1 11 2
525 550
1 14 2
86 142
1 8 2
980 220
1 10 2
394 129
1 4 2
874 354
1 3 2
808 302
1 11 2
589 757
1 4 2
126 85
1 3 2
603 451
1 3 2
251 434
1 8 2
872 157
1 14 2
608 134
1 6 2
484 674
1 7 2
550 480
1 13 2
26 674
1 13 2
707 566
1 5 2
238 41
1 2 2
136 449
1 6 2
836 83
1 9 2
727 858
1 7 2
279 954
1 14 2
448 424
1 7 2
826 552
1 9 2
242 611
1 7 2
837 396
1 11 2
164 714
1 7 2
438 680
1 6 2
883 636
1 8 2
585 157
1 4 2
568 570
1 9 2
115 375
1 14 2
795 626
1 14 2
387 267
1 13 2
594 14
1 15 2
565 355
1 6 2
194 285
1 2 2
353 364
1 13 2
118 68
1 3 2
511 411
1 14 2
228 473
1 12 2
987 957
1 15 2
140 669
1 10 2
360 176
1 9 2
303 587
1 14 2
963 956
1 9 2
769 541
1 15 2
523 102
1 7 2
967 512
1 6 2
314 793
1 10 2
306 592
1 15 2
749 509
1 14 2
523 498
1 8 2
986 278
1 5 2
648 676
1 10 2
362 10
1 13 2
881 839
1 11 2
564 182
1 6 2
313 750
1 14 2
535 762
1 3 2
592 84
1 10 2
959 485
1 4 2
681 38
1 3 2
690 593
1 14 2
119 966
1 6 2
28 295
1 3 2
982 114
1 3 2
614 958
1 13 2
369 162
1 4 2
130 820
1 4 2
421 68
1 3 2
117 476
1 7 2
538 398
1 5 2
182 917
1 8 2
418 215
1 7 2
349 542
1 5 2
360 376
1 11 2
869 145
1 7 2
580 272
1 2 2
149 99
1 11 2
770 941
1 6 2
732 500
1 12 2
534 518
1 15 2
5 533
1 15 2
922 961
1 11 2
127 110
1 7 2
592 767
1 10 2
425 597
1 10 2
72 900
1 14 2
52 523
1 3 2
707 91
1 13 2
603 584
1 10 2
178 751
1 10 2
444 384
1 12 2
367 457
1 13 2
665 211
1 8 2
211 754
1 15 2
723 262
1 7 2
34 535
1 5 2
874 732
1 13 2
771 629
1 13 2
98 143
1 14 2
618 542
1 5 2
278 934
1 15 2
669 570
1 12 2
263 375
1 3 2
113 265
1 13 2
781 312
1 5 2
845 665
1 2 2
594 535
1 8 2
977 2
1 14 2
322 700
1 7 2
779 604
1 7 2
928 493
1 9 2
708 86
1 15 2
976 956
1 9 2
255 578
1 14 2
706 527
1 8 2
937 475
1 7 2
148 507
1 12 2
112 731
1 14 2
423 110
1 15 2
969 754
1 7 2
190 404
1 7 2
140 120
1 11 2
224 536
1 3 2
43 184
1 7 2
178 323
1 14 2
57 570
1 2 2
157 833
1 4 2
322 51
1 14 2
799 597
1 3 2
477 663
1 4 2
74 719
1 9 2
240 881
1 10 2
603 75
1 9 2
781 983
1 15 2
784 6
1 3 2
255 475
1 15 2
884 29
1 6 2
591 92
1 11 2
371 885
1 5 2
458 41
1 15 2
425 959
1 12 2
522 354
1 13 2
501 9
1 14 2
391 197
1 13 2
283 634
1 3 2
826 123
1 3 2
903 425
1 2 2
373 337
1 7 2
311 736
1 4 2
645 742
1 12 2
782 522
1 4 2
585 803
1 8 2
181 449
1 12 2
778 263
1 7 2
239 557
1 15 2
234 56
1 6 2
979 99
1 3 2
5 625
1 9 2
365 108
1 11 2
644 278
1 14 2
577 160
1 6 2
453 744
1 11 2
258 334
1 4 2
745 557
1 15 2
386 606
1 9 2
216 340
1 6 2
139 44
1 12 2
106 501
1 6 2
6 499
1 4 2
478 7
1 11 2
661 667
1 3 2
174 285
1 5 2
946 539
1 7 2
911 52
1 12 2
3 570
1 10 2
172 914
1 3 2
948 85
1 3 2
536 279
1 12 2
794 331
1 15 2
282 272
1 13 2
804 398
1 12 2
491 216
1 13 2
321 667
1 13 2
997 964
1 10 2
237 983
1 12 2
292 257
1 14 2
891 724
1 8 2
851 354
1 7 2
285 72
1 6 2
999 371
1 4 2
962 403
1 2 2
269 551
1 13 2
721 765
1 13 2
122 627
1 9 2
294 693
1 2 2
500 440
1 6 2
198 258
1 3 2
309 651
1 10 2
603 307
1 8 2
172 943
1 5 2
28 644
1 5 2
16 307
1 5 2
542 315
1 8 2
396 401
1 15 2
966 269
1 3 2
395 139
1 14 2
23 19
1 8 2
115 841
1 3 2
350 531
1 10 2
249 310
1 2 2
427 744
1 10 2
697 9
1 3 2
34 442
1 3 2
892 849
1 6 2
591 807
1 15 2
556 347
1 11 2
152 43
1 15 2
251 191
1 2 2
970 742
1 12 2
343 532
1 2 2
867 650
1 12 2
153 213
1 12 2
835 503
1 5 2
753 354
1 10 2
165 715
1 3 2
940 348
1 6 2
617 372
1 5 2
853 527
1 3 2
725 62
1 5 2
561 435
1 12 2
917 405
1 6 2
669 160
1 12 2
970 371
1 14 2
183 876
1 12 2
13 40
1 2 2
853 598
1 8 2
473 857
1 2 2
823 388
1 2 2
469 270
1 6 2
241 756
1 8 2
856 152
1 11 2
217 624
1 6 2
467 640
1 2 2
407 465
1 15 2
67 825
1 3 2
791 200
1 9 2
420 242
1 15 2
485 903
1 2 2
420 509
1 12 2
981 889
1 10 2
341 96
1 7 2
764 677
1 12 2
76 854
1 2 2
591 418
1 3 2
787 222
1 10 2
59 786
1 9 2
710 298
1 7 2
623 184
1 13 2
722 277
1 12 2
345 699
1 9 2
204 578
1 14 2
263 661
1 4 2
501 253
1 8 2
971 987
1 3 2
9 919
1 9 2
273 645
1 13 2
579 999
1 8 2
985 753
1 6 2
122 819
1 10 2
928 9
1 6 2
87 480
1 14 2
975 926
1 14 2
785 120
1 2 2
155 47
1 12 2
192 122
1 12 2
834 586
1 8 2
256 19
1 3 2
997 170
1 7 2
206 917
1 8 2
106 657
1 8 2
117 310
1 9 2
643 61
1 15 2
67 519
1 4 2
188 553
1 15 2
750 221
1 7 2
90 991
1 8 2
796 764
1 11 2
230 600
1 10 2
773 578
1 8 2
17 210
1 4 2
265 773
1 11 2
895 158
1 5 2
478 678
1 9 2
361 586
1 2 2
33 708
1 7 2
347 909
1 11 2
909 644
1 10 2
339 299
1 14 2
415 696
1 9 2
942 906
1 12 2
404 453
1 6 2
590 255
1 4 2
935 525
1 7 2
952 579
1 7 2
279 852
1 14 2
606 591
1 9 2
371 284
1 6 2
336 864
1 12 2
241 114
1 4 2
627 102
1 13 2
410 972
1 13 2
54 801
1 8 2
460 833
1 14 2
561 647
1 6 2
748 992
1 8 2
274 412
1 15 2
21 509
1 10 2
187 177
1 5 2
599 891
1 14 2
546 125
1 4 2
859 843
1 9 2
101 59
1 13 2
187 15
1 13 2
881 794
1 9 2
347 747
1 7 2
570 483
1 3 2
494 936
1 13 2
94 190
1 7 2
309 116
1 14 2
21 177
1 12 2
542 697
1 7 2
360 149
1 7 2
844 355
1 15 2
336 419
1 9 2
99 10
1 6 2
454 987
1 15 2
889 728
1 5 2
108 696
1 10 2
247 628
1 3 2
540 487
1 8 2
528 733
1 14 2
568 99
1 12 2
743 766
1 7 2
124 175
1 3 2
309 234
1 15 2
997 130
1 4 2
570 776
1 11 2
623 199
1 14 2
248 88
1 4 2
280 467
1 11 2
495 98
1 12 2
750 460
1 3 2
628 266
1 10 2
594 642
1 15 2
306 364
1 3 2
552 140
1 15 2
688 875
1 11 2
565 37
1 4 2
55 133
1 2 2
897 984
1 14 2
74 211
1 9 2
659 940
1 14 2
863 549
1 11 2
173 716
1 11 2
68 982
1 5 2
844 194
1 8 2
526 821
1 5 2
629 350
1 9 2
37 699
1 7 2
971 170
1 2 2
925 991
1 11 2
956 216
1 8 2
504 275
1 13 2
202 478
1 6 2
793 868
1 15 2
627 930
1 13 2
819 895
1 4 2
503 950
1 12 2
62 251
1 11 2
56 321
1 4 2
816 116
1 13 2
585 515
1 6 2
903 189
1 10 2
345 266
1 7 2
230 526
1 13 2
6 649
1 9 2
151 449
1 8 2
144 801
1 10 2
364 708
1 9 2
359 809
1 11 2
947 30
1 15 2
669 959
1 9 2
666 18
1 3 2
935 249
1 10 2
550 285
1 2 2
398 9
1 9 2
782 729
1 13 2
679 218
1 8 2
758 715
1 7 2
544 872
1 8 2
37 113
1 3 2
252 425
1 2 2
970 338
1 14 2
946 997
1 11 2
829 744
1 12 2
285 999
1 3 2
753 14
1 14 2
312 48
1 8 2
613 640
1 3 2
477 87
1 11 2
471 983
1 9 2
530 399
1 3 2
99 179
1 7 2
394 720
1 2 2
320 906
1 10 2
195 995
1 3 2
360 676
1 13 2
892 200
1 13 2
592 827
1 5 2
734 611
1 14 2
766 137
1 10 2
817 209
1 6 2
418 954
1 13 2
792 298
1 9 2
68 205
1 2 2
205 652
1 9 2
630 264
1 9 2
44 659
1 7 2
607 906
1 6 2
286 315
1 2 2
200 669
1 4 2
804 708
1 2 2
315 801
1 11 2
96 875
1 9 2
215 649
1 5 2
368 884
1 11 2
206 152
1 10 2
317 419
1 15 2
693 509
1 12 2
794 350
1 14 2
219 695
1 12 2
671 722
1 15 2
928 455
1 14 2
251 182
1 2 2
911 464
1 8 2
813 229
1 13 2
751 40
1 11 2
829 227
1 10 2
682 22
1 8 2
513 685
1 15 2
284 51
1 7 2
628 5
1 3 2
231 286
1 4 2
148 926
1 4 2
78 8
1 12 2
938 455
1 13 2
132 228
1 13 2
528 483
1 5 2
962 850
1 10 2
738 128
1 6 2
529 111
1 8 2
360 626
1 12 2
882 844
1 4 2
402 406
1 6 2
634 10
1 15 2
499 671
1 5 2
486 554
1 6 2
763 518
1 15 2
566 471
1 4 2
656 753
1 11 2
35 378
1 3 2
686 606
1 13 2
250 306
1 8 2
275 187
1 4 2
935 209
1 6 2
239 487
1 10 2
970 792
1 12 2
177 595
1 5 2
475 73
1 11 2
708 690
1 2 2
650 941
1 11 2
593 871
1 14 2
38 27
1 2 2
899 250
1 6 2
98 778
1 10 2
459 851
1 3 2
993 542
1 12 2
73 916
1 9 2
396 751
1 4 2
856 751
1 8 2
923 130
1 4 2
236 260
1 11 2
757 461
1 15 2
168 987
1 8 2
294 287
1 10 2
473 916
1 7 2
233 40
1 6 2
358 247
1 3 2
410 46
1 10 2
567 500
1 2 2
528 244
1 10 2
216 322
1 9 2
642 760
1 8 2
589 385
1 15 2
317 57
1 5 2
133 326
1 3 2
193 372
1 11 2
731 444
1 10 2
523 883
1 10 2
957 234
1 6 2
368 742
1 15 2
795 363
1 2 2
949 502
1 6 2
581 993
1 14 2
772 915
1 11 2
130 283
1 10 2
167 940
1 3 2
445 382
1 15 2
358 705
1 13 2
629 484
1 12 2
402 530
1 15 2
999 872
1 13 2
871 975
1 11 2
844 901
1 14 2
375 468
1 7 2
355 678
1 15 2
779 448
1 6 2
604 236
1 4 2
222 849
1 5 2
634 945
1 12 2
864 419
1 15 2
804 0
1 4 2
811 93
1 13 2
760 962
1 13 2
499 198
1 10 2
920 630
1 3 2
13 732
1 6 2
28 204
1 5 2
35 561
1 3 2
894 215
1 12 2
830 631
1 10 2
205 634
1 3 2
300 357
1 10 2
333 129
1 5 2
207 44
1 9 2
77 745
1 7 2
447 551
1 9 2
143 708
1 7 2
208 297
1 12 2
211 455
1 4 2
5 617
1 9 2
167 815
1 11 2
442 241
1 13 2
592 130
1 5 2
990 591
1 3 2
813 458
1 8 2
667 732
1 3 2
138 482
1 3 2
688 280
1 2 2
950 583
1 6 2
353 448
1 11 2
296 462
1 9 2
913 484
1 2 2
266 943
1 4 2
236 819
1 3 2
879 316
1 14 2
826 250
1 5 2
102 436
1 3 2
7 797
1 15 2
652 348
1 12 2
265 532
1 9 2
253 400
1 9 2
106 872
1 6 2
485 706
1 5 2
10 353
1 11 2
69 821
1 15 2
37 474
1 2 2
57 160
1 11 2
198 192
1 13 2
592 590
1 4 2
525 7
1 4 2
405 858
1 7 2
268 387
1 14 2
25 720
1 3 2
687 443
1 10 2
434 451
1 12 2
638 844
1 13 2
908 165
1 14 2
56 247
1 10 2
393 183
1 12 2
862 52
1 8 2
485 827
1 14 2
980 449
1 2 2
433 551
1 5 2
200 182
1 11 2
687 908
1 8 2
637 645
1 3 2
408 38
1 9 2
471 344
1 3 2
103 789
1 4 2
378 962
1 3 2
953 138
1 3 2
990 151
1 13 2
646 940
1 2 2
441 663
1 14 2
801 59
1 7 2
211 162
1 10 2
235 81
1 3 2
942 747
1 13 2
25 193
1 6 2
592 493
1 11 2
697 645
1 3 2
527 867
1 7 2
266 967
1 8 2
973 421
1 2 2
597 40
1 8 2
532 970
1 6 2
34 988
1 6 2
968 165
1 13 2
561 777
1 13 2
700 391
1 2 2
202 400
1 8 2
246 405
1 6 2
817 103
1 15 2
849 861
1 15 2
596 277
1 5 2
971 103
1 12 2
274 85
1 12 2
997 728
1 3 2
371 139
1 11 2
421 214
1 12 2
51 168
1 2 2
508 820
1 11 2
6 864
1 13 2
840 972
1 11 2
355 862
1 12 2
267 30
1 3 2
258 854
1 13 2
346 75
1 12 2
690 170
1 8 2
781 274
1 15 2
119 791
1 2 2
738 715
1 4 2
971 467
1 15 2
682 685
1 6 2
6 532
1 7 2
68 909
1 12 2
906 143
1 8 2
816 337
1 2 2
272 317
1 5 2
432 686
1 12 2
924 308
1 10 2
849 78
1 13 2
923 962
1 4 2
226 128
1 12 2
335 827
1 15 2
874 770
1 5 2
983 115
1 13 2
457 288
1 7 2
446 822
1 7 2
352 221
1 12 2
458 659
1 15 2
97 598
1 5 2
963 581
1 10 2
167 641
1 5 2
834 743
1 10 2
391 967
1 4 2
700 58
1 7 2
974 358
1 15 2
199 772
1 15 2
518 472
1 15 2
127 722
1 11 2
87 933
1 4 2
23 323
1 6 2
686 328
1 4 2
218 501
1 2 2
907 357
1 13 2
797 618
1 7 2
302 706
1 10 2
880 272
1 3 2
292 701
1 3 2
434 747
1 9 2
402 23
1 9 2
676 560
1 11 2
875 624
1 4 2
745 690
1 3 2
576 865
1 13 2
660 993
1 10 2
668 655
1 10 2
874 349
1 14 2
89 442
1 9 2
556 982
1 2 2
246 525
1 2 2
870 888
1 14 2
908 45
1 10 2
395 340
1 11 2
489 900
1 13 2
117 251
1 2 2
595 978
1 11 2
132 8
1 3 2
198 318
1 14 2
119 516
1 5 2
93 52
1 4 2
794 334
1 6 2
366 732
1 10 2
652 209
1 15 2
689 851
1 10 2
668 610
1 12 2
378 592
1 9 2
133 638
1 11 2
429 943
1 14 2
72 593
1 7 2
610 837
1 6 2
6 446
1 12 2
965 968
1 13 2
709 757
1 11 2
162 510
1 3 2
589 408
1 14 2
920 972
1 5 2
18 869
1 5 2
307 878
1 7 2
395 647
1 2 2
194 478
1 11 2
279 773
1 3 2
541 67
1 15 2
738 332
1 8 2
854 318
1 5 2
912 468
1 12 2
933 925
1 4 2
13 470
1 14 2
696 758
1 5 2
487 401
1 2 2
731 368
1 10 2
919 201
1 9 2
10 344
1 2 2
26 909
1 3 2
185 82
1 13 2
648 980
1 13 2
328 355
1 9 2
729 471
1 13 2
965 362
1 10 2
981 652
1 7 2
580 275
1 12 2
541 367
1 13 2
855 921
1 10 2
398 665
1 2 2
655 390
1 6 2
786 373
1 3 2
461 451
1 5 2
260 280
1 3 2
821 854
1 10 2
363 564
1 10 2
946 830
1 11 2
621 332
1 15 2
414 887
1 9 2
796 552
1 15 2
647 254
1 11 2
352 187
1 6 2
322 716
1 6 2
960 198
1 8 2
633 915
1 11 2
243 605
1 6 2
544 703
1 7 2
139 700
1 13 2
305 846
1 3 2
750 858
1 5 2
859 58
1 2 2
932 219
1 14 2
136 489
1 4 2
956 671
1 5 2
114 457
1 13 2
964 515
1 15 2
366 969
1 11 2
378 198
1 5 2
712 14
1 11 2
550 164
1 8 2
936 576
1 11 2
664 800
1 10 2
910 758
1 14 2
877 995
1 9 2
340 511
1 6 2
48 419
1 9 2
885 308
1 3 2
20 45
1 3 2
434 556
1 2 2
363 366
1 10 2
396 376
1 2 2
148 966
1 2 2
743 185
1 15 2
927 958
1 14 2
107 904
1 7 2
91 901
1 15 2
351 119
1 7 2
147 291
1 6 2
146 613
1 9 2
875 449
1 6 2
465 269
1 9 2
736 101
1 8 2
348 919
1 13 2
58 771
1 4 2
734 193
1 7 2
271 481
1 13 2
663 601
1 8 2
215 67
1 13 2
155 201
1 14 2
371 442
1 14 2
624 766
1 9 2
867 961
1 12 2
948 588
1 13 2
64 972
1 2 2
921 985
1 11 2
380 531
1 3 2
770 997
1 10 2
513 89
1 8 2
546 103
1 7 2
918 397
1 13 2
792 956
1 2 2
578 921
1 7 2
768 986
1 10 2
408 772
1 8 2
875 216
1 8 2
993 316
1 14 2
582 394
1 12 2
934 537
1 13 2
579 876
1 4 2
685 914
1 9 2
523 30
1 14 2
358 645
1 10 2
215 408
1 3 2
920 412
1 4 2
284 478
1 5 2
871 367
1 7 2
552 519
1 5 2
207 702
1 9 2
165 898
1 8 2
715 391
1 15 2
793 644
1 11 2
544 934
1 8 2
789 305
1 15 2
830 707
1 8 2
966 271
1 15 2
595 944
1 5 2
738 434
1 12 2
316 845
1 10 2
317 438
1 14 2
416 136
1 5 2
559 419
1 11 2
88 789
1 10 2
518 883
1 8 2
203 159
1 11 2
144 450
1 6 2
266 827
1 3 2
800 895
1 10 2
448 397
1 7 2
295 270
1 14 2
866 313
1 14 2
56 194
1 13 2
213 423
1 5 2
206 536
1 6 2
715 899
1 6 2
626 136
1 12 2
254 736
1 2 2
943 122
1 14 2
73 338
1 5 2
454 876
1 4 2
233 656
1 10 2
297 383
1 4 2
712 244
1 12 2
651 718
1 6 2
49 994
1 13 2
43 612
1 6 2
788 886
1 14 2
679 873
1 7 2
273 477
1 2 2
919 445
1 10 2
638 362
1 7 2
835 431
1 15 2
678 400
1 13 2
797 954
1 13 2
151 441
1 15 2
529 541
1 7 2
583 39
1 4 2
615 676
1 15 2
706 215
1 9 2
923 884
1 12 2
162 842
1 2 2
543 247
1 9 2
839 195
1 13 2
991 911
1 15 2
690 970
1 9 2
312 121
1 3 2
379 321
1 11 2
28 906
1 4 2
556 598
1 4 2
44 46
1 15 2
845 867
1 14 2
762 930
1 14 2
135 183
1 11 2
98 151
1 14 2
612 923
1 13 2
481 447
1 2 2
732 513
1 3 2
620 691
1 10 2
282 473
1 15 2
41 108
1 15 2
359 460
1 2 2
742 322
1 8 2
431 615
1 3 2
78 98
1 2 2
655 804
1 2 2
840 440
1 8 2
701 539
1 13 2
12 931
1 10 2
418 397
1 7 2
857 950
1 13 2
587 49
1 15 2
939 418
1 10 2
938 765
1 10 2
69 781
1 15 2
515 628
1 7 2
600 721
1 14 2
573 332
1 15 2
262 562
1 14 2
95 878
1 3 2
716 858
1 2 2
995 917
1 7 2
85 21
1 15 2
450 73
1 11 2
799 423
1 12 2
871 247
1 13 2
735 942
1 11 2
963 213
1 4 2
542 728
1 5 2
814 515
1 2 2
790 688
1 3 2
184 633
1 3 2
24 784
1 15 2
250 449
1 13 2
936 939
1 9 2
237 638
1 6 2
79 633
1 8 2
519 279
1 5 2
314 560
1 10 2
319 991
1 9 2
44 842
1 11 2
203 556
1 4 2
856 16
1 3 2
8 801
1 6 2
413 49
1 6 2
979 291
1 6 2
482 782
1 5 2
173 923
1 4 2
439 491
1 8 2
411 130
1 14 2
543 637
1 8 2
168 258
1 9 2
773 680
1 13 2
288 976
1 14 2
784 545
1 3 2
990 73
1 12 2
233 138
1 5 2
13 290
1 2 2
370 875
1 6 2
83 329
1 3 2
730 403
1 8 2
319 621
1 9 2
126 119
1 7 2
860 470
1 14 2
298 613
1 13 2
15 863
1 12 2
799 802
1 10 2
922 497
1 4 2
672 255
1 2 2
991 658
1 4 2
313 375
1 10 2
858 606
1 14 2
294 718
1 4 2
811 614
1 4 2
19 588
1 10 2
569 144
1 3 2
782 831
1 13 2
917 318
1 7 2
366 717
1 7 2
361 267
1 3 2
366 338
1 8 2
836 269
1 11 2
979 223
1 5 2
828 538
1 14 2
565 712
1 9 2
772 690
1 6 2
473 90
1 9 2
122 301
1 14 2
479 762
1 13 2
421 408
1 12 2
866 600
1 14 2
726 794
1 13 2
151 215
1 5 2
729 658
1 12 2
570 342
1 6 2
257 824
1 8 2
51 853
1 7 2
329 964
1 13 2
212 387
1 6 2
451 466
1 5 2
210 557
1 14 2
782 804
1 9 2
398 704
1 3 2
452 395
1 8 2
22 713
1 2 2
394 746
1 12 2
766 24
1 12 2
768 606
1 3 2
350 747
1 8 2
444 896
1 2 2
188 82
1 2 2
362 768
1 5 2
812 809
1 13 2
876 883
1 2 2
774 301
1 3 2
9 262
1 6 2
425 710
1 12 2
590 399
1 7 2
690 458
1 9 2
692 515
1 5 2
31 225
1 13 2
958 935
1 12 2
219 631
1 12 2
65 938
1 14 2
116 934
1 6 2
511 437
1 7 2
510 940
1 3 2
30 394
1 11 2
523 647
1 11 2
505 496
1 6 2
796 538
1 14 2
921 383
1 14 2
805 436
1 2 2
994 976
1 15 2
329 51
1 7 2
608 114
1 8 2
48 700
1 15 2
941 317
1 13 2
194 599
1 15 2
424 765
1 8 2
58 76
1 4 2
666 28
1 15 2
762 815
1 7 2
769 860
1 12 2
875 652
1 4 2
221 509
1 4 2
734 479
1 7 2
918 205
1 14 2
852 224
1 7 2
117 414
1 2 2
892 764
1 7 2
340 65
1 11 2
111 488
1 11 2
784 54
1 13 2
572 809
1 13 2
735 334
1 13 2
958 794
1 15 2
557 743
1 9 2
104 450
1 8 2
950 329
1 13 2
739 529
1 10 2
792 139
1 9 2
255 26
1 12 2
692 608
1 5 2
909 214
1 3 2
277 535
1 2 2
865 298
1 7 2
200 170
1 14 2
470 131
1 4 2
208 741
1 9 2
2 897
1 15 2
851 941
1 9 2
205 631
1 4 2
227 685
1 7 2
207 433
1 15 2
291 947
1 10 2
638 633
1 7 2
548 447
1 12 2
137 371
1 7 2
141 698
1 4 2
117 463
1 9 2
983 65
1 10 2
950 753
1 2 2
415 889
1 7 2
366 247
1 15 2
460 935
1 4 2
495 265
1 13 2
903 86
1 14 2
440 555
1 8 2
664 717
1 11 2
617 211
1 13 2
8 495
1 6 2
643 49
1 2 2
383 28
1 14 2
338 984
1 13 2
520 176
1 7 2
193 898
1 13 2
314 552
1 9 2
36 648
1 6 2
392 839
1 13 2
511 134
1 7 2
227 324
1 8 2
638 39
1 2 2
835 739
1 3 2
776 655
1 9 2
703 535
1 7 2
472 691
1 14 2
745 951
1 2 2
175 570
1 6 2
829 818
1 15 2
372 861
1 8 2
512 874
1 8 2
163 301
1 3 2
868 243
1 11 2
526 556
1 9 2
480 503
1 12 2
107 38
1 13 2
687 879
1 11 2
671 891
1 12 2
479 177
1 8 2
277 164
1 11 2
38 393
1 6 2
359 466
1 3 2
369 381
1 11 2
746 995
1 8 2
925 369
1 15 2
269 472
1 5 2
575 774
1 6 2
412 429
1 9 2
254 422
1 12 2
162 379
1 4 2
669 127
1 6 2
945 868
1 14 2
122 344
1 2 2
226 688
1 9 2
78 150
1 7 2
524 911
1 10 2
749 533
1 7 2
74 338
1 5 2
524 134
1 7 2
545 474
1 11 2
31 815
1 15 2
209 482
1 15 2
972 502
1 5 2
484 31
1 10 2
27 61
1 6 2
904 872
1 4 2
906 56
1 5 2
309 994
1 15 2
960 287
1 8 2
348 292
1 2 2
153 444
1 8 2
6 516
1 13 2
979 689
1 13 2
394 751
1 7 2
742 406
1 10 2
998 338
1 2 2
528 272
1 15 2
999 543
1 6 2
998 599
1 12 2
104 67
1 9 2
318 857
1 11 2
964 78
1 12 2
189 491
1 8 2
878 960
1 2 2
538 428
1 15 2
717 679
1 10 2
443 994
1 11 2
658 825
1 2 2
348 992
1 3 2
11 435
1 7 2
941 226
1 10 2
237 293
1 4 2
738 730
1 11 2
393 375
1 2 2
247 984
1 11 2
629 574
1 11 2
333 811
1 5 2
205 557
1 3 2
474 707
1 2 2
165 303
1 13 2
970 278
1 15 2
404 886
1 7 2
465 993
1 5 2
236 66
1 12 2
846 979
1 15 2
543 30
1 6 2
330 161
1 10 2
195 102
1 13 2
492 862
1 4 2
515 696
1 5 2
603 675
1 5 2
518 47
1 8 2
189 534
1 12 2
316 578
1 4 2
459 757
1 13 2
768 421
1 11 2
386 31
1 12 2
315 477
1 8 2
385 170
1 9 2
540 414
1 2 2
533 35
1 15 2
960 301
1 13 2
939 20
1 7 2
885 168
1 15 2
130 72
1 9 2
787 176
1 4 2
778 606
1 13 2
425 767
1 14 2
893 485
1 2 2
621 522
1 6 2
757 214
1 15 2
652 987
1 12 2
715 304
1 8 2
670 220
1 7 2
67 123
1 7 2
993 973
1 7 2
797 275
1 4 2
990 615
1 14 2
515 400
1 11 2
580 128
1 14 2
596 191
1 7 2
104 350
1 4 2
776 888
1 15 2
86 355
1 6 2
794 32
1 13 2
952 357
1 3 2
956 192
1 13 2
845 815
1 3 2
799 568
1 11 2
602 216
1 2 2
438 405
1 4 2
301 992
1 7 2
338 275
1 14 2
747 769
1 12 2
698 581
1 4 2
901 679
1 15 2
26 543
1 12 2
806 807
1 11 2
310 848
1 11 2
872 925
1 6 2
929 683
1 11 2
722 212
1 4 2
101 906
1 5 2
628 168
1 9 2
203 570
1 2 2
96 953
1 8 2
863 241
1 7 2
456 637
1 6 2
61 840
1 4 2
14 687
1 12 2
86 726
1 13 2
679 279
1 8 2
570 372
1 6 2
683 624
1 5 2
350 636
1 3 2
240 153
1 5 2
119 204
1 5 2
772 931
1 6 2
193 154
1 12 2
299 58
1 7 2
794 28
1 3 2
647 58
1 15 2
60 130
1 3 2
151 728
1 7 2
537 798
1 3 2
180 157
1 11 2
710 406
1 8 2
246 258
1 11 2
449 905
1 15 2
144 210
1 7 2
229 273
1 15 2
612 648
1 10 2
763 50
1 9 2
605 702
1 5 2
440 308
1 10 2
854 969
1 5 2
55 997
1 4 2
291 97
1 8 2
440 337
1 14 2
903 93
1 9 2
152 409
1 11 2
941 479
1 11 2
4 612
1 3 2
998 909
1 3 2
389 239
1 6 2
320 844
1 14 2
420 832
1 14 2
800 517
1 8 2
465 164
1 15 2
251 781
1 4 2
542 679
1 4 2
752 415
1 10 2
332 895
1 12 2
92 386
1 8 2
545 998
1 13 2
691 956
1 14 2
258 508
1 3 2
626 739
1 6 2
65 500
1 6 2
321 868
1 15 2
563 904
1 12 2
831 641
1 4 2
329 731
1 7 2
381 567
1 14 2
12 618
1 10 2
804 445
1 6 2
422 671
1 8 2
164 175
1 9 2
591 188
1 10 2
583 360
1 12 2
51 249
1 9 2
91 904
1 8 2
244 150
1 4 2
709 889
1 2 2
403 574
1 2 2
986 657
1 5 2
540 93
1 13 2
338 871
1 4 2
17 778
1 11 2
604 440
1 12 2
131 320
1 11 2
784 760
1 11 2
242 760
1 10 2
705 709
1 10 2
599 244
1 5 2
98 130
1 10 2
152 534
1 13 2
468 821
1 13 2
333 349
1 11 2
55 824
1 2 2
601 150
1 4 2
705 611
1 9 2
743 284
1 15 2
105 212
1 4 2
189 569
1 3 2
962 229
1 5 2
167 540
1 10 2
402 968
1 11 2
882 187
1 5 2
310 864
1 9 2
120 837
1 15 2
30 420
1 8 2
822 194
1 5 2
302 585
1 6 2
275 10
1 15 2
416 613
1 13 2
87 720
1 8 2
630 751
1 4 2
438 715
1 5 2
880 546
1 13 2
816 10
1 6 2
479 703
1 12 2
90 848
1 2 2
297 476
1 8 2
293 438
1 13 2
848 896
1 11 2
585 44
1 8 2
477 25
1 2 2
799 937
1 9 2
917 864
1 6 2
163 69
1 3 2
321 508
1 3 2
728 824
1 4 2
303 695
1 7 2
409 948
1 12 2
512 866
1 6 2
976 787
1 13 2
867 805
1 11 2
656 932
1 6 2
426 553
1 4 2
966 485
1 9 2
840 420
1 15 2
270 12
1 13 2
862 442
1 9 2
897 523
1 15 2
619 520
1 15 2
687 317
1 10 2
926 619
1 3 2
776 932
1 4 2
13 491
1 4 2
994 950
1 9 2
208 599
1 5 2
604 350
1 6 2
869 212
1 5 2
935 443
1 12 2
228 543
1 3 2
31 141
1 10 2
59 775
1 8 2
983 78
1 15 2
360 782
1 14 2
884 188
1 12 2
768 67
1 6 2
38 994
1 14 2
348 161
1 13 2
233 451
1 8 2
684 172
1 7 2
569 955
1 6 2
626 780
1 3 2
396 47
1 11 2
604 418
1 11 2
990 863
1 5 2
850 499
1 14 2
769 359
1 7 2
219 212
1 15 2
641 807
1 3 2
232 197
1 6 2
136 170
1 8 2
270 710
1 13 2
651 947
1 8 2
866 904
1 15 2
283 120
1 10 2
565 164
1 13 2
340 800
1 2 2
625 466
1 4 2
836 738
1 6 2
404 158
1 6 2
361 205
1 14 2
773 127
1 11 2
381 137
1 9 2
966 941
1 9 2
336 57
1 10 2
777 105
1 11 2
699 56
1 4 2
519 532
1 4 2
707 361
1 5 2
845 221
1 11 2
662 771
1 11 2
549 784
1 2 2
286 784
1 4 2
713 976
1 14 2
891 183
1 14 2
915 648
1 12 2
542 658
1 15 2
744 699
1 7 2
763 297
1 12 2
747 892
1 3 2
524 96
1 13 2
671 435
1 6 2
509 408
1 4 2
641 959
1 3 2
737 266
1 3 2
766 492
1 11 2
634 542
1 13 2
66 114
1 8 2
312 40
1 6 2
278 343
1 12 2
394 982
1 14 2
105 989
1 5 2
469 330
1 11 2
420 987
1 14 2
154 848
1 3 2
966 885
1 12 2
393 91
1 2 2
110 782
1 15 2
399 941
1 6 2
401 701
1 6 2
639 125
1 5 2
8 169
1 7 2
270 271
1 9 2
136 659
1 5 2
933 830
1 9 2
790 67
1 12 2
709 117
1 5 2
66 28
1 8 2
853 941
1 7 2
762 600
1 6 2
345 462
1 14 2
267 966
1 11 2
891 529
1 12 2
717 919
1 8 2
388 489
1 8 2
662 941
1 4 2
890 534
1 8 2
920 973
1 8 2
373 466
1 3 2
561 877
1 6 2
322 321
1 11 2
738 376
1 7 2
486 7
1 4 2
208 813
1 4 2
774 297
1 13 2
719 546
1 10 2
211 764
1 3 2
28 795
1 12 2
890 698
1 5 2
409 47
1 3 2
448 272
1 10 2
616 100
1 8 2
77 984
1 14 2
232 120
1 12 2
907 788
1 6 2
987 659
1 14 2
83 937
1 11 2
337 483
1 13 2
209 498
1 2 2
705 141
1 4 2
184 826
1 13 2
963 236
1 6 2
657 866
1 4 2
402 166
1 2 2
887 971
1 13 2
295 324
1 2 2
260 663
1 9 2
602 775
1 6 2
448 55
1 8 2
549 14
1 3 2
909 921
1 15 2
50 939
1 14 2
361 449
1 5 2
186 324
1 6 2
865 436
1 14 2
991 638
1 15 2
832 116
1 15 2
291 935
1 5 2
488 262
1 8 2
68 46
1 15 2
782 587
1 3 2
593 545
1 14 2
108 233
1 4 2
889 932
1 14 2
577 25
1 14 2
87 648
1 5 2
154 536
1 13 2
415 522
1 11 2
305 94
1 7 2
446 902
1 15 2
456 250
1 15 2
626 0
1 11 2
759 897
1 13 2
273 234
1 11 2
802 720
1 4 2
968 702
1 6 2
254 670
1 12 2
21 250
1 11 2
608 99
1 6 2
339 150
1 13 2
311 41
1 14 2
255 72
1 15 2
938 557
1 15 2
914 808
1 14 2
48 786
1 5 2
631 835
1 11 2
547 945
1 14 2
4 896
1 9 2
139 669
1 4 2
7 148
1 13 2
428 348
1 4 2
571 18
1 3 2
804 536
1 9 2
775 902
1 6 2
536 998
1 4 2
75 759
1 15 2
547 180
1 10 2
921 657
1 10 2
728 628
1 12 2
963 754
1 12 2
871 286
1 10 2
202 116
1 6 2
110 573
1 15 2
819 368
1 4 2
380 238
1 15 2
953 444
1 13 2
222 170
1 7 2
221 144
1 6 2
315 85
1 6 2
480 144
1 11 2
659 234
1 11 2
861 552
1 4 2
277 137
1 6 2
118 221
1 6 2
934 288
1 11 2
146 334
1 8 2
830 389
1 6 2
973 716
1 3 2
339 227
1 13 2
505 951
1 4 2
27 376
1 8 2
961 321
1 11 2
973 209
1 8 2
723 140
1 3 2
11 593
1 10 2
29 259
1 10 2
776 541
1 14 2
293 227
1 3 2
481 619
1 14 2
517 191
1 11 2
918 317
1 5 2
217 442
1 6 2
792 636
1 5 2
375 409
1 6 2
21 855
1 5 2
672 774
1 8 2
244 444
1 11 2
422 806
1 3 2
643 200
1 2 2
767 262
1 5 2
341 861
1 3 2
448 439
1 10 2
940 659
1 14 2
446 835
1 7 2
885 93
1 15 2
418 88
1 13 2
326 117
1 10 2
852 702
1 4 2
63 390
1 7 2
751 316
1 7 2
42 573
1 2 2
52 508
1 12 2
188 360
1 12 2
283 781
1 2 2
273 739
1 11 2
211 900
1 10 2
727 556
1 4 2
922 666
1 10 2
992 604
1 5 2
815 819
1 4 2
914 301
1 2 2
381 979
1 8 2
29 584
1 6 2
893 127
1 2 2
495 845
1 8 2
239 817
1 6 2
455 281
1 8 2
489 198
1 5 2
788 825
1 2 2
197 279
1 14 2
415 781
1 15 2
904 429
1 15 2
340 351
1 13 2
612 289
1 9 2
152 49
1 4 2
97 393
1 14 2
306 908
1 11 2
757 173
1 13 2
902 830
1 7 2
425 631
1 9 2
532 823
1 13 2
265 153
1 12 2
572 854
1 9 2
926 893
1 4 2
783 28
1 11 2
454 471
1 3 2
845 840
1 12 2
683 372
1 4 2
744 124
1 15 2
197 635
1 5 2
790 408
1 10 2
28 21
1 12 2
303 534
1 13 2
900 522
1 14 2
841 503
1 14 2
690 189
1 11 2
577 600
1 13 2
988 563
1 9 2
725 36
1 10 2
897 626
1 12 2
926 234
1 12 2
641 186
1 13 2
248 879
1 5 2
991 917
1 4 2
588 552
1 11 2
856 237
1 3 2
710 719
1 8 2
400 950
1 15 2
317 582
1 14 2
544 413
1 3 2
744 136
1 15 2
164 728
1 10 2
429 442
1 5 2
292 845
1 6 2
58 437
1 4 2
73 54
1 11 2
246 331
1 14 2
311 129
1 6 2
625 592
1 5 2
928 704
1 14 2
119 254
1 8 2
724 550
1 4 2
650 440
1 5 2
358 596
1 14 2
110 449
1 6 2
408 843
1 7 2
97 706
1 8 2
77 312
1 12 2
664 149
1 11 2
587 400
1 15 2
707 990
1 10 2
260 106
1 7 2
426 779
1 10 2
622 440
1 7 2
109 492
1 11 2
206 128
1 12 2
819 899
1 15 2
693 335
1 2 2
485 873
1 11 2
525 857
1 7 2
23 899
1 9 2
333 899
1 11 2
771 562
1 15 2
840 827
1 13 2
983 96
1 14 2
34 247
1 13 2
579 99
1 9 2
431 992
1 10 2
171 692
1 9 2
404 241
1 8 2
688 677
1 4 2
120 441
1 6 2
226 19
1 8 2
215 794
1 15 2
122 315
1 5 2
749 82
1 12 2
232 259
1 8 2
18 311
1 14 2
767 822
1 9 2
891 298
1 12 2
550 961
1 13 2
473 926
1 12 2
490 217
1 15 2
852 964
1 13 2
966 913
1 4 2
381 914
1 12 2
811 61
1 11 2
81 903
1 12 2
517 938
1 13 2
63 468
1 8 2
803 819
1 12 2
412 212
1 13 2
364 152
1 10 2
898 940
1 10 2
147 83
1 9 2
53 777
1 11 2
922 64
1 3 2
775 665
1 10 2
562 923
1 11 2
402 110
1 13 2
4 480
1 14 2
688 451
1 13 2
661 89
1 3 2
146 557
1 5 2
593 827
1 11 2
245 58
1 5 2
959 626
1 12 2
656 112
1 3 2
142 462
1 13 2
929 475
1 15 2
699 367
1 9 2
111 40
1 2 2
99 700
1 11 2
661 432
1 2 2
320 111
1 2 2
96 436
1 6 2
386 429
1 12 2
95 42
1 15 2
555 99
1 14 2
959 685
1 12 2
968 37
1 5 2
701 243
1 14 2
90 559
1 14 2
187 409
1 8 2
864 307
1 9 2
941 932
1 2 2
508 875
1 3 2
85 222
1 11 2
706 35
1 2 2
960 535
1 15 2
71 273
1 15 2
81 735
1 9 2
739 103
1 8 2
504 5
1 2 2
334 435
1 8 2
615 349
1 11 2
676 586
1 8 2
255 189
1 9 2
968 577
1 4 2
775 689
1 4 2
322 458
1 7 2
416 834
1 7 2
601 245
1 12 2
780 508
1 13 2
6 38
1 7 2
750 127
1 3 2
909 719
1 15 2
516 984
1 6 2
480 355
1 10 2
933 638
1 13 2
824 243
1 11 2
144 342
1 5 2
419 547
1 12 2
298 202
1 5 2
334 988
1 3 2
170 385
1 9 2
258 990
1 8 2
95 59
1 15 2
716 771
1 9 2
676 841
1 8 2
703 167
1 13 2
191 437
1 11 2
90 786
1 14 2
30 841
1 12 2
228 593
1 15 2
848 490
1 12 2
684 869
1 5 2
688 200
1 10 2
294 123
1 9 2
975 920
1 4 2
710 56
1 15 2
364 878
1 4 2
997 654
1 4 2
280 590
1 3 2
37 269
1 3 2
643 98
1 15 2
629 303
1 14 2
710 559
1 14 2
411 923
1 7 2
627 699
1 9 2
405 344
1 5 2
363 56
1 5 2
433 221
1 5 2
531 207
1 10 2
750 259
1 7 2
453 770
1 8 2
269 881
1 9 2
216 456
1 4 2
617 495
1 3 2
517 907
1 2 2
437 723
1 12 2
367 245
1 12 2
459 652
1 2 2
240 408
1 10 2
981 418
1 6 2
860 386
1 6 2
499 736
1 5 2
72 104
1 15 2
769 550
1 9 2
508 233
1 5 2
651 439
1 13 2
970 424
1 3 2
585 810
1 7 2
46 33
1 14 2
510 65
1 5 2
972 870
1 7 2
555 80
1 10 2
656 621
1 3 2
644 145
1 11 2
236 214
1 11 2
976 491
1 13 2
431 567
1 9 2
953 231
1 5 2
583 282
1 11 2
732 179
1 12 2
853 795
1 6 2
797 300
1 6 2
222 813
1 6 2
154 641
1 6 2
890 769
1 15 2
72 292
1 4 2
424 326
1 13 2
970 230
1 14 2
113 778
1 4 2
835 944
1 15 2
785 625
1 7 2
633 473
1 9 2
340 613
1 12 2
653 439
1 9 2
144 175
1 11 2
514 22
1 7 2
297 402
1 3 2
922 374
1 5 2
126 589
1 13 2
661 720
1 8 2
210 604
1 12 2
777 303
1 6 2
325 555
1 9 2
174 430
1 11 2
375 115
1 13 2
465 157
1 15 2
701 233
1 10 2
453 39
1 15 2
333 744
1 10 2
295 57
1 12 2
636 868
1 12 2
977 811
1 11 2
800 690
1 2 2
15 855
1 14 2
205 9
1 11 2
661 599
1 2 2
593 340
1 14 2
709 71
1 2 2
548 311
1 14 2
855 202
1 4 2
197 349
1 2 2
773 667
1 4 2
237 799
1 4 2
268 617
1 12 2
55 914
1 14 2
743 625
1 11 2
859 389
1 5 2
520 116
1 9 2
956 746
1 12 2
67 69
1 2 2
923 491
1 6 2
319 655
1 3 2
404 982
1 11 2
272 254
1 11 2
296 151
1 6 2
749 257
1 15 2
79 564
1 11 2
750 982
1 8 2
143 258
1 7 2
877 153
1 13 2
333 592
1 8 2
442 399
1 15 2
865 119
1 9 2
257 814
1 8 2
10 393
1 4 2
15 25
1 8 2
594 131
1 4 2
298 285
1 8 2
366 654
1 4 2
12 232
1 7 2
29 725
1 4 2
747 632
1 4 2
449 377
1 2 2
835 869
1 10 2
410 76
1 14 2
602 988
1 15 2
439 512
1 7 2
591 791
1 5 2
43 500
1 13 2
811 721
1 7 2
411 55
1 13 2
793 27
1 6 2
737 663
1 11 2
580 321
1 12 2
537 793
1 7 2
557 289
1 5 2
140 936
1 12 2
82 72
1 7 2
142 718
1 12 2
694 626
1 15 2
862 843
1 11 2
246 987
1 12 2
980 41
1 10 2
990 439
1 11 2
641 271
1 13 2
634 803
1 7 2
210 609
1 14 2
609 815
1 10 2
967 864
1 12 2
277 278
1 13 2
834 228
1 9 2
546 996
1 7 2
450 315
1 4 2
827 563
1 14 2
2 233
1 14 2
154 19
1 3 2
590 512
1 6 2
223 601
1 8 2
609 608
1 7 2
375 33
1 2 2
283 838
1 6 2
252 93
1 12 2
962 171
1 5 2
768 652
1 10 2
18 1
1 12 2
347 897
1 3 2
711 440
1 8 2
927 843
1 12 2
709 21
1 3 2
474 733
1 6 2
879 51
1 13 2
15 66
1 5 2
6 636
1 6 2
371 800
1 6 2
850 464
1 10 2
818 947
1 4 2
60 286
1 13 2
38 118
1 8 2
73 56
1 9 2
496 964
1 7 2
172 926
1 9 2
399 372
1 3 2
190 927
1 6 2
891 287
1 12 2
338 321
1 11 2
807 965
1 11 2
689 73
1 8 2
451 343
1 10 2
730 150
1 13 2
21 834
1 9 2
433 150
1 15 2
884 82
1 8 2
953 168
1 14 2
92 272
1 4 2
871 280
1 8 2
551 550
1 6 2
396 796
1 6 2
964 184
1 6 2
730 918
1 9 2
475 822
1 5 2
671 540
1 8 2
888 870
1 6 2
820 578
1 3 2
376 334
1 15 2
499 532
1 2 2
226 301
1 9 2
936 271
1 9 2
957 237
1 10 2
673 9
1 8 2
668 560
1 4 2
797 457
1 13 2
672 871
1 6 2
244 984
1 2 2
242 710
1 3 2
234 279
1 13 2
527 914
1 6 2
734 250
1 4 2
11 674
1 9 2
655 967
1 11 2
364 966
1 6 2
309 528
1 13 2
513 184
1 5 2
802 634
1 14 2
862 918
1 10 2
989 26
1 8 2
617 521
1 8 2
592 477
1 4 2
164 312
1 13 2
675 765
1 2 2
230 947
1 6 2
329 800
1 8 2
452 289
1 4 2
60 186
1 15 2
200 526
1 3 2
120 39
1 5 2
799 19
1 13 2
901 999
1 11 2
949 173
1 9 2
299 930
1 13 2
825 956
1 11 2
678 452
1 14 2
477 325
1 12 2
946 150
1 14 2
421 863
1 4 2
274 251
1 6 2
284 592
1 5 2
961 395
1 12 2
300 857
1 5 2
941 223
1 14 2
384 274
1 2 2
956 905
1 2 2
263 7
1 15 2
714 275
1 7 2
262 840
1 6 2
186 147
1 9 2
592 446
1 12 2
11 145
1 5 2
922 256
1 8 2
467 984
1 3 2
66 128
1 7 2
961 750
1 3 2
472 119
1 2 2
75 906
1 2 2
728 54
1 12 2
719 46
1 3 2
975 805
1 6 2
633 281
1 8 2
637 933
1 7 2
159 600
1 8 2
204 611
1 5 2
96 199
1 5 2
543 774
1 3 2
413 569
1 13 2
598 759
1 10 2
684 75
1 5 2
957 897
1 5 2
800 563
1 12 2
151 135
1 5 2
10 520
1 5 2
648 21
1 9 2
994 890
1 6 2
552 948
1 2 2
74 482
1 11 2
228 65
1 11 2
454 951
1 7 2
737 900
1 13 2
163 40
1 15 2
234 59
1 15 2
609 253
1 4 2
434 756
1 3 2
995 272
1 2 2
491 754
1 13 2
900 912
1 10 2
397 462
1 14 2
949 879
1 13 2
457 53
1 14 2
278 784
1 6 2
495 448
1 8 2
187 604
1 13 2
594 273
1 10 2
271 8
1 6 2
335 824
1 12 2
569 433
1 7 2
307 93
1 9 2
34 691
1 11 2
493 839
1 5 2
564 592
1 15 2
427 815
1 11 2
880 230
1 3 2
981 599
1 15 2
160 207
1 5 2
410 252
1 15 2
324 28
1 8 2
95 912
1 14 2
931 231
1 10 2
156 775
1 3 2
961 879
1 3 2
632 782
1 4 2
919 993
1 14 2
606 342
1 3 2
339 43
1 8 2
861 374
1 5 2
848 76
1 3 2
313 958
1 12 2
186 440
1 3 2
481 203
1 9 2
828 637
1 8 2
498 366
1 3 2
40 885
1 7 2
797 969
1 4 2
194 861
1 5 2
625 78
1 14 2
638 684
1 6 2
291 357
1 13 2
91 311
1 6 2
561 407
1 12 2
241 605
1 4 2
489 650
1 13 2
361 356
1 2 2
674 939
1 3 2
227 351
1 7 2
618 409
1 8 2
683 323
1 11 2
292 514
1 10 2
215 678
1 7 2
464 419
1 2 2
814 246
1 13 2
127 898
1 3 2
346 923
1 5 2
977 347
1 8 2
908 202
1 5 2
99 617
1 9 2
383 455
1 3 2
767 885
1 7 2
551 593
1 3 2
440 563
1 6 2
420 881
1 8 2
464 235
1 13 2
836 221
1 2 2
288 927
1 11 2
741 388
1 2 2
982 447
1 11 2
687 486
1 8 2
75 824
1 11 2
681 460
1 2 2
38 475
1 6 2
764 933
1 4 2
157 317
1 7 2
647 113
1 6 2
53 538
1 10 2
252 394
1 12 2
775 955
1 7 2
46 548
1 5 2
713 408
1 12 2
254 697
1 12 2
847 628
1 15 2
170 694
1 12 2
639 168
1 13 2
303 751
1 15 2
178 919
1 9 2
403 464
1 5 2
196 854
1 2 2
232 946
1 4 2
578 304
1 3 2
468 616
1 9 2
988 935
1 11 2
607 836
1 5 2
450 752
1 13 2
79 198
1 9 2
559 830
1 2 2
606 944
1 2 2
880 657
1 7 2
706 585
1 7 2
523 568
1 10 2
118 580
1 4 2
107 982
1 14 2
505 146
1 4 2
632 752
1 2 2
731 490
1 8 2
531 978
1 7 2
339 240
1 13 2
585 453
1 2 2
231 875
1 5 2
914 288
1 12 2
438 999
1 11 2
458 811
1 9 2
873 591
1 8 2
855 180
1 9 2
304 559
1 9 2
660 267
1 3 2
353 508
1 12 2
944 44
1 9 2
157 684
1 8 2
703 247
1 14 2
212 50
1 10 2
8 855
1 11 2
532 271
1 9 2
340 965
1 9 2
177 405
1 14 2
511 690
1 2 2
859 961
1 5 2
747 441
1 10 2
604 581
1 8 2
205 260
1 14 2
792 37
1 9 2
584 707
1 11 2
57 390
1 5 2
781 919
1 8 2
617 679
1 8 2
389 301
1 9 2
659 624
1 12 2
125 723
1 5 2
37 813
1 10 2
741 902
1 14 2
629 274
1 10 2
421 249
1 11 2
107 431
1 13 2
248 377
1 8 2
57 23
1 13 2
342 249
1 2 2
537 540
1 7 2
352 384
1 7 2
855 115
1 4 2
854 707
1 6 2
293 618
1 15 2
43 753
1 8 2
468 240
1 6 2
511 35
1 7 2
798 919
1 11 2
940 192
1 10 2
649 405
1 2 2
474 523
1 8 2
248 944
1 7 2
639 165
1 9 2
15 522
1 13 2
989 174
1 11 2
861 709
1 10 2
639 690
1 4 2
314 361
1 7 2
238 657
1 6 2
287 27
1 14 2
469 392
1 4 2
643 900
1 3 2
468 745
1 15 2
470 69
1 3 2
208 142
1 11 2
33 2
1 14 2
208 229
1 10 2
262 93
1 14 2
123 63
1 12 2
955 833
1 15 2
748 918
1 13 2
248 977
1 4 2
894 234
1 11 2
564 397
1 3 2
272 60
1 12 2
863 422
1 4 2
36 488
1 3 2
504 741
1 15 2
899 959
1 12 2
244 961
1 11 2
948 479
1 14 2
172 348
1 9 2
289 754
1 4 2
579 890
1 5 2
123 744
1 8 2
620 447
1 4 2
666 526
1 11 2
131 232
1 11 2
101 779
1 6 2
867 639
1 7 2
418 578
1 12 2
738 922
1 4 2
933 218
1 3 2
578 646
1 13 2
197 827
1 14 2
730 683
1 9 2
55 733
1 7 2
118 84
1 14 2
646 447
1 4 2
243 359
1 12 2
575 555
1 15 2
903 540
1 10 2
704 179
1 5 2
283 997
1 13 2
449 350
1 3 2
379 219
1 12 2
780 12
1 11 2
274 989
1 11 2
140 931
1 9 2
352 885
1 3 2
514 683
1 3 2
336 418
1 10 2
80 982
1 6 2
255 782
1 5 2
594 957
1 3 2
514 861
1 15 2
792 981
1 6 2
188 623
1 4 2
605 531
1 7 2
696 479
1 7 2
879 153
1 14 2
493 199
1 15 2
952 96
1 3 2
661 281
1 11 2
7 785
1 3 2
341 112
1 9 2
643 34
1 2 2
537 542
1 4 2
787 122
1 11 2
446 480
1 6 2
134 809
1 15 2
182 841
1 12 2
331 601
1 7 2
405 162
1 12 2
809 485
1 4 2
34 168
1 5 2
719 838
1 15 2
701 459
1 9 2
350 397
1 7 2
561 470
1 8 2
979 787
1 5 2
33 647
1 15 2
109 660
1 2 2
995 226
1 6 2
252 696
1 15 2
403 115
1 7 2
382 282
1 6 2
508 42
1 3 2
852 362
1 3 2
326 793
1 15 2
231 401
1 6 2
709 957
1 3 2
125 82
1 14 2
699 240
1 2 2
955 147
1 6 2
512 812
1 10 2
590 15
1 12 2
295 827
1 2 2
55 868
1 12 2
642 6
1 9 2
769 508
1 2 2
577 785
1 4 2
896 580
1 14 2
292 340
1 4 2
949 244
1 2 2
850 670
1 3 2
200 689
1 14 2
79 930
1 2 2
638 720
1 8 2
352 198
1 6 2
430 139
1 4 2
512 563
1 14 2
984 685
1 9 2
503 233
1 14 2
807 193
1 7 2
352 82
1 7 2
323 611
1 10 2
678 931
1 8 2
143 475
1 8 2
659 879
1 15 2
820 784
1 15 2
276 171
1 2 2
407 586
1 4 2
504 821
1 15 2
352 546
1 10 2
562 388
1 12 2
287 664
1 9 2
925 930
1 9 2
995 343
1 11 2
258 435
1 8 2
976 75
1 14 2
238 931
1 5 2
924 808
1 14 2
866 232
1 2 2
902 413
1 6 2
102 608
1 11 2
966 140
1 14 2
110 104
1 12 2
158 367
1 11 2
655 407
1 8 2
51 470
1 14 2
711 531
1 15 2
74 377
1 9 2
568 105
1 8 2
472 745
1 7 2
184 514
1 4 2
321 953
1 7 2
274 897
1 8 2
62 769
1 8 2
53 843
1 13 2
785 175
1 15 2
521 252
1 11 2
285 395
1 6 2
808 463
1 11 2
522 199
1 10 2
778 4
1 9 2
346 638
1 9 2
298 969
1 12 2
43 5
1 13 2
220 206
1 12 2
977 451
1 8 2
899 443
1 12 2
988 755
1 15 2
972 182
1 8 2
258 516
1 4 2
226 941
1 12 2
701 862
1 14 2
275 256
1 2 2
174 776
1 8 2
571 232
1 15 2
754 140
1 14 2
142 896
1 5 2
169 866
1 13 2
349 716
1 10 2
162 806
1 3 2
434 774
1 6 2
766 535
1 11 2
426 507
1 4 2
22 223
1 8 2
321 275
1 15 2
177 806
1 14 2
628 274
1 2 2
79 326
1 12 2
674 893
1 14 2
138 449
1 7 2
516 824
1 6 2
443 717
1 9 2
713 885
1 9 2
154 888
1 8 2
540 895
1 11 2
662 736
1 5 2
50 185
1 6 2
974 601
1 10 2
922 81
1 11 2
400 594
1 2 2
668 5
1 3 2
512 9
1 2 2
541 692
1 5 2
148 36
1 3 2
298 876
1 9 2
416 793
1 2 2
289 735
1 7 2
152 86
1 12 2
243 809
1 6 2
288 475
1 15 2
748 638
1 9 2
177 23
1 4 2
859 72
1 8 2
780 791
1 14 2
654 452
1 11 2
973 201
1 4 2
824 43
1 7 2
733 732
1 4 2
438 780
1 2 2
350 143
1 11 2
6 933
1 14 2
715 924
1 6 2
0 152
1 9 2
269 485
1 2 2
561 783
1 8 2
676 568
1 6 2
854 686
1 7 2
239 187
1 3 2
546 821
1 9 2
280 687
1 3 2
275 886
1 3 2
365 630
1 5 2
503 67
1 11 2
735 964
1 3 2
968 831
1 13 2
113 848
1 6 2
41 672
1 2 2
578 466
1 3 2
367 388
1 4 2
937 476
1 8 2
329 11
1 4 2
426 877
1 8 2
759 503
1 2 2
639 963
1 15 2
132 650
1 13 2
628 976
1 2 2
243 933
1 8 2
380 994
1 8 2
714 140
1 3 2
391 226
1 3 2
820 855
1 11 2
681 418
1 3 2
955 104
1 12 2
48 106
1 6 2
364 123
1 6 2
822 255
1 3 2
628 14
1 8 2
14 230
1 13 2
47 264
1 6 2
645 526
1 6 2
516 193
1 15 2
992 131
1 4 2
154 714
1 15 2
563 295
1 15 2
351 671
1 6 2
239 824
1 9 2
669 473
1 3 2
480 697
1 13 2
608 6
1 10 2
240 794
1 4 2
671 533
1 2 2
618 351
1 6 2
25 701
1 12 2
955 283
1 5 2
661 525
1 8 2
614 394
1 5 2
42 624
1 7 2
264 199
1 11 2
161 959
1 3 2
442 791
1 8 2
745 131
1 10 2
529 37
1 13 2
649 390
1 2 2
962 580
1 7 2
290 429
1 7 2
279 174
1 7 2
745 149
1 8 2
655 536
1 12 2
508 845
1 6 2
257 174
1 13 2
528 81
1 5 2
111 215
1 8 2
709 39
1 6 2
326 860
1 7 2
495 646
1 4 2
695 255
1 14 2
319 313
1 4 2
732 952
1 5 2
592 393
1 15 2
203 276
1 13 2
2 933
1 2 2
802 189
1 13 2
37 790
1 15 2
493 741
1 13 2
24 566
1 6 2
955 140
1 7 2
939 303
1 12 2
903 155
1 8 2
63 875
1 2 2
304 201
1 8 2
854 505
1 15 2
282 495
1 3 2
639 74
1 8 2
105 621
1 5 2
235 436
1 4 2
662 810
1 7 2
821 562
1 2 2
786 852
1 4 2
256 836
1 14 2
833 786
1 4 2
199 611
1 10 2
402 386
1 10 2
227 440
1 4 2
538 640
1 3 2
644 72
1 4 2
639 728
1 14 2
204 559
1 9 2
335 463
1 5 2
363 772
1 15 2
535 65
1 5 2
123 572
1 13 2
851 338
1 13 2
947 369
1 15 2
705 566
1 3 2
321 149
1 7 2
624 907
1 4 2
151 500
1 2 2
202 893
1 4 2
825 487
1 12 2
809 617
1 7 2
170 420
1 14 2
953 770
1 8 2
817 703
1 4 2
575 889
1 7 2
83 761
1 5 2
376 951
1 9 2
379 41
1 6 2
163 459
1 3 2
784 975
1 6 2
773 521
1 3 2
612 726
1 8 2
858 216
1 15 2
235 554
1 5 2
20 149
1 14 2
447 604
1 7 2
264 587
1 13 2
500 347
1 11 2
709 918
1 5 2
397 107
1 12 2
437 726
1 8 2
742 80
1 3 2
8 157
1 9 2
966 393
1 5 2
792 635
1 9 2
289 834
1 9 2
156 88
1 7 2
528 539
1 3 2
739 129
1 4 2
915 913
1 4 2
869 106
1 11 2
102 938
1 14 2
944 784
1 10 2
730 520
1 8 2
918 549
1 2 2
58 731
1 2 2
428 234
1 4 2
775 89
1 7 2
704 989
1 10 2
757 385
1 4 2
268 779
1 4 2
687 619
1 15 2
884 703
1 5 2
972 511
1 4 2
517 11
1 15 2
289 644
1 10 2
833 106
1 10 2
106 529
1 9 2
620 275
1 3 2
308 34
1 9 2
42 891
1 8 2
694 831
1 9 2
714 211
1 8 2
655 47
1 7 2
763 388
1 12 2
433 928
1 11 2
664 219
1 2 2
574 790
1 8 2
615 911
1 8 2
344 970
1 11 2
844 135
1 15 2
857 829
1 3 2
129 861
1 10 2
361 661
1 4 2
72 913
1 4 2
290 470
1 4 2
528 337
1 11 2
302 160
1 10 2
160 977
1 10 2
61 992
1 5 2
311 57
1 7 2
906 826
1 15 2
29 314
1 4 2
364 618
1 13 2
139 261
1 6 2
246 526
1 14 2
782 0
1 3 2
524 217
1 7 2
29 465
1 15 2
661 846
1 8 2
346 219
1 6 2
736 923
1 15 2
614 819
1 12 2
892 780
1 15 2
642 576
1 4 2
92 261
1 14 2
339 187
1 9 2
911 678
1 5 2
193 948
1 12 2
827 199
1 2 2
587 544
1 7 2
173 816
1 5 2
829 781
1 7 2
804 890
1 12 2
851 581
1 5 2
152 56
1 3 2
417 96
1 5 2
54 799
1 12 2
830 551
1 12 2
181 135
1 11 2
840 774
1 4 2
503 316
1 6 2
784 247
1 4 2
694 320
1 15 2
753 511
1 7 2
80 696
1 6 2
815 746
1 13 2
825 473
1 7 2
332 26
1 3 2
564 585
1 3 2
96 947
1 2 2
519 46
1 12 2
862 952
1 5 2
541 269
1 14 2
430 114
1 15 2
628 607
1 3 2
524 757
1 2 2
387 580
1 8 2
293 814
1 8 2
819 175
1 15 2
17 318
1 3 2
131 991
1 4 2
425 511
1 6 2
748 217
1 9 2
965 154
1 9 2
501 369
1 8 2
351 534
1 5 2
437 103
1 11 2
956 761
1 5 2
145 622
1 12 2
809 649
1 3 2
33 714
1 10 2
488 208
1 3 2
503 757
1 14 2
117 199
1 7 2
11 734
1 9 2
672 570
1 4 2
830 94
1 6 2
379 818
1 4 2
722 160
1 8 2
584 2
1 15 2
352 808
1 15 2
830 867
1 5 2
428 882
1 5 2
393 632
1 5 2
485 236
1 6 2
797 121
1 4 2
661 577
1 14 2
858 558
1 15 2
540 104
1 15 2
269 473
1 14 2
137 372
1 13 2
336 958
1 12 2
125 492
1 9 2
110 507
1 12 2
190 217
1 6 2
699 218
1 6 2
703 860
1 3 2
161 59
1 11 2
185 327
1 10 2
819 977
1 6 2
484 470
1 12 2
776 575
1 7 2
797 380
1 12 2
712 461
1 8 2
777 383
1 6 2
460 753
1 2 2
959 425
1 15 2
384 398
1 13 2
414 954
1 9 2
883 245
1 8 2
818 579
1 7 2
571 977
1 5 2
912 770
1 9 2
497 37
1 5 2
933 423
1 4 2
446 257
1 2 2
907 553
1 3 2
93 345
1 2 2
830 972
1 2 2
951 426
1 14 2
713 381
1 8 2
614 318
1 11 2
228 803
1 6 2
397 30
1 5 2
153 229
1 8 2
803 612
1 12 2
388 211
1 2 2
482 252
1 4 2
836 249
1 9 2
275 648
1 15 2
828 425
1 13 2
365 330
1 11 2
37 697
1 15 2
990 122
1 12 2
792 109
1 6 2
949 986
1 15 2
161 393
1 9 2
228 642
1 3 2
614 164
1 3 2
6 576
1 10 2
504 711
1 10 2
260 849
1 7 2
273 883
1 15 2
823 298
1 3 2
174 235
1 15 2
455 754
1 3 2
828 787
1 8 2
28 406
1 14 2
468 232
1 6 2
284 577
1 7 2
22 397
1 12 2
242 759
1 10 2
231 268
1 12 2
341 494
1 3 2
179 409
1 12 2
966 832
1 8 2
389 197
1 6 2
974 386
1 10 2
218 789
1 7 2
675 624
1 6 2
67 24
1 12 2
324 455
1 15 2
519 651
1 7 2
701 499
1 6 2
625 694
1 2 2
875 664
1 14 2
600 135
1 4 2
949 459
1 10 2
135 849
1 5 2
224 904
1 9 2
302 942
1 5 2
118 19
1 12 2
300 376
1 7 2
947 684
1 15 2
450 309
1 14 2
277 420
1 3 2
786 289
1 2 2
713 631
1 10 2
452 440
1 13 2
679 439
1 13 2
143 34
1 3 2
533 945
1 4 2
990 375
1 13 2
907 985
1 6 2
379 670
1 5 2
57 873
1 3 2
137 919
1 7 2
308 298
1 7 2
298 889
1 3 2
507 745
1 8 2
135 246
1 10 2
277 994
1 15 2
255 543
1 7 2
532 583
1 3 2
8 563
1 12 2
781 598
1 8 2
716 306
1 4 2
949 439
1 13 2
689 430
1 10 2
399 203
1 12 2
14 35
1 5 2
363 412
1 12 2
24 613
1 4 2
512 209
1 15 2
860 460
1 5 2
790 230
1 14 2
110 714
1 12 2
986 625
1 8 2
985 846
1 4 2
294 933
1 5 2
378 787
1 11 2
354 647
1 10 2
106 584
1 15 2
53 314
1 13 2
124 648
1 9 2
633 674
1 15 2
995 155
1 8 2
540 818
1 14 2
22 925
1 9 2
87 899
1 3 2
923 125
1 9 2
800 289
1 7 2
468 502
1 14 2
262 561
1 11 2
87 396
1 3 2
979 298
1 5 2
684 238
1 9 2
522 775
1 4 2
199 302
1 15 2
309 856
1 12 2
401 403
1 13 2
182 969
1 7 2
30 985
1 10 2
817 37
1 14 2
326 803
1 14 2
780 599
1 14 2
682 316
1 9 2
896 649
1 15 2
927 460
1 6 2
103 392
1 6 2
616 202
1 13 2
811 211
1 3 2
256 304
1 6 2
640 205
1 5 2
255 423
1 3 2
165 940
1 11 2
854 203
1 6 2
218 374
1 3 2
714 133
1 12 2
196 402
1 9 2
920 13
1 4 2
868 801
1 5 2
670 681
1 4 2
230 863
1 6 2
270 400
1 8 2
567 93
1 7 2
402 483
1 3 2
896 638
1 4 2
196 161
1 8 2
886 884
1 14 2
46 791
1 14 2
614 870
1 5 2
303 405
1 13 2
122 25
1 13 2
96 178
1 13 2
849 460
1 6 2
711 50
1 3 2
234 421
1 3 2
151 610
1 2 2
21 864
1 2 2
187 432
1 11 2
740 680
1 4 2
852 726
1 11 2
425 419
1 14 2
156 262
1 4 2
72 92
1 14 2
800 940
1 14 2
508 265
1 15 2
824 86
1 14 2
572 218
1 4 2
862 185
1 4 2
16 881
1 7 2
217 924
1 13 2
827 854
1 13 2
481 621
1 14 2
871 972
1 9 2
24 268
1 8 2
725 735
1 6 2
161 467
1 8 2
475 768
1 5 2
728 52
1 4 2
567 704
1 12 2
444 483
1 14 2
473 517
1 4 2
427 885
1 11 2
566 240
1 13 2
643 135
1 5 2
708 147
1 11 2
810 748
1 4 2
182 214
1 6 2
331 839
1 4 2
190 795
1 6 2
151 158
1 9 2
14 915
1 3 2
742 699
1 8 2
248 724
1 10 2
621 231
1 5 2
646 499
1 9 2
790 593
1 6 2
438 940
1 14 2
396 349
1 6 2
755 366
1 14 2
852 209
1 2 2
469 120
1 7 2
570 956
1 2 2
377 145
1 13 2
436 900
1 5 2
294 500
1 10 2
312 984
1 10 2
995 740
1 7 2
953 719
1 8 2
404 331
1 8 2
890 217
1 4 2
84 310
1 15 2
884 844
1 14 2
827 522
1 3 2
473 104
1 9 2
134 11
1 11 2
589 674
1 14 2
144 176
1 13 2
568 774
1 5 2
545 264
1 11 2
577 529
1 9 2
281 419
1 6 2
812 52
1 10 2
231 811
1 10 2
996 192
1 7 2
147 68
1 8 2
374 684
1 5 2
151 72
1 12 2
112 726
1 14 2
945 575
1 10 2
792 851
1 3 2
319 371
1 11 2
494 942
1 5 2
495 528
1 14 2
156 765
1 11 2
210 905
1 14 2
90 724
1 12 2
73 117
1 6 2
664 994
1 13 2
937 133
1 13 2
278 767
1 8 2
263 75
1 15 2
919 286
1 8 2
746 656
1 10 2
450 872
1 6 2
816 355
1 2 2
531 180
1 2 2
934 442
1 8 2
64 740
1 12 2
315 705
1 3 2
49 128
1 11 2
576 58
1 5 2
366 190
1 11 2
470 115
1 4 2
520 363
1 14 2
983 836
1 7 2
768 372
1 11 2
74 337
1 10 2
358 903
1 4 2
194 915
1 15 2
375 44
1 12 2
732 21
1 14 2
140 232
1 13 2
218 909
1 9 2
788 549
1 13 2
501 714
1 5 2
627 372
1 14 2
635 468
1 3 2
641 855
1 3 2
908 159
1 4 2
911 676
1 12 2
188 803
1 11 2
281 501
1 10 2
168 408
1 11 2
232 743
1 11 2
602 403
1 12 2
137 948
1 3 2
333 674
1 3 2
389 379
1 5 2
222 560
1 12 2
434 118
1 7 2
842 928
1 5 2
223 656
1 5 2
10 638
1 14 2
703 980
1 14 2
451 367
1 10 2
857 111
1 8 2
776 353
1 6 2
48 831
1 4 2
658 862
1 11 2
697 348
1 13 2
332 299
1 7 2
866 987
1 3 2
161 414
1 12 2
318 346
1 5 2
520 870
1 9 2
336 262
1 7 2
836 182
1 7 2
116 746
1 4 2
944 347
1 7 2
317 721
1 2 2
78 723
1 15 2
189 657
1 12 2
439 544
1 13 2
62 37
1 15 2
256 965
1 5 2
687 475
1 12 2
402 569
1 2 2
984 283
1 8 2
661 754
1 3 2
989 942
1 4 2
147 29
1 7 2
737 107
1 11 2
101 65
1 2 2
6 680
1 7 2
85 147
1 14 2
736 569
1 10 2
408 251
1 15 2
366 788
1 11 2
59 36
1 15 2
380 219
1 14 2
503 317
1 10 2
79 927
1 11 2
794 938
1 6 2
933 422
1 12 2
382 434
1 9 2
223 914
1 3 2
765 855
1 15 2
223 293
1 6 2
693 489
1 12 2
360 111
1 4 2
693 369
1 4 2
110 25
1 2 2
720 331
1 3 2
100 878
1 6 2
818 383
1 5 2
417 917
1 11 2
822 880
1 2 2
655 919
1 3 2
778 469
1 2 2
40 100
1 5 2
769 206
1 5 2
299 956
1 12 2
832 911
1 8 2
488 681
1 10 2
952 808
1 3 2
495 241
1 3 2
963 926
1 6 2
317 219
1 8 2
722 714
1 7 2
165 853
1 7 2
487 176
1 14 2
49 718
1 12 2
523 185
1 15 2
106 785
1 15 2
608 915
1 5 2
887 238
1 8 2
929 19
1 3 2
401 453
1 13 2
827 694
1 5 2
252 996
1 12 2
918 632
1 3 2
330 126
1 13 2
164 755
1 12 2
416 754
1 10 2
593 892
1 13 2
899 489
1 15 2
291 89
1 2 2
197 387
1 8 2
728 961
1 4 2
248 997
1 12 2
386 937
1 11 2
833 59
1 5 2
623 584
1 15 2
138 554
1 11 2
353 934
1 7 2
964 6
1 7 2
747 76
1 13 2
390 88
1 8 2
332 953
1 2 2
157 393
1 7 2
954 448
1 15 2
556 110
1 15 2
440 433
1 15 2
108 720
1 8 2
82 814
1 15 2
983 738
1 14 2
951 952
1 13 2
355 292
1 2 2
124 951
1 13 2
838 935
1 15 2
367 784
1 7 2
559 703
1 7 2
852 558
1 12 2
950 528
1 8 2
850 346
1 5 2
472 306
1 14 2
486 120
1 10 2
964 463
1 10 2
474 845
1 14 2
974 827
1 11 2
782 452
1 11 2
20 605
1 6 2
791 405
1 5 2
816 687
1 12 2
551 155
1 9 2
452 707
1 12 2
960 459
1 14 2
191 637
1 5 2
872 598
1 4 2
961 111
1 12 2
750 14
1 11 2
464 231
1 3 2
662 180
1 15 2
995 707
1 4 2
790 568
1 2 2
74 247
1 11 2
10 182
1 8 2
275 536
1 12 2
741 461
1 4 2
799 76
1 5 2
914 977
1 5 2
361 857
1 4 2
438 752
1 9 2
446 754
1 13 2
90 905
1 8 2
327 874
1 4 2
311 916
1 9 2
556 257
1 7 2
520 641
1 15 2
574 868
1 15 2
332 542
1 6 2
50 75
1 7 2
82 616
1 10 2
802 664
1 2 2
381 959
1 10 2
77 93
1 6 2
775 469
1 4 2
295 891
1 8 2
919 193
1 12 2
450 520
1 8 2
738 584
1 10 2
329 560
1 6 2
46 496
1 15 2
941 304
1 5 2
720 400
1 11 2
956 448
1 3 2
931 523
1 8 2
266 971
1 8 2
314 316
1 3 2
943 666
1 9 2
76 200
1 9 2
486 426
1 11 2
761 317
1 13 2
756 118
1 15 2
936 992
1 14 2
808 403
1 8 2
6 387
1 14 2
396 957
1 10 2
760 562
1 4 2
366 741
1 7 2
330 343
1 3 2
172 868
1 11 2
419 793
1 12 2
147 204
1 9 2
938 98
1 2 2
271 804
1 5 2
40 181
1 15 2
685 667
1 13 2
180 165
1 8 2
423 823
1 14 2
263 499
1 7 2
510 618
1 15 2
97 144
1 6 2
182 678
1 10 2
443 996
1 2 2
874 630
1 15 2
433 552
1 14 2
917 936
1 9 2
589 363
1 4 2
689 830
1 7 2
547 670
1 4 2
215 279
1 10 2
177 887
1 15 2
534 771
1 11 2
946 940
1 2 2
636 814
1 14 2
766 488
1 11 2
731 336
1 10 2
493 189
1 6 2
799 814
1 13 2
209 466
1 15 2
746 257
1 14 2
384 94
1 13 2
286 626
1 5 2
17 566
1 7 2
735 183
1 12 2
914 129
1 2 2
792 765
1 15 2
220 469
1 10 2
982 321
1 15 2
884 767
1 9 2
179 70
1 5 2
19 155
1 5 2
924 414
1 10 2
174 969
1 15 2
839 347
1 15 2
389 325
1 7 2
91 128
1 14 2
493 478
1 15 2
679 158
1 9 2
166 706
1 12 2
295 497
1 8 2
404 625
1 5 2
353 388
1 12 2
940 656
1 13 2
118 748
1 13 2
919 135
1 9 2
626 405
1 6 2
410 910
1 3 2
645 574
1 8 2
889 956
1 15 2
559 893
1 7 2
939 935
1 4 2
852 729
1 2 2
394 816
1 7 2
169 10
1 12 2
28 37
1 8 2
576 891
1 9 2
619 523
1 13 2
733 273
1 5 2
409 967
1 13 2
858 506
1 11 2
140 958
1 15 2
483 329
1 2 2
557 832
1 4 2
445 947
1 14 2
315 768
1 4 2
260 810
1 15 2
253 825
1 10 2
607 168
1 3 2
367 239
1 15 2
767 337
1 12 2
27 568
1 10 2
142 435
1 15 2
172 5
1 13 2
181 668
1 10 2
466 797
1 14 2
820 827
1 7 2
890 615
1 3 2
912 396
1 5 2
669 519
1 2 2
747 682
1 15 2
365 336
1 10 2
261 375
1 3 2
248 987
1 6 2
73 252
1 8 2
580 132
1 9 2
524 188
1 10 2
431 355
1 12 2
231 141
1 15 2
600 396
1 5 2
341 439
1 9 2
232 878
1 12 2
543 87
1 10 2
542 31
1 14 2
504 447
1 4 2
796 133
1 13 2
101 145
1 15 2
758 737
1 14 2
567 956
1 9 2
844 55
1 7 2
466 949
1 8 2
233 985
1 14 2
122 183
1 15 2
517 843
1 5 2
465 619
1 9 2
645 694
1 5 2
813 736
1 10 2
105 422
1 13 2
785 200
1 10 2
825 290
1 12 2
734 66
1 11 2
439 812
1 8 2
667 689
1 5 2
450 624
1 13 2
208 577
1 12 2
337 620
1 11 2
181 436
1 3 2
332 610
1 15 2
916 357
1 14 2
352 870
1 4 2
432 534
1 7 2
231 942
1 5 2
300 553
1 5 2
965 900
1 9 2
873 255
1 14 2
756 978
1 3 2
950 853
1 9 2
212 753
1 6 2
393 529
1 9 2
874 90
1 13 2
407 729
1 10 2
174 770
1 13 2
425 296
1 8 2
416 246
1 15 2
855 60
1 14 2
124 978
1 12 2
960 409
1 8 2
342 171
1 14 2
717 24
1 7 2
234 841
1 4 2
873 452
1 5 2
867 723
1 5 2
271 95
1 6 2
907 261
1 8 2
434 574
1 2 2
352 438
1 13 2
475 408
1 12 2
956 699
1 7 2
328 698
1 10 2
834 611
1 9 2
382 73
1 10 2
748 667
1 4 2
239 740
1 11 2
685 784
1 5 2
267 857
1 14 2
183 222
1 7 2
353 790
1 2 2
848 344
1 14 2
950 765
1 13 2
344 196
1 6 2
952 47
1 2 2
597 20
1 5 2
103 510
1 11 2
548 140
1 13 2
268 903
1 6 2
16 179
1 4 2
201 511
1 5 2
928 858
1 8 2
35 301
1 14 2
901 906
1 7 2
243 577
1 6 2
825 711
1 12 2
34 559
1 2 2
207 948
1 5 2
701 470
1 3 2
493 533
1 11 2
984 160
1 4 2
788 354
1 11 2
455 241
1 15 2
136 569
1 7 2
34 100
1 14 2
2 851
1 10 2
775 997
1 8 2
107 515
1 2 2
113 529
1 10 2
587 507
1 6 2
979 519
1 8 2
784 598
1 7 2
850 359
1 15 2
593 622
1 7 2
787 329
1 7 2
805 420
1 5 2
448 59
1 6 2
15 209
1 11 2
531 340
1 9 2
574 224
1 2 2
406 483
1 7 2
257 243
1 11 2
254 974
1 13 2
244 825
1 12 2
496 544
1 13 2
727 710
1 5 2
946 694
1 13 2
598 653
1 14 2
266 961
1 8 2
161 520
1 10 2
372 407
1 10 2
244 295
1 4 2
788 164
1 13 2
672 97
1 5 2
635 202
1 15 2
422 19
1 15 2
160 669
1 13 2
729 562
1 11 2
433 34
1 2 2
523 115
1 2 2
19 311
1 2 2
238 602
1 5 2
958 1
1 7 2
705 970
1 8 2
402 546
1 6 2
728 314
1 4 2
573 852
1 13 2
444 104
1 9 2
443 325
1 14 2
826 477
1 14 2
414 745
1 8 2
801 891
1 3 2
324 92
1 3 2
792 739
1 10 2
200 954
1 10 2
370 646
1 9 2
715 369
1 14 2
368 20
1 13 2
131 772
1 10 2
827 326
1 5 2
719 674
1 9 2
850 327
1 4 2
380 868
1 7 2
786 819
1 9 2
44 583
1 5 2
184 372
1 2 2
13 703
1 11 2
70 131
1 11 2
796 989
1 2 2
142 28
1 13 2
632 695
1 8 2
904 667
1 6 2
946 405
1 6 2
128 973
1 7 2
266 941
1 12 2
984 634
1 6 2
963 32
1 15 2
754 84
1 14 2
891 373
1 4 2
668 708
1 13 2
254 888
1 11 2
257 390
1 15 2
55 137
1 12 2
893 521
1 7 2
54 139
1 2 2
449 15
1 8 2
189 165
1 9 2
337 520
1 12 2
48 616
1 12 2
605 476
1 8 2
229 269
1 2 2
643 574
1 11 2
924 775
1 9 2
689 86
1 13 2
383 878
1 3 2
979 442
1 2 2
917 419
1 5 2
486 128
1 15 2
433 665
1 5 2
755 859
1 2 2
700 583
1 12 2
220 361
1 11 2
623 243
1 7 2
926 758
1 4 2
201 319
1 5 2
489 582
1 15 2
740 753
1 7 2
577 945
1 8 2
934 655
1 7 2
404 352
1 9 2
403 245
1 9 2
637 982
1 9 2
55 209
1 2 2
123 380
1 12 2
594 171
1 7 2
243 976
1 14 2
556 648
1 13 2
313 918
1 10 2
855 756
1 11 2
764 338
1 11 2
299 426
1 9 2
653 729
1 8 2
824 54
1 14 2
32 546
1 5 2
23 831
1 2 2
441 398
1 4 2
84 775
1 3 2
399 935
1 2 2
351 483
1 15 2
44 324
1 7 2
913 686
1 9 2
87 312
1 9 2
132 166
1 10 2
592 673
1 7 2
78 593
1 14 2
186 928
1 2 2
69 412
1 5 2
118 222
1 10 2
264 555
1 6 2
969 199
1 10 2
466 532
1 5 2
959 520
1 7 2
472 861
1 13 2
484 245
1 12 2
315 251
1 10 2
737 972
1 8 2
19 612
1 6 2
338 732
1 2 2
900 565
1 14 2
62 852
1 9 2
145 927
1 15 2
214 208
1 14 2
639 623
1 5 2
583 822
1 12 2
6 430
1 15 2
116 257
1 2 2
132 516
1 10 2
243 86
1 15 2
420 245
1 9 2
971 92
1 5 2
698 586
1 14 2
447 823
1 8 2
49 172
1 15 2
997 800
1 5 2
465 165
1 12 2
860 629
1 7 2
820 269
1 2 2
345 608
1 3 2
363 820
1 3 2
314 374
1 5 2
780 259
1 3 2
635 456
1 12 2
630 74
1 4 2
445 954
1 10 2
204 767
1 14 2
911 479
1 8 2
483 8
1 6 2
151 297
1 6 2
782 911
1 14 2
944 838
1 11 2
243 649
1 2 2
775 980
1 15 2
526 766
1 12 2
838 819
1 2 2
156 484
1 9 2
799 644
1 11 2
788 978
1 7 2
578 661
1 2 2
443 543
1 8 2
374 511
1 12 2
496 249
1 9 2
147 795
1 10 2
930 566
1 6 2
355 778
1 10 2
121 187
1 12 2
791 4
1 9 2
608 241
1 2 2
828 758
1 3 2
810 783
1 15 2
626 937
1 6 2
293 421
1 11 2
875 14
1 8 2
937 925
1 11 2
254 826
1 13 2
840 669
1 9 2
456 66
1 2 2
885 178
1 15 2
650 706
1 15 2
259 961
1 11 2
906 150
1 8 2
441 995
1 9 2
304 86
1 11 2
815 175
1 10 2
211 306
1 5 2
817 458
1 9 2
567 40
1 7 2
334 272
1 13 2
88 613
1 14 2
119 393
1 6 2
131 235
1 3 2
708 645
1 13 2
239 677
1 12 2
615 529
1 4 2
44 504
1 4 2
253 112
1 12 2
15 753
1 11 2
798 776
1 14 2
337 913
1 8 2
240 605
1 6 2
777 809
1 7 2
141 547
1 5 2
520 204
1 12 2
110 336
1 12 2
396 633
1 9 2
251 218
1 7 2
864 382
1 11 2
728 702
1 6 2
394 45
1 8 2
381 138
1 8 2
432 913
1 12 2
794 14
1 12 2
126 730
1 11 2
599 766
1 11 2
493 708
1 8 2
827 819
1 11 2
217 480
1 5 2
545 487
1 14 2
225 255
1 7 2
722 258
1 8 2
882 417
1 14 2
171 72
1 6 2
363 640
1 12 2
854 814
1 14 2
623 0
1 9 2
188 378
1 2 2
31 835
1 12 2
348 231
1 7 2
652 791
1 4 2
804 244
1 8 2
809 68
1 14 2
948 631
1 15 2
972 90
1 12 2
262 594
1 3 2
472 772
1 4 2
568 402
1 12 2
716 822
1 11 2
541 415
1 9 2
783 514
1 10 2
416 652
1 11 2
762 207
1 3 2
298 994
1 14 2
95 493
1 14 2
115 156
1 13 2
919 63
1 13 2
407 505
1 13 2
532 420
1 13 2
803 834
1 11 2
142 392
1 5 2
942 955
1 6 2
208 842
1 11 2
50 84
1 6 2
410 222
1 10 2
674 533
1 12 2
486 547
1 15 2
472 521
1 10 2
148 46
1 15 2
320 606
1 9 2
763 268
1 8 2
351 657
1 11 2
934 115
1 13 2
802 629
1 8 2
539 231
1 4 2
860 408
1 14 2
902 57
1 3 2
422 917
1 6 2
576 889
1 8 2
327 671
1 12 2
36 523
1 7 2
240 460
1 13 2
999 865
1 15 2
373 438
1 8 2
469 599
1 11 2
658 33
1 15 2
972 663
1 10 2
955 861
1 13 2
912 12
1 10 2
695 278
1 10 2
332 737
1 6 2
462 674
1 4 2
449 924
1 2 2
65 510
1 10 2
251 499
1 13 2
612 516
1 3 2
525 730
1 12 2
654 419
1 4 2
327 770
1 13 2
780 154
1 7 2
947 717
1 7 2
156 4
1 2 2
54 898
1 4 2
809 415
1 10 2
19 437
1 5 2
679 392
1 15 2
251 881
1 15 2
372 779
1 2 2
195 820
1 15 2
71 331
1 14 2
593 342
1 10 2
643 50
1 10 2
241 661
1 10 2
586 318
1 2 2
875 712
1 11 2
120 824
1 10 2
31 664
1 8 2
382 784
1 11 2
135 962
1 15 2
143 36
1 5 2
382 686
1 12 2
349 184
1 4 2
91 860
1 12 2
226 106
1 2 2
921 430
1 13 2
330 793
1 14 2
226 273
1 7 2
327 177
1 7 2
487 781
1 9 2
699 930
1 12 2
735 541
1 13 2
44 183
1 10 2
897 138
1 8 2
199 765
1 15 2
892 871
1 11 2
502 53
1 15 2
840 281
1 2 2
387 305
1 3 2
964 897
1 13 2
600 199
1 7 2
190 881
1 9 2
621 67
1 10 2
876 761
1 8 2
168 192
1 5 2
958 214
1 2 2
574 504
1 15 2
257 307
1 15 2
977 172
1 2 2
192 598
1 9 2
650 597
1 14 2
3 665
1 14 2
38 329
1 14 2
496 779
1 14 2
648 327
1 2 2
617 673
1 13 2
639 89
1 5 2
737 879
1 6 2
226 642
1 6 2
644 23
1 13 2
96 868
1 2 2
849 852
1 14 2
79 356
1 7 2
205 977
1 14 2
473 993
1 6 2
172 871
1 3 2
464 284
1 14 2
170 224
1 9 2
390 598
1 13 2
322 884
1 2 2
670 99
1 8 2
53 242
1 2 2
331 275
1 6 2
958 436
1 9 2
592 55
1 9 2
419 448
1 13 2
725 537
1 11 2
512 73
1 9 2
93 570
1 13 2
39 445
1 2 2
39 324
1 4 2
555 505
1 14 2
145 253
1 3 2
88 527
1 10 2
533 571
1 4 2
870 480
1 14 2
124 747
1 12 2
645 75
1 12 2
510 967
1 3 2
978 180
1 13 2
161 622
1 2 2
597 361
1 7 2
963 143
1 4 2
751 282
1 15 2
499 936
1 9 2
369 967
1 14 2
333 538
1 13 2
528 561
1 15 2
965 192
1 9 2
482 507
1 11 2
326 338
1 13 2
516 106
1 3 2
911 418
1 4 2
22 349
1 13 2
39 718
1 14 2
182 622
1 6 2
650 747
1 14 2
914 728
1 12 2
61 945
1 15 2
89 599
1 7 2
442 247
1 10 2
636 213
1 2 2
302 61
1 13 2
225 921
1 2 2
64 129
1 12 2
953 246
1 14 2
306 943
1 14 2
59 431
1 11 2
804 281
1 3 2
899 402
1 9 2
55 841
1 7 2
912 227
1 11 2
539 436
1 14 2
159 875
1 12 2
351 938
1 11 2
896 680
1 7 2
537 691
1 7 2
819 592
1 8 2
555 676
1 7 2
612 680
1 3 2
125 935
1 11 2
478 344
1 15 2
990 249
1 14 2
51 111
1 6 2
621 266
1 8 2
786 968
1 13 2
907 180
1 12 2
402 237
1 14 2
84 113
1 10 2
368 233
1 9 2
176 856
1 10 2
108 625
1 5 2
795 299
1 7 2
758 329
1 7 2
860 462
1 15 2
623 624
1 13 2
543 549
1 8 2
78 981
1 6 2
185 610
1 2 2
310 998
1 15 2
645 316
1 10 2
885 475
1 7 2
367 686
1 10 2
967 835
1 9 2
931 150
1 4 2
512 228
1 8 2
755 308
1 7 2
328 488
1 11 2
99 141
1 8 2
213 720
1 8 2
587 64
1 5 2
863 680
1 15 2
620 177
1 2 2
736 6
1 3 2
653 856
1 12 2
118 862
1 8 2
124 963
1 7 2
786 420
1 13 2
487 452
1 3 2
377 590
1 13 2
944 384
1 4 2
948 378
1 6 2
576 776
1 2 2
716 341
1 11 2
821 525
1 5 2
59 718
1 11 2
142 569
1 7 2
704 210
1 12 2
809 100
1 10 2
865 558
1 9 2
112 6
1 13 2
253 376
1 13 2
81 541
1 7 2
234 252
1 6 2
75 486
1 14 2
153 880
1 7 2
619 582
1 2 2
486 552
1 3 2
972 179
1 6 2
95 410
1 10 2
707 984
1 6 2
906 207
1 11 2
874 887
1 3 2
140 881
1 9 2
555 930
1 9 2
892 677
1 6 2
149 117
1 9 2
437 984
1 3 2
507 311
1 6 2
761 778
1 3 2
772 82
1 5 2
603 98
1 14 2
752 888
1 4 2
488 29
1 14 2
808 773
1 7 2
625 991
1 14 2
491 617
1 13 2
943 294
1 6 2
724 609
1 10 2
910 87
1 12 2
744 159
1 14 2
763 51
1 11 2
921 684
1 6 2
714 338
1 12 2
541 884
1 9 2
31 218
1 5 2
954 176
1 7 2
39 77
1 6 2
793 190
1 15 2
200 915
1 3 2
371 726
1 10 2
71 655
1 6 2
571 458
1 6 2
926 792
1 2 2
388 878
1 4 2
106 473
1 7 2
950 152
1 14 2
943 65
1 9 2
855 670
1 9 2
719 413
1 15 2
615 39
1 6 2
532 526
1 15 2
976 339
1 7 2
698 429
1 14 2
759 586
1 15 2
500 408
1 13 2
538 815
1 6 2
292 217
1 5 2
523 539
1 4 2
418 886
1 15 2
102 811
1 5 2
807 322
1 4 2
268 806
1 2 2
83 560
1 4 2
146 835
1 8 2
954 600
1 14 2
343 556
1 2 2
55 174
1 12 2
591 432
1 12 2
219 324
1 7 2
111 917
1 15 2
412 108
1 4 2
747 819
1 10 2
640 94
1 5 2
97 645
1 2 2
380 281
1 5 2
414 96
1 10 2
819 139
1 8 2
576 486
1 15 2
401 38
1 4 2
299 869
1 9 2
285 252
1 3 2
36 226
1 4 2
585 90
1 14 2
162 893
1 5 2
142 37
1 11 2
913 526
1 3 2
703 244
1 13 2
708 761
1 9 2
932 1
1 8 2
458 824
1 10 2
586 618
1 9 2
861 606
1 7 2
297 520
1 9 2
987 610
1 8 2
433 696
1 11 2
610 794
1 14 2
353 267
1 12 2
837 373
1 7 2
985 811
1 6 2
848 370
1 6 2
886 305
1 9 2
8 355
1 9 2
592 540
1 10 2
504 27
1 4 2
565 349
1 6 2
967 392
1 10 2
685 460
1 9 2
883 424
1 6 2
321 548
1 15 2
413 759
1 8 2
734 65
1 8 2
64 478
1 13 2
558 629
1 10 2
464 541
1 3 2
243 20
1 4 2
49 661
1 10 2
783 64
1 11 2
989 523
1 5 2
240 480
1 13 2
747 514
1 6 2
276 968
1 6 2
897 129
1 2 2
166 18
1 15 2
651 586
1 12 2
42 550
1 15 2
314 66
1 2 2
138 366
1 5 2
115 238
1 4 2
455 332
1 14 2
947 348
1 15 2
125 163
1 6 2
171 354
1 9 2
149 75
1 12 2
541 877
1 2 2
403 684
1 12 2
700 497
1 7 2
796 345
1 8 2
947 565
1 9 2
178 407
1 4 2
805 384
1 2 2
805 800
1 8 2
919 748
1 2 2
218 670
1 9 2
919 975
1 5 2
391 671
1 14 2
878 700
1 7 2
604 971
1 8 2
383 540
1 11 2
945 46
1 3 2
425 744
1 15 2
636 804
1 11 2
344 185
1 11 2
487 195
1 15 2
548 460
1 14 2
875 1
1 12 2
799 642
1 14 2
787 565
1 22 2
55 587
1 10 2
812 509
1 22 2
890 320
1 26 2
174 650
1 30 2
119 384
1 16 2
436 227
1 6 2
466 275
1 6 2
982 93
1 10 2
497 756
1 26 2
489 550
1 18 2
811 950
1 24 2
115 110
1 16 2
947 794
1 24 2
524 286
1 14 2
502 87
1 14 2
520 623
1 10 2
564 731
1 24 2
303 574
1 10 2
338 218
1 24 2
929 462
1 26 2
365 373
1 12 2
434 866
1 18 2
537 831
1 28 2
161 174
